material_id: mp-1080279
band_gap: 0.49720000000000003
efermi: -1.7278423200000002
dos_magnetic_ordering: NM
dos_total_task_id: mp-1717471
dos_total_band_gap: 0.4897
dos_total_cbm: -1.286
dos_total_vbm: -1.7757
dos_total_efermi: -1.76846276
bs_setyawan_curtarolo_task_id: mp-1627356
bs_setyawan_curtarolo_band_gap: 0.49720000000000003
bs_setyawan_curtarolo_cbm: {'band_index': {'1': [12]}, 'kpoint_index': [0, 246, 247], 'kpoint': <pymatgen.electronic_structure.bandstructure.Kpoint object at 0x7fc699d63930>, 'energy': -1.2847, 'projections': {'1': [[0.010100000000000001, 0.0009000000000000001, 0.0009000000000000001], [0.0, 0.0, 0.0], [0.0, 0.0, 0.0], [0.0, 0.0, 0.0], [0.0, 0.0, 0.0], [0.0, 0.0, 0.0], [0.0086, 0.00030000000000000003, 0.00030000000000000003], [0.0, 0.0, 0.0], [0.0, 0.0, 0.0], [0.8757, 0.0, 0.0], [0.0, 0.0, 0.0], [0.0, 0.0, 0.0], [0.0, 0.0, 0.0], [0.0, 0.0, 0.0], [0.0, 0.0, 0.0], [0.0, 0.0, 0.0]]}}
bs_setyawan_curtarolo_vbm: {'band_index': {'1': [11]}, 'kpoint_index': ['193'], 'kpoint': <pymatgen.electronic_structure.bandstructure.Kpoint object at 0x7fc5d4b5a200>, 'energy': -1.7819, 'projections': {'1': [[0.0, 0.0006000000000000001, 0.0006000000000000001], [0.0, 0.0182, 0.0182], [0.013900000000000001, 0.14880000000000002, 0.14880000000000002], [0.0, 0.0322, 0.0322], [0.0, 0.0001, 0.0001], [0.0007, 0.0001, 0.0001], [0.0, 0.0001, 0.0001], [0.006900000000000001, 0.0001, 0.0001], [0.0, 0.0, 0.0], [0.0, 0.0, 0.0], [0.0007, 0.0, 0.0], [0.0, 0.0, 0.0], [0.1757, 0.0, 0.0], [0.0, 0.0, 0.0], [0.07730000000000001, 0.0, 0.0], [0.0, 0.0, 0.0]]}}
bs_setyawan_curtarolo_efermi: -1.7278423200000002
bs_hinuma_task_id: mp-2115726
bs_hinuma_band_gap: 0.49720000000000003
bs_hinuma_cbm: {'band_index': {'1': [12]}, 'kpoint_index': [0, 246, 247], 'kpoint': <pymatgen.electronic_structure.bandstructure.Kpoint object at 0x7fc5d4b59e80>, 'energy': -1.2847, 'projections': {'1': [[0.010100000000000001, 0.0009000000000000001, 0.0009000000000000001], [0.0, 0.0, 0.0], [0.0, 0.0, 0.0], [0.0, 0.0, 0.0], [0.0, 0.0, 0.0], [0.0, 0.0, 0.0], [0.0086, 0.00030000000000000003, 0.00030000000000000003], [0.0, 0.0, 0.0], [0.0, 0.0, 0.0], [0.8757, 0.0, 0.0], [0.0, 0.0, 0.0], [0.0, 0.0, 0.0], [0.0, 0.0, 0.0], [0.0, 0.0, 0.0], [0.0, 0.0, 0.0], [0.0, 0.0, 0.0]]}}
bs_hinuma_vbm: {'band_index': {'1': [11]}, 'kpoint_index': ['193'], 'kpoint': <pymatgen.electronic_structure.bandstructure.Kpoint object at 0x7fc5d4b5a350>, 'energy': -1.7819, 'projections': {'1': [[0.0, 0.0006000000000000001, 0.0006000000000000001], [0.0, 0.0182, 0.0182], [0.013900000000000001, 0.14880000000000002, 0.14880000000000002], [0.0, 0.0322, 0.0322], [0.0, 0.0001, 0.0001], [0.0007, 0.0001, 0.0001], [0.0, 0.0001, 0.0001], [0.006900000000000001, 0.0001, 0.0001], [0.0, 0.0, 0.0], [0.0, 0.0, 0.0], [0.0007, 0.0, 0.0], [0.0, 0.0, 0.0], [0.1757, 0.0, 0.0], [0.0, 0.0, 0.0], [0.07730000000000001, 0.0, 0.0], [0.0, 0.0, 0.0]]}}
bs_hinuma_efermi: -1.72076858
bs_latimer_munro_task_id: mp-2308701
bs_latimer_munro_band_gap: 0.49720000000000003
bs_latimer_munro_cbm: {'band_index': {'1': [12]}, 'kpoint_index': [172, 173, 583, 584, 830], 'kpoint': <pymatgen.electronic_structure.bandstructure.Kpoint object at 0x7fc5d4b59c50>, 'energy': -1.2847, 'projections': {'1': [[0.0102, 0.0009000000000000001, 0.0009000000000000001], [0.0, 0.0, 0.0], [0.0, 0.0, 0.0], [0.0, 0.0, 0.0], [0.0, 0.0, 0.0], [0.0, 0.0, 0.0], [0.0086, 0.00030000000000000003, 0.00030000000000000003], [0.0, 0.0, 0.0], [0.0, 0.0, 0.0], [0.8757, 0.0, 0.0], [0.0, 0.0, 0.0], [0.0, 0.0, 0.0], [0.0, 0.0, 0.0], [0.0, 0.0, 0.0], [0.0, 0.0, 0.0], [0.0, 0.0, 0.0]]}}
bs_latimer_munro_vbm: {'band_index': {'1': [11]}, 'kpoint_index': ['637'], 'kpoint': <pymatgen.electronic_structure.bandstructure.Kpoint object at 0x7fc5d4b59be0>, 'energy': -1.7819, 'projections': {'1': [[0.0, 0.0006000000000000001, 0.0006000000000000001], [0.0, 0.0287, 0.0287], [0.013900000000000001, 0.14880000000000002, 0.14880000000000002], [0.0, 0.0217, 0.0217], [0.0, 0.0, 0.0], [0.0053, 0.0001, 0.0001], [0.0, 0.0001, 0.0001], [0.0022, 0.0001, 0.0001], [0.0, 0.0001, 0.0001], [0.0, 0.0, 0.0], [0.058100000000000006, 0.0, 0.0], [0.0, 0.0, 0.0], [0.1757, 0.0, 0.0], [0.0, 0.0, 0.0], [0.0198, 0.0, 0.0], [0.0, 0.0, 0.0]]}}
bs_latimer_munro_efermi: -1.731392319999999