material_id: mp-1078597
band_gap: 0.6264000000000001
efermi: 0.7889803400000001
dos_magnetic_ordering: NM
dos_total_task_id: mp-1732328
dos_total_band_gap: 1.412399999999999
dos_total_cbm: 2.1504
dos_total_vbm: 0.738
dos_total_efermi: 0.79395761
bs_setyawan_curtarolo_task_id: mp-1620887
bs_setyawan_curtarolo_band_gap: 0.6264000000000001
bs_setyawan_curtarolo_cbm: {'band_index': {'1': [36]}, 'kpoint_index': [0, 39, 40], 'kpoint': <pymatgen.electronic_structure.bandstructure.Kpoint object at 0x7fc699d63930>, 'energy': 1.2955, 'projections': {'1': [[0.0824, 0.0763, 0.0763, 0.0763, 0.051300000000000005, 0.051300000000000005, 0.051300000000000005, 0.051300000000000005], [0.0, 0.0, 0.0, 0.0, 0.0001, 0.0001, 0.0001, 0.0001], [0.0, 0.0, 0.0, 0.0, 0.0001, 0.0001, 0.0001, 0.0001], [0.0, 0.0, 0.0, 0.0, 0.0001, 0.0001, 0.0001, 0.0001], [0.0, 0.0, 0.0, 0.0, 0.0, 0.0, 0.0, 0.0], [0.0, 0.0, 0.0, 0.0, 0.0, 0.0, 0.0, 0.0], [0.0, 0.0, 0.0002, 0.0, 0.0, 0.0, 0.0, 0.0], [0.0, 0.0, 0.0, 0.0, 0.0, 0.0, 0.0, 0.0], [0.0, 0.0001, 0.0, 0.0001, 0.0, 0.0, 0.0, 0.0]]}}
bs_setyawan_curtarolo_vbm: {'band_index': {'1': [33, 34, 35]}, 'kpoint_index': [0, 39, 40], 'kpoint': <pymatgen.electronic_structure.bandstructure.Kpoint object at 0x7fc5d4b59e80>, 'energy': 0.6691, 'projections': {'1': [[0.0, 0.0, 0.0, 0.0, 0.00030000000000000003, 0.0001, 0.00030000000000000003, 0.0001], [0.0001, 0.0001, 0.0001, 0.0001, 0.0025, 0.0027, 0.0022, 0.0016], [0.0008, 0.0018000000000000002, 0.0009000000000000001, 0.0018000000000000002, 0.0284, 0.0344, 0.027700000000000002, 0.0337], [0.0027, 0.0028, 0.0059, 0.0059, 0.09720000000000001, 0.10350000000000001, 0.0976, 0.1032], [0.0061, 0.0044, 0.0061, 0.0044, 0.0, 0.0, 0.0, 0.0], [0.0199, 0.019700000000000002, 0.014400000000000001, 0.014400000000000001, 0.0, 0.0, 0.0, 0.0], [0.0, 0.0, 0.0, 0.0, 0.0, 0.0, 0.0, 0.0], [0.0004, 0.00030000000000000003, 0.00030000000000000003, 0.0004, 0.0, 0.0, 0.0, 0.0], [0.0, 0.0, 0.0, 0.0, 0.0, 0.0, 0.0, 0.0]]}}
bs_setyawan_curtarolo_efermi: 0.7889803400000001
bs_hinuma_task_id: mp-2097917
bs_hinuma_band_gap: 0.6264000000000001
bs_hinuma_cbm: {'band_index': {'1': [36]}, 'kpoint_index': [0, 39, 40], 'kpoint': <pymatgen.electronic_structure.bandstructure.Kpoint object at 0x7fc5d4b59c50>, 'energy': 1.2955, 'projections': {'1': [[0.0824, 0.0763, 0.0763, 0.0763, 0.051300000000000005, 0.051300000000000005, 0.051300000000000005, 0.051300000000000005], [0.0, 0.0, 0.0, 0.0, 0.0001, 0.0001, 0.0001, 0.0001], [0.0, 0.0, 0.0, 0.0, 0.0001, 0.0001, 0.0001, 0.0001], [0.0, 0.0, 0.0, 0.0, 0.0001, 0.0001, 0.0001, 0.0001], [0.0, 0.0, 0.0, 0.0, 0.0, 0.0, 0.0, 0.0], [0.0, 0.0, 0.0, 0.0, 0.0, 0.0, 0.0, 0.0], [0.0, 0.0, 0.0002, 0.0, 0.0, 0.0, 0.0, 0.0], [0.0, 0.0, 0.0, 0.0, 0.0, 0.0, 0.0, 0.0], [0.0, 0.0001, 0.0, 0.0001, 0.0, 0.0, 0.0, 0.0]]}}
bs_hinuma_vbm: {'band_index': {'1': [33, 34, 35]}, 'kpoint_index': [0, 39, 40], 'kpoint': <pymatgen.electronic_structure.bandstructure.Kpoint object at 0x7fc5d4b59be0>, 'energy': 0.6691, 'projections': {'1': [[0.0, 0.0, 0.0, 0.0, 0.00030000000000000003, 0.0001, 0.00030000000000000003, 0.0001], [0.0001, 0.0001, 0.0001, 0.0001, 0.0025, 0.0027, 0.0022, 0.0016], [0.0008, 0.0018000000000000002, 0.0009000000000000001, 0.0018000000000000002, 0.0284, 0.0344, 0.027700000000000002, 0.0337], [0.0027, 0.0028, 0.0059, 0.0059, 0.09720000000000001, 0.10350000000000001, 0.0976, 0.1032], [0.0061, 0.0044, 0.0061, 0.0044, 0.0, 0.0, 0.0, 0.0], [0.0199, 0.019700000000000002, 0.014400000000000001, 0.014400000000000001, 0.0, 0.0, 0.0, 0.0], [0.0, 0.0, 0.0, 0.0, 0.0, 0.0, 0.0, 0.0], [0.0004, 0.00030000000000000003, 0.00030000000000000003, 0.0004, 0.0, 0.0, 0.0, 0.0], [0.0, 0.0, 0.0, 0.0, 0.0, 0.0, 0.0, 0.0]]}}
bs_hinuma_efermi: 0.7889803400000001
bs_latimer_munro_task_id: mp-2306111
bs_latimer_munro_band_gap: 0.6264000000000001
bs_latimer_munro_cbm: {'band_index': {'1': [36]}, 'kpoint_index': [27, 28, 86], 'kpoint': <pymatgen.electronic_structure.bandstructure.Kpoint object at 0x7fc5d4b5a200>, 'energy': 1.2955, 'projections': {'1': [[0.0824, 0.0763, 0.0763, 0.0763, 0.051300000000000005, 0.051300000000000005, 0.051300000000000005, 0.051300000000000005], [0.0, 0.0, 0.0, 0.0, 0.0001, 0.0001, 0.0001, 0.0001], [0.0, 0.0, 0.0, 0.0, 0.0001, 0.0001, 0.0001, 0.0001], [0.0, 0.0, 0.0, 0.0, 0.0001, 0.0001, 0.0001, 0.0001], [0.0, 0.0, 0.0, 0.0, 0.0, 0.0, 0.0, 0.0], [0.0, 0.0, 0.0, 0.0, 0.0, 0.0, 0.0, 0.0], [0.0, 0.0, 0.0002, 0.0, 0.0, 0.0, 0.0, 0.0], [0.0, 0.0, 0.0, 0.0, 0.0, 0.0, 0.0, 0.0], [0.0, 0.0001, 0.0, 0.0001, 0.0, 0.0, 0.0, 0.0]]}}
bs_latimer_munro_vbm: {'band_index': {'1': [33, 34, 35]}, 'kpoint_index': [27, 28, 86], 'kpoint': <pymatgen.electronic_structure.bandstructure.Kpoint object at 0x7fc5d4b5a3c0>, 'energy': 0.6691, 'projections': {'1': [[0.0, 0.0, 0.0, 0.0, 0.0001, 0.0001, 0.0002, 0.0004], [0.0013000000000000002, 0.0029000000000000002, 0.0029000000000000002, 0.0014, 0.0516, 0.054200000000000005, 0.047400000000000005, 0.0449], [0.0021000000000000003, 0.0046, 0.0022, 0.0046, 0.0829, 0.08, 0.076, 0.0734], [0.0002, 0.0002, 0.00030000000000000003, 0.00030000000000000003, 0.006, 0.0059, 0.0088, 0.0036000000000000003], [0.0154, 0.0112, 0.015300000000000001, 0.0112, 0.0, 0.0, 0.0, 0.0], [0.0012000000000000001, 0.0012000000000000001, 0.0008, 0.0008, 0.0, 0.0, 0.0, 0.0], [0.0, 0.0, 0.0, 0.0, 0.0, 0.0, 0.0, 0.0], [0.0098, 0.0071, 0.0071, 0.0097, 0.0, 0.0, 0.0, 0.0], [0.0, 0.0, 0.0, 0.0, 0.0, 0.0, 0.0, 0.0]]}}
bs_latimer_munro_efermi: 0.73341006