material_id: mp-11018
band_gap: 2.1399
efermi: 1.0015547
dos_magnetic_ordering: NM
dos_total_task_id: mp-1703915
dos_total_band_gap: 2.1473
dos_total_cbm: 2.9909
dos_total_vbm: 0.8436
dos_total_efermi: 0.84679349
bs_setyawan_curtarolo_task_id: mp-1597382
bs_setyawan_curtarolo_band_gap: 2.1399
bs_setyawan_curtarolo_cbm: {'band_index': {'1': [38]}, 'kpoint_index': ['63'], 'kpoint': <pymatgen.electronic_structure.bandstructure.Kpoint object at 0x7fc699d63930>, 'energy': 2.9646, 'projections': {'1': [[0.0, 0.0, 0.0, 0.0, 0.0, 0.0001, 0.0001, 0.0004, 0.0004, 0.0004, 0.0001], [0.0212, 0.0006000000000000001, 0.0, 0.054700000000000006, 0.0529, 0.022500000000000003, 0.0016, 0.022, 0.0239, 0.0002, 0.014100000000000001], [0.014, 0.0004, 0.1096, 0.0001, 0.0001, 0.0012000000000000001, 0.0391, 0.0009000000000000001, 0.0025, 0.0485, 0.0006000000000000001], [0.007200000000000001, 0.0002, 0.0, 0.054900000000000004, 0.0568, 0.0172, 0.0001, 0.028800000000000003, 0.0253, 0.0031000000000000003, 0.0261], [0.0001, 0.0005, 0.0, 0.0, 0.0, 0.0, 0.0, 0.0, 0.0, 0.0, 0.0], [0.0, 0.0012000000000000001, 0.0, 0.0, 0.0, 0.0, 0.0, 0.0, 0.0, 0.0, 0.0], [0.0001, 0.0005, 0.0, 0.0, 0.0, 0.0, 0.0, 0.0, 0.0, 0.0, 0.0], [0.0, 0.0004, 0.0, 0.0, 0.0, 0.0, 0.0, 0.0, 0.0, 0.0, 0.0], [0.0, 0.0008, 0.0, 0.0, 0.0, 0.0, 0.0, 0.0, 0.0, 0.0, 0.0]]}}
bs_setyawan_curtarolo_vbm: {'band_index': {'1': [36, 37]}, 'kpoint_index': [0, 67, 68], 'kpoint': <pymatgen.electronic_structure.bandstructure.Kpoint object at 0x7fc5d4b5a200>, 'energy': 0.8247, 'projections': {'1': [[0.0, 0.0, 0.031900000000000005, 0.0009000000000000001, 0.0221, 0.0, 0.0006000000000000001, 0.0009000000000000001, 0.0, 0.0005, 0.0006000000000000001], [0.0001, 0.0004, 0.0511, 0.0002, 0.0318, 0.0, 0.057300000000000004, 0.06430000000000001, 0.0006000000000000001, 0.0627, 0.0722], [0.0, 0.0005, 0.0, 0.0046, 0.0001, 0.0012000000000000001, 0.001, 0.0004, 0.0028, 0.0002, 0.0001], [0.0, 0.00030000000000000003, 0.0582, 0.0002, 0.0374, 0.0011, 0.0682, 0.0367, 0.0002, 0.0718, 0.0349], [0.0, 0.0456, 0.0, 0.0, 0.0, 0.0, 0.0, 0.0, 0.0, 0.0, 0.0], [0.0, 0.0, 0.0, 0.0, 0.0, 0.0, 0.0, 0.0, 0.0, 0.0, 0.0], [0.0002, 0.0023, 0.0, 0.0, 0.0, 0.0, 0.0, 0.0, 0.0, 0.0, 0.0], [0.0, 0.0, 0.0, 0.0, 0.0, 0.0, 0.0, 0.0, 0.0, 0.0, 0.0], [0.0, 0.0, 0.0, 0.0, 0.0, 0.0, 0.0, 0.0, 0.0, 0.0, 0.0]]}}
bs_setyawan_curtarolo_efermi: 1.0015547
bs_hinuma_task_id: mp-2065978
bs_hinuma_band_gap: 2.1398
bs_hinuma_cbm: {'band_index': {'1': [38]}, 'kpoint_index': ['49'], 'kpoint': <pymatgen.electronic_structure.bandstructure.Kpoint object at 0x7fc5d4b5a350>, 'energy': 2.9646, 'projections': {'1': [[0.0, 0.0, 0.0, 0.0, 0.0, 0.0001, 0.0001, 0.0004, 0.0004, 0.0004, 0.0001], [0.0212, 0.0006000000000000001, 0.0, 0.054700000000000006, 0.0529, 0.022500000000000003, 0.0016, 0.022, 0.0239, 0.0002, 0.014100000000000001], [0.014, 0.0004, 0.1096, 0.0001, 0.0001, 0.0012000000000000001, 0.0391, 0.0009000000000000001, 0.0025, 0.0485, 0.0006000000000000001], [0.007200000000000001, 0.0002, 0.0, 0.054900000000000004, 0.0568, 0.0172, 0.0001, 0.028800000000000003, 0.0253, 0.0031000000000000003, 0.0261], [0.0001, 0.0005, 0.0, 0.0, 0.0, 0.0, 0.0, 0.0, 0.0, 0.0, 0.0], [0.0, 0.0012000000000000001, 0.0, 0.0, 0.0, 0.0, 0.0, 0.0, 0.0, 0.0, 0.0], [0.0001, 0.0005, 0.0, 0.0, 0.0, 0.0, 0.0, 0.0, 0.0, 0.0, 0.0], [0.0, 0.0004, 0.0, 0.0, 0.0, 0.0, 0.0, 0.0, 0.0, 0.0, 0.0], [0.0, 0.0008, 0.0, 0.0, 0.0, 0.0, 0.0, 0.0, 0.0, 0.0, 0.0]]}}
bs_hinuma_vbm: {'band_index': {'1': [37]}, 'kpoint_index': ['1'], 'kpoint': <pymatgen.electronic_structure.bandstructure.Kpoint object at 0x7fc5d4b5a3c0>, 'energy': 0.8248000000000001, 'projections': {'1': [[0.0, 0.0, 0.0005, 0.0257, 0.0287, 0.0006000000000000001, 0.0, 0.0004, 0.001, 0.0001, 0.0005], [0.0, 0.0012000000000000001, 0.0012000000000000001, 0.0, 0.0521, 0.0014, 0.0015, 0.0646, 0.0019, 0.0011, 0.06520000000000001], [0.0001, 0.0, 0.00030000000000000003, 0.0815, 0.0001, 0.11720000000000001, 0.0009000000000000001, 0.0002, 0.1139, 0.0009000000000000001, 0.0004], [0.0, 0.0, 0.0012000000000000001, 0.0001, 0.0471, 0.0023, 0.001, 0.0555, 0.0004, 0.0012000000000000001, 0.0459], [0.0002, 0.016900000000000002, 0.0, 0.0, 0.0, 0.0, 0.0, 0.0, 0.0, 0.0, 0.0], [0.0, 0.0001, 0.0, 0.0, 0.0, 0.0, 0.0, 0.0, 0.0, 0.0, 0.0], [0.0, 0.0308, 0.0, 0.0, 0.0, 0.0, 0.0, 0.0, 0.0, 0.0, 0.0], [0.0, 0.0, 0.0, 0.0, 0.0, 0.0, 0.0, 0.0, 0.0, 0.0, 0.0], [0.0, 0.0, 0.0, 0.0, 0.0, 0.0, 0.0, 0.0, 0.0, 0.0, 0.0]]}}
bs_hinuma_efermi: 1.00099863
bs_latimer_munro_task_id: mp-2691563
bs_latimer_munro_band_gap: 2.1398
bs_latimer_munro_cbm: {'band_index': {'1': [38]}, 'kpoint_index': ['20'], 'kpoint': <pymatgen.electronic_structure.bandstructure.Kpoint object at 0x7fc5d4b5a190>, 'energy': 2.9646, 'projections': {'1': [[0.0, 0.0, 0.0, 0.0, 0.0, 0.0001, 0.0001, 0.0004, 0.0004, 0.0004, 0.0001], [0.0212, 0.0006000000000000001, 0.0, 0.054700000000000006, 0.0529, 0.022500000000000003, 0.0016, 0.022, 0.0239, 0.0002, 0.014100000000000001], [0.014, 0.0004, 0.1096, 0.0001, 0.0001, 0.0012000000000000001, 0.0391, 0.0009000000000000001, 0.0025, 0.0485, 0.0006000000000000001], [0.007200000000000001, 0.0002, 0.0, 0.054900000000000004, 0.0568, 0.0172, 0.0001, 0.028800000000000003, 0.0253, 0.0031000000000000003, 0.0261], [0.0001, 0.0005, 0.0, 0.0, 0.0, 0.0, 0.0, 0.0, 0.0, 0.0, 0.0], [0.0, 0.0012000000000000001, 0.0, 0.0, 0.0, 0.0, 0.0, 0.0, 0.0, 0.0, 0.0], [0.0001, 0.0005, 0.0, 0.0, 0.0, 0.0, 0.0, 0.0, 0.0, 0.0, 0.0], [0.0, 0.0004, 0.0, 0.0, 0.0, 0.0, 0.0, 0.0, 0.0, 0.0, 0.0], [0.0, 0.0008, 0.0, 0.0, 0.0, 0.0, 0.0, 0.0, 0.0, 0.0, 0.0]]}}
bs_latimer_munro_vbm: {'band_index': {'1': [37]}, 'kpoint_index': ['44'], 'kpoint': <pymatgen.electronic_structure.bandstructure.Kpoint object at 0x7fc5d4b59c50>, 'energy': 0.8248000000000001, 'projections': {'1': [[0.0, 0.0, 0.0287, 0.0005, 0.0257, 0.0, 0.0005, 0.001, 0.0001, 0.0004, 0.0006000000000000001], [0.0001, 0.0005, 0.0465, 0.0002, 0.038200000000000005, 0.0001, 0.049800000000000004, 0.0721, 0.0008, 0.0563, 0.08030000000000001], [0.0, 0.0005, 0.0, 0.0024000000000000002, 0.0002, 0.002, 0.0007, 0.0004, 0.0022, 0.0001, 0.0], [0.0, 0.0002, 0.0528, 0.0002, 0.043300000000000005, 0.0014, 0.061, 0.0436, 0.0002, 0.06380000000000001, 0.040600000000000004], [0.0001, 0.0465, 0.0, 0.0, 0.0, 0.0, 0.0, 0.0, 0.0, 0.0, 0.0], [0.0, 0.0, 0.0, 0.0, 0.0, 0.0, 0.0, 0.0, 0.0, 0.0, 0.0], [0.0001, 0.0012000000000000001, 0.0, 0.0, 0.0, 0.0, 0.0, 0.0, 0.0, 0.0, 0.0], [0.0, 0.0, 0.0, 0.0, 0.0, 0.0, 0.0, 0.0, 0.0, 0.0, 0.0], [0.0, 0.0, 0.0, 0.0, 0.0, 0.0, 0.0, 0.0, 0.0, 0.0, 0.0]]}}
bs_latimer_munro_efermi: 0.87711342