material_id: mp-14336
band_gap: 0.6160000000000001
efermi: 3.1075746
dos_magnetic_ordering: NM
dos_total_task_id: mp-1702771
dos_total_band_gap: 0.6643999999999991
dos_total_cbm: 3.6148
dos_total_vbm: 2.9504
dos_total_efermi: 2.96081866
bs_setyawan_curtarolo_task_id: mp-1598300
bs_setyawan_curtarolo_band_gap: 0.6160000000000001
bs_setyawan_curtarolo_cbm: {'band_index': {'1': [45]}, 'kpoint_index': ['109'], 'kpoint': <pymatgen.electronic_structure.bandstructure.Kpoint object at 0x7fc699d63930>, 'energy': 3.5816, 'projections': {'1': [[0.0043, 0.0043, 0.0, 0.0, 0.0, 0.0059, 0.0059, 0.0059, 0.0059], [0.0, 0.0, 0.0, 0.0, 0.0, 0.0067, 0.0067, 0.0067, 0.0067], [0.0011, 0.0011, 0.0001, 0.00030000000000000003, 0.0001, 0.0031000000000000003, 0.0031000000000000003, 0.0031000000000000003, 0.0031000000000000003], [0.0012000000000000001, 0.0012000000000000001, 0.0, 0.0, 0.0, 0.033100000000000004, 0.033100000000000004, 0.033100000000000004, 0.033100000000000004], [0.0, 0.0, 0.0, 0.0, 0.0, 0.0004, 0.0004, 0.0004, 0.0004], [0.0, 0.0, 0.0702, 0.0, 0.0702, 0.0001, 0.0001, 0.0001, 0.0001], [0.0005, 0.0005, 0.0, 0.0, 0.0, 0.0, 0.0, 0.0, 0.0], [0.0006000000000000001, 0.0006000000000000001, 0.11180000000000001, 0.1197, 0.11180000000000001, 0.002, 0.002, 0.002, 0.002], [0.0021000000000000003, 0.0021000000000000003, 0.0, 0.0, 0.0, 0.0001, 0.0001, 0.0001, 0.0001]]}}
bs_setyawan_curtarolo_vbm: {'band_index': {'1': [44]}, 'kpoint_index': ['60'], 'kpoint': <pymatgen.electronic_structure.bandstructure.Kpoint object at 0x7fc5d4b59d30>, 'energy': 2.9656000000000002, 'projections': {'1': [[0.0, 0.0, 0.0, 0.0, 0.0, 0.0, 0.0, 0.0, 0.0], [0.0001, 0.0001, 0.0011, 0.0058000000000000005, 0.0011, 0.0383, 0.0383, 0.0383, 0.0383], [0.0, 0.0, 0.0, 0.0, 0.0, 0.0, 0.0, 0.0, 0.0], [0.0, 0.0, 0.0041, 0.0, 0.0041, 0.0346, 0.0346, 0.0346, 0.0346], [0.0, 0.0, 0.049100000000000005, 0.1535, 0.049100000000000005, 0.0001, 0.0001, 0.0001, 0.0001], [0.0, 0.0, 0.0, 0.0, 0.0, 0.0, 0.0, 0.0, 0.0], [0.0, 0.0, 0.0, 0.0, 0.0, 0.0, 0.0, 0.0, 0.0], [0.0, 0.0, 0.0, 0.0, 0.0, 0.0, 0.0, 0.0, 0.0], [0.0, 0.0, 0.1296, 0.0, 0.1296, 0.0001, 0.0001, 0.0001, 0.0001]]}}
bs_setyawan_curtarolo_efermi: 3.1075746
bs_hinuma_task_id: mp-2065602
bs_hinuma_band_gap: 0.6160000000000001
bs_hinuma_cbm: {'band_index': {'1': [45]}, 'kpoint_index': ['83'], 'kpoint': <pymatgen.electronic_structure.bandstructure.Kpoint object at 0x7fc5d4b59be0>, 'energy': 3.5816, 'projections': {'1': [[0.0044, 0.0044, 0.0, 0.0, 0.0, 0.0059, 0.0059, 0.0059, 0.0059], [0.0, 0.0, 0.0, 0.0, 0.0, 0.0067, 0.0067, 0.0067, 0.0067], [0.0011, 0.0011, 0.0001, 0.00030000000000000003, 0.0001, 0.0031000000000000003, 0.0031000000000000003, 0.0031000000000000003, 0.0031000000000000003], [0.0012000000000000001, 0.0012000000000000001, 0.0, 0.0, 0.0, 0.033100000000000004, 0.033100000000000004, 0.033100000000000004, 0.033100000000000004], [0.0, 0.0, 0.0, 0.0, 0.0, 0.0004, 0.0004, 0.0004, 0.0004], [0.0, 0.0, 0.0702, 0.0, 0.0702, 0.0001, 0.0001, 0.0001, 0.0001], [0.0005, 0.0005, 0.0, 0.0, 0.0, 0.0, 0.0, 0.0, 0.0], [0.0006000000000000001, 0.0006000000000000001, 0.11180000000000001, 0.1197, 0.11180000000000001, 0.002, 0.002, 0.002, 0.002], [0.0021000000000000003, 0.0021000000000000003, 0.0, 0.0, 0.0, 0.0001, 0.0001, 0.0001, 0.0001]]}}
bs_hinuma_vbm: {'band_index': {'1': [44]}, 'kpoint_index': ['60'], 'kpoint': <pymatgen.electronic_structure.bandstructure.Kpoint object at 0x7fc5d4b59c50>, 'energy': 2.9656000000000002, 'projections': {'1': [[0.0, 0.0, 0.0, 0.0, 0.0, 0.0, 0.0, 0.0, 0.0], [0.0001, 0.0001, 0.0011, 0.0058000000000000005, 0.0011, 0.0383, 0.0383, 0.0383, 0.0383], [0.0, 0.0, 0.0, 0.0, 0.0, 0.0, 0.0, 0.0, 0.0], [0.0, 0.0, 0.0041, 0.0, 0.0041, 0.0346, 0.0346, 0.0346, 0.0346], [0.0, 0.0, 0.049100000000000005, 0.1535, 0.049100000000000005, 0.0001, 0.0001, 0.0001, 0.0001], [0.0, 0.0, 0.0, 0.0, 0.0, 0.0, 0.0, 0.0, 0.0], [0.0, 0.0, 0.0, 0.0, 0.0, 0.0, 0.0, 0.0, 0.0], [0.0, 0.0, 0.0, 0.0, 0.0, 0.0, 0.0, 0.0, 0.0], [0.0, 0.0, 0.1296, 0.0, 0.1296, 0.0001, 0.0001, 0.0001, 0.0001]]}}
bs_hinuma_efermi: 3.1075746
bs_latimer_munro_task_id: mp-2441602
bs_latimer_munro_band_gap: 0.6160000000000001
bs_latimer_munro_cbm: {'band_index': {'1': [45]}, 'kpoint_index': ['181'], 'kpoint': <pymatgen.electronic_structure.bandstructure.Kpoint object at 0x7fc5d4b5a200>, 'energy': 3.5816, 'projections': {'1': [[0.0044, 0.0044, 0.0, 0.0, 0.0, 0.0059, 0.0059, 0.0059, 0.0059], [0.0, 0.0, 0.0, 0.0, 0.0, 0.0067, 0.0067, 0.0067, 0.0067], [0.0011, 0.0011, 0.0001, 0.00030000000000000003, 0.0001, 0.0031000000000000003, 0.0031000000000000003, 0.0031000000000000003, 0.0031000000000000003], [0.0012000000000000001, 0.0012000000000000001, 0.0, 0.0, 0.0, 0.033100000000000004, 0.033100000000000004, 0.033100000000000004, 0.033100000000000004], [0.0, 0.0, 0.0, 0.0, 0.0, 0.0004, 0.0004, 0.0004, 0.0004], [0.0, 0.0, 0.0702, 0.0, 0.0702, 0.0001, 0.0001, 0.0001, 0.0001], [0.0005, 0.0005, 0.0, 0.0, 0.0, 0.0, 0.0, 0.0, 0.0], [0.0006000000000000001, 0.0006000000000000001, 0.11180000000000001, 0.1197, 0.11180000000000001, 0.002, 0.002, 0.002, 0.002], [0.0021000000000000003, 0.0021000000000000003, 0.0, 0.0, 0.0, 0.0001, 0.0001, 0.0001, 0.0001]]}}
bs_latimer_munro_vbm: {'band_index': {'1': [44]}, 'kpoint_index': ['142'], 'kpoint': <pymatgen.electronic_structure.bandstructure.Kpoint object at 0x7fc5d4b5a3c0>, 'energy': 2.9656000000000002, 'projections': {'1': [[0.0, 0.0, 0.0, 0.0, 0.0, 0.0, 0.0, 0.0, 0.0], [0.0001, 0.0001, 0.0011, 0.0058000000000000005, 0.0011, 0.0383, 0.0383, 0.0383, 0.0383], [0.0, 0.0, 0.0, 0.0, 0.0, 0.0, 0.0, 0.0, 0.0], [0.0, 0.0, 0.0041, 0.0, 0.0041, 0.0346, 0.0346, 0.0346, 0.0346], [0.0, 0.0, 0.049100000000000005, 0.1535, 0.049100000000000005, 0.0001, 0.0001, 0.0001, 0.0001], [0.0, 0.0, 0.0, 0.0, 0.0, 0.0, 0.0, 0.0, 0.0], [0.0, 0.0, 0.0, 0.0, 0.0, 0.0, 0.0, 0.0, 0.0], [0.0, 0.0, 0.0, 0.0, 0.0, 0.0, 0.0, 0.0, 0.0], [0.0, 0.0, 0.1296, 0.0, 0.1296, 0.0001, 0.0001, 0.0001, 0.0001]]}}
bs_latimer_munro_efermi: 3.1245164500000002