material_id: mp-15557
band_gap: 0.447499999999999
efermi: 2.12090482
dos_magnetic_ordering: NM
dos_total_task_id: mp-2280165
dos_total_band_gap: 0.48130000000000006
dos_total_cbm: 2.5492
dos_total_vbm: 2.0679
dos_total_efermi: 2.06881131
bs_setyawan_curtarolo_task_id: mp-942780
bs_setyawan_curtarolo_band_gap: 0.447499999999999
bs_setyawan_curtarolo_cbm: {'band_index': {'1': [33]}, 'kpoint_index': ['21'], 'kpoint': <pymatgen.electronic_structure.bandstructure.Kpoint object at 0x7fc699d63930>, 'energy': 2.5321, 'projections': {}}
bs_setyawan_curtarolo_vbm: {'band_index': {'1': [32]}, 'kpoint_index': [18, 19, 149], 'kpoint': <pymatgen.electronic_structure.bandstructure.Kpoint object at 0x7fc5d4b59c50>, 'energy': 2.0846, 'projections': {}}
bs_setyawan_curtarolo_efermi: 2.12090482
bs_hinuma_task_id: mp-2067200
bs_hinuma_band_gap: 0.45279999999999904
bs_hinuma_cbm: {'band_index': {'1': [33]}, 'kpoint_index': ['15'], 'kpoint': <pymatgen.electronic_structure.bandstructure.Kpoint object at 0x7fc5d4b5a430>, 'energy': 2.5349, 'projections': {'1': [[0.0081, 0.0081, 0.0, 0.0, 0.0146, 0.0146, 0.0146, 0.0146, 0.0007, 0.0007], [0.0, 0.0, 0.0, 0.0, 0.0, 0.0, 0.0, 0.0, 0.0, 0.0], [0.0, 0.0, 0.0005, 0.0005, 0.0183, 0.0183, 0.0183, 0.0183, 0.0002, 0.0002], [0.0, 0.0, 0.0, 0.0, 0.0253, 0.0253, 0.0253, 0.0253, 0.0066, 0.0066], [0.0, 0.0, 0.0, 0.0, 0.0, 0.0, 0.0, 0.0, 0.0, 0.0], [0.0007, 0.0007, 0.00030000000000000003, 0.00030000000000000003, 0.0, 0.0, 0.0, 0.0, 0.0, 0.0], [0.0014, 0.0014, 0.0, 0.0, 0.0025, 0.0025, 0.0025, 0.0025, 0.0, 0.0], [0.0, 0.0, 0.0, 0.0, 0.0001, 0.0001, 0.0001, 0.0001, 0.0068000000000000005, 0.0068000000000000005], [0.0077, 0.0077, 0.0, 0.0, 0.0, 0.0, 0.0, 0.0, 0.0, 0.0]]}}
bs_hinuma_vbm: {'band_index': {'1': [32]}, 'kpoint_index': [12, 13, 54], 'kpoint': <pymatgen.electronic_structure.bandstructure.Kpoint object at 0x7fc5d4b5a200>, 'energy': 2.0821, 'projections': {'1': [[0.0, 0.0, 0.0, 0.0, 0.0, 0.0, 0.0, 0.0, 0.0, 0.0], [0.0058000000000000005, 0.0058000000000000005, 0.0, 0.0, 0.098, 0.098, 0.098, 0.098, 0.0, 0.0], [0.0, 0.0, 0.0, 0.0, 0.0, 0.0, 0.0, 0.0, 0.0, 0.0], [0.0, 0.0, 0.0, 0.0, 0.0, 0.0, 0.0, 0.0, 0.0, 0.0], [0.0, 0.0, 0.0, 0.0, 0.0001, 0.0001, 0.0001, 0.0001, 0.0038, 0.0038], [0.0, 0.0, 0.0, 0.0, 0.0009000000000000001, 0.0009000000000000001, 0.0009000000000000001, 0.0009000000000000001, 0.0, 0.0], [0.0, 0.0, 0.0, 0.0, 0.0, 0.0, 0.0, 0.0, 0.0, 0.0], [0.0008, 0.0008, 0.0005, 0.0005, 0.0, 0.0, 0.0, 0.0, 0.0, 0.0], [0.0, 0.0, 0.0, 0.0, 0.0, 0.0, 0.0, 0.0, 0.0, 0.0]]}}
bs_hinuma_efermi: 2.18702415
bs_latimer_munro_task_id: mp-2688609
bs_latimer_munro_band_gap: 0.45279999999999904
bs_latimer_munro_cbm: {'band_index': {'1': [33]}, 'kpoint_index': ['206'], 'kpoint': <pymatgen.electronic_structure.bandstructure.Kpoint object at 0x7fc5d4b59e80>, 'energy': 2.5349, 'projections': {'1': [[0.0081, 0.0081, 0.0, 0.0, 0.0146, 0.0146, 0.0146, 0.0146, 0.0007, 0.0007], [0.0, 0.0, 0.0, 0.0, 0.0, 0.0, 0.0, 0.0, 0.0, 0.0], [0.0, 0.0, 0.0005, 0.0005, 0.0183, 0.0183, 0.0183, 0.0183, 0.0002, 0.0002], [0.0, 0.0, 0.0, 0.0, 0.0253, 0.0253, 0.0253, 0.0253, 0.0066, 0.0066], [0.0, 0.0, 0.0, 0.0, 0.0, 0.0, 0.0, 0.0, 0.0, 0.0], [0.0007, 0.0007, 0.00030000000000000003, 0.00030000000000000003, 0.0, 0.0, 0.0, 0.0, 0.0, 0.0], [0.0014, 0.0014, 0.0, 0.0, 0.0025, 0.0025, 0.0025, 0.0025, 0.0, 0.0], [0.0, 0.0, 0.0, 0.0, 0.0001, 0.0001, 0.0001, 0.0001, 0.0068000000000000005, 0.0068000000000000005], [0.0077, 0.0077, 0.0, 0.0, 0.0, 0.0, 0.0, 0.0, 0.0, 0.0]]}}
bs_latimer_munro_vbm: {'band_index': {'1': [32]}, 'kpoint_index': [25, 26, 208, 209], 'kpoint': <pymatgen.electronic_structure.bandstructure.Kpoint object at 0x7fc5d4b5a3c0>, 'energy': 2.0821, 'projections': {'1': [[0.0, 0.0, 0.0, 0.0, 0.0, 0.0, 0.0, 0.0, 0.0, 0.0], [0.0058000000000000005, 0.0058000000000000005, 0.0, 0.0, 0.098, 0.098, 0.098, 0.098, 0.0, 0.0], [0.0, 0.0, 0.0, 0.0, 0.0, 0.0, 0.0, 0.0, 0.0, 0.0], [0.0, 0.0, 0.0, 0.0, 0.0, 0.0, 0.0, 0.0, 0.0, 0.0], [0.0, 0.0, 0.0, 0.0, 0.0001, 0.0001, 0.0001, 0.0001, 0.0038, 0.0038], [0.0, 0.0, 0.0, 0.0, 0.0009000000000000001, 0.0009000000000000001, 0.0009000000000000001, 0.0009000000000000001, 0.0, 0.0], [0.0, 0.0, 0.0, 0.0, 0.0, 0.0, 0.0, 0.0, 0.0, 0.0], [0.0008, 0.0008, 0.0005, 0.0005, 0.0, 0.0, 0.0, 0.0, 0.0, 0.0], [0.0, 0.0, 0.0, 0.0, 0.0, 0.0, 0.0, 0.0, 0.0, 0.0]]}}
bs_latimer_munro_efermi: 2.18352208