material_id: mp-12016
band_gap: 2.8274
efermi: 0.80613455
dos_magnetic_ordering: NM
dos_total_task_id: mp-1709037
dos_total_band_gap: 2.8889
dos_total_cbm: 3.6402
dos_total_vbm: 0.7513000000000001
dos_total_efermi: 0.75251566
bs_setyawan_curtarolo_task_id: mp-1598422
bs_setyawan_curtarolo_band_gap: 2.8274
bs_setyawan_curtarolo_cbm: {'band_index': {'1': [40]}, 'kpoint_index': [23, 24], 'kpoint': <pymatgen.electronic_structure.bandstructure.Kpoint object at 0x7fc699d63930>, 'energy': 3.5645, 'projections': {'1': [[0.0035, 0.0035, 0.007, 0.007, 0.0627, 0.0627, 0.0, 0.0, 0.0013000000000000002, 0.0013000000000000002, 0.0007, 0.0007], [0.004, 0.004, 0.00030000000000000003, 0.00030000000000000003, 0.0029000000000000002, 0.0029000000000000002, 0.0029000000000000002, 0.0029000000000000002, 0.0002, 0.0002, 0.006900000000000001, 0.006900000000000001], [0.0, 0.0, 0.0023, 0.0023, 0.0241, 0.0241, 0.0291, 0.0291, 0.007500000000000001, 0.007500000000000001, 0.0006000000000000001, 0.0006000000000000001], [0.0, 0.0, 0.0, 0.0, 0.0, 0.0, 0.0, 0.0, 0.0, 0.0, 0.0, 0.0], [0.0, 0.0, 0.0, 0.0, 0.0, 0.0, 0.0, 0.0, 0.0, 0.0, 0.0, 0.0], [0.0004, 0.0004, 0.0029000000000000002, 0.0029000000000000002, 0.0, 0.0, 0.0, 0.0, 0.0, 0.0, 0.0, 0.0], [0.0002, 0.0002, 0.0004, 0.0004, 0.0, 0.0, 0.0, 0.0, 0.0, 0.0, 0.0, 0.0], [0.0, 0.0, 0.0, 0.0, 0.0, 0.0, 0.0, 0.0, 0.0, 0.0, 0.0, 0.0], [0.0007, 0.0007, 0.0013000000000000002, 0.0013000000000000002, 0.0, 0.0, 0.0, 0.0, 0.0, 0.0, 0.0, 0.0]]}}
bs_setyawan_curtarolo_vbm: {'band_index': {'1': [39]}, 'kpoint_index': [0, 75, 76, 100], 'kpoint': <pymatgen.electronic_structure.bandstructure.Kpoint object at 0x7fc5d4b5a200>, 'energy': 0.7371000000000001, 'projections': {'1': [[0.0, 0.0, 0.0, 0.0, 0.0, 0.0, 0.0, 0.0, 0.0, 0.0, 0.0, 0.0], [0.0, 0.0, 0.0, 0.0, 0.0, 0.0, 0.0806, 0.0806, 0.0, 0.0, 0.0, 0.0], [0.0, 0.0, 0.0, 0.0, 0.0, 0.0, 0.0079, 0.0079, 0.0, 0.0, 0.0, 0.0], [0.0028, 0.0028, 0.0017000000000000001, 0.0017000000000000001, 0.0, 0.0, 0.0, 0.0, 0.0665, 0.0665, 0.10980000000000001, 0.10980000000000001], [0.0, 0.0, 0.0, 0.0, 0.0, 0.0, 0.0, 0.0, 0.0, 0.0, 0.0, 0.0], [0.0, 0.0, 0.0, 0.0, 0.0, 0.0, 0.0, 0.0, 0.0, 0.0, 0.0, 0.0], [0.0, 0.0, 0.0, 0.0, 0.0, 0.0, 0.0, 0.0, 0.0, 0.0, 0.0, 0.0], [0.0001, 0.0001, 0.0001, 0.0001, 0.0, 0.0, 0.0, 0.0, 0.0, 0.0, 0.0, 0.0], [0.0, 0.0, 0.0, 0.0, 0.0, 0.0, 0.0, 0.0, 0.0, 0.0, 0.0, 0.0]]}}
bs_setyawan_curtarolo_efermi: 0.80613455
bs_latimer_munro_task_id: mp-2693110
bs_latimer_munro_band_gap: 2.8274
bs_latimer_munro_cbm: {'band_index': {'1': [40]}, 'kpoint_index': [34, 35, 45], 'kpoint': <pymatgen.electronic_structure.bandstructure.Kpoint object at 0x7fc5d4b5a190>, 'energy': 3.5645, 'projections': {'1': [[0.0035, 0.0035, 0.007, 0.007, 0.0627, 0.0627, 0.0, 0.0, 0.0013000000000000002, 0.0013000000000000002, 0.0007, 0.0007], [0.004, 0.004, 0.00030000000000000003, 0.00030000000000000003, 0.0029000000000000002, 0.0029000000000000002, 0.0029000000000000002, 0.0029000000000000002, 0.0002, 0.0002, 0.006900000000000001, 0.006900000000000001], [0.0, 0.0, 0.0023, 0.0023, 0.0241, 0.0241, 0.0291, 0.0291, 0.007500000000000001, 0.007500000000000001, 0.0006000000000000001, 0.0006000000000000001], [0.0, 0.0, 0.0, 0.0, 0.0, 0.0, 0.0, 0.0, 0.0, 0.0, 0.0, 0.0], [0.0, 0.0, 0.0, 0.0, 0.0, 0.0, 0.0, 0.0, 0.0, 0.0, 0.0, 0.0], [0.0004, 0.0004, 0.0029000000000000002, 0.0029000000000000002, 0.0, 0.0, 0.0, 0.0, 0.0, 0.0, 0.0, 0.0], [0.0002, 0.0002, 0.0004, 0.0004, 0.0, 0.0, 0.0, 0.0, 0.0, 0.0, 0.0, 0.0], [0.0, 0.0, 0.0, 0.0, 0.0, 0.0, 0.0, 0.0, 0.0, 0.0, 0.0, 0.0], [0.0007, 0.0007, 0.0013000000000000002, 0.0013000000000000002, 0.0, 0.0, 0.0, 0.0, 0.0, 0.0, 0.0, 0.0]]}}
bs_latimer_munro_vbm: {'band_index': {'1': [39]}, 'kpoint_index': [13, 14, 55, 56, 98, 99, 112, 135, 148], 'kpoint': <pymatgen.electronic_structure.bandstructure.Kpoint object at 0x7fc5d4b59be0>, 'energy': 0.7371000000000001, 'projections': {'1': [[0.0, 0.0, 0.0, 0.0, 0.0, 0.0, 0.0, 0.0, 0.0, 0.0, 0.0, 0.0], [0.0, 0.0, 0.0, 0.0, 0.0, 0.0, 0.0806, 0.0806, 0.0, 0.0, 0.0, 0.0], [0.0, 0.0, 0.0, 0.0, 0.0, 0.0, 0.0079, 0.0079, 0.0, 0.0, 0.0, 0.0], [0.0028, 0.0028, 0.0017000000000000001, 0.0017000000000000001, 0.0, 0.0, 0.0, 0.0, 0.0665, 0.0665, 0.10980000000000001, 0.10980000000000001], [0.0, 0.0, 0.0, 0.0, 0.0, 0.0, 0.0, 0.0, 0.0, 0.0, 0.0, 0.0], [0.0, 0.0, 0.0, 0.0, 0.0, 0.0, 0.0, 0.0, 0.0, 0.0, 0.0, 0.0], [0.0, 0.0, 0.0, 0.0, 0.0, 0.0, 0.0, 0.0, 0.0, 0.0, 0.0, 0.0], [0.0001, 0.0001, 0.0001, 0.0001, 0.0, 0.0, 0.0, 0.0, 0.0, 0.0, 0.0, 0.0], [0.0, 0.0, 0.0, 0.0, 0.0, 0.0, 0.0, 0.0, 0.0, 0.0, 0.0, 0.0]]}}
bs_latimer_munro_efermi: 0.78606564