material_id: mp-1041585
band_gap: 0.1038
efermi: 3.6130269200000003
dos_magnetic_ordering: FM
dos_total_task_id: mp-1685000
dos_total_band_gap: 0.0
dos_total_cbm: 3.4795
dos_total_vbm: 3.5148
dos_total_efermi: 3.47960555
bs_setyawan_curtarolo_task_id: mp-1041618
bs_setyawan_curtarolo_band_gap: 0.1038
bs_setyawan_curtarolo_cbm: {'band_index': {'-1': [82], '1': []}, 'kpoint_index': ['267'], 'kpoint': <pymatgen.electronic_structure.bandstructure.Kpoint object at 0x7fc699d63930>, 'energy': 3.6377, 'projections': {'-1': [[0.0, 0.0, 0.00030000000000000003, 0.00030000000000000003, 0.00030000000000000003, 0.00030000000000000003, 0.0, 0.0, 0.0, 0.0, 0.0, 0.0, 0.0, 0.0, 0.0, 0.0, 0.0, 0.0, 0.0001, 0.0001, 0.0001, 0.0001], [0.0, 0.0, 0.0001, 0.0001, 0.0001, 0.0001, 0.0031000000000000003, 0.0031000000000000003, 0.0031000000000000003, 0.0031000000000000003, 0.0036000000000000003, 0.0036000000000000003, 0.0036000000000000003, 0.0036000000000000003, 0.0015, 0.0015, 0.0015, 0.0015, 0.00030000000000000003, 0.00030000000000000003, 0.00030000000000000003, 0.00030000000000000003], [0.0, 0.0, 0.0001, 0.0001, 0.0001, 0.0001, 0.0009000000000000001, 0.0009000000000000001, 0.0009000000000000001, 0.0009000000000000001, 0.001, 0.001, 0.001, 0.001, 0.0014, 0.0014, 0.0014, 0.0014, 0.0015, 0.0015, 0.0015, 0.0015], [0.0, 0.0, 0.0001, 0.0001, 0.0001, 0.0001, 0.0018000000000000002, 0.0018000000000000002, 0.0018000000000000002, 0.0018000000000000002, 0.0001, 0.0001, 0.0001, 0.0001, 0.002, 0.002, 0.002, 0.002, 0.0021000000000000003, 0.0021000000000000003, 0.0021000000000000003, 0.0021000000000000003], [0.1569, 0.1569, 0.011300000000000001, 0.011300000000000001, 0.011300000000000001, 0.011300000000000001, 0.0, 0.0, 0.0, 0.0, 0.0, 0.0, 0.0, 0.0, 0.0, 0.0, 0.0, 0.0, 0.0, 0.0, 0.0, 0.0], [0.0702, 0.0702, 0.0032, 0.0032, 0.0032, 0.0032, 0.0, 0.0, 0.0, 0.0, 0.0, 0.0, 0.0, 0.0, 0.0, 0.0, 0.0, 0.0, 0.0, 0.0, 0.0, 0.0], [0.0094, 0.0094, 0.0117, 0.0117, 0.0117, 0.0117, 0.0, 0.0, 0.0, 0.0, 0.0, 0.0, 0.0, 0.0, 0.0, 0.0, 0.0, 0.0, 0.0, 0.0, 0.0, 0.0], [0.0001, 0.0001, 0.016900000000000002, 0.016900000000000002, 0.016900000000000002, 0.016900000000000002, 0.0, 0.0, 0.0, 0.0, 0.0, 0.0, 0.0, 0.0, 0.0, 0.0, 0.0, 0.0, 0.0, 0.0, 0.0, 0.0], [0.0, 0.0, 0.0275, 0.0275, 0.0275, 0.0275, 0.0, 0.0, 0.0, 0.0, 0.0, 0.0, 0.0, 0.0, 0.0, 0.0, 0.0, 0.0, 0.0, 0.0, 0.0, 0.0]]}}
bs_setyawan_curtarolo_vbm: {'band_index': {'1': [87], '-1': []}, 'kpoint_index': ['243'], 'kpoint': <pymatgen.electronic_structure.bandstructure.Kpoint object at 0x7fc5d4b59d30>, 'energy': 3.5339, 'projections': {'1': [[0.0002, 0.0002, 0.0005, 0.0005, 0.0005, 0.0005, 0.0, 0.0, 0.0, 0.0, 0.0, 0.0, 0.0, 0.0, 0.0001, 0.0001, 0.0001, 0.0001, 0.0001, 0.0001, 0.0001, 0.0001], [0.0, 0.0, 0.00030000000000000003, 0.00030000000000000003, 0.00030000000000000003, 0.00030000000000000003, 0.014700000000000001, 0.014700000000000001, 0.014700000000000001, 0.014700000000000001, 0.0017000000000000001, 0.0017000000000000001, 0.0017000000000000001, 0.0017000000000000001, 0.0076, 0.0076, 0.0076, 0.0076, 0.0013000000000000002, 0.0013000000000000002, 0.0013000000000000002, 0.0013000000000000002], [0.0, 0.0, 0.00030000000000000003, 0.00030000000000000003, 0.00030000000000000003, 0.00030000000000000003, 0.010100000000000001, 0.01, 0.010100000000000001, 0.01, 0.0115, 0.0115, 0.0115, 0.0115, 0.0094, 0.0094, 0.0094, 0.0094, 0.0026000000000000003, 0.0026000000000000003, 0.0026000000000000003, 0.0026000000000000003], [0.00030000000000000003, 0.00030000000000000003, 0.00030000000000000003, 0.00030000000000000003, 0.00030000000000000003, 0.00030000000000000003, 0.0043, 0.0043, 0.0043, 0.0043, 0.005200000000000001, 0.005200000000000001, 0.005200000000000001, 0.005200000000000001, 0.0074, 0.0074, 0.0074, 0.0074, 0.0015, 0.0015, 0.0015, 0.0015], [0.08120000000000001, 0.08120000000000001, 0.0006000000000000001, 0.0006000000000000001, 0.0006000000000000001, 0.0006000000000000001, 0.0, 0.0, 0.0, 0.0, 0.0, 0.0, 0.0, 0.0, 0.0, 0.0, 0.0, 0.0, 0.0, 0.0, 0.0, 0.0], [0.0175, 0.0175, 0.0, 0.0, 0.0, 0.0, 0.0, 0.0, 0.0, 0.0, 0.0, 0.0, 0.0, 0.0, 0.0, 0.0, 0.0, 0.0, 0.0, 0.0, 0.0, 0.0], [0.1703, 0.1703, 0.0008, 0.0008, 0.0008, 0.0008, 0.0, 0.0, 0.0, 0.0, 0.0, 0.0, 0.0, 0.0, 0.0, 0.0, 0.0, 0.0, 0.0, 0.0, 0.0, 0.0], [0.0057, 0.0056, 0.001, 0.001, 0.001, 0.001, 0.0, 0.0, 0.0, 0.0, 0.0, 0.0, 0.0, 0.0, 0.0, 0.0, 0.0, 0.0, 0.0, 0.0, 0.0, 0.0], [0.0001, 0.0001, 0.0013000000000000002, 0.0013000000000000002, 0.0013000000000000002, 0.0013000000000000002, 0.0, 0.0, 0.0, 0.0, 0.0, 0.0, 0.0, 0.0, 0.0, 0.0, 0.0, 0.0, 0.0, 0.0, 0.0, 0.0]]}}
bs_setyawan_curtarolo_efermi: 3.6130269200000003