material_id: mp-1023938
band_gap: 1.049699999999999
efermi: 1.73024726
dos_magnetic_ordering: NM
dos_total_task_id: mp-1752360
dos_total_band_gap: 1.1966
dos_total_cbm: 2.7707
dos_total_vbm: 1.5741
dos_total_efermi: 1.56022573
bs_setyawan_curtarolo_task_id: mp-1623758
bs_setyawan_curtarolo_band_gap: 1.049699999999999
bs_setyawan_curtarolo_cbm: {'band_index': {'1': [24, 25]}, 'kpoint_index': [34, 35, 128], 'kpoint': <pymatgen.electronic_structure.bandstructure.Kpoint object at 0x7fc699d63930>, 'energy': 2.6834, 'projections': {'1': [[0.0, 0.0, 0.0, 0.0, 0.0183, 0.0241], [0.0061, 0.0046, 0.0046, 0.0061, 0.0, 0.0], [0.0, 0.0, 0.0, 0.0, 0.0, 0.0], [0.0061, 0.0046, 0.0046, 0.0061, 0.0, 0.0], [0.00030000000000000003, 0.0002, 0.0002, 0.00030000000000000003, 0.0001, 0.0], [0.0004, 0.00030000000000000003, 0.00030000000000000003, 0.0004, 0.0, 0.0], [0.0, 0.0, 0.0, 0.0, 0.31930000000000003, 0.4208], [0.0004, 0.00030000000000000003, 0.00030000000000000003, 0.0004, 0.0, 0.0], [0.00030000000000000003, 0.0002, 0.0002, 0.00030000000000000003, 0.0001, 0.0]]}}
bs_setyawan_curtarolo_vbm: {'band_index': {'1': [23]}, 'kpoint_index': [34, 35, 128], 'kpoint': <pymatgen.electronic_structure.bandstructure.Kpoint object at 0x7fc5d4b59e80>, 'energy': 1.6337000000000002, 'projections': {'1': [[0.0, 0.0, 0.0, 0.0, 0.0, 0.0], [0.011, 0.011300000000000001, 0.011, 0.011300000000000001, 0.00030000000000000003, 0.00030000000000000003], [0.0, 0.0, 0.0, 0.0, 0.0, 0.0], [0.011, 0.011300000000000001, 0.011, 0.011300000000000001, 0.00030000000000000003, 0.00030000000000000003], [0.0002, 0.0002, 0.0002, 0.0002, 0.16920000000000002, 0.16920000000000002], [0.0, 0.0001, 0.0, 0.0001, 0.0001, 0.0001], [0.0, 0.0, 0.0, 0.0, 0.0, 0.0], [0.0, 0.0001, 0.0, 0.0001, 0.0001, 0.0001], [0.0002, 0.0002, 0.0002, 0.0002, 0.16920000000000002, 0.16920000000000002]]}}
bs_setyawan_curtarolo_efermi: 1.73024726
bs_hinuma_task_id: mp-2098694
bs_hinuma_band_gap: 1.049699999999999
bs_hinuma_cbm: {'band_index': {'1': [24, 25]}, 'kpoint_index': [34, 35, 131], 'kpoint': <pymatgen.electronic_structure.bandstructure.Kpoint object at 0x7fc5d4b59be0>, 'energy': 2.6834, 'projections': {'1': [[0.0, 0.0, 0.0, 0.0, 0.0183, 0.0241], [0.0061, 0.0046, 0.0046, 0.0061, 0.0, 0.0], [0.0, 0.0, 0.0, 0.0, 0.0, 0.0], [0.0061, 0.0046, 0.0046, 0.0061, 0.0, 0.0], [0.00030000000000000003, 0.0002, 0.0002, 0.00030000000000000003, 0.0001, 0.0], [0.0004, 0.00030000000000000003, 0.00030000000000000003, 0.0004, 0.0, 0.0], [0.0, 0.0, 0.0, 0.0, 0.31930000000000003, 0.4208], [0.0004, 0.00030000000000000003, 0.00030000000000000003, 0.0004, 0.0, 0.0], [0.00030000000000000003, 0.0002, 0.0002, 0.00030000000000000003, 0.0001, 0.0]]}}
bs_hinuma_vbm: {'band_index': {'1': [23]}, 'kpoint_index': [34, 35, 131], 'kpoint': <pymatgen.electronic_structure.bandstructure.Kpoint object at 0x7fc5d4b5a200>, 'energy': 1.6337000000000002, 'projections': {'1': [[0.0, 0.0, 0.0, 0.0, 0.0, 0.0], [0.011, 0.011300000000000001, 0.011, 0.011300000000000001, 0.00030000000000000003, 0.00030000000000000003], [0.0, 0.0, 0.0, 0.0, 0.0, 0.0], [0.011, 0.011300000000000001, 0.011, 0.011300000000000001, 0.00030000000000000003, 0.00030000000000000003], [0.0002, 0.0002, 0.0002, 0.0002, 0.16920000000000002, 0.16920000000000002], [0.0, 0.0001, 0.0, 0.0001, 0.0001, 0.0001], [0.0, 0.0, 0.0, 0.0, 0.0, 0.0], [0.0, 0.0001, 0.0, 0.0001, 0.0001, 0.0001], [0.0002, 0.0002, 0.0002, 0.0002, 0.16920000000000002, 0.16920000000000002]]}}
bs_hinuma_efermi: 1.73024726