material_id: mp-1042806
band_gap: 0.9525999999999991
efermi: 2.09194251
dos_magnetic_ordering: FM
dos_total_task_id: mp-1683989
dos_total_band_gap: 1.102899999999999
dos_total_cbm: 3.0399
dos_total_vbm: 1.937
dos_total_efermi: 1.91976536
bs_setyawan_curtarolo_task_id: mp-1045273
bs_setyawan_curtarolo_band_gap: 0.9525999999999991
bs_setyawan_curtarolo_cbm: {'band_index': {'1': [164], '-1': []}, 'kpoint_index': [0], 'kpoint': <pymatgen.electronic_structure.bandstructure.Kpoint object at 0x7fc699d63930>, 'energy': 2.9552, 'projections': {'1': [[0.011300000000000001, 0.011300000000000001, 0.011300000000000001, 0.011300000000000001, 0.029300000000000003, 0.029300000000000003, 0.029300000000000003, 0.029300000000000003, 0.0178, 0.0178, 0.0178, 0.0178, 0.019700000000000002, 0.019700000000000002, 0.019700000000000002, 0.019700000000000002, 0.007500000000000001, 0.007500000000000001, 0.007500000000000001, 0.007500000000000001, 0.0038, 0.0038, 0.0038, 0.0038, 0.0086, 0.0086, 0.0086, 0.0086, 0.0076, 0.0076, 0.0076, 0.0076, 0.007500000000000001, 0.007500000000000001, 0.007500000000000001, 0.007500000000000001, 0.0074, 0.0074, 0.0074, 0.0074, 0.0059, 0.0059, 0.0059, 0.0059], [0.0, 0.0, 0.0, 0.0, 0.0, 0.0, 0.0, 0.0, 0.0009000000000000001, 0.0009000000000000001, 0.0009000000000000001, 0.0009000000000000001, 0.0001, 0.0001, 0.0001, 0.0001, 0.0006000000000000001, 0.0006000000000000001, 0.0006000000000000001, 0.0006000000000000001, 0.0046, 0.0046, 0.0046, 0.0046, 0.0006000000000000001, 0.0006000000000000001, 0.0006000000000000001, 0.0006000000000000001, 0.0044, 0.0044, 0.0044, 0.0044, 0.0035, 0.0035, 0.0035, 0.0035, 0.0002, 0.0002, 0.0002, 0.0002, 0.0036000000000000003, 0.0036000000000000003, 0.0036000000000000003, 0.0036000000000000003], [0.0001, 0.0001, 0.0001, 0.0001, 0.0, 0.0, 0.0, 0.0, 0.0001, 0.0001, 0.0001, 0.0001, 0.0001, 0.0001, 0.0001, 0.0001, 0.0028, 0.0028, 0.0028, 0.0028, 0.0001, 0.0001, 0.0001, 0.0001, 0.0022, 0.0022, 0.0022, 0.0022, 0.0012000000000000001, 0.0012000000000000001, 0.0012000000000000001, 0.0012000000000000001, 0.0013000000000000002, 0.0013000000000000002, 0.0013000000000000002, 0.0013000000000000002, 0.0008, 0.0008, 0.0008, 0.0008, 0.0004, 0.0004, 0.0004, 0.0004], [0.0, 0.0, 0.0, 0.0, 0.0, 0.0, 0.0, 0.0, 0.0, 0.0, 0.0, 0.0, 0.0, 0.0, 0.0, 0.0, 0.0017000000000000001, 0.0017000000000000001, 0.0017000000000000001, 0.0017000000000000001, 0.0005, 0.0005, 0.0005, 0.0005, 0.0, 0.0, 0.0, 0.0, 0.0007, 0.0007, 0.0007, 0.0007, 0.0, 0.0, 0.0, 0.0, 0.0022, 0.0022, 0.0022, 0.0022, 0.0, 0.0, 0.0, 0.0], [0.0002, 0.0002, 0.0002, 0.0002, 0.0001, 0.0001, 0.0001, 0.0001, 0.0002, 0.0002, 0.0002, 0.0002, 0.0, 0.0, 0.0, 0.0, 0.0, 0.0, 0.0, 0.0, 0.0, 0.0, 0.0, 0.0, 0.0, 0.0, 0.0, 0.0, 0.0, 0.0, 0.0, 0.0, 0.0, 0.0, 0.0, 0.0, 0.0, 0.0, 0.0, 0.0, 0.0, 0.0, 0.0, 0.0], [0.0002, 0.0002, 0.0002, 0.0002, 0.0, 0.0, 0.0, 0.0, 0.0, 0.0, 0.0, 0.0, 0.0001, 0.0001, 0.0001, 0.0001, 0.0, 0.0, 0.0, 0.0, 0.0, 0.0, 0.0, 0.0, 0.0, 0.0, 0.0, 0.0, 0.0, 0.0, 0.0, 0.0, 0.0, 0.0, 0.0, 0.0, 0.0, 0.0, 0.0, 0.0, 0.0, 0.0, 0.0, 0.0], [0.0001, 0.0001, 0.0001, 0.0001, 0.0, 0.0, 0.0, 0.0, 0.0, 0.0, 0.0, 0.0, 0.0001, 0.0001, 0.0001, 0.0001, 0.0, 0.0, 0.0, 0.0, 0.0, 0.0, 0.0, 0.0, 0.0, 0.0, 0.0, 0.0, 0.0, 0.0, 0.0, 0.0, 0.0, 0.0, 0.0, 0.0, 0.0, 0.0, 0.0, 0.0, 0.0, 0.0, 0.0, 0.0], [0.0002, 0.0002, 0.0002, 0.0002, 0.0, 0.0, 0.0, 0.0, 0.0002, 0.0002, 0.0002, 0.0002, 0.0002, 0.0002, 0.0002, 0.0002, 0.0, 0.0, 0.0, 0.0, 0.0, 0.0, 0.0, 0.0, 0.0, 0.0, 0.0, 0.0, 0.0, 0.0, 0.0, 0.0, 0.0, 0.0, 0.0, 0.0, 0.0, 0.0, 0.0, 0.0, 0.0, 0.0, 0.0, 0.0], [0.0, 0.0, 0.0, 0.0, 0.0, 0.0, 0.0, 0.0, 0.0, 0.0, 0.0, 0.0, 0.0001, 0.0001, 0.0001, 0.0001, 0.0, 0.0, 0.0, 0.0, 0.0, 0.0, 0.0, 0.0, 0.0, 0.0, 0.0, 0.0, 0.0, 0.0, 0.0, 0.0, 0.0, 0.0, 0.0, 0.0, 0.0, 0.0, 0.0, 0.0, 0.0, 0.0, 0.0, 0.0]]}}
bs_setyawan_curtarolo_vbm: {'band_index': {'1': [163], '-1': []}, 'kpoint_index': [75], 'kpoint': <pymatgen.electronic_structure.bandstructure.Kpoint object at 0x7fc5d4b59d30>, 'energy': 2.0026, 'projections': {'1': [[0.0002, 0.0002, 0.0002, 0.0002, 0.0, 0.0, 0.0, 0.0, 0.00030000000000000003, 0.00030000000000000003, 0.00030000000000000003, 0.00030000000000000003, 0.0, 0.0, 0.0, 0.0, 0.0005, 0.0005, 0.0005, 0.0005, 0.0012000000000000001, 0.0012000000000000001, 0.0012000000000000001, 0.0012000000000000001, 0.0, 0.0, 0.0, 0.0, 0.0, 0.0, 0.0, 0.0, 0.0009000000000000001, 0.0009000000000000001, 0.0009000000000000001, 0.0009000000000000001, 0.0002, 0.0002, 0.0002, 0.0002, 0.0, 0.0, 0.0, 0.0], [0.0001, 0.0001, 0.0001, 0.0001, 0.0, 0.0, 0.0, 0.0, 0.0004, 0.0004, 0.0004, 0.0004, 0.0004, 0.0004, 0.0004, 0.0004, 0.0041, 0.0041, 0.0041, 0.0041, 0.0015, 0.0015, 0.0015, 0.0015, 0.0005, 0.0005, 0.0005, 0.0005, 0.0001, 0.0001, 0.0001, 0.0001, 0.0057, 0.0057, 0.0057, 0.0057, 0.027700000000000002, 0.027700000000000002, 0.027700000000000002, 0.027700000000000002, 0.00030000000000000003, 0.00030000000000000003, 0.00030000000000000003, 0.00030000000000000003], [0.0, 0.0, 0.0, 0.0, 0.0, 0.0, 0.0, 0.0, 0.00030000000000000003, 0.00030000000000000003, 0.00030000000000000003, 0.00030000000000000003, 0.0002, 0.0002, 0.0002, 0.0002, 0.0085, 0.0085, 0.0085, 0.0085, 0.0036000000000000003, 0.0036000000000000003, 0.0036000000000000003, 0.0036000000000000003, 0.0002, 0.0002, 0.0002, 0.0002, 0.0002, 0.0002, 0.0002, 0.0002, 0.0005, 0.0005, 0.0005, 0.0005, 0.003, 0.003, 0.003, 0.003, 0.0045000000000000005, 0.0045000000000000005, 0.0045000000000000005, 0.0045000000000000005], [0.0, 0.0, 0.0, 0.0, 0.0002, 0.0002, 0.0002, 0.0002, 0.0002, 0.0002, 0.0002, 0.0002, 0.0, 0.0, 0.0, 0.0, 0.0, 0.0, 0.0, 0.0, 0.013000000000000001, 0.013000000000000001, 0.013000000000000001, 0.013000000000000001, 0.0, 0.0, 0.0, 0.0, 0.0001, 0.0001, 0.0001, 0.0001, 0.0221, 0.0221, 0.0221, 0.0221, 0.0021000000000000003, 0.0021000000000000003, 0.0021000000000000003, 0.0021000000000000003, 0.0014, 0.0014, 0.0014, 0.0014], [0.0738, 0.0738, 0.0738, 0.0738, 0.00030000000000000003, 0.00030000000000000003, 0.00030000000000000003, 0.00030000000000000003, 0.00030000000000000003, 0.00030000000000000003, 0.00030000000000000003, 0.00030000000000000003, 0.0007, 0.0007, 0.0007, 0.0007, 0.0, 0.0, 0.0, 0.0, 0.0, 0.0, 0.0, 0.0, 0.0, 0.0, 0.0, 0.0, 0.0, 0.0, 0.0, 0.0, 0.0, 0.0, 0.0, 0.0, 0.0, 0.0, 0.0, 0.0, 0.0, 0.0, 0.0, 0.0], [0.0322, 0.0322, 0.0322, 0.0322, 0.00030000000000000003, 0.00030000000000000003, 0.00030000000000000003, 0.00030000000000000003, 0.0006000000000000001, 0.0006000000000000001, 0.0006000000000000001, 0.0006000000000000001, 0.0, 0.0, 0.0, 0.0, 0.0, 0.0, 0.0, 0.0, 0.0, 0.0, 0.0, 0.0, 0.0, 0.0, 0.0, 0.0, 0.0, 0.0, 0.0, 0.0, 0.0, 0.0, 0.0, 0.0, 0.0, 0.0, 0.0, 0.0, 0.0, 0.0, 0.0, 0.0], [0.0026000000000000003, 0.0026000000000000003, 0.0026000000000000003, 0.0026000000000000003, 0.0001, 0.0001, 0.0001, 0.0001, 0.0001, 0.0001, 0.0001, 0.0001, 0.0, 0.0, 0.0, 0.0, 0.0, 0.0, 0.0, 0.0, 0.0, 0.0, 0.0, 0.0, 0.0, 0.0, 0.0, 0.0, 0.0, 0.0, 0.0, 0.0, 0.0, 0.0, 0.0, 0.0, 0.0, 0.0, 0.0, 0.0, 0.0, 0.0, 0.0, 0.0], [0.005, 0.005, 0.005, 0.005, 0.0006000000000000001, 0.0006000000000000001, 0.0006000000000000001, 0.0006000000000000001, 0.0, 0.0, 0.0, 0.0, 0.0006000000000000001, 0.0006000000000000001, 0.0006000000000000001, 0.0006000000000000001, 0.0, 0.0, 0.0, 0.0, 0.0, 0.0, 0.0, 0.0, 0.0, 0.0, 0.0, 0.0, 0.0, 0.0, 0.0, 0.0, 0.0, 0.0, 0.0, 0.0, 0.0, 0.0, 0.0, 0.0, 0.0, 0.0, 0.0, 0.0], [0.0026000000000000003, 0.0026000000000000003, 0.0026000000000000003, 0.0026000000000000003, 0.0, 0.0, 0.0, 0.0, 0.0006000000000000001, 0.0006000000000000001, 0.0006000000000000001, 0.0006000000000000001, 0.0, 0.0, 0.0, 0.0, 0.0, 0.0, 0.0, 0.0, 0.0, 0.0, 0.0, 0.0, 0.0, 0.0, 0.0, 0.0, 0.0, 0.0, 0.0, 0.0, 0.0, 0.0, 0.0, 0.0, 0.0, 0.0, 0.0, 0.0, 0.0, 0.0, 0.0, 0.0]]}}
bs_setyawan_curtarolo_efermi: 2.09194251