material_id: mp-1104843
band_gap: 0.40019999999999906
efermi: 3.7550018400000003
dos_magnetic_ordering: NM
dos_total_task_id: mp-1705435
dos_total_band_gap: 0.3623
dos_total_cbm: 4.0251
dos_total_vbm: 3.6628
dos_total_efermi: 3.66848337
bs_setyawan_curtarolo_task_id: mp-1603064
bs_setyawan_curtarolo_band_gap: 0.40019999999999906
bs_setyawan_curtarolo_cbm: {'band_index': {'1': [74]}, 'kpoint_index': [0, 193, 194], 'kpoint': <pymatgen.electronic_structure.bandstructure.Kpoint object at 0x7fc699d63930>, 'energy': 4.0383, 'projections': {'1': [[0.0478, 0.0478, 0.0135, 0.0135, 0.0135, 0.0135, 0.0455, 0.0455, 0.0205, 0.0205, 0.019700000000000002, 0.019700000000000002, 0.0323, 0.0323, 0.0323, 0.0323], [0.0012000000000000001, 0.0012000000000000001, 0.0, 0.0, 0.0, 0.0, 0.001, 0.001, 0.009600000000000001, 0.009600000000000001, 0.0029000000000000002, 0.0029000000000000002, 0.0025, 0.0025, 0.0025, 0.0025], [0.0, 0.0, 0.0, 0.0, 0.0, 0.0, 0.0, 0.0, 0.0, 0.0, 0.0, 0.0, 0.0024000000000000002, 0.0024000000000000002, 0.0024000000000000002, 0.0024000000000000002], [0.0002, 0.0002, 0.0001, 0.0001, 0.0001, 0.0001, 0.00030000000000000003, 0.00030000000000000003, 0.0011, 0.0011, 0.0083, 0.0083, 0.0034000000000000002, 0.0034000000000000002, 0.0034000000000000002, 0.0034000000000000002], [0.0002, 0.0002, 0.0004, 0.0004, 0.0004, 0.0004, 0.0, 0.0, 0.0001, 0.0001, 0.0001, 0.0001, 0.0, 0.0, 0.0, 0.0], [0.0, 0.0, 0.0, 0.0, 0.0, 0.0, 0.0, 0.0, 0.0, 0.0, 0.0, 0.0, 0.0, 0.0, 0.0, 0.0], [0.0005, 0.0005, 0.009600000000000001, 0.009600000000000001, 0.009600000000000001, 0.009600000000000001, 0.0, 0.0, 0.00030000000000000003, 0.00030000000000000003, 0.00030000000000000003, 0.00030000000000000003, 0.0005, 0.0005, 0.0005, 0.0005], [0.0, 0.0, 0.0001, 0.0001, 0.0001, 0.0001, 0.0, 0.0, 0.0, 0.0, 0.0, 0.0, 0.0, 0.0, 0.0, 0.0], [0.00030000000000000003, 0.00030000000000000003, 0.0005, 0.0005, 0.0005, 0.0005, 0.0, 0.0, 0.0, 0.0, 0.0001, 0.0001, 0.0, 0.0, 0.0, 0.0]]}}
bs_setyawan_curtarolo_vbm: {'band_index': {'1': [73]}, 'kpoint_index': [0, 193, 194], 'kpoint': <pymatgen.electronic_structure.bandstructure.Kpoint object at 0x7fc5d4b59d30>, 'energy': 3.6381, 'projections': {'1': [[0.0, 0.0, 0.0, 0.0, 0.0, 0.0, 0.0, 0.0, 0.0, 0.0, 0.0, 0.0, 0.0001, 0.0001, 0.0001, 0.0001], [0.0, 0.0, 0.0, 0.0, 0.0, 0.0, 0.0, 0.0, 0.0, 0.0, 0.0, 0.0, 0.0009000000000000001, 0.0009000000000000001, 0.0009000000000000001, 0.0009000000000000001], [0.0001, 0.0001, 0.0024000000000000002, 0.0024000000000000002, 0.0024000000000000002, 0.0024000000000000002, 0.0002, 0.0002, 0.0529, 0.0529, 0.0596, 0.0596, 0.0233, 0.0233, 0.0233, 0.0233], [0.0, 0.0, 0.0, 0.0, 0.0, 0.0, 0.0, 0.0, 0.0, 0.0, 0.0, 0.0, 0.0001, 0.0001, 0.0001, 0.0001], [0.0, 0.0, 0.0016, 0.0016, 0.0016, 0.0016, 0.0, 0.0, 0.0, 0.0, 0.0, 0.0, 0.0, 0.0, 0.0, 0.0], [0.0034000000000000002, 0.0034000000000000002, 0.0644, 0.0644, 0.0644, 0.0644, 0.0, 0.0, 0.0004, 0.0004, 0.00030000000000000003, 0.00030000000000000003, 0.0002, 0.0002, 0.0002, 0.0002], [0.0, 0.0, 0.0002, 0.0002, 0.0002, 0.0002, 0.0, 0.0, 0.0, 0.0, 0.0, 0.0, 0.0, 0.0, 0.0, 0.0], [0.0008, 0.0008, 0.038900000000000004, 0.038900000000000004, 0.038900000000000004, 0.038900000000000004, 0.0, 0.0, 0.0, 0.0, 0.0004, 0.0004, 0.0001, 0.0001, 0.0001, 0.0001], [0.0, 0.0, 0.0041, 0.0041, 0.0041, 0.0041, 0.0, 0.0, 0.0, 0.0, 0.0, 0.0, 0.0, 0.0, 0.0, 0.0]]}}
bs_setyawan_curtarolo_efermi: 3.7550018400000003
bs_hinuma_task_id: mp-2131874
bs_hinuma_band_gap: 0.40019999999999906
bs_hinuma_cbm: {'band_index': {'1': [74]}, 'kpoint_index': [0, 193, 194], 'kpoint': <pymatgen.electronic_structure.bandstructure.Kpoint object at 0x7fc5d4b59e80>, 'energy': 4.0383, 'projections': {'1': [[0.0478, 0.0478, 0.0135, 0.0135, 0.0135, 0.0135, 0.0455, 0.0455, 0.0205, 0.0205, 0.019700000000000002, 0.019700000000000002, 0.0323, 0.0323, 0.0323, 0.0323], [0.0012000000000000001, 0.0012000000000000001, 0.0, 0.0, 0.0, 0.0, 0.001, 0.001, 0.009600000000000001, 0.009600000000000001, 0.0029000000000000002, 0.0029000000000000002, 0.0025, 0.0025, 0.0025, 0.0025], [0.0, 0.0, 0.0, 0.0, 0.0, 0.0, 0.0, 0.0, 0.0, 0.0, 0.0, 0.0, 0.0024000000000000002, 0.0024000000000000002, 0.0024000000000000002, 0.0024000000000000002], [0.0002, 0.0002, 0.0001, 0.0001, 0.0001, 0.0001, 0.00030000000000000003, 0.00030000000000000003, 0.0011, 0.0011, 0.0083, 0.0083, 0.0034000000000000002, 0.0034000000000000002, 0.0034000000000000002, 0.0034000000000000002], [0.0002, 0.0002, 0.0004, 0.0004, 0.0004, 0.0004, 0.0, 0.0, 0.0001, 0.0001, 0.0001, 0.0001, 0.0, 0.0, 0.0, 0.0], [0.0, 0.0, 0.0, 0.0, 0.0, 0.0, 0.0, 0.0, 0.0, 0.0, 0.0, 0.0, 0.0, 0.0, 0.0, 0.0], [0.0005, 0.0005, 0.009600000000000001, 0.009600000000000001, 0.009600000000000001, 0.009600000000000001, 0.0, 0.0, 0.00030000000000000003, 0.00030000000000000003, 0.00030000000000000003, 0.00030000000000000003, 0.0005, 0.0005, 0.0005, 0.0005], [0.0, 0.0, 0.0001, 0.0001, 0.0001, 0.0001, 0.0, 0.0, 0.0, 0.0, 0.0, 0.0, 0.0, 0.0, 0.0, 0.0], [0.00030000000000000003, 0.00030000000000000003, 0.0005, 0.0005, 0.0005, 0.0005, 0.0, 0.0, 0.0, 0.0, 0.0001, 0.0001, 0.0, 0.0, 0.0, 0.0]]}}
bs_hinuma_vbm: {'band_index': {'1': [73]}, 'kpoint_index': [0, 193, 194], 'kpoint': <pymatgen.electronic_structure.bandstructure.Kpoint object at 0x7fc5d4b5a190>, 'energy': 3.6381, 'projections': {'1': [[0.0, 0.0, 0.0, 0.0, 0.0, 0.0, 0.0, 0.0, 0.0, 0.0, 0.0, 0.0, 0.0001, 0.0001, 0.0001, 0.0001], [0.0, 0.0, 0.0, 0.0, 0.0, 0.0, 0.0, 0.0, 0.0, 0.0, 0.0, 0.0, 0.0009000000000000001, 0.0009000000000000001, 0.0009000000000000001, 0.0009000000000000001], [0.0001, 0.0001, 0.0024000000000000002, 0.0024000000000000002, 0.0024000000000000002, 0.0024000000000000002, 0.0002, 0.0002, 0.0529, 0.0529, 0.0596, 0.0596, 0.0233, 0.0233, 0.0233, 0.0233], [0.0, 0.0, 0.0, 0.0, 0.0, 0.0, 0.0, 0.0, 0.0, 0.0, 0.0, 0.0, 0.0001, 0.0001, 0.0001, 0.0001], [0.0, 0.0, 0.0016, 0.0016, 0.0016, 0.0016, 0.0, 0.0, 0.0, 0.0, 0.0, 0.0, 0.0, 0.0, 0.0, 0.0], [0.0034000000000000002, 0.0034000000000000002, 0.0644, 0.0644, 0.0644, 0.0644, 0.0, 0.0, 0.0004, 0.0004, 0.00030000000000000003, 0.00030000000000000003, 0.0002, 0.0002, 0.0002, 0.0002], [0.0, 0.0, 0.0002, 0.0002, 0.0002, 0.0002, 0.0, 0.0, 0.0, 0.0, 0.0, 0.0, 0.0, 0.0, 0.0, 0.0], [0.0008, 0.0008, 0.038900000000000004, 0.038900000000000004, 0.038900000000000004, 0.038900000000000004, 0.0, 0.0, 0.0, 0.0, 0.0004, 0.0004, 0.0001, 0.0001, 0.0001, 0.0001], [0.0, 0.0, 0.0041, 0.0041, 0.0041, 0.0041, 0.0, 0.0, 0.0, 0.0, 0.0, 0.0, 0.0, 0.0, 0.0, 0.0]]}}
bs_hinuma_efermi: 3.7550018400000003
bs_latimer_munro_task_id: mp-2434280
bs_latimer_munro_band_gap: 0.40019999999999906
bs_latimer_munro_cbm: {'band_index': {'1': [74]}, 'kpoint_index': [110, 111, 553, 554, 893, 894], 'kpoint': <pymatgen.electronic_structure.bandstructure.Kpoint object at 0x7fc5d4b5a3c0>, 'energy': 4.0383, 'projections': {'1': [[0.0478, 0.0478, 0.0135, 0.0135, 0.0135, 0.0135, 0.0455, 0.0455, 0.0205, 0.0205, 0.019700000000000002, 0.019700000000000002, 0.0323, 0.0323, 0.0323, 0.0323], [0.0012000000000000001, 0.0012000000000000001, 0.0, 0.0, 0.0, 0.0, 0.001, 0.001, 0.009600000000000001, 0.009600000000000001, 0.0029000000000000002, 0.0029000000000000002, 0.0025, 0.0025, 0.0025, 0.0025], [0.0, 0.0, 0.0, 0.0, 0.0, 0.0, 0.0, 0.0, 0.0, 0.0, 0.0, 0.0, 0.0024000000000000002, 0.0024000000000000002, 0.0024000000000000002, 0.0024000000000000002], [0.0002, 0.0002, 0.0001, 0.0001, 0.0001, 0.0001, 0.00030000000000000003, 0.00030000000000000003, 0.0011, 0.0011, 0.0083, 0.0083, 0.0034000000000000002, 0.0034000000000000002, 0.0034000000000000002, 0.0034000000000000002], [0.0002, 0.0002, 0.0004, 0.0004, 0.0004, 0.0004, 0.0, 0.0, 0.0001, 0.0001, 0.0001, 0.0001, 0.0, 0.0, 0.0, 0.0], [0.0, 0.0, 0.0, 0.0, 0.0, 0.0, 0.0, 0.0, 0.0, 0.0, 0.0, 0.0, 0.0, 0.0, 0.0, 0.0], [0.0005, 0.0005, 0.009600000000000001, 0.009600000000000001, 0.009600000000000001, 0.009600000000000001, 0.0, 0.0, 0.00030000000000000003, 0.00030000000000000003, 0.00030000000000000003, 0.00030000000000000003, 0.0005, 0.0005, 0.0005, 0.0005], [0.0, 0.0, 0.0001, 0.0001, 0.0001, 0.0001, 0.0, 0.0, 0.0, 0.0, 0.0, 0.0, 0.0, 0.0, 0.0, 0.0], [0.00030000000000000003, 0.00030000000000000003, 0.0005, 0.0005, 0.0005, 0.0005, 0.0, 0.0, 0.0, 0.0, 0.0001, 0.0001, 0.0, 0.0, 0.0, 0.0]]}}
bs_latimer_munro_vbm: {'band_index': {'1': [73]}, 'kpoint_index': [110, 111, 553, 554, 893, 894], 'kpoint': <pymatgen.electronic_structure.bandstructure.Kpoint object at 0x7fc5d4b5a200>, 'energy': 3.6381, 'projections': {'1': [[0.0, 0.0, 0.0, 0.0, 0.0, 0.0, 0.0, 0.0, 0.0, 0.0, 0.0, 0.0, 0.0001, 0.0001, 0.0001, 0.0001], [0.0, 0.0, 0.0, 0.0, 0.0, 0.0, 0.0, 0.0, 0.0, 0.0, 0.0, 0.0, 0.0009000000000000001, 0.0009000000000000001, 0.0009000000000000001, 0.0009000000000000001], [0.0001, 0.0001, 0.0024000000000000002, 0.0024000000000000002, 0.0024000000000000002, 0.0024000000000000002, 0.0002, 0.0002, 0.0529, 0.0529, 0.0596, 0.0596, 0.0233, 0.0233, 0.0233, 0.0233], [0.0, 0.0, 0.0, 0.0, 0.0, 0.0, 0.0, 0.0, 0.0, 0.0, 0.0, 0.0, 0.0001, 0.0001, 0.0001, 0.0001], [0.0, 0.0, 0.0016, 0.0016, 0.0016, 0.0016, 0.0, 0.0, 0.0, 0.0, 0.0, 0.0, 0.0, 0.0, 0.0, 0.0], [0.0034000000000000002, 0.0034000000000000002, 0.0644, 0.0644, 0.0644, 0.0644, 0.0, 0.0, 0.0004, 0.0004, 0.00030000000000000003, 0.00030000000000000003, 0.0002, 0.0002, 0.0002, 0.0002], [0.0, 0.0, 0.0002, 0.0002, 0.0002, 0.0002, 0.0, 0.0, 0.0, 0.0, 0.0, 0.0, 0.0, 0.0, 0.0, 0.0], [0.0008, 0.0008, 0.038900000000000004, 0.038900000000000004, 0.038900000000000004, 0.038900000000000004, 0.0, 0.0, 0.0, 0.0, 0.0004, 0.0004, 0.0001, 0.0001, 0.0001, 0.0001], [0.0, 0.0, 0.0041, 0.0041, 0.0041, 0.0041, 0.0, 0.0, 0.0, 0.0, 0.0, 0.0, 0.0, 0.0, 0.0, 0.0]]}}
bs_latimer_munro_efermi: 3.79476727