material_id: mp-1206803
band_gap: 0.49509999999999904
efermi: 3.55033907
dos_magnetic_ordering: NM
dos_total_task_id: mp-1758271
dos_total_band_gap: 0.5293
dos_total_cbm: 3.9609
dos_total_vbm: 3.4316
dos_total_efermi: 3.43260483
bs_setyawan_curtarolo_task_id: mp-1627539
bs_setyawan_curtarolo_band_gap: 0.49509999999999904
bs_setyawan_curtarolo_cbm: {'band_index': {'1': [20]}, 'kpoint_index': [19, 20, 123], 'kpoint': <pymatgen.electronic_structure.bandstructure.Kpoint object at 0x7fc699d63930>, 'energy': 3.9055, 'projections': {'1': [[0.0004, 0.0004, 0.0, 0.00030000000000000003, 0.00030000000000000003], [0.0006000000000000001, 0.0006000000000000001, 0.0, 0.0002, 0.0002], [0.0028, 0.0028, 0.0, 0.006500000000000001, 0.006500000000000001], [0.0017000000000000001, 0.0017000000000000001, 0.0, 0.0007, 0.0007], [0.0721, 0.0721, 0.0, 0.0022, 0.0022], [0.014100000000000001, 0.014100000000000001, 0.0, 0.0002, 0.0002], [0.0828, 0.0828, 0.0, 0.0016, 0.0016], [0.0422, 0.0422, 0.0, 0.0007, 0.0007], [0.024, 0.024, 0.0, 0.0007, 0.0007]]}}
bs_setyawan_curtarolo_vbm: {'band_index': {'1': [18, 19]}, 'kpoint_index': [0, 54, 55], 'kpoint': <pymatgen.electronic_structure.bandstructure.Kpoint object at 0x7fc5d4b59d30>, 'energy': 3.4104, 'projections': {'1': [[0.0, 0.0, 0.0, 0.0, 0.0], [0.0088, 0.0088, 0.15030000000000002, 0.1845, 0.1845], [0.0, 0.0, 0.0, 0.0, 0.0], [0.0, 0.0, 0.0, 0.0001, 0.0001], [0.0, 0.0, 0.0, 0.0, 0.0], [0.0045000000000000005, 0.0045000000000000005, 0.0, 0.0, 0.0], [0.0, 0.0, 0.0, 0.0, 0.0], [0.0, 0.0, 0.0, 0.0, 0.0], [0.0292, 0.0292, 0.0, 0.0, 0.0]]}}
bs_setyawan_curtarolo_efermi: 3.55033907
bs_hinuma_task_id: mp-2091415
bs_hinuma_band_gap: 0.49509999999999904
bs_hinuma_cbm: {'band_index': {'1': [20]}, 'kpoint_index': [19, 20, 123], 'kpoint': <pymatgen.electronic_structure.bandstructure.Kpoint object at 0x7fc5d4b5a200>, 'energy': 3.9055, 'projections': {'1': [[0.0004, 0.0004, 0.0, 0.00030000000000000003, 0.00030000000000000003], [0.0006000000000000001, 0.0006000000000000001, 0.0, 0.0002, 0.0002], [0.0028, 0.0028, 0.0, 0.006500000000000001, 0.006500000000000001], [0.0017000000000000001, 0.0017000000000000001, 0.0, 0.0007, 0.0007], [0.0721, 0.0721, 0.0, 0.0022, 0.0022], [0.014100000000000001, 0.014100000000000001, 0.0, 0.0002, 0.0002], [0.0828, 0.0828, 0.0, 0.0016, 0.0016], [0.0422, 0.0422, 0.0, 0.0007, 0.0007], [0.024, 0.024, 0.0, 0.0007, 0.0007]]}}
bs_hinuma_vbm: {'band_index': {'1': [18, 19]}, 'kpoint_index': [0, 54, 55], 'kpoint': <pymatgen.electronic_structure.bandstructure.Kpoint object at 0x7fc5d4b59c50>, 'energy': 3.4104, 'projections': {'1': [[0.0, 0.0, 0.0, 0.0, 0.0], [0.0088, 0.0088, 0.15030000000000002, 0.1845, 0.1845], [0.0, 0.0, 0.0, 0.0, 0.0], [0.0, 0.0, 0.0, 0.0001, 0.0001], [0.0, 0.0, 0.0, 0.0, 0.0], [0.0045000000000000005, 0.0045000000000000005, 0.0, 0.0, 0.0], [0.0, 0.0, 0.0, 0.0, 0.0], [0.0, 0.0, 0.0, 0.0, 0.0], [0.0292, 0.0292, 0.0, 0.0, 0.0]]}}
bs_hinuma_efermi: 3.55033907
bs_latimer_munro_task_id: mp-2310751
bs_latimer_munro_band_gap: 0.49509999999999904
bs_latimer_munro_cbm: {'band_index': {'1': [20]}, 'kpoint_index': [60, 61, 172], 'kpoint': <pymatgen.electronic_structure.bandstructure.Kpoint object at 0x7fc5d4b5a430>, 'energy': 3.9055, 'projections': {'1': [[0.0004, 0.0004, 0.0, 0.00030000000000000003, 0.00030000000000000003], [0.0006000000000000001, 0.0006000000000000001, 0.0, 0.0002, 0.0002], [0.0028, 0.0028, 0.0, 0.006500000000000001, 0.006500000000000001], [0.0017000000000000001, 0.0017000000000000001, 0.0, 0.0007, 0.0007], [0.0721, 0.0721, 0.0, 0.0022, 0.0022], [0.014100000000000001, 0.014100000000000001, 0.0, 0.0002, 0.0002], [0.0828, 0.0828, 0.0, 0.0016, 0.0016], [0.0422, 0.0422, 0.0, 0.0007, 0.0007], [0.0241, 0.024, 0.0, 0.0007, 0.0007]]}}
bs_latimer_munro_vbm: {'band_index': {'1': [18, 19]}, 'kpoint_index': [32, 33, 102, 103, 153], 'kpoint': <pymatgen.electronic_structure.bandstructure.Kpoint object at 0x7fc5d4b5a190>, 'energy': 3.4104, 'projections': {'1': [[0.0, 0.0, 0.0, 0.0, 0.0], [0.008700000000000001, 0.008700000000000001, 0.1481, 0.18180000000000002, 0.18180000000000002], [0.0, 0.0, 0.0, 0.0, 0.0], [0.0001, 0.0001, 0.0022, 0.0027, 0.0027], [0.0004, 0.0004, 0.0, 0.0, 0.0], [0.0044, 0.0044, 0.0, 0.0, 0.0], [0.0, 0.0, 0.0, 0.0, 0.0], [0.0001, 0.0001, 0.0, 0.0, 0.0], [0.028800000000000003, 0.028800000000000003, 0.0, 0.0, 0.0]]}}
bs_latimer_munro_efermi: 3.561541199999999