material_id: mp-1078551
band_gap: 1.0952
efermi: 2.71597551
dos_magnetic_ordering: FiM
dos_total_task_id: mp-1687999
dos_total_band_gap: 1.0798
dos_total_cbm: 3.7378
dos_total_vbm: 2.658
dos_total_efermi: 2.6618105
bs_setyawan_curtarolo_task_id: mp-1591550
bs_setyawan_curtarolo_band_gap: 1.0952
bs_setyawan_curtarolo_cbm: {'band_index': {'1': [40], '-1': []}, 'kpoint_index': [13, 14, 43, 44, 73, 74, 103], 'kpoint': <pymatgen.electronic_structure.bandstructure.Kpoint object at 0x7fc699d63930>, 'energy': 3.7622, 'projections': {'1': [[0.0, 0.0, 0.00030000000000000003, 0.0031000000000000003, 0.0007, 0.0007, 0.0, 0.0, 0.0001, 0.0001], [0.0015, 0.0015, 0.0, 0.0, 0.0, 0.0, 0.0002, 0.0002, 0.00030000000000000003, 0.00030000000000000003], [0.0, 0.0, 0.0, 0.0, 0.0002, 0.0002, 0.0442, 0.0442, 0.0322, 0.0322], [0.0, 0.0, 0.0, 0.0, 0.0027, 0.0027, 0.0, 0.0, 0.0001, 0.0001], [0.0001, 0.0001, 0.0001, 0.0001, 0.0, 0.0, 0.0, 0.0, 0.0, 0.0], [0.0073, 0.0073, 0.0392, 0.49860000000000004, 0.0, 0.0, 0.0, 0.0, 0.0, 0.0], [0.0, 0.0, 0.0002, 0.0229, 0.0, 0.0, 0.0, 0.0, 0.0, 0.0], [0.0009000000000000001, 0.0009000000000000001, 0.00030000000000000003, 0.08, 0.0, 0.0, 0.0, 0.0, 0.0, 0.0], [0.0001, 0.0001, 0.0002, 0.00030000000000000003, 0.0, 0.0, 0.0, 0.0, 0.0, 0.0]]}}
bs_setyawan_curtarolo_vbm: {'band_index': {'1': [39], '-1': []}, 'kpoint_index': ['87'], 'kpoint': <pymatgen.electronic_structure.bandstructure.Kpoint object at 0x7fc5d4b5a200>, 'energy': 2.667, 'projections': {'1': [[0.0, 0.0, 0.0002, 0.00030000000000000003, 0.0002, 0.0002, 0.0, 0.0, 0.0002, 0.0002], [0.0011, 0.0011, 0.0, 0.0, 0.0108, 0.0108, 0.0013000000000000002, 0.0013000000000000002, 0.0002, 0.0002], [0.0, 0.0, 0.011600000000000001, 0.002, 0.031, 0.031, 0.0275, 0.0275, 0.0824, 0.0824], [0.001, 0.001, 0.0001, 0.0, 0.08560000000000001, 0.08560000000000001, 0.0023, 0.0023, 0.0001, 0.0001], [0.0, 0.0, 0.0009000000000000001, 0.0006000000000000001, 0.0, 0.0, 0.0, 0.0, 0.0, 0.0], [0.00030000000000000003, 0.00030000000000000003, 0.0004, 0.0251, 0.0, 0.0, 0.0, 0.0, 0.0, 0.0], [0.0008, 0.0008, 0.0001, 0.006200000000000001, 0.0, 0.0, 0.0, 0.0, 0.0, 0.0], [0.0051, 0.0051, 0.0001, 0.2626, 0.0, 0.0, 0.0, 0.0, 0.0, 0.0], [0.0005, 0.0005, 0.0001, 0.0123, 0.0, 0.0, 0.0, 0.0, 0.0, 0.0]]}}
bs_setyawan_curtarolo_efermi: 2.71597551
bs_hinuma_task_id: mp-2192762
bs_hinuma_band_gap: 1.0952
bs_hinuma_cbm: {'band_index': {'1': [40], '-1': []}, 'kpoint_index': [0, 27, 28, 77, 78, 127, 128], 'kpoint': <pymatgen.electronic_structure.bandstructure.Kpoint object at 0x7fc5d4b5a190>, 'energy': 3.7622, 'projections': {'1': [[0.0, 0.0, 0.00030000000000000003, 0.0031000000000000003, 0.0007, 0.0007, 0.0, 0.0, 0.0001, 0.0001], [0.0015, 0.0015, 0.0, 0.0, 0.0, 0.0, 0.0002, 0.0002, 0.00030000000000000003, 0.00030000000000000003], [0.0, 0.0, 0.0, 0.0, 0.0002, 0.0002, 0.0442, 0.0442, 0.0322, 0.0322], [0.0, 0.0, 0.0, 0.0, 0.0027, 0.0027, 0.0, 0.0, 0.0001, 0.0001], [0.0001, 0.0001, 0.0001, 0.0001, 0.0, 0.0, 0.0, 0.0, 0.0, 0.0], [0.0073, 0.0073, 0.0392, 0.49860000000000004, 0.0, 0.0, 0.0, 0.0, 0.0, 0.0], [0.0, 0.0, 0.0002, 0.0229, 0.0, 0.0, 0.0, 0.0, 0.0, 0.0], [0.0009000000000000001, 0.0009000000000000001, 0.00030000000000000003, 0.08, 0.0, 0.0, 0.0, 0.0, 0.0, 0.0], [0.0001, 0.0001, 0.0002, 0.00030000000000000003, 0.0, 0.0, 0.0, 0.0, 0.0, 0.0]]}}
bs_hinuma_vbm: {'band_index': {'1': [39], '-1': []}, 'kpoint_index': ['41'], 'kpoint': <pymatgen.electronic_structure.bandstructure.Kpoint object at 0x7fc5d4b59e80>, 'energy': 2.667, 'projections': {'1': [[0.0, 0.0, 0.0002, 0.00030000000000000003, 0.0002, 0.0002, 0.0, 0.0, 0.0002, 0.0002], [0.0011, 0.0011, 0.0, 0.0, 0.0108, 0.0108, 0.0013000000000000002, 0.0013000000000000002, 0.0002, 0.0002], [0.0, 0.0, 0.011600000000000001, 0.002, 0.031, 0.031, 0.0275, 0.0275, 0.0824, 0.0824], [0.001, 0.001, 0.0001, 0.0, 0.08560000000000001, 0.08560000000000001, 0.0023, 0.0023, 0.0001, 0.0001], [0.0, 0.0, 0.0009000000000000001, 0.0006000000000000001, 0.0, 0.0, 0.0, 0.0, 0.0, 0.0], [0.00030000000000000003, 0.00030000000000000003, 0.0004, 0.0251, 0.0, 0.0, 0.0, 0.0, 0.0, 0.0], [0.0008, 0.0008, 0.0001, 0.006200000000000001, 0.0, 0.0, 0.0, 0.0, 0.0, 0.0], [0.0051, 0.0051, 0.0001, 0.2626, 0.0, 0.0, 0.0, 0.0, 0.0, 0.0], [0.0005, 0.0005, 0.0001, 0.0123, 0.0, 0.0, 0.0, 0.0, 0.0, 0.0]]}}
bs_hinuma_efermi: 2.7192262
bs_latimer_munro_task_id: mp-2448744
bs_latimer_munro_band_gap: 1.0952
bs_latimer_munro_cbm: {'band_index': {'1': [40], '-1': []}, 'kpoint_index': [13, 14, 30, 46, 60, 74, 88], 'kpoint': <pymatgen.electronic_structure.bandstructure.Kpoint object at 0x7fc5d4b5a350>, 'energy': 3.7622, 'projections': {'1': [[0.0, 0.0, 0.00030000000000000003, 0.0031000000000000003, 0.0007, 0.0007, 0.0, 0.0, 0.0001, 0.0001], [0.0015, 0.0015, 0.0, 0.0, 0.0, 0.0, 0.0002, 0.0002, 0.00030000000000000003, 0.00030000000000000003], [0.0, 0.0, 0.0, 0.0, 0.0002, 0.0002, 0.0442, 0.0442, 0.0322, 0.0322], [0.0, 0.0, 0.0, 0.0, 0.0027, 0.0027, 0.0, 0.0, 0.0001, 0.0001], [0.0001, 0.0001, 0.0001, 0.0001, 0.0, 0.0, 0.0, 0.0, 0.0, 0.0], [0.0073, 0.0073, 0.0392, 0.49860000000000004, 0.0, 0.0, 0.0, 0.0, 0.0, 0.0], [0.0, 0.0, 0.0002, 0.0229, 0.0, 0.0, 0.0, 0.0, 0.0, 0.0], [0.0009000000000000001, 0.0009000000000000001, 0.00030000000000000003, 0.08, 0.0, 0.0, 0.0, 0.0, 0.0, 0.0], [0.0001, 0.0001, 0.0002, 0.00030000000000000003, 0.0, 0.0, 0.0, 0.0, 0.0, 0.0]]}}
bs_latimer_munro_vbm: {'band_index': {'1': [39], '-1': []}, 'kpoint_index': ['27'], 'kpoint': <pymatgen.electronic_structure.bandstructure.Kpoint object at 0x7fc5d4b59d30>, 'energy': 2.667, 'projections': {'1': [[0.0, 0.0, 0.0002, 0.00030000000000000003, 0.0002, 0.0002, 0.0, 0.0, 0.0002, 0.0002], [0.0011, 0.0011, 0.0, 0.0, 0.0108, 0.0108, 0.0013000000000000002, 0.0013000000000000002, 0.0002, 0.0002], [0.0, 0.0, 0.011600000000000001, 0.002, 0.031, 0.031, 0.0275, 0.0275, 0.0824, 0.0824], [0.001, 0.001, 0.0001, 0.0, 0.08560000000000001, 0.08560000000000001, 0.0023, 0.0023, 0.0001, 0.0001], [0.0, 0.0, 0.0009000000000000001, 0.0006000000000000001, 0.0, 0.0, 0.0, 0.0, 0.0, 0.0], [0.00030000000000000003, 0.00030000000000000003, 0.0004, 0.0251, 0.0, 0.0, 0.0, 0.0, 0.0, 0.0], [0.0008, 0.0008, 0.0001, 0.006200000000000001, 0.0, 0.0, 0.0, 0.0, 0.0, 0.0], [0.0051, 0.0051, 0.0001, 0.2626, 0.0, 0.0, 0.0, 0.0, 0.0, 0.0], [0.0005, 0.0005, 0.0001, 0.0123, 0.0, 0.0, 0.0, 0.0, 0.0, 0.0]]}}
bs_latimer_munro_efermi: 2.71758157