material_id: mp-1018716
band_gap: 0.5762
efermi: 5.60392002
dos_magnetic_ordering: NM
dos_total_task_id: mp-1760964
dos_total_band_gap: 0.632
dos_total_cbm: 6.0444
dos_total_vbm: 5.4124
dos_total_efermi: 5.41430449
bs_setyawan_curtarolo_task_id: mp-1615244
bs_setyawan_curtarolo_band_gap: 0.5762
bs_setyawan_curtarolo_cbm: {'band_index': {'1': [20]}, 'kpoint_index': ['20'], 'kpoint': <pymatgen.electronic_structure.bandstructure.Kpoint object at 0x7fc699d63930>, 'energy': 6.0719, 'projections': {'1': [[0.0019, 0.0019, 0.0094, 0.0094, 0.0094, 0.0094], [0.0085, 0.0085, 0.0013000000000000002, 0.0013000000000000002, 0.0013000000000000002, 0.0013000000000000002], [0.0, 0.0, 0.002, 0.002, 0.002, 0.002], [0.025500000000000002, 0.025500000000000002, 0.0038, 0.0038, 0.0038, 0.0038], [0.11470000000000001, 0.11470000000000001, 0.0, 0.0, 0.0, 0.0], [0.0, 0.0, 0.0, 0.0, 0.0, 0.0], [0.1211, 0.1211, 0.0, 0.0, 0.0, 0.0], [0.0, 0.0, 0.0, 0.0, 0.0, 0.0], [0.038200000000000005, 0.038200000000000005, 0.0, 0.0, 0.0, 0.0]]}}
bs_setyawan_curtarolo_vbm: {'band_index': {'1': [19]}, 'kpoint_index': [23, 24, 149], 'kpoint': <pymatgen.electronic_structure.bandstructure.Kpoint object at 0x7fc5d4b59e80>, 'energy': 5.4957, 'projections': {'1': [[0.0, 0.0, 0.0, 0.0, 0.0, 0.0], [0.057, 0.057, 0.106, 0.106, 0.106, 0.106], [0.0, 0.0, 0.0, 0.0, 0.0, 0.0], [0.019, 0.019, 0.035300000000000005, 0.035300000000000005, 0.035300000000000005, 0.035300000000000005], [0.0114, 0.0114, 0.0, 0.0, 0.0, 0.0], [0.0, 0.0, 0.0, 0.0, 0.0, 0.0], [0.0, 0.0, 0.0, 0.0, 0.0, 0.0], [0.0, 0.0, 0.0, 0.0, 0.0, 0.0], [0.0341, 0.0341, 0.0, 0.0, 0.0, 0.0]]}}
bs_setyawan_curtarolo_efermi: 5.60392002
bs_hinuma_task_id: mp-2080704
bs_hinuma_band_gap: 0.5762
bs_hinuma_cbm: {'band_index': {'1': [20]}, 'kpoint_index': ['20'], 'kpoint': <pymatgen.electronic_structure.bandstructure.Kpoint object at 0x7fc5d4b5a430>, 'energy': 6.0719, 'projections': {'1': [[0.0019, 0.0019, 0.0094, 0.0094, 0.0094, 0.0094], [0.0085, 0.0085, 0.0013000000000000002, 0.0013000000000000002, 0.0013000000000000002, 0.0013000000000000002], [0.0, 0.0, 0.002, 0.002, 0.002, 0.002], [0.025500000000000002, 0.025500000000000002, 0.0038, 0.0038, 0.0038, 0.0038], [0.11470000000000001, 0.11470000000000001, 0.0, 0.0, 0.0, 0.0], [0.0, 0.0, 0.0, 0.0, 0.0, 0.0], [0.1211, 0.1211, 0.0, 0.0, 0.0, 0.0], [0.0, 0.0, 0.0, 0.0, 0.0, 0.0], [0.038200000000000005, 0.038200000000000005, 0.0, 0.0, 0.0, 0.0]]}}
bs_hinuma_vbm: {'band_index': {'1': [19]}, 'kpoint_index': [23, 24, 149], 'kpoint': <pymatgen.electronic_structure.bandstructure.Kpoint object at 0x7fc5d4b59c50>, 'energy': 5.4957, 'projections': {'1': [[0.0, 0.0, 0.0, 0.0, 0.0, 0.0], [0.057, 0.057, 0.106, 0.106, 0.106, 0.106], [0.0, 0.0, 0.0, 0.0, 0.0, 0.0], [0.019, 0.019, 0.035300000000000005, 0.035300000000000005, 0.035300000000000005, 0.035300000000000005], [0.0114, 0.0114, 0.0, 0.0, 0.0, 0.0], [0.0, 0.0, 0.0, 0.0, 0.0, 0.0], [0.0, 0.0, 0.0, 0.0, 0.0, 0.0], [0.0, 0.0, 0.0, 0.0, 0.0, 0.0], [0.0341, 0.0341, 0.0, 0.0, 0.0, 0.0]]}}
bs_hinuma_efermi: 5.60392002
bs_latimer_munro_task_id: mp-2442962
bs_latimer_munro_band_gap: 0.5762
bs_latimer_munro_cbm: {'band_index': {'1': [20]}, 'kpoint_index': ['213'], 'kpoint': <pymatgen.electronic_structure.bandstructure.Kpoint object at 0x7fc5d4b5a200>, 'energy': 6.0719, 'projections': {'1': [[0.0019, 0.0019, 0.0094, 0.0094, 0.0094, 0.0094], [0.0085, 0.0085, 0.0013000000000000002, 0.0013000000000000002, 0.0013000000000000002, 0.0013000000000000002], [0.0, 0.0, 0.002, 0.002, 0.002, 0.002], [0.025500000000000002, 0.025500000000000002, 0.0038, 0.0038, 0.0038, 0.0038], [0.11470000000000001, 0.11470000000000001, 0.0, 0.0, 0.0, 0.0], [0.0, 0.0, 0.0, 0.0, 0.0, 0.0], [0.1211, 0.1211, 0.0, 0.0, 0.0, 0.0], [0.0, 0.0, 0.0, 0.0, 0.0, 0.0], [0.038200000000000005, 0.038200000000000005, 0.0, 0.0, 0.0, 0.0]]}}
bs_latimer_munro_vbm: {'band_index': {'1': [19]}, 'kpoint_index': [128, 129, 216, 217], 'kpoint': <pymatgen.electronic_structure.bandstructure.Kpoint object at 0x7fc5d4b5a3c0>, 'energy': 5.4957, 'projections': {'1': [[0.0, 0.0, 0.0, 0.0, 0.0, 0.0], [0.057, 0.057, 0.106, 0.106, 0.106, 0.106], [0.0, 0.0, 0.0, 0.0, 0.0, 0.0], [0.019, 0.019, 0.035300000000000005, 0.035300000000000005, 0.035300000000000005, 0.035300000000000005], [0.0114, 0.0114, 0.0, 0.0, 0.0, 0.0], [0.0, 0.0, 0.0, 0.0, 0.0, 0.0], [0.0, 0.0, 0.0, 0.0, 0.0, 0.0], [0.0, 0.0, 0.0, 0.0, 0.0, 0.0], [0.0341, 0.0341, 0.0, 0.0, 0.0, 0.0]]}}
bs_latimer_munro_efermi: 5.6242928800000005