material_id: mp-19198
band_gap: 2.6388
efermi: 1.98263308
dos_magnetic_ordering: FiM
dos_total_task_id: mp-2275927
dos_total_band_gap: 3.089699999999999
dos_total_cbm: 4.8374
dos_total_vbm: 1.7477
dos_total_efermi: 1.750377359999999
bs_setyawan_curtarolo_task_id: mp-820245
bs_setyawan_curtarolo_band_gap: 2.6388
bs_setyawan_curtarolo_cbm: {'band_index': {'-1': [36]}, 'kpoint_index': [98, 99, 136], 'kpoint': <pymatgen.electronic_structure.bandstructure.Kpoint object at 0x7fc699d63930>, 'energy': 4.5482, 'projections': {}}
bs_setyawan_curtarolo_vbm: {'band_index': {'1': [41]}, 'kpoint_index': [98, 99, 136], 'kpoint': <pymatgen.electronic_structure.bandstructure.Kpoint object at 0x7fc5d4b5a3c0>, 'energy': 1.9094000000000002, 'projections': {}}
bs_setyawan_curtarolo_efermi: 1.98263308
bs_hinuma_task_id: mp-2179034
bs_hinuma_band_gap: 1.4384000000000001
bs_hinuma_cbm: {'band_index': {'-1': [40], '1': []}, 'kpoint_index': [16, 17, 92], 'kpoint': <pymatgen.electronic_structure.bandstructure.Kpoint object at 0x7fc5d4b59be0>, 'energy': 3.548, 'projections': {'-1': [[0.0026000000000000003, 0.0026000000000000003, 0.004200000000000001, 0.004200000000000001, 0.006500000000000001, 0.0011, 0.006500000000000001, 0.0011, 0.006500000000000001, 0.006500000000000001, 0.0011, 0.0011], [0.0, 0.0, 0.0078000000000000005, 0.0078000000000000005, 0.0025, 0.0016, 0.0025, 0.0016, 0.0025, 0.0025, 0.0016, 0.0016], [0.0, 0.0, 0.0, 0.0, 0.0, 0.0001, 0.0, 0.0001, 0.0, 0.0, 0.0001, 0.0001], [0.0, 0.0, 0.0, 0.0, 0.0001, 0.0, 0.0001, 0.0, 0.0001, 0.0001, 0.0, 0.0], [0.0, 0.0, 0.0, 0.0, 0.0, 0.0, 0.0, 0.0, 0.0, 0.0, 0.0, 0.0], [0.27240000000000003, 0.27240000000000003, 0.0, 0.0, 0.0, 0.0, 0.0, 0.0, 0.0, 0.0, 0.0, 0.0], [0.1193, 0.1193, 0.0, 0.0, 0.0, 0.0, 0.0, 0.0, 0.0, 0.0, 0.0, 0.0], [0.0, 0.0, 0.0, 0.0, 0.0, 0.0, 0.0, 0.0, 0.0, 0.0, 0.0, 0.0], [0.0325, 0.0325, 0.0, 0.0, 0.0, 0.0, 0.0, 0.0, 0.0, 0.0, 0.0, 0.0]]}}
bs_hinuma_vbm: {'band_index': {'-1': [39], '1': []}, 'kpoint_index': [16, 17, 92], 'kpoint': <pymatgen.electronic_structure.bandstructure.Kpoint object at 0x7fc5d4b59e80>, 'energy': 2.1096, 'projections': {'-1': [[0.0, 0.0, 0.0, 0.0, 0.0, 0.0, 0.0, 0.0, 0.0, 0.0, 0.0, 0.0], [0.0, 0.0, 0.0, 0.0, 0.0, 0.0, 0.0, 0.0, 0.0, 0.0, 0.0, 0.0], [0.0, 0.0, 0.0, 0.0, 0.0792, 0.0, 0.0792, 0.0, 0.0792, 0.0792, 0.0, 0.0], [0.0, 0.0, 0.0, 0.0, 0.0, 0.0718, 0.0, 0.0718, 0.0, 0.0, 0.0718, 0.0718], [0.059300000000000005, 0.059300000000000005, 0.0, 0.0, 0.0, 0.0, 0.0, 0.0, 0.0, 0.0, 0.0, 0.0], [0.0, 0.0, 0.0, 0.0, 0.0, 0.0, 0.0, 0.0, 0.0, 0.0, 0.0, 0.0], [0.0, 0.0, 0.0, 0.0, 0.0, 0.0, 0.0, 0.0, 0.0, 0.0, 0.0, 0.0], [0.0746, 0.0746, 0.0, 0.0, 0.0, 0.0, 0.0, 0.0, 0.0, 0.0, 0.0, 0.0], [0.0, 0.0, 0.0, 0.0, 0.0, 0.0, 0.0, 0.0, 0.0, 0.0, 0.0, 0.0]]}}
bs_hinuma_efermi: 2.19278863
bs_latimer_munro_task_id: mp-2691595
bs_latimer_munro_band_gap: 1.4384000000000001
bs_latimer_munro_cbm: {'band_index': {'-1': [40], '1': []}, 'kpoint_index': [143, 144, 244, 245], 'kpoint': <pymatgen.electronic_structure.bandstructure.Kpoint object at 0x7fc5d4b59c50>, 'energy': 3.548, 'projections': {'-1': [[0.0026000000000000003, 0.0026000000000000003, 0.004200000000000001, 0.004200000000000001, 0.006500000000000001, 0.0011, 0.006500000000000001, 0.0011, 0.006500000000000001, 0.006500000000000001, 0.0011, 0.0011], [0.0, 0.0, 0.0078000000000000005, 0.0078000000000000005, 0.0025, 0.0016, 0.0025, 0.0016, 0.0025, 0.0025, 0.0016, 0.0016], [0.0, 0.0, 0.0, 0.0, 0.0, 0.0001, 0.0, 0.0001, 0.0, 0.0, 0.0001, 0.0001], [0.0, 0.0, 0.0, 0.0, 0.0001, 0.0, 0.0001, 0.0, 0.0001, 0.0001, 0.0, 0.0], [0.0, 0.0, 0.0, 0.0, 0.0, 0.0, 0.0, 0.0, 0.0, 0.0, 0.0, 0.0], [0.27240000000000003, 0.27240000000000003, 0.0, 0.0, 0.0, 0.0, 0.0, 0.0, 0.0, 0.0, 0.0, 0.0], [0.1193, 0.1193, 0.0, 0.0, 0.0, 0.0, 0.0, 0.0, 0.0, 0.0, 0.0, 0.0], [0.0, 0.0, 0.0, 0.0, 0.0, 0.0, 0.0, 0.0, 0.0, 0.0, 0.0, 0.0], [0.0325, 0.0325, 0.0, 0.0, 0.0, 0.0, 0.0, 0.0, 0.0, 0.0, 0.0, 0.0]]}}
bs_latimer_munro_vbm: {'band_index': {'-1': [39], '1': []}, 'kpoint_index': [143, 144, 244, 245], 'kpoint': <pymatgen.electronic_structure.bandstructure.Kpoint object at 0x7fc5d4b5a430>, 'energy': 2.1096, 'projections': {'-1': [[0.0, 0.0, 0.0, 0.0, 0.0, 0.0, 0.0, 0.0, 0.0, 0.0, 0.0, 0.0], [0.0, 0.0, 0.0, 0.0, 0.0, 0.0, 0.0, 0.0, 0.0, 0.0, 0.0, 0.0], [0.0, 0.0, 0.0, 0.0, 0.0792, 0.0, 0.0792, 0.0, 0.0792, 0.0792, 0.0, 0.0], [0.0, 0.0, 0.0, 0.0, 0.0, 0.0718, 0.0, 0.0718, 0.0, 0.0, 0.0718, 0.0718], [0.059300000000000005, 0.059300000000000005, 0.0, 0.0, 0.0, 0.0, 0.0, 0.0, 0.0, 0.0, 0.0, 0.0], [0.0, 0.0, 0.0, 0.0, 0.0, 0.0, 0.0, 0.0, 0.0, 0.0, 0.0, 0.0], [0.0, 0.0, 0.0, 0.0, 0.0, 0.0, 0.0, 0.0, 0.0, 0.0, 0.0, 0.0], [0.0746, 0.0746, 0.0, 0.0, 0.0, 0.0, 0.0, 0.0, 0.0, 0.0, 0.0, 0.0], [0.0, 0.0, 0.0, 0.0, 0.0, 0.0, 0.0, 0.0, 0.0, 0.0, 0.0, 0.0]]}}
bs_latimer_munro_efermi: 2.1756975