material_id: mp-1078600
band_gap: 0.8483
efermi: 4.38295224
dos_magnetic_ordering: NM
dos_total_task_id: mp-1703520
dos_total_band_gap: 1.2437
dos_total_cbm: 5.3345
dos_total_vbm: 4.0908
dos_total_efermi: 4.07932112
bs_setyawan_curtarolo_task_id: mp-1608253
bs_setyawan_curtarolo_band_gap: 0.8483
bs_setyawan_curtarolo_cbm: {'band_index': {'1': [32]}, 'kpoint_index': ['36'], 'kpoint': <pymatgen.electronic_structure.bandstructure.Kpoint object at 0x7fc699d63930>, 'energy': 5.1866, 'projections': {'1': [[0.022, 0.022, 0.0322, 0.0322, 0.0074, 0.0074, 0.0074, 0.0074], [0.0, 0.0, 0.0, 0.0, 0.0014, 0.0014, 0.0014, 0.0014], [0.0007, 0.0007, 0.0064, 0.0064, 0.0004, 0.0004, 0.0004, 0.0004], [0.0, 0.0, 0.0, 0.0, 0.0014, 0.0014, 0.0014, 0.0014], [0.0902, 0.0902, 0.0053, 0.0053, 0.0026000000000000003, 0.0026000000000000003, 0.0026000000000000003, 0.0026000000000000003], [0.0, 0.0, 0.0, 0.0, 0.0, 0.0, 0.0, 0.0], [0.0755, 0.0755, 0.001, 0.001, 0.0056, 0.0056, 0.0056, 0.0056], [0.0, 0.0, 0.0, 0.0, 0.0, 0.0, 0.0, 0.0], [0.0, 0.0, 0.0043, 0.0043, 0.0, 0.0, 0.0, 0.0]]}}
bs_setyawan_curtarolo_vbm: {'band_index': {'1': [31]}, 'kpoint_index': [0, 33, 34], 'kpoint': <pymatgen.electronic_structure.bandstructure.Kpoint object at 0x7fc5d4b59e80>, 'energy': 4.3383, 'projections': {'1': [[0.0, 0.0, 0.0, 0.0, 0.0, 0.0, 0.0, 0.0], [0.0, 0.0, 0.0, 0.0, 0.053200000000000004, 0.053200000000000004, 0.053200000000000004, 0.053200000000000004], [0.0, 0.0, 0.023200000000000002, 0.023200000000000002, 0.0, 0.0, 0.0, 0.0], [0.0, 0.0, 0.0, 0.0, 0.053200000000000004, 0.053200000000000004, 0.053200000000000004, 0.053200000000000004], [0.0, 0.0, 0.0466, 0.0466, 0.0, 0.0, 0.0, 0.0], [0.0, 0.0, 0.0, 0.0, 0.0, 0.0, 0.0, 0.0], [0.0, 0.0, 0.0, 0.0, 0.0, 0.0, 0.0, 0.0], [0.0, 0.0, 0.0, 0.0, 0.0, 0.0, 0.0, 0.0], [0.0036000000000000003, 0.0036000000000000003, 0.011, 0.011, 0.0, 0.0, 0.0, 0.0]]}}
bs_setyawan_curtarolo_efermi: 4.38295224
bs_hinuma_task_id: mp-2069524
bs_hinuma_band_gap: 0.8483
bs_hinuma_cbm: {'band_index': {'1': [32]}, 'kpoint_index': ['36'], 'kpoint': <pymatgen.electronic_structure.bandstructure.Kpoint object at 0x7fc5d4b5a3c0>, 'energy': 5.1866, 'projections': {'1': [[0.022, 0.022, 0.0322, 0.0322, 0.0074, 0.0074, 0.0074, 0.0074], [0.0, 0.0, 0.0, 0.0, 0.0014, 0.0014, 0.0014, 0.0014], [0.0007, 0.0007, 0.0064, 0.0064, 0.0004, 0.0004, 0.0004, 0.0004], [0.0, 0.0, 0.0, 0.0, 0.0014, 0.0014, 0.0014, 0.0014], [0.0902, 0.0902, 0.0053, 0.0053, 0.0026000000000000003, 0.0026000000000000003, 0.0026000000000000003, 0.0026000000000000003], [0.0, 0.0, 0.0, 0.0, 0.0, 0.0, 0.0, 0.0], [0.0755, 0.0755, 0.001, 0.001, 0.0056, 0.0056, 0.0056, 0.0056], [0.0, 0.0, 0.0, 0.0, 0.0, 0.0, 0.0, 0.0], [0.0, 0.0, 0.0043, 0.0043, 0.0, 0.0, 0.0, 0.0]]}}
bs_hinuma_vbm: {'band_index': {'1': [31]}, 'kpoint_index': [0, 33, 34], 'kpoint': <pymatgen.electronic_structure.bandstructure.Kpoint object at 0x7fc5d4b5a430>, 'energy': 4.3383, 'projections': {'1': [[0.0, 0.0, 0.0, 0.0, 0.0, 0.0, 0.0, 0.0], [0.0, 0.0, 0.0, 0.0, 0.053200000000000004, 0.053200000000000004, 0.053200000000000004, 0.053200000000000004], [0.0, 0.0, 0.023200000000000002, 0.023200000000000002, 0.0, 0.0, 0.0, 0.0], [0.0, 0.0, 0.0, 0.0, 0.053200000000000004, 0.053200000000000004, 0.053200000000000004, 0.053200000000000004], [0.0, 0.0, 0.0466, 0.0466, 0.0, 0.0, 0.0, 0.0], [0.0, 0.0, 0.0, 0.0, 0.0, 0.0, 0.0, 0.0], [0.0, 0.0, 0.0, 0.0, 0.0, 0.0, 0.0, 0.0], [0.0, 0.0, 0.0, 0.0, 0.0, 0.0, 0.0, 0.0], [0.0036000000000000003, 0.0036000000000000003, 0.011, 0.011, 0.0, 0.0, 0.0, 0.0]]}}
bs_hinuma_efermi: 4.38295224
bs_latimer_munro_task_id: mp-2691105
bs_latimer_munro_band_gap: 0.8483
bs_latimer_munro_cbm: {'band_index': {'1': [32]}, 'kpoint_index': ['136'], 'kpoint': <pymatgen.electronic_structure.bandstructure.Kpoint object at 0x7fc5d4b5a350>, 'energy': 5.1866, 'projections': {'1': [[0.022, 0.022, 0.0322, 0.0322, 0.0074, 0.0074, 0.0074, 0.0074], [0.0, 0.0, 0.0, 0.0, 0.0014, 0.0014, 0.0014, 0.0014], [0.0007, 0.0007, 0.0064, 0.0064, 0.0004, 0.0004, 0.0004, 0.0004], [0.0, 0.0, 0.0, 0.0, 0.0014, 0.0014, 0.0014, 0.0014], [0.0902, 0.0902, 0.0053, 0.0053, 0.0026000000000000003, 0.0026000000000000003, 0.0026000000000000003, 0.0026000000000000003], [0.0, 0.0, 0.0, 0.0, 0.0, 0.0, 0.0, 0.0], [0.0755, 0.0755, 0.001, 0.001, 0.0056, 0.0056, 0.0056, 0.0056], [0.0, 0.0, 0.0, 0.0, 0.0, 0.0, 0.0, 0.0], [0.0, 0.0, 0.0043, 0.0043, 0.0, 0.0, 0.0, 0.0]]}}
bs_latimer_munro_vbm: {'band_index': {'1': [31]}, 'kpoint_index': [27, 28, 133, 134, 149], 'kpoint': <pymatgen.electronic_structure.bandstructure.Kpoint object at 0x7fc5d4b5a190>, 'energy': 4.3383, 'projections': {'1': [[0.0, 0.0, 0.0, 0.0, 0.0, 0.0, 0.0, 0.0], [0.0, 0.0, 0.0, 0.0, 0.053200000000000004, 0.053200000000000004, 0.053200000000000004, 0.053200000000000004], [0.0, 0.0, 0.023200000000000002, 0.023200000000000002, 0.0, 0.0, 0.0, 0.0], [0.0, 0.0, 0.0, 0.0, 0.053200000000000004, 0.053200000000000004, 0.053200000000000004, 0.053200000000000004], [0.0, 0.0, 0.0466, 0.0466, 0.0, 0.0, 0.0, 0.0], [0.0, 0.0, 0.0, 0.0, 0.0, 0.0, 0.0, 0.0], [0.0, 0.0, 0.0, 0.0, 0.0, 0.0, 0.0, 0.0], [0.0, 0.0, 0.0, 0.0, 0.0, 0.0, 0.0, 0.0], [0.0036000000000000003, 0.0036000000000000003, 0.011, 0.011, 0.0, 0.0, 0.0, 0.0]]}}
bs_latimer_munro_efermi: 4.41881174