material_id: mp-1182477
band_gap: 2.7441999999999993
efermi: -2.88429066
dos_magnetic_ordering: NM
dos_total_task_id: mp-1754249
dos_total_band_gap: 2.7076000000000002
dos_total_cbm: -0.22510000000000002
dos_total_vbm: -2.9327
dos_total_efermi: -2.9290515
bs_setyawan_curtarolo_task_id: mp-1622574
bs_setyawan_curtarolo_band_gap: 2.7441999999999993
bs_setyawan_curtarolo_cbm: {'band_index': {'1': [32]}, 'kpoint_index': [32, 33], 'kpoint': <pymatgen.electronic_structure.bandstructure.Kpoint object at 0x7fc699d63930>, 'energy': -0.2031, 'projections': {'1': [[0.0005, 0.0, 0.0, 0.0, 0.0, 0.0001, 0.0001, 0.0001, 0.0001, 0.0], [0.0, 0.1545, 0.0931, 0.0931, 0.0, 0.0002, 0.0002, 0.0002, 0.0002, 0.0], [0.0, 0.1922, 0.1149, 0.1149, 0.0011, 0.00030000000000000003, 0.00030000000000000003, 0.00030000000000000003, 0.00030000000000000003, 0.0011], [0.0, 0.0, 0.0, 0.0, 0.0, 0.0001, 0.0001, 0.0001, 0.0001, 0.0], [0.0, 0.0, 0.0, 0.0, 0.0, 0.0, 0.0, 0.0, 0.0, 0.0], [0.0, 0.0, 0.0, 0.0, 0.0, 0.0, 0.0, 0.0, 0.0, 0.0], [0.0, 0.0, 0.0, 0.0, 0.0, 0.0, 0.0, 0.0, 0.0, 0.0], [0.0, 0.0, 0.0, 0.0, 0.0, 0.0, 0.0, 0.0, 0.0, 0.0], [0.0001, 0.0, 0.0, 0.0, 0.0, 0.0, 0.0, 0.0, 0.0, 0.0]]}}
bs_setyawan_curtarolo_vbm: {'band_index': {'1': [31]}, 'kpoint_index': [0, 103, 104, 134], 'kpoint': <pymatgen.electronic_structure.bandstructure.Kpoint object at 0x7fc5d4b59c50>, 'energy': -2.9473000000000003, 'projections': {'1': [[0.0, 0.0, 0.0, 0.0, 0.0, 0.0, 0.0, 0.0, 0.0, 0.0], [0.0, 0.0, 0.0, 0.0, 0.0, 0.0205, 0.0205, 0.0205, 0.0205, 0.0], [0.0, 0.0, 0.0, 0.0, 0.0, 0.0804, 0.0804, 0.0804, 0.0804, 0.0], [0.0, 0.0, 0.0, 0.0, 0.1312, 0.0461, 0.0461, 0.0461, 0.0461, 0.1312], [0.0, 0.0, 0.0, 0.0, 0.0, 0.0, 0.0, 0.0, 0.0, 0.0], [0.0, 0.0, 0.0, 0.0, 0.0, 0.0, 0.0, 0.0, 0.0, 0.0], [0.0, 0.0, 0.0, 0.0, 0.0, 0.0, 0.0, 0.0, 0.0, 0.0], [0.0, 0.0, 0.0, 0.0, 0.0, 0.0, 0.0, 0.0, 0.0, 0.0], [0.0, 0.0, 0.0, 0.0, 0.0, 0.0, 0.0, 0.0, 0.0, 0.0]]}}
bs_setyawan_curtarolo_efermi: -2.88429066