material_id: mp-1049271
band_gap: 0.0
efermi: 5.91571084
dos_magnetic_ordering: FM
dos_total_task_id: mp-1679812
dos_total_band_gap: 0.0
dos_total_cbm: 5.8904
dos_total_vbm: 5.9269
dos_total_efermi: 5.91571084
bs_setyawan_curtarolo_task_id: mp-1049274
bs_setyawan_curtarolo_band_gap: 1.0148
bs_setyawan_curtarolo_cbm: {'band_index': {'1': [88], '-1': []}, 'kpoint_index': [0], 'kpoint': <pymatgen.electronic_structure.bandstructure.Kpoint object at 0x7fc699d63930>, 'energy': 5.7722999999999995, 'projections': {'1': [[0.0, 0.0, 0.0, 0.0, 0.0, 0.0, 0.0, 0.0, 0.0004, 0.0025, 0.0037, 0.004, 0.0013000000000000002, 0.00030000000000000003, 0.0004, 0.0016, 0.0049, 0.0029000000000000002, 0.0022, 0.00030000000000000003], [0.0, 0.0, 0.0, 0.0, 0.0, 0.0, 0.0, 0.0, 0.0001, 0.0007, 0.0122, 0.0218, 0.0, 0.0001, 0.0001, 0.0006000000000000001, 0.0161, 0.0171, 0.0, 0.0002], [0.00030000000000000003, 0.00030000000000000003, 0.0006000000000000001, 0.0006000000000000001, 0.0, 0.0, 0.0, 0.0, 0.0007, 0.0067, 0.009000000000000001, 0.013300000000000001, 0.0033, 0.0013000000000000002, 0.0007, 0.0041, 0.0126, 0.0099, 0.0055000000000000005, 0.0014], [0.0001, 0.0001, 0.0002, 0.00030000000000000003, 0.0, 0.0, 0.0, 0.0, 0.0026000000000000003, 0.007500000000000001, 0.0001, 0.0, 0.0082, 0.0018000000000000002, 0.0024000000000000002, 0.0048000000000000004, 0.0002, 0.0, 0.0119, 0.0019], [0.0001, 0.0, 0.0, 0.0001, 0.1875, 0.1338, 0.11860000000000001, 0.1658, 0.0, 0.0, 0.0, 0.0, 0.0, 0.0, 0.0, 0.0, 0.0, 0.0, 0.0, 0.0], [0.0015, 0.0015, 0.0016, 0.0016, 0.0018000000000000002, 0.0015, 0.0056, 0.0076, 0.0, 0.0, 0.0, 0.0, 0.0, 0.0, 0.0, 0.0, 0.0, 0.0, 0.0, 0.0], [0.0, 0.0, 0.0, 0.0, 0.0159, 0.016800000000000002, 0.0148, 0.015, 0.0, 0.0, 0.0, 0.0, 0.0, 0.0, 0.0, 0.0, 0.0, 0.0, 0.0, 0.0], [0.001, 0.001, 0.002, 0.002, 0.0006000000000000001, 0.0006000000000000001, 0.0047, 0.0055000000000000005, 0.0, 0.0, 0.0, 0.0, 0.0, 0.0, 0.0, 0.0, 0.0, 0.0, 0.0, 0.0], [0.0001, 0.0001, 0.0002, 0.0002, 0.0025, 0.0017000000000000001, 0.0025, 0.0036000000000000003, 0.0, 0.0, 0.0, 0.0, 0.0, 0.0, 0.0, 0.0, 0.0, 0.0, 0.0, 0.0], [0.0, 0.0, 0.0001, 0.0002, 0.0, 0.0, 0.0, 0.0, 0.0, 0.0, 0.0, 0.0, 0.0, 0.0, 0.0, 0.0, 0.0, 0.0, 0.0, 0.0], [0.0, 0.0, 0.0, 0.0, 0.0, 0.0, 0.0, 0.0, 0.0, 0.0, 0.0, 0.0, 0.0, 0.0, 0.0, 0.0, 0.0, 0.0, 0.0, 0.0], [0.0, 0.0, 0.0001, 0.0001, 0.0, 0.0, 0.0, 0.0, 0.0, 0.0, 0.0, 0.0, 0.0, 0.0, 0.0, 0.0, 0.0, 0.0, 0.0, 0.0], [0.0, 0.0, 0.0, 0.0, 0.0, 0.0, 0.0, 0.0, 0.0, 0.0, 0.0, 0.0, 0.0, 0.0, 0.0, 0.0, 0.0, 0.0, 0.0, 0.0], [0.0, 0.0, 0.0, 0.0, 0.0, 0.0, 0.0, 0.0, 0.0, 0.0, 0.0, 0.0, 0.0, 0.0, 0.0, 0.0, 0.0, 0.0, 0.0, 0.0], [0.0, 0.0, 0.0001, 0.0, 0.0, 0.0, 0.0, 0.0, 0.0, 0.0, 0.0, 0.0, 0.0, 0.0, 0.0, 0.0, 0.0, 0.0, 0.0, 0.0], [0.0, 0.0, 0.0, 0.0, 0.0, 0.0, 0.0, 0.0, 0.0, 0.0, 0.0, 0.0, 0.0, 0.0, 0.0, 0.0, 0.0, 0.0, 0.0, 0.0]]}}
bs_setyawan_curtarolo_vbm: {'band_index': {'1': [87], '-1': []}, 'kpoint_index': [85, 86, 108], 'kpoint': <pymatgen.electronic_structure.bandstructure.Kpoint object at 0x7fc5d4b59d30>, 'energy': 4.7575, 'projections': {'1': [[0.0, 0.0, 0.0, 0.0, 0.0, 0.0, 0.0002, 0.0002, 0.0002, 0.0, 0.0, 0.0, 0.0, 0.0001, 0.0002, 0.0, 0.0, 0.0, 0.0, 0.0001], [0.0004, 0.0004, 0.0028, 0.0028, 0.0005, 0.0005, 0.0, 0.0, 0.0129, 0.0001, 0.0117, 0.0188, 0.00030000000000000003, 0.0414, 0.0129, 0.0001, 0.0117, 0.0187, 0.00030000000000000003, 0.0413], [0.0001, 0.0001, 0.0014, 0.0014, 0.0005, 0.0005, 0.0, 0.0, 0.005, 0.0443, 0.0016, 0.0118, 0.0177, 0.0047, 0.005, 0.0442, 0.0016, 0.0118, 0.0177, 0.0047], [0.0005, 0.0005, 0.0035, 0.0035, 0.0002, 0.0002, 0.0002, 0.0002, 0.010400000000000001, 0.0088, 0.006500000000000001, 0.007200000000000001, 0.0071, 0.0025, 0.010400000000000001, 0.008700000000000001, 0.006500000000000001, 0.0071, 0.0071, 0.0025], [0.0002, 0.0002, 0.0002, 0.0002, 0.0002, 0.0002, 0.0152, 0.015300000000000001, 0.0, 0.0, 0.0, 0.0, 0.0, 0.0, 0.0, 0.0, 0.0, 0.0, 0.0, 0.0], [0.0, 0.0, 0.0, 0.0, 0.0008, 0.0008, 0.062, 0.062, 0.0, 0.0, 0.0, 0.0, 0.0, 0.0, 0.0, 0.0, 0.0, 0.0, 0.0, 0.0], [0.0005, 0.0005, 0.0018000000000000002, 0.0019, 0.00030000000000000003, 0.00030000000000000003, 0.0166, 0.0166, 0.0, 0.0, 0.0, 0.0, 0.0, 0.0, 0.0, 0.0, 0.0, 0.0, 0.0, 0.0], [0.0006000000000000001, 0.0006000000000000001, 0.001, 0.001, 0.00030000000000000003, 0.00030000000000000003, 0.0562, 0.0565, 0.0, 0.0, 0.0, 0.0, 0.0, 0.0, 0.0, 0.0, 0.0, 0.0, 0.0, 0.0], [0.0, 0.0, 0.00030000000000000003, 0.00030000000000000003, 0.0, 0.0, 0.0463, 0.0466, 0.0, 0.0, 0.0, 0.0, 0.0, 0.0, 0.0, 0.0, 0.0, 0.0, 0.0, 0.0], [0.0, 0.0, 0.0007, 0.0007, 0.0, 0.0, 0.0, 0.0, 0.0, 0.0, 0.0, 0.0, 0.0, 0.0, 0.0, 0.0, 0.0, 0.0, 0.0, 0.0], [0.0, 0.0, 0.0, 0.0, 0.0, 0.0, 0.0, 0.0, 0.0, 0.0, 0.0, 0.0, 0.0, 0.0, 0.0, 0.0, 0.0, 0.0, 0.0, 0.0], [0.0, 0.0, 0.0, 0.0, 0.0, 0.0, 0.0, 0.0, 0.0, 0.0, 0.0, 0.0, 0.0, 0.0, 0.0, 0.0, 0.0, 0.0, 0.0, 0.0], [0.0, 0.0, 0.00030000000000000003, 0.00030000000000000003, 0.0, 0.0, 0.0, 0.0, 0.0, 0.0, 0.0, 0.0, 0.0, 0.0, 0.0, 0.0, 0.0, 0.0, 0.0, 0.0], [0.0, 0.0, 0.0011, 0.0011, 0.0, 0.0, 0.0, 0.0, 0.0, 0.0, 0.0, 0.0, 0.0, 0.0, 0.0, 0.0, 0.0, 0.0, 0.0, 0.0], [0.0, 0.0, 0.0, 0.0, 0.0, 0.0, 0.0, 0.0, 0.0, 0.0, 0.0, 0.0, 0.0, 0.0, 0.0, 0.0, 0.0, 0.0, 0.0, 0.0], [0.0, 0.0, 0.001, 0.001, 0.0, 0.0, 0.0, 0.0, 0.0, 0.0, 0.0, 0.0, 0.0, 0.0, 0.0, 0.0, 0.0, 0.0, 0.0, 0.0]]}}
bs_setyawan_curtarolo_efermi: 4.86605371