material_id: mp-1215773
band_gap: 0.5347000000000001
efermi: 2.79759957
dos_magnetic_ordering: NM
dos_total_task_id: mp-1744237
dos_total_band_gap: 0.5582
dos_total_cbm: 3.3025
dos_total_vbm: 2.7443
dos_total_efermi: 2.7469627
bs_setyawan_curtarolo_task_id: mp-1623537
bs_setyawan_curtarolo_band_gap: 0.5347000000000001
bs_setyawan_curtarolo_cbm: {'band_index': {'1': [49]}, 'kpoint_index': [0, 67, 68], 'kpoint': <pymatgen.electronic_structure.bandstructure.Kpoint object at 0x7fc699d63930>, 'energy': 3.2744, 'projections': {'1': [[0.058600000000000006, 0.054, 0.0436, 0.09240000000000001, 0.09430000000000001, 0.0323, 0.0297, 0.04, 0.0269, 0.0309, 0.0298], [0.0, 0.0, 0.0, 0.0, 0.0, 0.0, 0.0, 0.0, 0.0, 0.0, 0.0], [0.0, 0.0, 0.0, 0.0, 0.0, 0.0, 0.0, 0.0, 0.0001, 0.0, 0.0], [0.0002, 0.0, 0.0001, 0.0, 0.0, 0.009600000000000001, 0.0017000000000000001, 0.0027, 0.0132, 0.0001, 0.0038], [0.0, 0.0, 0.0, 0.0, 0.0, 0.0, 0.0, 0.0, 0.0, 0.0, 0.0], [0.0, 0.0, 0.0, 0.0, 0.0, 0.0, 0.0, 0.0, 0.0, 0.0, 0.0], [0.0005, 0.0001, 0.0005, 0.0004, 0.00030000000000000003, 0.0, 0.0, 0.0, 0.0, 0.0, 0.0], [0.0, 0.0, 0.0, 0.0, 0.0, 0.0, 0.0, 0.0, 0.0, 0.0, 0.0], [0.0015, 0.00030000000000000003, 0.0017000000000000001, 0.0012000000000000001, 0.0009000000000000001, 0.0, 0.0, 0.0, 0.0, 0.0, 0.0]]}}
bs_setyawan_curtarolo_vbm: {'band_index': {'1': [47, 48]}, 'kpoint_index': [0, 67, 68], 'kpoint': <pymatgen.electronic_structure.bandstructure.Kpoint object at 0x7fc5d4b5a350>, 'energy': 2.7397, 'projections': {'1': [[0.0, 0.0, 0.0, 0.0, 0.0, 0.0, 0.0, 0.0, 0.0, 0.0, 0.0], [0.0, 0.0073, 0.0013000000000000002, 0.0002, 0.0, 0.00030000000000000003, 0.1302, 0.0006000000000000001, 0.061, 0.0005, 0.008400000000000001], [0.0, 0.0137, 0.0024000000000000002, 0.0004, 0.0001, 0.0005, 0.2431, 0.001, 0.114, 0.001, 0.015600000000000001], [0.0, 0.0001, 0.0, 0.0, 0.0, 0.0, 0.0012000000000000001, 0.0, 0.0006000000000000001, 0.0, 0.0001], [0.0, 0.0047, 0.013800000000000002, 0.0002, 0.0002, 0.0, 0.0, 0.0, 0.0, 0.0, 0.0], [0.0001, 0.046, 0.0179, 0.0006000000000000001, 0.0002, 0.0, 0.0, 0.0, 0.0, 0.0, 0.0], [0.0001, 0.0543, 0.034300000000000004, 0.001, 0.0001, 0.0, 0.0, 0.0, 0.0, 0.0, 0.0], [0.0001, 0.0177, 0.0176, 0.0002, 0.0005, 0.0, 0.0, 0.0, 0.0, 0.0, 0.0], [0.0, 0.023100000000000002, 0.0076, 0.0002, 0.0001, 0.0, 0.0, 0.0, 0.0, 0.0, 0.0]]}}
bs_setyawan_curtarolo_efermi: 2.79759957
bs_hinuma_task_id: mp-2115030
bs_hinuma_band_gap: 0.5347000000000001
bs_hinuma_cbm: {'band_index': {'1': [49]}, 'kpoint_index': [0, 67, 68, 129], 'kpoint': <pymatgen.electronic_structure.bandstructure.Kpoint object at 0x7fc5d4b59e80>, 'energy': 3.2744, 'projections': {'1': [[0.058600000000000006, 0.054, 0.0436, 0.09240000000000001, 0.09430000000000001, 0.0323, 0.0297, 0.04, 0.0269, 0.0309, 0.0298], [0.0, 0.0, 0.0, 0.0, 0.0, 0.0, 0.0, 0.0, 0.0, 0.0, 0.0], [0.0, 0.0, 0.0, 0.0, 0.0, 0.0, 0.0, 0.0, 0.0001, 0.0, 0.0], [0.0002, 0.0, 0.0001, 0.0, 0.0, 0.009600000000000001, 0.0017000000000000001, 0.0027, 0.0132, 0.0001, 0.0038], [0.0, 0.0, 0.0, 0.0, 0.0, 0.0, 0.0, 0.0, 0.0, 0.0, 0.0], [0.0, 0.0, 0.0, 0.0, 0.0, 0.0, 0.0, 0.0, 0.0, 0.0, 0.0], [0.0005, 0.0001, 0.0005, 0.0004, 0.00030000000000000003, 0.0, 0.0, 0.0, 0.0, 0.0, 0.0], [0.0, 0.0, 0.0, 0.0, 0.0, 0.0, 0.0, 0.0, 0.0, 0.0, 0.0], [0.0015, 0.00030000000000000003, 0.0017000000000000001, 0.0012000000000000001, 0.0009000000000000001, 0.0, 0.0, 0.0, 0.0, 0.0, 0.0]]}}
bs_hinuma_vbm: {'band_index': {'1': [47, 48]}, 'kpoint_index': [0, 67, 68, 129], 'kpoint': <pymatgen.electronic_structure.bandstructure.Kpoint object at 0x7fc5d4b59be0>, 'energy': 2.7397, 'projections': {'1': [[0.0, 0.0, 0.0, 0.0, 0.0, 0.0, 0.0, 0.0, 0.0, 0.0, 0.0], [0.0, 0.0073, 0.0013000000000000002, 0.0002, 0.0, 0.00030000000000000003, 0.1302, 0.0006000000000000001, 0.061, 0.0005, 0.008400000000000001], [0.0, 0.0137, 0.0024000000000000002, 0.0004, 0.0001, 0.0005, 0.2431, 0.001, 0.114, 0.001, 0.015600000000000001], [0.0, 0.0001, 0.0, 0.0, 0.0, 0.0, 0.0012000000000000001, 0.0, 0.0006000000000000001, 0.0, 0.0001], [0.0, 0.0047, 0.013800000000000002, 0.0002, 0.0002, 0.0, 0.0, 0.0, 0.0, 0.0, 0.0], [0.0001, 0.046, 0.0179, 0.0006000000000000001, 0.0002, 0.0, 0.0, 0.0, 0.0, 0.0, 0.0], [0.0001, 0.0543, 0.034300000000000004, 0.001, 0.0001, 0.0, 0.0, 0.0, 0.0, 0.0, 0.0], [0.0001, 0.0177, 0.0176, 0.0002, 0.0005, 0.0, 0.0, 0.0, 0.0, 0.0, 0.0], [0.0, 0.023100000000000002, 0.0076, 0.0002, 0.0001, 0.0, 0.0, 0.0, 0.0, 0.0, 0.0]]}}
bs_hinuma_efermi: 2.796864519999999
bs_latimer_munro_task_id: mp-2306979
bs_latimer_munro_band_gap: 0.5347000000000001
bs_latimer_munro_cbm: {'band_index': {'1': [49]}, 'kpoint_index': [22, 23, 46, 85, 160, 161, 187], 'kpoint': <pymatgen.electronic_structure.bandstructure.Kpoint object at 0x7fc5d4b5a190>, 'energy': 3.2744, 'projections': {'1': [[0.058600000000000006, 0.054, 0.0436, 0.0926, 0.0944, 0.0323, 0.0297, 0.04, 0.0269, 0.0309, 0.0298], [0.0, 0.0, 0.0, 0.0, 0.0, 0.0, 0.0, 0.0, 0.0, 0.0, 0.0], [0.0, 0.0, 0.0, 0.0, 0.0, 0.0, 0.0, 0.0, 0.0001, 0.0, 0.0], [0.0002, 0.0, 0.0001, 0.0, 0.0, 0.009600000000000001, 0.0017000000000000001, 0.0026000000000000003, 0.0132, 0.0001, 0.0038], [0.0, 0.0, 0.0, 0.0, 0.0, 0.0, 0.0, 0.0, 0.0, 0.0, 0.0], [0.0, 0.0, 0.0, 0.0, 0.0, 0.0, 0.0, 0.0, 0.0, 0.0, 0.0], [0.0005, 0.0001, 0.0005, 0.0004, 0.00030000000000000003, 0.0, 0.0, 0.0, 0.0, 0.0, 0.0], [0.0, 0.0, 0.0, 0.0, 0.0, 0.0, 0.0, 0.0, 0.0, 0.0, 0.0], [0.0015, 0.00030000000000000003, 0.0017000000000000001, 0.0012000000000000001, 0.0009000000000000001, 0.0, 0.0, 0.0, 0.0, 0.0, 0.0]]}}
bs_latimer_munro_vbm: {'band_index': {'1': [47, 48]}, 'kpoint_index': [22, 23, 46, 85, 160, 161, 187], 'kpoint': <pymatgen.electronic_structure.bandstructure.Kpoint object at 0x7fc5d4b59c50>, 'energy': 2.7397, 'projections': {'1': [[0.0, 0.0, 0.0, 0.0, 0.0, 0.0, 0.0, 0.0, 0.0, 0.0, 0.0], [0.0, 0.020900000000000002, 0.0036000000000000003, 0.0006000000000000001, 0.0001, 0.0008, 0.37010000000000004, 0.0016, 0.17350000000000002, 0.0015, 0.0238], [0.0, 0.0002, 0.0, 0.0, 0.0, 0.0, 0.0044, 0.0, 0.0021000000000000003, 0.0, 0.00030000000000000003], [0.0, 0.0, 0.0, 0.0, 0.0, 0.0, 0.0, 0.0, 0.0, 0.0, 0.0], [0.0001, 0.013300000000000001, 0.0393, 0.0006000000000000001, 0.0007, 0.0, 0.0, 0.0, 0.0, 0.0, 0.0], [0.0002, 0.1307, 0.050800000000000005, 0.0016, 0.0005, 0.0, 0.0, 0.0, 0.0, 0.0, 0.0], [0.0, 0.001, 0.0006000000000000001, 0.0, 0.0, 0.0, 0.0, 0.0, 0.0, 0.0, 0.0], [0.0, 0.00030000000000000003, 0.00030000000000000003, 0.0, 0.0, 0.0, 0.0, 0.0, 0.0, 0.0, 0.0], [0.0, 0.0004, 0.0001, 0.0, 0.0, 0.0, 0.0, 0.0, 0.0, 0.0, 0.0]]}}
bs_latimer_munro_efermi: 2.8061256500000002