material_id: mp-1205367
band_gap: 2.9703
efermi: -2.36012479
dos_magnetic_ordering: FM
dos_total_task_id: mp-1669536
dos_total_band_gap: 3.2527
dos_total_cbm: 0.4671
dos_total_vbm: -2.7856
dos_total_efermi: -2.48324309
bs_setyawan_curtarolo_task_id: mp-1598097
bs_setyawan_curtarolo_band_gap: 2.9703
bs_setyawan_curtarolo_cbm: {'band_index': {'1': [68], '-1': []}, 'kpoint_index': ['67'], 'kpoint': <pymatgen.electronic_structure.bandstructure.Kpoint object at 0x7fc699d63930>, 'energy': 0.4863, 'projections': {'1': [[0.0004, 0.0004, 0.0001, 0.0001, 0.0009000000000000001, 0.0009000000000000001, 0.0035, 0.0035, 0.00030000000000000003, 0.00030000000000000003, 0.00030000000000000003, 0.00030000000000000003, 0.001, 0.001, 0.001, 0.001], [0.0001, 0.0001, 0.0, 0.0, 0.0, 0.0, 0.0006000000000000001, 0.0006000000000000001, 0.0054, 0.0054, 0.0055000000000000005, 0.0055000000000000005, 0.001, 0.001, 0.001, 0.001], [0.0002, 0.0002, 0.0, 0.0, 0.0007, 0.0007, 0.0009000000000000001, 0.0009000000000000001, 0.0011, 0.0011, 0.0008, 0.0008, 0.0079, 0.0079, 0.0079, 0.0079], [0.0, 0.0, 0.0001, 0.0001, 0.0025, 0.0025, 0.0002, 0.0002, 0.0004, 0.0004, 0.0027, 0.0027, 0.012100000000000001, 0.012100000000000001, 0.012100000000000001, 0.012100000000000001], [0.0, 0.0, 0.0, 0.0, 0.043300000000000005, 0.043300000000000005, 0.0, 0.0, 0.0, 0.0, 0.0, 0.0, 0.0, 0.0, 0.0, 0.0], [0.0, 0.0, 0.0002, 0.0002, 0.001, 0.001, 0.0, 0.0, 0.0, 0.0, 0.0, 0.0, 0.0, 0.0, 0.0, 0.0], [0.0001, 0.0001, 0.0, 0.0, 0.0494, 0.0494, 0.0, 0.0, 0.0, 0.0, 0.0, 0.0, 0.0, 0.0, 0.0, 0.0], [0.0, 0.0, 0.0, 0.0, 0.25520000000000004, 0.25520000000000004, 0.0, 0.0, 0.0, 0.0, 0.0, 0.0, 0.0, 0.0, 0.0, 0.0], [0.0001, 0.0001, 0.0, 0.0, 0.0473, 0.0473, 0.0, 0.0, 0.0, 0.0, 0.0, 0.0, 0.0, 0.0, 0.0, 0.0]]}}
bs_setyawan_curtarolo_vbm: {'band_index': {'-1': [65], '1': []}, 'kpoint_index': ['42'], 'kpoint': <pymatgen.electronic_structure.bandstructure.Kpoint object at 0x7fc5d4b59d30>, 'energy': -2.484, 'projections': {'-1': [[0.0, 0.0, 0.0, 0.0, 0.0, 0.0, 0.0, 0.0, 0.0001, 0.0001, 0.0001, 0.0001, 0.0, 0.0, 0.0, 0.0], [0.001, 0.001, 0.0004, 0.0004, 0.0, 0.0, 0.0001, 0.0001, 0.008, 0.008, 0.0408, 0.0408, 0.0014, 0.0014, 0.0014, 0.0014], [0.0, 0.0, 0.0007, 0.0007, 0.0002, 0.0002, 0.00030000000000000003, 0.00030000000000000003, 0.0534, 0.0534, 0.0024000000000000002, 0.0024000000000000002, 0.009000000000000001, 0.009000000000000001, 0.009000000000000001, 0.009000000000000001], [0.0001, 0.0001, 0.0, 0.0, 0.0, 0.0, 0.028900000000000002, 0.028900000000000002, 0.004, 0.004, 0.0017000000000000001, 0.0017000000000000001, 0.045, 0.045, 0.045, 0.045], [0.0001, 0.0001, 0.0001, 0.0001, 0.010100000000000001, 0.010100000000000001, 0.0, 0.0, 0.0, 0.0, 0.0, 0.0, 0.0, 0.0, 0.0, 0.0], [0.0, 0.0, 0.0, 0.0, 0.029300000000000003, 0.029300000000000003, 0.0, 0.0, 0.0, 0.0, 0.0, 0.0, 0.0, 0.0, 0.0, 0.0], [0.0, 0.0, 0.0, 0.0, 0.14550000000000002, 0.14550000000000002, 0.0, 0.0, 0.0, 0.0, 0.0, 0.0, 0.0, 0.0, 0.0, 0.0], [0.0, 0.0, 0.0, 0.0, 0.0007, 0.0007, 0.0, 0.0, 0.0, 0.0, 0.0, 0.0, 0.0, 0.0, 0.0, 0.0], [0.0001, 0.0001, 0.0, 0.0, 0.0036000000000000003, 0.0036000000000000003, 0.0, 0.0, 0.0, 0.0, 0.0, 0.0, 0.0, 0.0, 0.0, 0.0]]}}
bs_setyawan_curtarolo_efermi: -2.36012479
bs_latimer_munro_task_id: mp-2338663
bs_latimer_munro_band_gap: 2.9703
bs_latimer_munro_cbm: {'band_index': {'1': [68], '-1': []}, 'kpoint_index': ['101'], 'kpoint': <pymatgen.electronic_structure.bandstructure.Kpoint object at 0x7fc5d4b5a3c0>, 'energy': 0.4863, 'projections': {'1': [[0.0004, 0.0004, 0.0001, 0.0001, 0.0009000000000000001, 0.0009000000000000001, 0.0035, 0.0035, 0.00030000000000000003, 0.00030000000000000003, 0.00030000000000000003, 0.00030000000000000003, 0.001, 0.001, 0.001, 0.001], [0.0001, 0.0001, 0.0, 0.0, 0.0, 0.0, 0.0006000000000000001, 0.0006000000000000001, 0.0054, 0.0054, 0.0055000000000000005, 0.0055000000000000005, 0.001, 0.001, 0.001, 0.001], [0.0002, 0.0002, 0.0, 0.0, 0.0007, 0.0007, 0.0009000000000000001, 0.0009000000000000001, 0.0011, 0.0011, 0.0008, 0.0008, 0.0079, 0.0079, 0.0079, 0.0079], [0.0, 0.0, 0.0001, 0.0001, 0.0025, 0.0025, 0.0002, 0.0002, 0.0004, 0.0004, 0.0027, 0.0027, 0.012100000000000001, 0.012100000000000001, 0.012100000000000001, 0.012100000000000001], [0.0, 0.0, 0.0, 0.0, 0.043300000000000005, 0.043300000000000005, 0.0, 0.0, 0.0, 0.0, 0.0, 0.0, 0.0, 0.0, 0.0, 0.0], [0.0, 0.0, 0.0002, 0.0002, 0.001, 0.001, 0.0, 0.0, 0.0, 0.0, 0.0, 0.0, 0.0, 0.0, 0.0, 0.0], [0.0001, 0.0001, 0.0, 0.0, 0.0494, 0.0494, 0.0, 0.0, 0.0, 0.0, 0.0, 0.0, 0.0, 0.0, 0.0, 0.0], [0.0, 0.0, 0.0, 0.0, 0.25520000000000004, 0.25520000000000004, 0.0, 0.0, 0.0, 0.0, 0.0, 0.0, 0.0, 0.0, 0.0, 0.0], [0.0001, 0.0001, 0.0, 0.0, 0.0473, 0.0473, 0.0, 0.0, 0.0, 0.0, 0.0, 0.0, 0.0, 0.0, 0.0, 0.0]]}}
bs_latimer_munro_vbm: {'band_index': {'-1': [65], '1': []}, 'kpoint_index': ['43'], 'kpoint': <pymatgen.electronic_structure.bandstructure.Kpoint object at 0x7fc5d4b59c50>, 'energy': -2.484, 'projections': {'-1': [[0.0, 0.0, 0.0, 0.0, 0.0, 0.0, 0.0, 0.0, 0.0001, 0.0001, 0.0001, 0.0001, 0.0, 0.0, 0.0, 0.0], [0.001, 0.001, 0.0004, 0.0004, 0.0, 0.0, 0.0001, 0.0001, 0.008, 0.008, 0.0408, 0.0408, 0.0014, 0.0014, 0.0014, 0.0014], [0.0, 0.0, 0.0007, 0.0007, 0.0002, 0.0002, 0.00030000000000000003, 0.00030000000000000003, 0.0534, 0.0534, 0.0024000000000000002, 0.0024000000000000002, 0.009000000000000001, 0.009000000000000001, 0.009000000000000001, 0.009000000000000001], [0.0001, 0.0001, 0.0, 0.0, 0.0, 0.0, 0.028900000000000002, 0.028900000000000002, 0.004, 0.004, 0.0017000000000000001, 0.0017000000000000001, 0.045, 0.045, 0.045, 0.045], [0.0001, 0.0001, 0.0001, 0.0001, 0.010100000000000001, 0.010100000000000001, 0.0, 0.0, 0.0, 0.0, 0.0, 0.0, 0.0, 0.0, 0.0, 0.0], [0.0, 0.0, 0.0, 0.0, 0.029300000000000003, 0.029300000000000003, 0.0, 0.0, 0.0, 0.0, 0.0, 0.0, 0.0, 0.0, 0.0, 0.0], [0.0, 0.0, 0.0, 0.0, 0.14550000000000002, 0.14550000000000002, 0.0, 0.0, 0.0, 0.0, 0.0, 0.0, 0.0, 0.0, 0.0, 0.0], [0.0, 0.0, 0.0, 0.0, 0.0007, 0.0007, 0.0, 0.0, 0.0, 0.0, 0.0, 0.0, 0.0, 0.0, 0.0, 0.0], [0.0001, 0.0001, 0.0, 0.0, 0.0036000000000000003, 0.0036000000000000003, 0.0, 0.0, 0.0, 0.0, 0.0, 0.0, 0.0, 0.0, 0.0, 0.0]]}}
bs_latimer_munro_efermi: -2.38229866