material_id: mp-1111498
band_gap: 0.7349999999999991
efermi: -0.9482887
dos_magnetic_ordering: FM
dos_total_task_id: mp-1742292
dos_total_band_gap: 3.2576
dos_total_cbm: 2.1392
dos_total_vbm: -1.1184
dos_total_efermi: -1.13153419
bs_setyawan_curtarolo_task_id: mp-1586450
bs_setyawan_curtarolo_band_gap: 0.7349999999999991
bs_setyawan_curtarolo_cbm: {'band_index': {'-1': [39], '1': []}, 'kpoint_index': [14, 15, 100], 'kpoint': <pymatgen.electronic_structure.bandstructure.Kpoint object at 0x7fc699d63930>, 'energy': -0.38470000000000004, 'projections': {'-1': [[0.0, 0.0, 0.0086, 0.0001, 0.0015, 0.0015, 0.0015, 0.004200000000000001, 0.004200000000000001, 0.0015], [0.00030000000000000003, 0.00030000000000000003, 0.0, 0.0, 0.0, 0.0, 0.0, 0.10930000000000001, 0.10930000000000001, 0.0], [0.0, 0.0, 0.0, 0.0, 0.0, 0.0263, 0.0, 0.0, 0.0, 0.0263], [0.0, 0.0, 0.0, 0.0, 0.0263, 0.0, 0.0263, 0.0, 0.0, 0.0], [0.0, 0.0, 0.0, 0.0, 0.0, 0.0, 0.0, 0.0, 0.0, 0.0], [0.0, 0.0, 0.0, 0.0, 0.0, 0.0, 0.0, 0.0, 0.0, 0.0], [0.0, 0.0, 0.0002, 0.1353, 0.0, 0.0, 0.0, 0.0, 0.0, 0.0], [0.0002, 0.0002, 0.0, 0.0, 0.0, 0.0, 0.0, 0.0, 0.0, 0.0], [0.0, 0.0, 0.0007, 0.40590000000000004, 0.0, 0.0, 0.0, 0.0, 0.0, 0.0]]}}
bs_setyawan_curtarolo_vbm: {'band_index': {'1': [39, 40], '-1': []}, 'kpoint_index': [57, 58, 84, 85], 'kpoint': <pymatgen.electronic_structure.bandstructure.Kpoint object at 0x7fc5d4b59d30>, 'energy': -1.1197, 'projections': {'1': [[0.0, 0.0, 0.0, 0.0, 0.0006000000000000001, 0.0006000000000000001, 0.0006000000000000001, 0.0023, 0.0023, 0.0006000000000000001], [0.0, 0.0, 0.008, 0.0, 0.0002, 0.0002, 0.0002, 0.1431, 0.1431, 0.0002], [0.0, 0.0, 0.002, 0.0, 0.0001, 0.0352, 0.0001, 0.0, 0.0, 0.0352], [0.0, 0.0, 0.0022, 0.0, 0.0395, 0.0001, 0.0395, 0.0, 0.0, 0.0001], [0.0, 0.0, 0.0, 0.0, 0.0, 0.0, 0.0, 0.0, 0.0, 0.0], [0.0, 0.0, 0.0, 0.0, 0.0, 0.0, 0.0, 0.0, 0.0, 0.0], [0.0, 0.0, 0.0, 0.1131, 0.0, 0.0, 0.0, 0.0, 0.0, 0.0], [0.0, 0.0, 0.0, 0.0001, 0.0, 0.0, 0.0, 0.0, 0.0, 0.0], [0.0, 0.0, 0.0, 0.3533, 0.0, 0.0, 0.0, 0.0, 0.0, 0.0]]}}
bs_setyawan_curtarolo_efermi: -0.9482887
bs_hinuma_task_id: mp-2053381
bs_hinuma_band_gap: 0.7349999999999991
bs_hinuma_cbm: {'band_index': {'-1': [39], '1': []}, 'kpoint_index': [14, 15, 68], 'kpoint': <pymatgen.electronic_structure.bandstructure.Kpoint object at 0x7fc5d4b59be0>, 'energy': -0.38470000000000004, 'projections': {'-1': [[0.0, 0.0, 0.0086, 0.0001, 0.0015, 0.0015, 0.0015, 0.004200000000000001, 0.004200000000000001, 0.0015], [0.00030000000000000003, 0.00030000000000000003, 0.0, 0.0, 0.0, 0.0, 0.0, 0.10930000000000001, 0.10930000000000001, 0.0], [0.0, 0.0, 0.0, 0.0, 0.0, 0.0264, 0.0, 0.0, 0.0, 0.0263], [0.0, 0.0, 0.0, 0.0, 0.0263, 0.0, 0.0263, 0.0, 0.0, 0.0], [0.0, 0.0, 0.0, 0.0, 0.0, 0.0, 0.0, 0.0, 0.0, 0.0], [0.0, 0.0, 0.0, 0.0, 0.0, 0.0, 0.0, 0.0, 0.0, 0.0], [0.0, 0.0, 0.0002, 0.1353, 0.0, 0.0, 0.0, 0.0, 0.0, 0.0], [0.0002, 0.0002, 0.0, 0.0, 0.0, 0.0, 0.0, 0.0, 0.0, 0.0], [0.0, 0.0, 0.0007, 0.40590000000000004, 0.0, 0.0, 0.0, 0.0, 0.0, 0.0]]}}
bs_hinuma_vbm: {'band_index': {'1': [39, 40], '-1': []}, 'kpoint_index': [49, 50], 'kpoint': <pymatgen.electronic_structure.bandstructure.Kpoint object at 0x7fc5d4b5a3c0>, 'energy': -1.1197, 'projections': {'1': [[0.0, 0.0, 0.0, 0.0, 0.001, 0.0009000000000000001, 0.001, 0.0017000000000000001, 0.0017000000000000001, 0.0009000000000000001], [0.0, 0.0, 0.0056, 0.0, 0.0001, 0.0001, 0.0001, 0.1014, 0.1014, 0.0001], [0.0, 0.0, 0.0031000000000000003, 0.0, 0.0001, 0.056400000000000006, 0.0001, 0.0001, 0.0001, 0.056400000000000006], [0.0, 0.0, 0.0033, 0.0, 0.06, 0.0001, 0.06, 0.0001, 0.0001, 0.0001], [0.0, 0.0, 0.0, 0.0, 0.0, 0.0, 0.0, 0.0, 0.0, 0.0], [0.0, 0.0, 0.0, 0.0, 0.0, 0.0, 0.0, 0.0, 0.0, 0.0], [0.0, 0.0, 0.0, 0.1811, 0.0, 0.0, 0.0, 0.0, 0.0, 0.0], [0.0, 0.0, 0.0, 0.0, 0.0, 0.0, 0.0, 0.0, 0.0, 0.0], [0.0, 0.0, 0.0, 0.2854, 0.0, 0.0, 0.0, 0.0, 0.0, 0.0]]}}
bs_hinuma_efermi: -1.07703563
bs_latimer_munro_task_id: mp-2302015
bs_latimer_munro_band_gap: 0.7349999999999991
bs_latimer_munro_cbm: {'band_index': {'-1': [39], '1': []}, 'kpoint_index': [46, 47, 53], 'kpoint': <pymatgen.electronic_structure.bandstructure.Kpoint object at 0x7fc5d4b59e80>, 'energy': -0.38470000000000004, 'projections': {'-1': [[0.0, 0.0, 0.0086, 0.0001, 0.0015, 0.004200000000000001, 0.0015, 0.0015, 0.0015, 0.004200000000000001], [0.0, 0.0, 0.0, 0.0, 0.0, 0.0, 0.0, 0.0263, 0.0263, 0.0], [0.00030000000000000003, 0.00030000000000000003, 0.0, 0.0, 0.0, 0.10930000000000001, 0.0, 0.0, 0.0, 0.10930000000000001], [0.0, 0.0, 0.0, 0.0, 0.0263, 0.0, 0.0263, 0.0, 0.0, 0.0], [0.0002, 0.0002, 0.0, 0.0, 0.0, 0.0, 0.0, 0.0, 0.0, 0.0], [0.0, 0.0, 0.0, 0.0, 0.0, 0.0, 0.0, 0.0, 0.0, 0.0], [0.0, 0.0, 0.001, 0.5412, 0.0, 0.0, 0.0, 0.0, 0.0, 0.0], [0.0, 0.0, 0.0, 0.0, 0.0, 0.0, 0.0, 0.0, 0.0, 0.0], [0.0, 0.0, 0.0, 0.0, 0.0, 0.0, 0.0, 0.0, 0.0, 0.0]]}}
bs_latimer_munro_vbm: {'band_index': {'1': [39, 40], '-1': []}, 'kpoint_index': [93, 94, 105], 'kpoint': <pymatgen.electronic_structure.bandstructure.Kpoint object at 0x7fc5d4b5a200>, 'energy': -1.1197, 'projections': {'1': [[0.0, 0.0, 0.0, 0.0, 0.0001, 0.0021000000000000003, 0.0001, 0.0013000000000000002, 0.0013000000000000002, 0.0021000000000000003], [0.0, 0.0, 0.0045000000000000005, 0.0, 0.0001, 0.0001, 0.0001, 0.0801, 0.0801, 0.0001], [0.0, 0.0, 0.0073, 0.0, 0.0002, 0.1311, 0.0002, 0.0002, 0.0002, 0.1311], [0.0, 0.0, 0.0004, 0.0, 0.0066, 0.0, 0.0066, 0.0, 0.0, 0.0], [0.0, 0.0, 0.0, 0.0001, 0.0, 0.0, 0.0, 0.0, 0.0, 0.0], [0.0, 0.0, 0.0, 0.0, 0.0, 0.0, 0.0, 0.0, 0.0, 0.0], [0.0, 0.0, 0.0, 0.421, 0.0, 0.0, 0.0, 0.0, 0.0, 0.0], [0.0, 0.0, 0.0, 0.0, 0.0, 0.0, 0.0, 0.0, 0.0, 0.0], [0.0, 0.0, 0.0, 0.0454, 0.0, 0.0, 0.0, 0.0, 0.0, 0.0]]}}
bs_latimer_munro_efermi: -0.94963734