material_id: mp-1228621
band_gap: 2.366999999999999
efermi: 2.3369092
dos_magnetic_ordering: NM
dos_total_task_id: mp-1734407
dos_total_band_gap: 2.379
dos_total_cbm: 4.5675
dos_total_vbm: 2.1885
dos_total_efermi: 2.19436355
bs_setyawan_curtarolo_task_id: mp-1622515
bs_setyawan_curtarolo_band_gap: 2.366999999999999
bs_setyawan_curtarolo_cbm: {'band_index': {'1': [32]}, 'kpoint_index': [97], 'kpoint': <pymatgen.electronic_structure.bandstructure.Kpoint object at 0x7fc699d63930>, 'energy': 4.5558, 'projections': {'1': [[0.0002, 0.0095, 0.0036000000000000003, 0.0329, 0.0001, 0.0007, 0.028800000000000003, 0.0, 0.0016], [0.0017000000000000001, 0.00030000000000000003, 0.0064, 0.022, 0.0029000000000000002, 0.0182, 0.046, 0.0012000000000000001, 0.0022], [0.0, 0.0004, 0.1012, 0.0636, 0.0346, 0.005200000000000001, 0.0086, 0.003, 0.0057], [0.00030000000000000003, 0.0, 0.0017000000000000001, 0.0, 0.0066, 0.0011, 0.0071, 0.00030000000000000003, 0.0], [0.0017000000000000001, 0.0009000000000000001, 0.0, 0.0, 0.0, 0.0, 0.0, 0.0, 0.0], [0.0002, 0.006900000000000001, 0.0, 0.0, 0.0, 0.0, 0.0, 0.0, 0.0], [0.023700000000000002, 0.007, 0.0, 0.0, 0.0, 0.0, 0.0, 0.0, 0.0], [0.0009000000000000001, 0.0001, 0.0, 0.0, 0.0, 0.0, 0.0, 0.0, 0.0], [0.0001, 0.0176, 0.0, 0.0, 0.0, 0.0, 0.0, 0.0, 0.0]]}}
bs_setyawan_curtarolo_vbm: {'band_index': {'1': [31]}, 'kpoint_index': [97], 'kpoint': <pymatgen.electronic_structure.bandstructure.Kpoint object at 0x7fc5d4b59be0>, 'energy': 2.1888, 'projections': {'1': [[0.0001, 0.0001, 0.0017000000000000001, 0.0011, 0.0, 0.0001, 0.0001, 0.0, 0.0], [0.0005, 0.0014, 0.0034000000000000002, 0.0219, 0.0008, 0.0071, 0.022600000000000002, 0.0001, 0.0002], [0.0, 0.00030000000000000003, 0.0029000000000000002, 0.0236, 0.0001, 0.001, 0.016, 0.0, 0.0005], [0.0, 0.009600000000000001, 0.0035, 0.2265, 0.020200000000000003, 0.0, 0.21030000000000001, 0.0043, 0.0046], [0.0, 0.0061, 0.0, 0.0, 0.0, 0.0, 0.0, 0.0, 0.0], [0.0011, 0.0011, 0.0, 0.0, 0.0, 0.0, 0.0, 0.0, 0.0], [0.0, 0.00030000000000000003, 0.0, 0.0, 0.0, 0.0, 0.0, 0.0, 0.0], [0.0004, 0.0159, 0.0, 0.0, 0.0, 0.0, 0.0, 0.0, 0.0], [0.0, 0.0017000000000000001, 0.0, 0.0, 0.0, 0.0, 0.0, 0.0, 0.0]]}}
bs_setyawan_curtarolo_efermi: 2.3369092
bs_hinuma_task_id: mp-2098264
bs_hinuma_band_gap: 2.366999999999999
bs_hinuma_cbm: {'band_index': {'1': [32]}, 'kpoint_index': [75], 'kpoint': <pymatgen.electronic_structure.bandstructure.Kpoint object at 0x7fc5d4b5a3c0>, 'energy': 4.5558, 'projections': {'1': [[0.0002, 0.0095, 0.0036000000000000003, 0.0329, 0.0001, 0.0007, 0.028800000000000003, 0.0, 0.0016], [0.0017000000000000001, 0.00030000000000000003, 0.0064, 0.022, 0.0029000000000000002, 0.0182, 0.046, 0.0012000000000000001, 0.0022], [0.0, 0.0004, 0.1012, 0.0636, 0.0346, 0.005200000000000001, 0.0086, 0.003, 0.0057], [0.00030000000000000003, 0.0, 0.0017000000000000001, 0.0, 0.0066, 0.0011, 0.0071, 0.00030000000000000003, 0.0], [0.0017000000000000001, 0.0009000000000000001, 0.0, 0.0, 0.0, 0.0, 0.0, 0.0, 0.0], [0.0002, 0.006900000000000001, 0.0, 0.0, 0.0, 0.0, 0.0, 0.0, 0.0], [0.023700000000000002, 0.007, 0.0, 0.0, 0.0, 0.0, 0.0, 0.0, 0.0], [0.0009000000000000001, 0.0001, 0.0, 0.0, 0.0, 0.0, 0.0, 0.0, 0.0], [0.0001, 0.0176, 0.0, 0.0, 0.0, 0.0, 0.0, 0.0, 0.0]]}}
bs_hinuma_vbm: {'band_index': {'1': [31]}, 'kpoint_index': [75], 'kpoint': <pymatgen.electronic_structure.bandstructure.Kpoint object at 0x7fc5d4b5a200>, 'energy': 2.1888, 'projections': {'1': [[0.0001, 0.0001, 0.0017000000000000001, 0.0011, 0.0, 0.0001, 0.0001, 0.0, 0.0], [0.0005, 0.0014, 0.0034000000000000002, 0.0219, 0.0008, 0.0071, 0.022600000000000002, 0.0001, 0.0002], [0.0, 0.00030000000000000003, 0.0029000000000000002, 0.0236, 0.0001, 0.001, 0.016, 0.0, 0.0005], [0.0, 0.009600000000000001, 0.0035, 0.2265, 0.020200000000000003, 0.0, 0.21030000000000001, 0.0043, 0.0046], [0.0, 0.0061, 0.0, 0.0, 0.0, 0.0, 0.0, 0.0, 0.0], [0.0011, 0.0011, 0.0, 0.0, 0.0, 0.0, 0.0, 0.0, 0.0], [0.0, 0.00030000000000000003, 0.0, 0.0, 0.0, 0.0, 0.0, 0.0, 0.0], [0.0004, 0.0159, 0.0, 0.0, 0.0, 0.0, 0.0, 0.0, 0.0], [0.0, 0.0016, 0.0, 0.0, 0.0, 0.0, 0.0, 0.0, 0.0]]}}
bs_hinuma_efermi: 2.34457812
bs_latimer_munro_task_id: mp-2305980
bs_latimer_munro_band_gap: 2.366999999999999
bs_latimer_munro_cbm: {'band_index': {'1': [32]}, 'kpoint_index': [0], 'kpoint': <pymatgen.electronic_structure.bandstructure.Kpoint object at 0x7fc5d4b59d30>, 'energy': 4.5558, 'projections': {'1': [[0.0002, 0.0095, 0.0036000000000000003, 0.0329, 0.0001, 0.0007, 0.028800000000000003, 0.0, 0.0016], [0.0017000000000000001, 0.00030000000000000003, 0.0064, 0.022, 0.0029000000000000002, 0.0182, 0.046, 0.0012000000000000001, 0.0022], [0.0, 0.0004, 0.1012, 0.0636, 0.0346, 0.005200000000000001, 0.0086, 0.003, 0.0057], [0.00030000000000000003, 0.0, 0.0017000000000000001, 0.0, 0.0066, 0.0011, 0.0071, 0.00030000000000000003, 0.0], [0.0017000000000000001, 0.0009000000000000001, 0.0, 0.0, 0.0, 0.0, 0.0, 0.0, 0.0], [0.0002, 0.006900000000000001, 0.0, 0.0, 0.0, 0.0, 0.0, 0.0, 0.0], [0.023700000000000002, 0.007, 0.0, 0.0, 0.0, 0.0, 0.0, 0.0, 0.0], [0.0009000000000000001, 0.0001, 0.0, 0.0, 0.0, 0.0, 0.0, 0.0, 0.0], [0.0001, 0.0176, 0.0, 0.0, 0.0, 0.0, 0.0, 0.0, 0.0]]}}
bs_latimer_munro_vbm: {'band_index': {'1': [31]}, 'kpoint_index': [0], 'kpoint': <pymatgen.electronic_structure.bandstructure.Kpoint object at 0x7fc5d4b5a190>, 'energy': 2.1888, 'projections': {'1': [[0.0001, 0.0001, 0.0017000000000000001, 0.0011, 0.0, 0.0001, 0.0001, 0.0, 0.0], [0.0005, 0.0014, 0.0034000000000000002, 0.0219, 0.0008, 0.0071, 0.022600000000000002, 0.0001, 0.0002], [0.0, 0.00030000000000000003, 0.0029000000000000002, 0.0236, 0.0001, 0.001, 0.016, 0.0, 0.0005], [0.0, 0.009600000000000001, 0.0035, 0.2265, 0.020200000000000003, 0.0, 0.21030000000000001, 0.0043, 0.0046], [0.0, 0.0061, 0.0, 0.0, 0.0, 0.0, 0.0, 0.0, 0.0], [0.0011, 0.0011, 0.0, 0.0, 0.0, 0.0, 0.0, 0.0, 0.0], [0.0, 0.00030000000000000003, 0.0, 0.0, 0.0, 0.0, 0.0, 0.0, 0.0], [0.0004, 0.0159, 0.0, 0.0, 0.0, 0.0, 0.0, 0.0, 0.0], [0.0, 0.0016, 0.0, 0.0, 0.0, 0.0, 0.0, 0.0, 0.0]]}}
bs_latimer_munro_efermi: 2.34212586