material_id: mp-10784
band_gap: 1.9769
efermi: 1.57760634
dos_magnetic_ordering: NM
dos_total_task_id: mp-1698273
dos_total_band_gap: 2.016
dos_total_cbm: 3.518399999999999
dos_total_vbm: 1.5024000000000002
dos_total_efermi: 1.50281858
bs_setyawan_curtarolo_task_id: mp-1595711
bs_setyawan_curtarolo_band_gap: 1.9769
bs_setyawan_curtarolo_cbm: {'band_index': {'1': [15]}, 'kpoint_index': [92, 93], 'kpoint': <pymatgen.electronic_structure.bandstructure.Kpoint object at 0x7fc699d63930>, 'energy': 3.463, 'projections': {'1': [[0.0029000000000000002, 0.0135, 0.0005, 0.0005], [0.0, 0.0, 0.0, 0.0], [0.0, 0.0, 0.0, 0.0], [0.0, 0.0, 0.013000000000000001, 0.013000000000000001], [0.0, 0.0, 0.0, 0.0], [0.0, 0.0, 0.0, 0.0], [0.0078000000000000005, 0.0002, 0.0006000000000000001, 0.0006000000000000001], [0.001, 0.10200000000000001, 0.002, 0.002], [0.016300000000000002, 0.296, 0.0131, 0.0131]]}}
bs_setyawan_curtarolo_vbm: {'band_index': {'1': [13, 14]}, 'kpoint_index': [0, 59, 60], 'kpoint': <pymatgen.electronic_structure.bandstructure.Kpoint object at 0x7fc5d4b59d30>, 'energy': 1.4861, 'projections': {'1': [[0.0, 0.0, 0.0, 0.0], [0.0018000000000000002, 0.0597, 0.28300000000000003, 0.28300000000000003], [0.0, 0.0001, 0.0007, 0.0007], [0.0, 0.0, 0.0, 0.0], [0.0, 0.0, 0.0, 0.0], [0.0, 0.0, 0.0001, 0.0001], [0.0, 0.0, 0.0, 0.0], [0.0, 0.0, 0.0, 0.0], [0.0, 0.0, 0.0, 0.0]]}}
bs_setyawan_curtarolo_efermi: 1.57760634
bs_hinuma_task_id: mp-2059659
bs_hinuma_band_gap: 1.9769
bs_hinuma_cbm: {'band_index': {'1': [15]}, 'kpoint_index': [92, 93], 'kpoint': <pymatgen.electronic_structure.bandstructure.Kpoint object at 0x7fc5d4b59be0>, 'energy': 3.463, 'projections': {'1': [[0.0029000000000000002, 0.0135, 0.0005, 0.0005], [0.0, 0.0, 0.0001, 0.0001], [0.0, 0.0, 0.0006000000000000001, 0.0006000000000000001], [0.0, 0.0, 0.0123, 0.0123], [0.0, 0.0854, 0.0012000000000000001, 0.0012000000000000001], [0.0162, 0.1023, 0.0064, 0.0064], [0.0073, 0.0687, 0.0041, 0.0041], [0.0015, 0.095, 0.0026000000000000003, 0.0026000000000000003], [0.0001, 0.046700000000000005, 0.0014, 0.0014]]}}
bs_hinuma_vbm: {'band_index': {'1': [13, 14]}, 'kpoint_index': [0, 59, 60, 112], 'kpoint': <pymatgen.electronic_structure.bandstructure.Kpoint object at 0x7fc5d4b5a3c0>, 'energy': 1.4861, 'projections': {'1': [[0.0, 0.0, 0.0, 0.0], [0.0018000000000000002, 0.0597, 0.28300000000000003, 0.28300000000000003], [0.0, 0.0001, 0.0007, 0.0007], [0.0, 0.0, 0.0, 0.0], [0.0, 0.0, 0.0, 0.0], [0.0, 0.0, 0.0001, 0.0001], [0.0, 0.0, 0.0, 0.0], [0.0, 0.0, 0.0, 0.0], [0.0, 0.0, 0.0, 0.0]]}}
bs_hinuma_efermi: 1.545976169999999
bs_latimer_munro_task_id: mp-2686985
bs_latimer_munro_band_gap: 1.9769
bs_latimer_munro_cbm: {'band_index': {'1': [15]}, 'kpoint_index': [123, 124, 135], 'kpoint': <pymatgen.electronic_structure.bandstructure.Kpoint object at 0x7fc5d4b59e80>, 'energy': 3.463, 'projections': {'1': [[0.0029000000000000002, 0.0135, 0.0005, 0.0005], [0.0, 0.0, 0.0001, 0.0001], [0.0, 0.0, 0.0006000000000000001, 0.0006000000000000001], [0.0, 0.0, 0.0123, 0.0123], [0.0, 0.0854, 0.0012000000000000001, 0.0012000000000000001], [0.0162, 0.1024, 0.0064, 0.0064], [0.0073, 0.0687, 0.0041, 0.0041], [0.0015, 0.095, 0.0026000000000000003, 0.0026000000000000003], [0.0001, 0.046700000000000005, 0.0014, 0.0014]]}}
bs_latimer_munro_vbm: {'band_index': {'1': [13, 14]}, 'kpoint_index': [21, 22, 79, 80, 100, 154, 155], 'kpoint': <pymatgen.electronic_structure.bandstructure.Kpoint object at 0x7fc5d4b5a190>, 'energy': 1.4861, 'projections': {'1': [[0.0, 0.0, 0.0, 0.0], [0.0018000000000000002, 0.059800000000000006, 0.28350000000000003, 0.28350000000000003], [0.0, 0.0, 0.0001, 0.0001], [0.0, 0.0, 0.0, 0.0], [0.0, 0.0, 0.0, 0.0], [0.0, 0.0, 0.0001, 0.0001], [0.0, 0.0, 0.0, 0.0], [0.0, 0.0, 0.0, 0.0], [0.0, 0.0, 0.0, 0.0]]}}
bs_latimer_munro_efermi: 1.57654577