material_id: mp-1043203
band_gap: 1.2006000000000001
efermi: 3.65050165
dos_magnetic_ordering: FM
dos_total_task_id: mp-1682776
dos_total_band_gap: 1.2006000000000001
dos_total_cbm: 4.8491
dos_total_vbm: 3.6485000000000003
dos_total_efermi: 3.65050165
bs_setyawan_curtarolo_task_id: mp-1043211
bs_setyawan_curtarolo_band_gap: 1.935
bs_setyawan_curtarolo_cbm: {'band_index': {'1': [86], '-1': []}, 'kpoint_index': [0, 73, 74, 99], 'kpoint': <pymatgen.electronic_structure.bandstructure.Kpoint object at 0x7fc699d63930>, 'energy': 4.4161, 'projections': {'1': [[0.0108, 0.0108, 0.026000000000000002, 0.026000000000000002, 0.041, 0.041, 0.041, 0.041, 0.0204, 0.0204, 0.0204, 0.0204, 0.0123, 0.0123, 0.0123, 0.0123, 0.0145, 0.0145, 0.0145, 0.0145], [0.0, 0.0, 0.0, 0.0, 0.0002, 0.0012000000000000001, 0.0002, 0.0012000000000000001, 0.0012000000000000001, 0.0063, 0.0012000000000000001, 0.0063, 0.001, 0.0094, 0.001, 0.0094, 0.002, 0.0071, 0.002, 0.0071], [0.0, 0.0, 0.0, 0.0, 0.0013000000000000002, 0.0001, 0.0013000000000000002, 0.0001, 0.007500000000000001, 0.0021000000000000003, 0.007500000000000001, 0.0021000000000000003, 0.006, 0.0016, 0.006, 0.0016, 0.0079, 0.0027, 0.0079, 0.0027], [0.0, 0.0, 0.0, 0.0, 0.0, 0.0002, 0.0, 0.0002, 0.0002, 0.0005, 0.0002, 0.0005, 0.0085, 0.0043, 0.0085, 0.0043, 0.0, 0.0, 0.0, 0.0], [0.0001, 0.0001, 0.0004, 0.0004, 0.0004, 0.0, 0.0004, 0.0, 0.0, 0.0, 0.0, 0.0, 0.0, 0.0, 0.0, 0.0, 0.0, 0.0, 0.0, 0.0], [0.0001, 0.0001, 0.0001, 0.0001, 0.0001, 0.0001, 0.0001, 0.0001, 0.0, 0.0, 0.0, 0.0, 0.0, 0.0, 0.0, 0.0, 0.0, 0.0, 0.0, 0.0], [0.0, 0.0, 0.0, 0.0, 0.00030000000000000003, 0.0008, 0.00030000000000000003, 0.0008, 0.0, 0.0, 0.0, 0.0, 0.0, 0.0, 0.0, 0.0, 0.0, 0.0, 0.0, 0.0], [0.0, 0.0, 0.0006000000000000001, 0.0006000000000000001, 0.0001, 0.0008, 0.0001, 0.0008, 0.0, 0.0, 0.0, 0.0, 0.0, 0.0, 0.0, 0.0, 0.0, 0.0, 0.0, 0.0], [0.0001, 0.0001, 0.00030000000000000003, 0.00030000000000000003, 0.001, 0.0001, 0.001, 0.0001, 0.0, 0.0, 0.0, 0.0, 0.0, 0.0, 0.0, 0.0, 0.0, 0.0, 0.0, 0.0]]}}
bs_setyawan_curtarolo_vbm: {'band_index': {'-1': [79], '1': []}, 'kpoint_index': [0, 73, 74, 99], 'kpoint': <pymatgen.electronic_structure.bandstructure.Kpoint object at 0x7fc5d4b5a190>, 'energy': 2.4811, 'projections': {'-1': [[0.0, 0.0, 0.0, 0.0, 0.0001, 0.0001, 0.0001, 0.0001, 0.0, 0.0, 0.0, 0.0, 0.0001, 0.0001, 0.0001, 0.0001, 0.0, 0.0, 0.0, 0.0], [0.0, 0.0, 0.0001, 0.0001, 0.0002, 0.0001, 0.0002, 0.0001, 0.0009000000000000001, 0.0, 0.0009000000000000001, 0.0, 0.0022, 0.0004, 0.0022, 0.0004, 0.0082, 0.012400000000000001, 0.0082, 0.012400000000000001], [0.0, 0.0, 0.0, 0.0, 0.0001, 0.0001, 0.0001, 0.0001, 0.0001, 0.0009000000000000001, 0.0001, 0.0009000000000000001, 0.0019, 0.00030000000000000003, 0.0019, 0.00030000000000000003, 0.0089, 0.0081, 0.0089, 0.0081], [0.0006000000000000001, 0.0006000000000000001, 0.0005, 0.0005, 0.0, 0.0, 0.0, 0.0, 0.0, 0.0, 0.0, 0.0, 0.014, 0.0175, 0.014, 0.0175, 0.0039000000000000003, 0.0004, 0.0039000000000000003, 0.0004], [0.0004, 0.0004, 0.1096, 0.1096, 0.0004, 0.0, 0.0004, 0.0, 0.0, 0.0, 0.0, 0.0, 0.0, 0.0, 0.0, 0.0, 0.0, 0.0, 0.0, 0.0], [0.0, 0.0, 0.0021000000000000003, 0.0021000000000000003, 0.0, 0.0, 0.0, 0.0, 0.0, 0.0, 0.0, 0.0, 0.0, 0.0, 0.0, 0.0, 0.0, 0.0, 0.0, 0.0], [0.0004, 0.0004, 0.0531, 0.0531, 0.0001, 0.0009000000000000001, 0.0001, 0.0009000000000000001, 0.0, 0.0, 0.0, 0.0, 0.0, 0.0, 0.0, 0.0, 0.0, 0.0, 0.0, 0.0], [0.0002, 0.0002, 0.1371, 0.1371, 0.0, 0.0, 0.0, 0.0, 0.0, 0.0, 0.0, 0.0, 0.0, 0.0, 0.0, 0.0, 0.0, 0.0, 0.0, 0.0], [0.0, 0.0, 0.08220000000000001, 0.08220000000000001, 0.0006000000000000001, 0.0001, 0.0006000000000000001, 0.0001, 0.0, 0.0, 0.0, 0.0, 0.0, 0.0, 0.0, 0.0, 0.0, 0.0, 0.0, 0.0]]}}
bs_setyawan_curtarolo_efermi: 2.53104949