material_id: mp-1080432
band_gap: 0.0703
efermi: 1.48054601
dos_magnetic_ordering: NM
dos_total_task_id: mp-1700479
dos_total_band_gap: 0.07250000000000001
dos_total_cbm: 1.5208
dos_total_vbm: 1.4483000000000001
dos_total_efermi: 1.4513270600000001
bs_setyawan_curtarolo_task_id: mp-1599928
bs_setyawan_curtarolo_band_gap: 0.0703
bs_setyawan_curtarolo_cbm: {'band_index': {'1': [36]}, 'kpoint_index': ['311'], 'kpoint': <pymatgen.electronic_structure.bandstructure.Kpoint object at 0x7fc699d63930>, 'energy': 1.5155, 'projections': {'1': [[0.0014, 0.0014, 0.0014, 0.0014, 0.0055000000000000005, 0.0055000000000000005, 0.0055000000000000005, 0.0055000000000000005, 0.021400000000000002, 0.021400000000000002], [0.00030000000000000003, 0.00030000000000000003, 0.00030000000000000003, 0.00030000000000000003, 0.0383, 0.0383, 0.0383, 0.0383, 0.0, 0.0], [0.00030000000000000003, 0.00030000000000000003, 0.00030000000000000003, 0.00030000000000000003, 0.015300000000000001, 0.015300000000000001, 0.015300000000000001, 0.015300000000000001, 0.0, 0.0], [0.0002, 0.0002, 0.0002, 0.0002, 0.0417, 0.0417, 0.0417, 0.0417, 0.057, 0.057], [0.0007, 0.0007, 0.0007, 0.0007, 0.0, 0.0, 0.0, 0.0, 0.0, 0.0], [0.0002, 0.0002, 0.0002, 0.0002, 0.0022, 0.0022, 0.0022, 0.0022, 0.0, 0.0], [0.0002, 0.0002, 0.0002, 0.0002, 0.0001, 0.0001, 0.0001, 0.0001, 0.0, 0.0], [0.0004, 0.0004, 0.0004, 0.0004, 0.0, 0.0, 0.0, 0.0, 0.0, 0.0], [0.0014, 0.0014, 0.0014, 0.0014, 0.0009000000000000001, 0.0009000000000000001, 0.0009000000000000001, 0.0009000000000000001, 0.0, 0.0]]}}
bs_setyawan_curtarolo_vbm: {'band_index': {'1': [35]}, 'kpoint_index': ['293'], 'kpoint': <pymatgen.electronic_structure.bandstructure.Kpoint object at 0x7fc5d4b59be0>, 'energy': 1.4452, 'projections': {'1': [[0.0001, 0.0001, 0.0001, 0.0001, 0.00030000000000000003, 0.00030000000000000003, 0.00030000000000000003, 0.00030000000000000003, 0.0, 0.0], [0.0002, 0.0002, 0.0002, 0.0002, 0.029500000000000002, 0.029500000000000002, 0.029500000000000002, 0.029500000000000002, 0.026600000000000002, 0.026600000000000002], [0.0002, 0.0002, 0.0002, 0.0002, 0.0632, 0.0632, 0.0632, 0.0632, 0.059800000000000006, 0.059800000000000006], [0.00030000000000000003, 0.00030000000000000003, 0.00030000000000000003, 0.00030000000000000003, 0.009600000000000001, 0.009600000000000001, 0.009600000000000001, 0.009600000000000001, 0.0, 0.0], [0.0, 0.0, 0.0, 0.0, 0.0001, 0.0001, 0.0001, 0.0001, 0.0, 0.0], [0.0001, 0.0001, 0.0001, 0.0001, 0.00030000000000000003, 0.00030000000000000003, 0.00030000000000000003, 0.00030000000000000003, 0.0, 0.0], [0.0007, 0.0007, 0.0007, 0.0007, 0.0, 0.0, 0.0, 0.0, 0.0, 0.0], [0.0007, 0.0007, 0.0007, 0.0007, 0.0001, 0.0001, 0.0001, 0.0001, 0.0, 0.0], [0.0014, 0.0014, 0.0014, 0.0014, 0.0, 0.0, 0.0, 0.0, 0.0, 0.0]]}}
bs_setyawan_curtarolo_efermi: 1.48054601
bs_latimer_munro_task_id: mp-2608155
bs_latimer_munro_band_gap: 0.0703
bs_latimer_munro_cbm: {'band_index': {'1': [36]}, 'kpoint_index': ['571'], 'kpoint': <pymatgen.electronic_structure.bandstructure.Kpoint object at 0x7fc5d4b5a200>, 'energy': 1.5155, 'projections': {'1': [[0.0014, 0.0014, 0.0014, 0.0014, 0.0055000000000000005, 0.0055000000000000005, 0.0055000000000000005, 0.0055000000000000005, 0.021400000000000002, 0.021400000000000002], [0.00030000000000000003, 0.00030000000000000003, 0.00030000000000000003, 0.00030000000000000003, 0.0383, 0.0383, 0.0383, 0.0383, 0.0, 0.0], [0.00030000000000000003, 0.00030000000000000003, 0.00030000000000000003, 0.00030000000000000003, 0.015300000000000001, 0.015300000000000001, 0.015300000000000001, 0.015300000000000001, 0.0, 0.0], [0.0002, 0.0002, 0.0002, 0.0002, 0.0417, 0.0417, 0.0417, 0.0417, 0.057, 0.057], [0.0007, 0.0007, 0.0007, 0.0007, 0.0, 0.0, 0.0, 0.0, 0.0, 0.0], [0.0002, 0.0002, 0.0002, 0.0002, 0.0022, 0.0022, 0.0022, 0.0022, 0.0, 0.0], [0.0002, 0.0002, 0.0002, 0.0002, 0.0001, 0.0001, 0.0001, 0.0001, 0.0, 0.0], [0.0004, 0.0004, 0.0004, 0.0004, 0.0, 0.0, 0.0, 0.0, 0.0, 0.0], [0.0014, 0.0014, 0.0014, 0.0014, 0.0009000000000000001, 0.0009000000000000001, 0.0009000000000000001, 0.0009000000000000001, 0.0, 0.0]]}}
bs_latimer_munro_vbm: {'band_index': {'1': [35]}, 'kpoint_index': ['589'], 'kpoint': <pymatgen.electronic_structure.bandstructure.Kpoint object at 0x7fc5d4b59d30>, 'energy': 1.4452, 'projections': {'1': [[0.0001, 0.0001, 0.0001, 0.0001, 0.00030000000000000003, 0.00030000000000000003, 0.00030000000000000003, 0.00030000000000000003, 0.0, 0.0], [0.0002, 0.0002, 0.0002, 0.0002, 0.029500000000000002, 0.029500000000000002, 0.029500000000000002, 0.029500000000000002, 0.026600000000000002, 0.026600000000000002], [0.0002, 0.0002, 0.0002, 0.0002, 0.0632, 0.0632, 0.0632, 0.0632, 0.059800000000000006, 0.059800000000000006], [0.00030000000000000003, 0.00030000000000000003, 0.00030000000000000003, 0.00030000000000000003, 0.009600000000000001, 0.009600000000000001, 0.009600000000000001, 0.009600000000000001, 0.0, 0.0], [0.0, 0.0, 0.0, 0.0, 0.0001, 0.0001, 0.0001, 0.0001, 0.0, 0.0], [0.0001, 0.0001, 0.0001, 0.0001, 0.00030000000000000003, 0.00030000000000000003, 0.00030000000000000003, 0.00030000000000000003, 0.0, 0.0], [0.0007, 0.0007, 0.0007, 0.0007, 0.0, 0.0, 0.0, 0.0, 0.0, 0.0], [0.0007, 0.0007, 0.0007, 0.0007, 0.0001, 0.0001, 0.0001, 0.0001, 0.0, 0.0], [0.0014, 0.0014, 0.0014, 0.0014, 0.0, 0.0, 0.0, 0.0, 0.0, 0.0]]}}
bs_latimer_munro_efermi: 1.48056049