material_id: mp-1110591
band_gap: 0.7904
efermi: 0.03217049
dos_magnetic_ordering: NM
dos_total_task_id: mp-1742751
dos_total_band_gap: 0.7841
dos_total_cbm: 0.7019000000000001
dos_total_vbm: -0.08220000000000001
dos_total_efermi: -0.07588271
bs_setyawan_curtarolo_task_id: mp-1623679
bs_setyawan_curtarolo_band_gap: 0.7904
bs_setyawan_curtarolo_cbm: {'band_index': {'1': [42]}, 'kpoint_index': [0, 48, 49], 'kpoint': <pymatgen.electronic_structure.bandstructure.Kpoint object at 0x7fc699d63930>, 'energy': 0.7007, 'projections': {'1': [[0.007500000000000001, 0.007500000000000001, 0.1236, 0.3609, 0.0123, 0.0123, 0.0123, 0.0123, 0.0123, 0.0123], [0.0, 0.0, 0.0, 0.0, 0.0, 0.0, 0.0, 0.0002, 0.0002, 0.0], [0.0, 0.0, 0.0, 0.0, 0.0002, 0.0, 0.0002, 0.0, 0.0, 0.0], [0.0, 0.0, 0.0, 0.0, 0.0, 0.0002, 0.0, 0.0, 0.0, 0.0002], [0.0, 0.0, 0.0, 0.0, 0.0, 0.0, 0.0, 0.0, 0.0, 0.0], [0.0, 0.0, 0.0, 0.0, 0.0, 0.0, 0.0, 0.0, 0.0, 0.0], [0.0, 0.0, 0.0, 0.0, 0.0, 0.0, 0.0, 0.0, 0.0, 0.0], [0.0, 0.0, 0.0, 0.0, 0.0, 0.0, 0.0, 0.0, 0.0, 0.0], [0.0, 0.0, 0.0, 0.0, 0.0, 0.0, 0.0, 0.0, 0.0, 0.0]]}}
bs_setyawan_curtarolo_vbm: {'band_index': {'1': [41]}, 'kpoint_index': [15, 16, 108], 'kpoint': <pymatgen.electronic_structure.bandstructure.Kpoint object at 0x7fc5d4b59d30>, 'energy': -0.0897, 'projections': {'1': [[0.0, 0.0, 0.0, 0.0, 0.0011, 0.0011, 0.0011, 0.0, 0.0, 0.0011], [0.0, 0.0, 0.0, 0.0, 0.0, 0.0, 0.0, 0.0, 0.0, 0.0], [0.0, 0.0, 0.0, 0.0, 0.050300000000000004, 0.0, 0.050300000000000004, 0.0, 0.0, 0.0], [0.0, 0.0, 0.0, 0.0, 0.0, 0.050300000000000004, 0.0, 0.0, 0.0, 0.050300000000000004], [0.0, 0.0, 0.0, 0.0, 0.0, 0.0, 0.0, 0.0, 0.0, 0.0], [0.0, 0.0, 0.0, 0.0, 0.0, 0.0, 0.0, 0.0, 0.0, 0.0], [0.0, 0.0, 0.013300000000000001, 0.5566, 0.0, 0.0, 0.0, 0.0, 0.0, 0.0], [0.0, 0.0, 0.0, 0.0, 0.0, 0.0, 0.0, 0.0, 0.0, 0.0], [0.0, 0.0, 0.0044, 0.1855, 0.0, 0.0, 0.0, 0.0, 0.0, 0.0]]}}
bs_setyawan_curtarolo_efermi: 0.03217049
bs_hinuma_task_id: mp-2097255
bs_hinuma_band_gap: 0.7904
bs_hinuma_cbm: {'band_index': {'1': [42]}, 'kpoint_index': [0, 39, 40], 'kpoint': <pymatgen.electronic_structure.bandstructure.Kpoint object at 0x7fc5d4b5a3c0>, 'energy': 0.7007, 'projections': {'1': [[0.007500000000000001, 0.007500000000000001, 0.1236, 0.3609, 0.0123, 0.0123, 0.0123, 0.0123, 0.0123, 0.0123], [0.0, 0.0, 0.0, 0.0, 0.0, 0.0, 0.0, 0.0002, 0.0002, 0.0], [0.0, 0.0, 0.0, 0.0, 0.0002, 0.0, 0.0002, 0.0, 0.0, 0.0], [0.0, 0.0, 0.0, 0.0, 0.0, 0.0002, 0.0, 0.0, 0.0, 0.0002], [0.0, 0.0, 0.0, 0.0, 0.0, 0.0, 0.0, 0.0, 0.0, 0.0], [0.0, 0.0, 0.0, 0.0, 0.0, 0.0, 0.0, 0.0, 0.0, 0.0], [0.0, 0.0, 0.0, 0.0, 0.0, 0.0, 0.0, 0.0, 0.0, 0.0], [0.0, 0.0, 0.0, 0.0, 0.0, 0.0, 0.0, 0.0, 0.0, 0.0], [0.0, 0.0, 0.0, 0.0, 0.0, 0.0, 0.0, 0.0, 0.0, 0.0]]}}
bs_hinuma_vbm: {'band_index': {'1': [41]}, 'kpoint_index': [15, 16, 74], 'kpoint': <pymatgen.electronic_structure.bandstructure.Kpoint object at 0x7fc5d4b59be0>, 'energy': -0.0897, 'projections': {'1': [[0.0, 0.0, 0.0, 0.0, 0.0011, 0.0011, 0.0011, 0.0, 0.0, 0.0011], [0.0, 0.0, 0.0, 0.0, 0.0, 0.0, 0.0, 0.0, 0.0, 0.0], [0.0, 0.0, 0.0, 0.0, 0.050300000000000004, 0.0, 0.050300000000000004, 0.0, 0.0, 0.0], [0.0, 0.0, 0.0, 0.0, 0.0, 0.050300000000000004, 0.0, 0.0, 0.0, 0.050300000000000004], [0.0, 0.0, 0.0, 0.0, 0.0, 0.0, 0.0, 0.0, 0.0, 0.0], [0.0, 0.0, 0.0, 0.0, 0.0, 0.0, 0.0, 0.0, 0.0, 0.0], [0.0, 0.0, 0.013300000000000001, 0.5566, 0.0, 0.0, 0.0, 0.0, 0.0, 0.0], [0.0, 0.0, 0.0, 0.0, 0.0, 0.0, 0.0, 0.0, 0.0, 0.0], [0.0, 0.0, 0.0044, 0.1855, 0.0, 0.0, 0.0, 0.0, 0.0, 0.0]]}}
bs_hinuma_efermi: 0.01599139
bs_latimer_munro_task_id: mp-2306520
bs_latimer_munro_band_gap: 0.7904
bs_latimer_munro_cbm: {'band_index': {'1': [42]}, 'kpoint_index': [23, 24, 79, 80, 94], 'kpoint': <pymatgen.electronic_structure.bandstructure.Kpoint object at 0x7fc5d4b5a190>, 'energy': 0.7007, 'projections': {'1': [[0.0076, 0.0076, 0.1236, 0.3609, 0.0123, 0.0123, 0.0123, 0.0123, 0.0123, 0.0123], [0.0, 0.0, 0.0, 0.0, 0.0, 0.0, 0.0, 0.0002, 0.0002, 0.0], [0.0, 0.0, 0.0, 0.0, 0.0002, 0.0, 0.0002, 0.0, 0.0, 0.0], [0.0, 0.0, 0.0, 0.0, 0.0, 0.0002, 0.0, 0.0, 0.0, 0.0002], [0.0, 0.0, 0.0, 0.0, 0.0, 0.0, 0.0, 0.0, 0.0, 0.0], [0.0, 0.0, 0.0, 0.0, 0.0, 0.0, 0.0, 0.0, 0.0, 0.0], [0.0, 0.0, 0.0, 0.0, 0.0, 0.0, 0.0, 0.0, 0.0, 0.0], [0.0, 0.0, 0.0, 0.0, 0.0, 0.0, 0.0, 0.0, 0.0, 0.0], [0.0, 0.0, 0.0, 0.0, 0.0, 0.0, 0.0, 0.0, 0.0, 0.0]]}}
bs_latimer_munro_vbm: {'band_index': {'1': [41]}, 'kpoint_index': [109, 110, 119], 'kpoint': <pymatgen.electronic_structure.bandstructure.Kpoint object at 0x7fc5d4b5a350>, 'energy': -0.0897, 'projections': {'1': [[0.0, 0.0, 0.0, 0.0, 0.0, 0.0011, 0.0, 0.0011, 0.0011, 0.0011], [0.0, 0.0, 0.0, 0.0, 0.0, 0.0, 0.0, 0.050300000000000004, 0.050300000000000004, 0.0], [0.0, 0.0, 0.0, 0.0, 0.0, 0.0, 0.0, 0.0, 0.0, 0.0], [0.0, 0.0, 0.0, 0.0, 0.0, 0.050300000000000004, 0.0, 0.0, 0.0, 0.050300000000000004], [0.0, 0.0, 0.0, 0.0, 0.0, 0.0, 0.0, 0.0, 0.0, 0.0], [0.0, 0.0, 0.0, 0.0, 0.0, 0.0, 0.0, 0.0, 0.0, 0.0], [0.0, 0.0, 0.0, 0.0, 0.0, 0.0, 0.0, 0.0, 0.0, 0.0], [0.0, 0.0, 0.0, 0.0, 0.0, 0.0, 0.0, 0.0, 0.0, 0.0], [0.0, 0.0, 0.0177, 0.7422000000000001, 0.0, 0.0, 0.0, 0.0, 0.0, 0.0]]}}
bs_latimer_munro_efermi: 0.06331836