material_id: mp-1205686
band_gap: 3.4861
efermi: 1.94234253
dos_magnetic_ordering: NM
dos_total_task_id: mp-1730305
dos_total_band_gap: 3.464299999999999
dos_total_cbm: 5.3664
dos_total_vbm: 1.9021
dos_total_efermi: 1.887560189999999
bs_setyawan_curtarolo_task_id: mp-1620817
bs_setyawan_curtarolo_band_gap: 3.4861
bs_setyawan_curtarolo_cbm: {'band_index': {'1': [39]}, 'kpoint_index': [0, 89, 90, 119], 'kpoint': <pymatgen.electronic_structure.bandstructure.Kpoint object at 0x7fc699d63930>, 'energy': 5.3768, 'projections': {'1': [[0.0005, 0.0005, 0.0, 0.0, 0.0, 0.0, 0.0, 0.0, 0.0002, 0.0002], [0.0033, 0.0033, 0.0, 0.0, 0.005200000000000001, 0.005200000000000001, 0.005200000000000001, 0.005200000000000001, 0.0001, 0.0001], [0.0013000000000000002, 0.0013000000000000002, 0.0, 0.0, 0.0, 0.0, 0.0, 0.0, 0.0004, 0.0004], [0.0, 0.0, 0.0, 0.0, 0.0024000000000000002, 0.0024000000000000002, 0.0024000000000000002, 0.0024000000000000002, 0.0, 0.0], [0.0, 0.0, 0.0, 0.0, 0.0, 0.0, 0.0, 0.0, 0.0, 0.0], [0.0044, 0.0044, 0.0833, 0.0625, 0.0, 0.0, 0.0, 0.0, 0.0, 0.0], [0.0049, 0.0049, 0.030600000000000002, 0.0028, 0.0, 0.0, 0.0, 0.0, 0.0, 0.0], [0.0, 0.0, 0.0, 0.0, 0.0, 0.0, 0.0, 0.0, 0.0, 0.0], [0.029400000000000003, 0.029400000000000003, 0.096, 0.2775, 0.0, 0.0, 0.0, 0.0, 0.0, 0.0]]}}
bs_setyawan_curtarolo_vbm: {'band_index': {'1': [38]}, 'kpoint_index': [104], 'kpoint': <pymatgen.electronic_structure.bandstructure.Kpoint object at 0x7fc5d4b59d30>, 'energy': 1.8907, 'projections': {'1': [[0.0, 0.0, 0.0021000000000000003, 0.0006000000000000001, 0.0002, 0.0002, 0.0, 0.0, 0.0002, 0.0002], [0.0006000000000000001, 0.0006000000000000001, 0.0, 0.0, 0.1012, 0.1012, 0.0002, 0.0002, 0.038400000000000004, 0.038400000000000004], [0.0022, 0.0022, 0.0, 0.0, 0.0721, 0.0722, 0.0002, 0.0002, 0.050300000000000004, 0.050300000000000004], [0.0004, 0.0004, 0.0, 0.0, 0.0, 0.0, 0.0002, 0.0002, 0.0908, 0.0907], [0.00030000000000000003, 0.00030000000000000003, 0.0001, 0.0006000000000000001, 0.0, 0.0, 0.0, 0.0, 0.0, 0.0], [0.0026000000000000003, 0.0026000000000000003, 0.0002, 0.0002, 0.0, 0.0, 0.0, 0.0, 0.0, 0.0], [0.0002, 0.0002, 0.0002, 0.0, 0.0, 0.0, 0.0, 0.0, 0.0, 0.0], [0.0018000000000000002, 0.0018000000000000002, 0.0018000000000000002, 0.0001, 0.0, 0.0, 0.0, 0.0, 0.0, 0.0], [0.0011, 0.0011, 0.0001, 0.0, 0.0, 0.0, 0.0, 0.0, 0.0, 0.0]]}}
bs_setyawan_curtarolo_efermi: 1.94234253
bs_latimer_munro_task_id: mp-2305951
bs_latimer_munro_band_gap: 3.4861
bs_latimer_munro_cbm: {'band_index': {'1': [39]}, 'kpoint_index': [16, 17, 69, 70, 87, 139, 140, 169, 185], 'kpoint': <pymatgen.electronic_structure.bandstructure.Kpoint object at 0x7fc5d4b5a190>, 'energy': 5.3768, 'projections': {'1': [[0.0005, 0.0005, 0.0, 0.0, 0.0, 0.0, 0.0, 0.0, 0.0002, 0.0002], [0.0033, 0.0033, 0.0, 0.0, 0.005200000000000001, 0.005200000000000001, 0.005200000000000001, 0.005200000000000001, 0.0001, 0.0001], [0.0013000000000000002, 0.0013000000000000002, 0.0, 0.0, 0.0, 0.0, 0.0, 0.0, 0.0004, 0.0004], [0.0, 0.0, 0.0, 0.0, 0.0024000000000000002, 0.0024000000000000002, 0.0024000000000000002, 0.0024000000000000002, 0.0, 0.0], [0.0, 0.0, 0.0, 0.0, 0.0, 0.0, 0.0, 0.0, 0.0, 0.0], [0.0044, 0.0044, 0.0833, 0.0625, 0.0, 0.0, 0.0, 0.0, 0.0, 0.0], [0.0049, 0.0049, 0.030600000000000002, 0.0028, 0.0, 0.0, 0.0, 0.0, 0.0, 0.0], [0.0, 0.0, 0.0, 0.0, 0.0, 0.0, 0.0, 0.0, 0.0, 0.0], [0.029400000000000003, 0.029400000000000003, 0.096, 0.2775, 0.0, 0.0, 0.0, 0.0, 0.0, 0.0]]}}
bs_latimer_munro_vbm: {'band_index': {'1': [38]}, 'kpoint_index': [184], 'kpoint': <pymatgen.electronic_structure.bandstructure.Kpoint object at 0x7fc5d4b59be0>, 'energy': 1.8907, 'projections': {'1': [[0.0, 0.0, 0.0021000000000000003, 0.0006000000000000001, 0.0002, 0.0002, 0.0, 0.0, 0.0002, 0.0002], [0.0006000000000000001, 0.0006000000000000001, 0.0, 0.0, 0.1012, 0.1012, 0.0002, 0.0002, 0.038400000000000004, 0.038400000000000004], [0.0022, 0.0022, 0.0, 0.0, 0.0721, 0.0722, 0.0002, 0.0002, 0.050300000000000004, 0.050300000000000004], [0.0004, 0.0004, 0.0, 0.0, 0.0, 0.0, 0.0002, 0.0002, 0.0908, 0.0907], [0.00030000000000000003, 0.00030000000000000003, 0.0001, 0.0006000000000000001, 0.0, 0.0, 0.0, 0.0, 0.0, 0.0], [0.0026000000000000003, 0.0026000000000000003, 0.0002, 0.0002, 0.0, 0.0, 0.0, 0.0, 0.0, 0.0], [0.0002, 0.0002, 0.0002, 0.0, 0.0, 0.0, 0.0, 0.0, 0.0, 0.0], [0.0018000000000000002, 0.0018000000000000002, 0.0018000000000000002, 0.0001, 0.0, 0.0, 0.0, 0.0, 0.0, 0.0], [0.0011, 0.0011, 0.0001, 0.0, 0.0, 0.0, 0.0, 0.0, 0.0, 0.0]]}}
bs_latimer_munro_efermi: 1.973686139999999