material_id: mp-1105117
band_gap: 3.04
efermi: 2.60526871
dos_magnetic_ordering: FM
dos_total_task_id: mp-1708010
dos_total_band_gap: 3.3258
dos_total_cbm: 5.8494
dos_total_vbm: 2.5236
dos_total_efermi: 2.49950747
bs_setyawan_curtarolo_task_id: mp-1604730
bs_setyawan_curtarolo_band_gap: 3.04
bs_setyawan_curtarolo_cbm: {'band_index': {'-1': [70, 71], '1': []}, 'kpoint_index': [16, 17, 70], 'kpoint': <pymatgen.electronic_structure.bandstructure.Kpoint object at 0x7fc699d63930>, 'energy': 5.5759, 'projections': {'-1': [[0.0063, 0.0027, 0.0008, 0.0, 0.0, 0.0, 0.0, 0.014400000000000001, 0.0061, 0.0018000000000000002, 0.014400000000000001, 0.0061, 0.0018000000000000002, 0.0085, 0.00030000000000000003, 0.0057, 0.0085, 0.0057, 0.00030000000000000003], [0.0, 0.0, 0.0, 0.020800000000000003, 0.020800000000000003, 0.020800000000000003, 0.020800000000000003, 0.0, 0.0001, 0.0, 0.0, 0.0001, 0.0, 0.0, 0.0, 0.0007, 0.0, 0.0007, 0.0], [0.0, 0.0, 0.0, 0.0061, 0.0061, 0.0061, 0.0061, 0.0, 0.0, 0.0, 0.0, 0.0, 0.0, 0.0002, 0.0, 0.0, 0.0002, 0.0, 0.0], [0.0, 0.0, 0.0, 0.049300000000000004, 0.049300000000000004, 0.049300000000000004, 0.049300000000000004, 0.00030000000000000003, 0.0, 0.0, 0.00030000000000000003, 0.0, 0.0, 0.0, 0.0016, 0.0, 0.0, 0.0, 0.0016], [0.0, 0.0, 0.0, 0.0002, 0.0002, 0.0002, 0.0002, 0.0, 0.0, 0.0, 0.0, 0.0, 0.0, 0.0, 0.0, 0.0, 0.0, 0.0, 0.0], [0.0, 0.0, 0.0, 0.0018000000000000002, 0.0018000000000000002, 0.0018000000000000002, 0.0018000000000000002, 0.0, 0.0, 0.0, 0.0, 0.0, 0.0, 0.0, 0.0, 0.0, 0.0, 0.0, 0.0], [0.0058000000000000005, 0.0154, 0.0016, 0.0, 0.0, 0.0, 0.0, 0.0, 0.0, 0.0, 0.0, 0.0, 0.0, 0.0, 0.0, 0.0, 0.0, 0.0, 0.0], [0.0, 0.0, 0.0, 0.0008, 0.0008, 0.0008, 0.0008, 0.0, 0.0, 0.0, 0.0, 0.0, 0.0, 0.0, 0.0, 0.0, 0.0, 0.0, 0.0], [0.0078000000000000005, 0.0002, 0.0151, 0.00030000000000000003, 0.00030000000000000003, 0.00030000000000000003, 0.00030000000000000003, 0.0, 0.0, 0.0, 0.0, 0.0, 0.0, 0.0, 0.0, 0.0, 0.0, 0.0, 0.0]]}}
bs_setyawan_curtarolo_vbm: {'band_index': {'1': [74, 75], '-1': []}, 'kpoint_index': [0, 40, 41], 'kpoint': <pymatgen.electronic_structure.bandstructure.Kpoint object at 0x7fc5d4b5a350>, 'energy': 2.5359, 'projections': {'1': [[0.0, 0.0001, 0.0002, 0.0, 0.0, 0.0, 0.0, 0.00030000000000000003, 0.0007, 0.0018000000000000002, 0.00030000000000000003, 0.0007, 0.0018000000000000002, 0.0, 0.0, 0.0, 0.0, 0.0, 0.0], [0.0, 0.0, 0.0, 0.0005, 0.0005, 0.0005, 0.0005, 0.0, 0.0505, 0.0, 0.0, 0.0505, 0.0, 0.0, 0.0, 0.0396, 0.0, 0.0396, 0.0], [0.0, 0.0, 0.0, 0.0012000000000000001, 0.0012000000000000001, 0.0012000000000000001, 0.0012000000000000001, 0.0, 0.0, 0.1298, 0.0, 0.0, 0.1298, 0.0015, 0.0, 0.0, 0.0015, 0.0, 0.0], [0.0, 0.0, 0.0, 0.0002, 0.0002, 0.0002, 0.0002, 0.019, 0.0, 0.0, 0.019, 0.0, 0.0, 0.0, 0.054700000000000006, 0.0, 0.0, 0.0, 0.054700000000000006], [0.0, 0.0, 0.0, 0.0002, 0.0002, 0.0002, 0.0002, 0.0, 0.0, 0.0, 0.0, 0.0, 0.0, 0.0, 0.0, 0.0, 0.0, 0.0, 0.0], [0.0, 0.0, 0.0, 0.0, 0.0, 0.0, 0.0, 0.0, 0.0, 0.0, 0.0, 0.0, 0.0, 0.0, 0.0, 0.0, 0.0, 0.0, 0.0], [0.001, 0.0014, 0.1547, 0.0008, 0.0008, 0.0008, 0.0008, 0.0, 0.0, 0.0, 0.0, 0.0, 0.0, 0.0, 0.0, 0.0, 0.0, 0.0, 0.0], [0.0, 0.0, 0.0, 0.0001, 0.0001, 0.0001, 0.0001, 0.0, 0.0, 0.0, 0.0, 0.0, 0.0, 0.0, 0.0, 0.0, 0.0, 0.0, 0.0], [0.0358, 0.069, 0.0004, 0.0, 0.0, 0.0, 0.0, 0.0, 0.0, 0.0, 0.0, 0.0, 0.0, 0.0, 0.0, 0.0, 0.0, 0.0, 0.0]]}}
bs_setyawan_curtarolo_efermi: 2.60526871
bs_hinuma_task_id: mp-2182581
bs_hinuma_band_gap: 3.04
bs_hinuma_cbm: {'band_index': {'-1': [70, 71], '1': []}, 'kpoint_index': [16, 17, 70], 'kpoint': <pymatgen.electronic_structure.bandstructure.Kpoint object at 0x7fc5d4b5a3c0>, 'energy': 5.5759, 'projections': {'-1': [[0.0063, 0.0027, 0.0008, 0.0, 0.0, 0.0, 0.0, 0.014400000000000001, 0.0061, 0.0018000000000000002, 0.014400000000000001, 0.0061, 0.0018000000000000002, 0.0085, 0.00030000000000000003, 0.0057, 0.0085, 0.0057, 0.00030000000000000003], [0.0, 0.0, 0.0, 0.020800000000000003, 0.020800000000000003, 0.020800000000000003, 0.020800000000000003, 0.0, 0.0001, 0.0, 0.0, 0.0001, 0.0, 0.0, 0.0, 0.0007, 0.0, 0.0007, 0.0], [0.0, 0.0, 0.0, 0.0061, 0.0061, 0.0061, 0.0061, 0.0, 0.0, 0.0, 0.0, 0.0, 0.0, 0.0002, 0.0, 0.0, 0.0002, 0.0, 0.0], [0.0, 0.0, 0.0, 0.049300000000000004, 0.049300000000000004, 0.049300000000000004, 0.049300000000000004, 0.00030000000000000003, 0.0, 0.0, 0.00030000000000000003, 0.0, 0.0, 0.0, 0.0016, 0.0, 0.0, 0.0, 0.0016], [0.0, 0.0, 0.0, 0.0002, 0.0002, 0.0002, 0.0002, 0.0, 0.0, 0.0, 0.0, 0.0, 0.0, 0.0, 0.0, 0.0, 0.0, 0.0, 0.0], [0.0, 0.0, 0.0, 0.0018000000000000002, 0.0018000000000000002, 0.0018000000000000002, 0.0018000000000000002, 0.0, 0.0, 0.0, 0.0, 0.0, 0.0, 0.0, 0.0, 0.0, 0.0, 0.0, 0.0], [0.0058000000000000005, 0.0154, 0.0016, 0.0, 0.0, 0.0, 0.0, 0.0, 0.0, 0.0, 0.0, 0.0, 0.0, 0.0, 0.0, 0.0, 0.0, 0.0, 0.0], [0.0, 0.0, 0.0, 0.0008, 0.0008, 0.0008, 0.0008, 0.0, 0.0, 0.0, 0.0, 0.0, 0.0, 0.0, 0.0, 0.0, 0.0, 0.0, 0.0], [0.0078000000000000005, 0.0002, 0.0151, 0.00030000000000000003, 0.00030000000000000003, 0.00030000000000000003, 0.00030000000000000003, 0.0, 0.0, 0.0, 0.0, 0.0, 0.0, 0.0, 0.0, 0.0, 0.0, 0.0, 0.0]]}}
bs_hinuma_vbm: {'band_index': {'1': [74, 75], '-1': []}, 'kpoint_index': [0, 40, 41], 'kpoint': <pymatgen.electronic_structure.bandstructure.Kpoint object at 0x7fc5d4b5a190>, 'energy': 2.5359, 'projections': {'1': [[0.0, 0.0001, 0.0002, 0.0, 0.0, 0.0, 0.0, 0.00030000000000000003, 0.0007, 0.0018000000000000002, 0.00030000000000000003, 0.0007, 0.0018000000000000002, 0.0, 0.0, 0.0, 0.0, 0.0, 0.0], [0.0, 0.0, 0.0, 0.0005, 0.0005, 0.0005, 0.0005, 0.0, 0.0505, 0.0, 0.0, 0.0505, 0.0, 0.0, 0.0, 0.0396, 0.0, 0.0396, 0.0], [0.0, 0.0, 0.0, 0.0012000000000000001, 0.0012000000000000001, 0.0012000000000000001, 0.0012000000000000001, 0.0, 0.0, 0.1298, 0.0, 0.0, 0.1298, 0.0015, 0.0, 0.0, 0.0015, 0.0, 0.0], [0.0, 0.0, 0.0, 0.0002, 0.0002, 0.0002, 0.0002, 0.019, 0.0, 0.0, 0.019, 0.0, 0.0, 0.0, 0.054700000000000006, 0.0, 0.0, 0.0, 0.054700000000000006], [0.0, 0.0, 0.0, 0.0002, 0.0002, 0.0002, 0.0002, 0.0, 0.0, 0.0, 0.0, 0.0, 0.0, 0.0, 0.0, 0.0, 0.0, 0.0, 0.0], [0.0, 0.0, 0.0, 0.0, 0.0, 0.0, 0.0, 0.0, 0.0, 0.0, 0.0, 0.0, 0.0, 0.0, 0.0, 0.0, 0.0, 0.0, 0.0], [0.001, 0.0014, 0.1547, 0.0008, 0.0008, 0.0008, 0.0008, 0.0, 0.0, 0.0, 0.0, 0.0, 0.0, 0.0, 0.0, 0.0, 0.0, 0.0, 0.0], [0.0, 0.0, 0.0, 0.0001, 0.0001, 0.0001, 0.0001, 0.0, 0.0, 0.0, 0.0, 0.0, 0.0, 0.0, 0.0, 0.0, 0.0, 0.0, 0.0], [0.0358, 0.069, 0.0004, 0.0, 0.0, 0.0, 0.0, 0.0, 0.0, 0.0, 0.0, 0.0, 0.0, 0.0, 0.0, 0.0, 0.0, 0.0, 0.0]]}}
bs_hinuma_efermi: 2.60526871
bs_latimer_munro_task_id: mp-2446180
bs_latimer_munro_band_gap: 3.04
bs_latimer_munro_cbm: {'band_index': {'-1': [70, 71], '1': []}, 'kpoint_index': [15, 16, 102], 'kpoint': <pymatgen.electronic_structure.bandstructure.Kpoint object at 0x7fc5d4b59be0>, 'energy': 5.5759, 'projections': {'-1': [[0.006200000000000001, 0.003, 0.0006000000000000001, 0.0, 0.0, 0.0, 0.0, 0.0142, 0.0067, 0.0014, 0.0142, 0.0067, 0.0014, 0.0088, 0.0004, 0.0053, 0.0088, 0.0053, 0.0004], [0.0, 0.0, 0.0, 0.023, 0.023, 0.023, 0.023, 0.0, 0.0001, 0.0, 0.0, 0.0001, 0.0, 0.0, 0.0, 0.0008, 0.0, 0.0008, 0.0], [0.0, 0.0, 0.0, 0.0047, 0.0047, 0.0047, 0.0047, 0.0, 0.0, 0.0, 0.0, 0.0, 0.0, 0.0002, 0.0, 0.0, 0.0002, 0.0, 0.0], [0.0, 0.0, 0.0, 0.048400000000000006, 0.048400000000000006, 0.048400000000000006, 0.048400000000000006, 0.00030000000000000003, 0.0, 0.0, 0.00030000000000000003, 0.0, 0.0, 0.0, 0.0016, 0.0, 0.0, 0.0, 0.0016], [0.0, 0.0, 0.0, 0.0002, 0.0002, 0.0002, 0.0002, 0.0, 0.0, 0.0, 0.0, 0.0, 0.0, 0.0, 0.0, 0.0, 0.0, 0.0, 0.0], [0.0, 0.0, 0.0, 0.0018000000000000002, 0.0018000000000000002, 0.0018000000000000002, 0.0018000000000000002, 0.0, 0.0, 0.0, 0.0, 0.0, 0.0, 0.0, 0.0, 0.0, 0.0, 0.0, 0.0], [0.006500000000000001, 0.015, 0.0013000000000000002, 0.0, 0.0, 0.0, 0.0, 0.0, 0.0, 0.0, 0.0, 0.0, 0.0, 0.0, 0.0, 0.0, 0.0, 0.0, 0.0], [0.0, 0.0, 0.0, 0.0008, 0.0008, 0.0008, 0.0008, 0.0, 0.0, 0.0, 0.0, 0.0, 0.0, 0.0, 0.0, 0.0, 0.0, 0.0, 0.0], [0.007200000000000001, 0.0004, 0.0155, 0.00030000000000000003, 0.00030000000000000003, 0.00030000000000000003, 0.00030000000000000003, 0.0, 0.0, 0.0, 0.0, 0.0, 0.0, 0.0, 0.0, 0.0, 0.0, 0.0, 0.0]]}}
bs_latimer_munro_vbm: {'band_index': {'1': [74, 75], '-1': []}, 'kpoint_index': [32, 33, 78, 79], 'kpoint': <pymatgen.electronic_structure.bandstructure.Kpoint object at 0x7fc5d4b5a200>, 'energy': 2.5359, 'projections': {'1': [[0.0, 0.0001, 0.0002, 0.0, 0.0, 0.0, 0.0, 0.0004, 0.0006000000000000001, 0.0018000000000000002, 0.0004, 0.0006000000000000001, 0.0018000000000000002, 0.0, 0.0, 0.0, 0.0, 0.0, 0.0], [0.0, 0.0, 0.0, 0.0004, 0.0004, 0.0004, 0.0004, 0.0, 0.0417, 0.0, 0.0, 0.0417, 0.0, 0.0, 0.0, 0.0438, 0.0, 0.0438, 0.0], [0.0, 0.0, 0.0, 0.0012000000000000001, 0.0012000000000000001, 0.0012000000000000001, 0.0012000000000000001, 0.0, 0.0, 0.1318, 0.0, 0.0, 0.1318, 0.0005, 0.0, 0.0, 0.0005, 0.0, 0.0], [0.0, 0.0, 0.0, 0.0002, 0.0002, 0.0002, 0.0002, 0.0258, 0.0, 0.0, 0.0258, 0.0, 0.0, 0.0, 0.0514, 0.0, 0.0, 0.0, 0.0514], [0.0, 0.0, 0.0, 0.0002, 0.0002, 0.0002, 0.0002, 0.0, 0.0, 0.0, 0.0, 0.0, 0.0, 0.0, 0.0, 0.0, 0.0, 0.0, 0.0], [0.0, 0.0, 0.0, 0.0, 0.0, 0.0, 0.0, 0.0, 0.0, 0.0, 0.0, 0.0, 0.0, 0.0, 0.0, 0.0, 0.0, 0.0, 0.0], [0.00030000000000000003, 0.0005, 0.15710000000000002, 0.0008, 0.0008, 0.0008, 0.0008, 0.0, 0.0, 0.0, 0.0, 0.0, 0.0, 0.0, 0.0, 0.0, 0.0, 0.0, 0.0], [0.0, 0.0, 0.0, 0.0001, 0.0001, 0.0001, 0.0001, 0.0, 0.0, 0.0, 0.0, 0.0, 0.0, 0.0, 0.0, 0.0, 0.0, 0.0, 0.0], [0.0437, 0.060500000000000005, 0.0001, 0.0, 0.0, 0.0, 0.0, 0.0, 0.0, 0.0, 0.0, 0.0, 0.0, 0.0, 0.0, 0.0, 0.0, 0.0, 0.0]]}}
bs_latimer_munro_efermi: 2.61051116