material_id: mp-1191616
band_gap: 0.5897
efermi: 0.08977042
dos_magnetic_ordering: FM
dos_total_task_id: mp-1675351
dos_total_band_gap: 0.6635
dos_total_cbm: 0.7348
dos_total_vbm: 0.0713
dos_total_efermi: 0.08977042
bs_latimer_munro_task_id: mp-2712193
bs_latimer_munro_band_gap: 0.5478000000000001
bs_latimer_munro_cbm: {'band_index': {'-1': [84], '1': []}, 'kpoint_index': [119, 120, 163, 164, 233], 'kpoint': <pymatgen.electronic_structure.bandstructure.Kpoint object at 0x7fc699d63930>, 'energy': 0.6556000000000001, 'projections': {'-1': [[0.0002, 0.0002, 0.0002, 0.0002, 0.0, 0.0, 0.0, 0.0, 0.0, 0.0, 0.0, 0.0, 0.0017000000000000001, 0.0017000000000000001, 0.0017000000000000001, 0.0017000000000000001, 0.0007, 0.0007, 0.0007, 0.0007, 0.00030000000000000003, 0.00030000000000000003, 0.00030000000000000003, 0.00030000000000000003], [0.0, 0.0, 0.0, 0.0, 0.0001, 0.0001, 0.0001, 0.0001, 0.0025, 0.0025, 0.0025, 0.0025, 0.0012000000000000001, 0.0012000000000000001, 0.0012000000000000001, 0.0012000000000000001, 0.001, 0.001, 0.001, 0.001, 0.0002, 0.0002, 0.0002, 0.0002], [0.0, 0.0, 0.0, 0.0, 0.0056, 0.0056, 0.0056, 0.0056, 0.07970000000000001, 0.07970000000000001, 0.07970000000000001, 0.07970000000000001, 0.0028, 0.0028, 0.0028, 0.0028, 0.0028, 0.0028, 0.0028, 0.0028, 0.0126, 0.0126, 0.0126, 0.0126], [0.0001, 0.0001, 0.0001, 0.0001, 0.00030000000000000003, 0.00030000000000000003, 0.00030000000000000003, 0.00030000000000000003, 0.0033, 0.0033, 0.0033, 0.0033, 0.0002, 0.0002, 0.0002, 0.0002, 0.0, 0.0, 0.0, 0.0, 0.0001, 0.0001, 0.0001, 0.0001], [0.0038, 0.0038, 0.0038, 0.0038, 0.0, 0.0, 0.0, 0.0, 0.0, 0.0, 0.0, 0.0, 0.0, 0.0, 0.0, 0.0, 0.0, 0.0, 0.0, 0.0, 0.0, 0.0, 0.0, 0.0], [0.0687, 0.0687, 0.0687, 0.0687, 0.0001, 0.0001, 0.0001, 0.0001, 0.0, 0.0, 0.0, 0.0, 0.0, 0.0, 0.0, 0.0, 0.0, 0.0, 0.0, 0.0, 0.0, 0.0, 0.0, 0.0], [0.0044, 0.0044, 0.0044, 0.0044, 0.00030000000000000003, 0.00030000000000000003, 0.00030000000000000003, 0.00030000000000000003, 0.0, 0.0, 0.0, 0.0, 0.0, 0.0, 0.0, 0.0, 0.0, 0.0, 0.0, 0.0, 0.0, 0.0, 0.0, 0.0], [0.008, 0.008, 0.008, 0.008, 0.0004, 0.0004, 0.0004, 0.0004, 0.0, 0.0, 0.0, 0.0, 0.0, 0.0, 0.0, 0.0, 0.0, 0.0, 0.0, 0.0, 0.0, 0.0, 0.0, 0.0], [0.0007, 0.0007, 0.0007, 0.0007, 0.0, 0.0, 0.0, 0.0, 0.0, 0.0, 0.0, 0.0, 0.0, 0.0, 0.0, 0.0, 0.0, 0.0, 0.0, 0.0, 0.0, 0.0, 0.0, 0.0]]}}
bs_latimer_munro_vbm: {'band_index': {'-1': [83], '1': []}, 'kpoint_index': ['141'], 'kpoint': <pymatgen.electronic_structure.bandstructure.Kpoint object at 0x7fc5d4b5a430>, 'energy': 0.1078, 'projections': {'-1': [[0.00030000000000000003, 0.00030000000000000003, 0.00030000000000000003, 0.00030000000000000003, 0.0008, 0.0008, 0.0008, 0.0008, 0.0001, 0.0001, 0.0001, 0.0001, 0.0, 0.0, 0.0, 0.0, 0.0001, 0.0001, 0.0001, 0.0001, 0.0004, 0.0004, 0.0004, 0.0004], [0.0, 0.0, 0.0, 0.0, 0.0001, 0.0001, 0.0001, 0.0001, 0.0356, 0.0356, 0.0356, 0.0356, 0.0182, 0.0182, 0.0182, 0.0182, 0.0018000000000000002, 0.0018000000000000002, 0.0018000000000000002, 0.0018000000000000002, 0.00030000000000000003, 0.00030000000000000003, 0.00030000000000000003, 0.00030000000000000003], [0.00030000000000000003, 0.00030000000000000003, 0.00030000000000000003, 0.00030000000000000003, 0.0006000000000000001, 0.0006000000000000001, 0.0006000000000000001, 0.0006000000000000001, 0.0494, 0.0494, 0.0494, 0.0494, 0.0022, 0.0022, 0.0022, 0.0022, 0.0008, 0.0008, 0.0008, 0.0008, 0.0315, 0.0315, 0.0315, 0.0315], [0.0001, 0.0001, 0.0001, 0.0001, 0.0007, 0.0008, 0.0008, 0.0008, 0.0173, 0.0173, 0.0173, 0.0173, 0.0091, 0.0091, 0.0091, 0.0091, 0.0025, 0.0025, 0.0025, 0.0025, 0.0013000000000000002, 0.0013000000000000002, 0.0013000000000000002, 0.0013000000000000002], [0.0053, 0.0053, 0.0053, 0.0053, 0.0, 0.0, 0.0, 0.0, 0.0, 0.0, 0.0, 0.0, 0.0, 0.0, 0.0, 0.0, 0.0, 0.0, 0.0, 0.0, 0.0, 0.0, 0.0, 0.0], [0.006900000000000001, 0.006900000000000001, 0.006900000000000001, 0.006900000000000001, 0.00030000000000000003, 0.00030000000000000003, 0.00030000000000000003, 0.00030000000000000003, 0.0, 0.0, 0.0, 0.0, 0.0, 0.0, 0.0, 0.0, 0.0, 0.0, 0.0, 0.0, 0.0, 0.0, 0.0, 0.0], [0.0068000000000000005, 0.0068000000000000005, 0.0068000000000000005, 0.0068000000000000005, 0.0002, 0.0002, 0.0002, 0.0002, 0.0, 0.0, 0.0, 0.0, 0.0, 0.0, 0.0, 0.0, 0.0, 0.0, 0.0, 0.0, 0.0, 0.0, 0.0, 0.0], [0.00030000000000000003, 0.00030000000000000003, 0.00030000000000000003, 0.00030000000000000003, 0.0, 0.0, 0.0, 0.0, 0.0, 0.0, 0.0, 0.0, 0.0, 0.0, 0.0, 0.0, 0.0, 0.0, 0.0, 0.0, 0.0, 0.0, 0.0, 0.0], [0.0021000000000000003, 0.0021000000000000003, 0.0021000000000000003, 0.0021000000000000003, 0.0001, 0.0001, 0.0001, 0.0001, 0.0, 0.0, 0.0, 0.0, 0.0, 0.0, 0.0, 0.0, 0.0, 0.0, 0.0, 0.0, 0.0, 0.0, 0.0, 0.0]]}}
bs_latimer_munro_efermi: 0.17688831