material_id: mp-1042105
band_gap: 1.316999999999999
efermi: 4.66354702
dos_magnetic_ordering: FM
dos_total_task_id: mp-1683490
dos_total_band_gap: 1.316999999999999
dos_total_cbm: 5.9723
dos_total_vbm: 4.6553
dos_total_efermi: 4.66354702
bs_setyawan_curtarolo_task_id: mp-1042124
bs_setyawan_curtarolo_band_gap: 1.723399999999999
bs_setyawan_curtarolo_cbm: {'band_index': {'1': [90], '-1': []}, 'kpoint_index': [0], 'kpoint': <pymatgen.electronic_structure.bandstructure.Kpoint object at 0x7fc699d63930>, 'energy': 6.0405, 'projections': {'1': [[0.0004, 0.0004, 0.0011, 0.0011, 0.0, 0.0, 0.0, 0.0, 0.0, 0.0, 0.0, 0.0, 0.00030000000000000003, 0.00030000000000000003, 0.00030000000000000003, 0.00030000000000000003, 0.0, 0.0, 0.0, 0.0, 0.0, 0.0, 0.0, 0.0], [0.0002, 0.0002, 0.0008, 0.0008, 0.0007, 0.0007, 0.0007, 0.0007, 0.0056, 0.0056, 0.0056, 0.0056, 0.0027, 0.0027, 0.0027, 0.0027, 0.0016, 0.0016, 0.0016, 0.0016, 0.0004, 0.0004, 0.0004, 0.0004], [0.0, 0.0, 0.0, 0.0, 0.0002, 0.0002, 0.0002, 0.0002, 0.0016, 0.0016, 0.0016, 0.0016, 0.0, 0.0, 0.0, 0.0, 0.0025, 0.0025, 0.0025, 0.0025, 0.002, 0.002, 0.002, 0.002], [0.0, 0.0, 0.0, 0.0, 0.0, 0.0, 0.0, 0.0, 0.00030000000000000003, 0.00030000000000000003, 0.00030000000000000003, 0.00030000000000000003, 0.00030000000000000003, 0.00030000000000000003, 0.00030000000000000003, 0.00030000000000000003, 0.0006000000000000001, 0.0006000000000000001, 0.0006000000000000001, 0.0006000000000000001, 0.0014, 0.0014, 0.0014, 0.0014], [0.0, 0.0, 0.0, 0.0, 0.001, 0.001, 0.001, 0.001, 0.0, 0.0, 0.0, 0.0, 0.0, 0.0, 0.0, 0.0, 0.0, 0.0, 0.0, 0.0, 0.0, 0.0, 0.0, 0.0], [0.0, 0.0, 0.0, 0.0, 0.002, 0.002, 0.002, 0.002, 0.0, 0.0, 0.0, 0.0, 0.0, 0.0, 0.0, 0.0, 0.0, 0.0, 0.0, 0.0, 0.0, 0.0, 0.0, 0.0], [0.0, 0.0, 0.2474, 0.24680000000000002, 0.014, 0.014, 0.014100000000000001, 0.014, 0.0, 0.0, 0.0, 0.0, 0.0, 0.0, 0.0, 0.0, 0.0, 0.0, 0.0, 0.0, 0.0, 0.0, 0.0, 0.0], [0.0, 0.0, 0.0063, 0.0063, 0.006900000000000001, 0.006900000000000001, 0.006900000000000001, 0.006900000000000001, 0.0, 0.0, 0.0, 0.0, 0.0, 0.0, 0.0, 0.0, 0.0, 0.0, 0.0, 0.0, 0.0, 0.0, 0.0, 0.0], [0.0, 0.0, 0.0371, 0.037, 0.0205, 0.0205, 0.0205, 0.0205, 0.0, 0.0, 0.0, 0.0, 0.0, 0.0, 0.0, 0.0, 0.0, 0.0, 0.0, 0.0, 0.0, 0.0, 0.0, 0.0]]}}
bs_setyawan_curtarolo_vbm: {'band_index': {'1': [89], '-1': []}, 'kpoint_index': [0], 'kpoint': <pymatgen.electronic_structure.bandstructure.Kpoint object at 0x7fc5d4b59c50>, 'energy': 4.3171, 'projections': {'1': [[0.0, 0.0, 0.0, 0.0, 0.0, 0.0, 0.0, 0.0, 0.0, 0.0, 0.0, 0.0, 0.0001, 0.0001, 0.0001, 0.0001, 0.0, 0.0, 0.0, 0.0, 0.0001, 0.0001, 0.0001, 0.0001], [0.0, 0.0, 0.0, 0.0, 0.0007, 0.0007, 0.0007, 0.0007, 0.0014, 0.0014, 0.0014, 0.0014, 0.013900000000000001, 0.013900000000000001, 0.013900000000000001, 0.013900000000000001, 0.008700000000000001, 0.008700000000000001, 0.008700000000000001, 0.008700000000000001, 0.0086, 0.0086, 0.008700000000000001, 0.0086], [0.0001, 0.0001, 0.0001, 0.0001, 0.0002, 0.0002, 0.0002, 0.0002, 0.003, 0.003, 0.0031000000000000003, 0.0031000000000000003, 0.0071, 0.007, 0.007, 0.007, 0.0363, 0.0364, 0.0363, 0.0364, 0.0, 0.0, 0.0, 0.0], [0.0001, 0.0001, 0.0005, 0.0005, 0.0002, 0.0002, 0.0002, 0.0002, 0.0063, 0.006200000000000001, 0.0063, 0.0063, 0.0132, 0.0131, 0.0131, 0.0131, 0.0056, 0.0056, 0.0056, 0.0056, 0.0005, 0.0005, 0.0005, 0.0005], [0.0, 0.0, 0.0608, 0.061, 0.0291, 0.0291, 0.0292, 0.0291, 0.0, 0.0, 0.0, 0.0, 0.0, 0.0, 0.0, 0.0, 0.0, 0.0, 0.0, 0.0, 0.0, 0.0, 0.0, 0.0], [0.0, 0.0, 0.0585, 0.058600000000000006, 0.008, 0.008, 0.008, 0.008, 0.0, 0.0, 0.0, 0.0, 0.0, 0.0, 0.0, 0.0, 0.0, 0.0, 0.0, 0.0, 0.0, 0.0, 0.0, 0.0], [0.0, 0.0, 0.0, 0.0, 0.014700000000000001, 0.0146, 0.014700000000000001, 0.0146, 0.0, 0.0, 0.0, 0.0, 0.0, 0.0, 0.0, 0.0, 0.0, 0.0, 0.0, 0.0, 0.0, 0.0, 0.0, 0.0], [0.0, 0.0, 0.0, 0.0, 0.0, 0.0, 0.0, 0.0, 0.0, 0.0, 0.0, 0.0, 0.0, 0.0, 0.0, 0.0, 0.0, 0.0, 0.0, 0.0, 0.0, 0.0, 0.0, 0.0], [0.0, 0.0, 0.0, 0.0, 0.0023, 0.0022, 0.0023, 0.0022, 0.0, 0.0, 0.0, 0.0, 0.0, 0.0, 0.0, 0.0, 0.0, 0.0, 0.0, 0.0, 0.0, 0.0, 0.0, 0.0]]}}
bs_setyawan_curtarolo_efermi: 4.43108892