material_id: mp-18281
band_gap: 3.042
efermi: 1.96732726
dos_magnetic_ordering: FM
dos_total_task_id: mp-1765689
dos_total_band_gap: 3.112
dos_total_cbm: 4.767
dos_total_vbm: 1.655
dos_total_efermi: 1.70980726
bs_setyawan_curtarolo_task_id: mp-1611182
bs_setyawan_curtarolo_band_gap: 3.042
bs_setyawan_curtarolo_cbm: {'band_index': {'-1': [106], '1': []}, 'kpoint_index': [0], 'kpoint': <pymatgen.electronic_structure.bandstructure.Kpoint object at 0x7fc699d63930>, 'energy': 4.7442, 'projections': {'-1': [[0.0004, 0.0004, 0.0004, 0.0004, 0.0, 0.0, 0.0, 0.0, 0.0, 0.0, 0.0, 0.0, 0.0, 0.0, 0.00030000000000000003, 0.00030000000000000003, 0.00030000000000000003, 0.00030000000000000003, 0.0009000000000000001, 0.0009000000000000001, 0.0009000000000000001, 0.0009000000000000001, 0.0, 0.0, 0.0, 0.0, 0.00030000000000000003, 0.00030000000000000003, 0.00030000000000000003, 0.00030000000000000003], [0.0001, 0.0001, 0.0001, 0.0001, 0.0, 0.0, 0.0049, 0.0049, 0.0049, 0.0049, 0.0, 0.0, 0.0, 0.0, 0.0002, 0.0002, 0.0002, 0.0002, 0.0, 0.0, 0.0, 0.0, 0.0027, 0.0027, 0.0027, 0.0027, 0.0025, 0.0025, 0.0025, 0.0025], [0.0, 0.0, 0.0, 0.0, 0.0, 0.0, 0.0001, 0.0001, 0.0001, 0.0001, 0.0001, 0.0001, 0.0001, 0.0001, 0.0001, 0.0001, 0.0001, 0.0001, 0.0001, 0.0001, 0.0001, 0.0001, 0.0012000000000000001, 0.0012000000000000001, 0.0012000000000000001, 0.0012000000000000001, 0.0, 0.0, 0.0, 0.0], [0.0001, 0.0001, 0.0001, 0.0001, 0.0, 0.0, 0.0006000000000000001, 0.0006000000000000001, 0.0006000000000000001, 0.0006000000000000001, 0.00030000000000000003, 0.00030000000000000003, 0.00030000000000000003, 0.00030000000000000003, 0.0, 0.0, 0.0, 0.0, 0.0001, 0.0001, 0.0001, 0.0001, 0.001, 0.001, 0.001, 0.001, 0.0018000000000000002, 0.0018000000000000002, 0.0018000000000000002, 0.0018000000000000002], [0.1326, 0.1326, 0.1326, 0.1326, 0.0001, 0.0001, 0.0, 0.0, 0.0, 0.0, 0.0, 0.0, 0.0, 0.0, 0.0, 0.0, 0.0, 0.0, 0.0, 0.0, 0.0, 0.0, 0.0, 0.0, 0.0, 0.0, 0.0, 0.0, 0.0, 0.0], [0.0001, 0.0001, 0.0001, 0.0001, 0.0, 0.0, 0.0, 0.0, 0.0, 0.0, 0.0, 0.0, 0.0, 0.0, 0.0, 0.0, 0.0, 0.0, 0.0, 0.0, 0.0, 0.0, 0.0, 0.0, 0.0, 0.0, 0.0, 0.0, 0.0, 0.0], [0.0077, 0.0077, 0.0077, 0.0077, 0.0001, 0.0001, 0.0, 0.0, 0.0, 0.0, 0.0, 0.0, 0.0, 0.0, 0.0, 0.0, 0.0, 0.0, 0.0, 0.0, 0.0, 0.0, 0.0, 0.0, 0.0, 0.0, 0.0, 0.0, 0.0, 0.0], [0.0488, 0.0488, 0.0487, 0.0488, 0.0007, 0.0007, 0.0, 0.0, 0.0, 0.0, 0.0, 0.0, 0.0, 0.0, 0.0, 0.0, 0.0, 0.0, 0.0, 0.0, 0.0, 0.0, 0.0, 0.0, 0.0, 0.0, 0.0, 0.0, 0.0, 0.0], [0.013300000000000001, 0.013300000000000001, 0.013300000000000001, 0.013300000000000001, 0.00030000000000000003, 0.00030000000000000003, 0.0, 0.0, 0.0, 0.0, 0.0, 0.0, 0.0, 0.0, 0.0, 0.0, 0.0, 0.0, 0.0, 0.0, 0.0, 0.0, 0.0, 0.0, 0.0, 0.0, 0.0, 0.0, 0.0, 0.0]]}}
bs_setyawan_curtarolo_vbm: {'band_index': {'1': [105], '-1': []}, 'kpoint_index': [0], 'kpoint': <pymatgen.electronic_structure.bandstructure.Kpoint object at 0x7fc5d4b59c50>, 'energy': 1.7022, 'projections': {'1': [[0.0001, 0.0001, 0.0001, 0.0001, 0.0001, 0.0001, 0.0001, 0.0001, 0.0001, 0.0001, 0.0, 0.0, 0.0, 0.0, 0.0004, 0.0004, 0.0004, 0.0004, 0.0013000000000000002, 0.0013000000000000002, 0.0013000000000000002, 0.0013000000000000002, 0.0001, 0.0001, 0.0001, 0.0001, 0.0002, 0.0002, 0.0002, 0.0002], [0.0, 0.0, 0.0, 0.0, 0.0, 0.0, 0.00030000000000000003, 0.00030000000000000003, 0.00030000000000000003, 0.00030000000000000003, 0.0057, 0.0057, 0.0057, 0.0057, 0.018600000000000002, 0.018600000000000002, 0.018600000000000002, 0.018600000000000002, 0.0026000000000000003, 0.0026000000000000003, 0.0026000000000000003, 0.0026000000000000003, 0.013800000000000002, 0.013800000000000002, 0.013800000000000002, 0.013800000000000002, 0.0018000000000000002, 0.0018000000000000002, 0.0018000000000000002, 0.0018000000000000002], [0.0, 0.0, 0.0, 0.0, 0.0, 0.0, 0.001, 0.001, 0.001, 0.001, 0.002, 0.002, 0.002, 0.002, 0.013800000000000002, 0.013800000000000002, 0.013800000000000002, 0.013800000000000002, 0.0034000000000000002, 0.0034000000000000002, 0.0034000000000000002, 0.0034000000000000002, 0.0122, 0.0122, 0.0122, 0.0122, 0.003, 0.003, 0.003, 0.003], [0.0, 0.0, 0.0, 0.0, 0.0, 0.0, 0.0, 0.0, 0.0, 0.0, 0.0017000000000000001, 0.0017000000000000001, 0.0017000000000000001, 0.0017000000000000001, 0.0021000000000000003, 0.0021000000000000003, 0.0021000000000000003, 0.0021000000000000003, 0.0502, 0.0502, 0.0502, 0.0502, 0.0006000000000000001, 0.0006000000000000001, 0.0006000000000000001, 0.0006000000000000001, 0.0368, 0.0368, 0.0368, 0.0368], [0.0001, 0.0001, 0.0001, 0.0001, 0.0233, 0.0233, 0.0, 0.0, 0.0, 0.0, 0.0, 0.0, 0.0, 0.0, 0.0, 0.0, 0.0, 0.0, 0.0, 0.0, 0.0, 0.0, 0.0, 0.0, 0.0, 0.0, 0.0, 0.0, 0.0, 0.0], [0.0015, 0.0015, 0.0015, 0.0015, 0.0011, 0.0011, 0.0, 0.0, 0.0, 0.0, 0.0, 0.0, 0.0, 0.0, 0.0, 0.0, 0.0, 0.0, 0.0, 0.0, 0.0, 0.0, 0.0, 0.0, 0.0, 0.0, 0.0, 0.0, 0.0, 0.0], [0.0011, 0.0011, 0.0011, 0.0011, 0.0275, 0.0275, 0.0, 0.0, 0.0, 0.0, 0.0, 0.0, 0.0, 0.0, 0.0, 0.0, 0.0, 0.0, 0.0, 0.0, 0.0, 0.0, 0.0, 0.0, 0.0, 0.0, 0.0, 0.0, 0.0, 0.0], [0.0001, 0.0001, 0.0001, 0.0001, 0.006, 0.006, 0.0, 0.0, 0.0, 0.0, 0.0, 0.0, 0.0, 0.0, 0.0, 0.0, 0.0, 0.0, 0.0, 0.0, 0.0, 0.0, 0.0, 0.0, 0.0, 0.0, 0.0, 0.0, 0.0, 0.0], [0.0017000000000000001, 0.0017000000000000001, 0.0017000000000000001, 0.0017000000000000001, 0.004200000000000001, 0.004200000000000001, 0.0, 0.0, 0.0, 0.0, 0.0, 0.0, 0.0, 0.0, 0.0, 0.0, 0.0, 0.0, 0.0, 0.0, 0.0, 0.0, 0.0, 0.0, 0.0, 0.0, 0.0, 0.0, 0.0, 0.0]]}}
bs_setyawan_curtarolo_efermi: 1.96732726
bs_latimer_munro_task_id: mp-2685446
bs_latimer_munro_band_gap: 3.042
bs_latimer_munro_cbm: {'band_index': {'-1': [106], '1': []}, 'kpoint_index': [36, 37, 134, 135, 146, 159, 170], 'kpoint': <pymatgen.electronic_structure.bandstructure.Kpoint object at 0x7fc5d4b5a430>, 'energy': 4.7442, 'projections': {'-1': [[0.0004, 0.0004, 0.0004, 0.0004, 0.0, 0.0, 0.0, 0.0, 0.0, 0.0, 0.0, 0.0, 0.0, 0.0, 0.00030000000000000003, 0.0004, 0.00030000000000000003, 0.00030000000000000003, 0.0009000000000000001, 0.0009000000000000001, 0.0009000000000000001, 0.0009000000000000001, 0.0, 0.0, 0.0, 0.0, 0.00030000000000000003, 0.00030000000000000003, 0.00030000000000000003, 0.00030000000000000003], [0.0001, 0.0001, 0.0001, 0.0001, 0.0, 0.0, 0.0049, 0.0049, 0.0049, 0.0049, 0.0, 0.0, 0.0, 0.0, 0.0002, 0.0002, 0.0002, 0.0002, 0.0, 0.0, 0.0, 0.0, 0.0027, 0.0027, 0.0027, 0.0027, 0.0025, 0.0025, 0.0025, 0.0025], [0.0, 0.0, 0.0, 0.0, 0.0, 0.0, 0.0001, 0.0001, 0.0001, 0.0001, 0.0001, 0.0001, 0.0001, 0.0001, 0.0001, 0.0001, 0.0001, 0.0001, 0.0001, 0.0001, 0.0001, 0.0001, 0.0012000000000000001, 0.0012000000000000001, 0.0012000000000000001, 0.0012000000000000001, 0.0, 0.0, 0.0, 0.0], [0.0001, 0.0001, 0.0001, 0.0001, 0.0, 0.0, 0.0006000000000000001, 0.0006000000000000001, 0.0006000000000000001, 0.0006000000000000001, 0.00030000000000000003, 0.00030000000000000003, 0.00030000000000000003, 0.00030000000000000003, 0.0, 0.0, 0.0, 0.0, 0.0001, 0.0001, 0.0001, 0.0001, 0.001, 0.001, 0.001, 0.001, 0.0018000000000000002, 0.0018000000000000002, 0.0018000000000000002, 0.0018000000000000002], [0.1326, 0.1326, 0.1326, 0.1326, 0.0001, 0.0001, 0.0, 0.0, 0.0, 0.0, 0.0, 0.0, 0.0, 0.0, 0.0, 0.0, 0.0, 0.0, 0.0, 0.0, 0.0, 0.0, 0.0, 0.0, 0.0, 0.0, 0.0, 0.0, 0.0, 0.0], [0.0001, 0.0001, 0.0001, 0.0001, 0.0, 0.0, 0.0, 0.0, 0.0, 0.0, 0.0, 0.0, 0.0, 0.0, 0.0, 0.0, 0.0, 0.0, 0.0, 0.0, 0.0, 0.0, 0.0, 0.0, 0.0, 0.0, 0.0, 0.0, 0.0, 0.0], [0.0077, 0.0077, 0.0077, 0.0077, 0.0001, 0.0001, 0.0, 0.0, 0.0, 0.0, 0.0, 0.0, 0.0, 0.0, 0.0, 0.0, 0.0, 0.0, 0.0, 0.0, 0.0, 0.0, 0.0, 0.0, 0.0, 0.0, 0.0, 0.0, 0.0, 0.0], [0.0488, 0.0488, 0.0488, 0.0488, 0.0007, 0.0007, 0.0, 0.0, 0.0, 0.0, 0.0, 0.0, 0.0, 0.0, 0.0, 0.0, 0.0, 0.0, 0.0, 0.0, 0.0, 0.0, 0.0, 0.0, 0.0, 0.0, 0.0, 0.0, 0.0, 0.0], [0.013300000000000001, 0.013300000000000001, 0.013300000000000001, 0.013300000000000001, 0.00030000000000000003, 0.00030000000000000003, 0.0, 0.0, 0.0, 0.0, 0.0, 0.0, 0.0, 0.0, 0.0, 0.0, 0.0, 0.0, 0.0, 0.0, 0.0, 0.0, 0.0, 0.0, 0.0, 0.0, 0.0, 0.0, 0.0, 0.0]]}}
bs_latimer_munro_vbm: {'band_index': {'1': [105], '-1': []}, 'kpoint_index': [36, 37, 134, 135, 146, 159, 170], 'kpoint': <pymatgen.electronic_structure.bandstructure.Kpoint object at 0x7fc5d4b5a350>, 'energy': 1.7022, 'projections': {'1': [[0.0001, 0.0001, 0.0001, 0.0001, 0.0001, 0.0001, 0.0001, 0.0001, 0.0001, 0.0001, 0.0, 0.0, 0.0, 0.0, 0.0004, 0.0004, 0.0004, 0.0004, 0.0013000000000000002, 0.0013000000000000002, 0.0013000000000000002, 0.0013000000000000002, 0.0001, 0.0001, 0.0001, 0.0001, 0.0002, 0.0002, 0.0002, 0.0002], [0.0, 0.0, 0.0, 0.0, 0.0, 0.0, 0.00030000000000000003, 0.00030000000000000003, 0.00030000000000000003, 0.00030000000000000003, 0.0057, 0.0057, 0.0057, 0.0057, 0.018600000000000002, 0.018600000000000002, 0.018600000000000002, 0.018600000000000002, 0.0026000000000000003, 0.0026000000000000003, 0.0026000000000000003, 0.0026000000000000003, 0.013800000000000002, 0.013800000000000002, 0.013800000000000002, 0.013800000000000002, 0.0018000000000000002, 0.0018000000000000002, 0.0018000000000000002, 0.0018000000000000002], [0.0, 0.0, 0.0, 0.0, 0.0, 0.0, 0.001, 0.001, 0.001, 0.001, 0.002, 0.002, 0.002, 0.002, 0.013800000000000002, 0.013800000000000002, 0.013800000000000002, 0.013800000000000002, 0.0034000000000000002, 0.0034000000000000002, 0.0034000000000000002, 0.0034000000000000002, 0.0122, 0.0122, 0.0122, 0.0122, 0.003, 0.003, 0.003, 0.003], [0.0, 0.0, 0.0, 0.0, 0.0, 0.0, 0.0, 0.0, 0.0, 0.0, 0.0017000000000000001, 0.0017000000000000001, 0.0017000000000000001, 0.0017000000000000001, 0.0021000000000000003, 0.0021000000000000003, 0.0021000000000000003, 0.0021000000000000003, 0.0502, 0.0502, 0.0502, 0.0502, 0.0006000000000000001, 0.0006000000000000001, 0.0006000000000000001, 0.0006000000000000001, 0.0368, 0.0368, 0.0368, 0.0368], [0.0001, 0.0001, 0.0001, 0.0001, 0.0233, 0.0233, 0.0, 0.0, 0.0, 0.0, 0.0, 0.0, 0.0, 0.0, 0.0, 0.0, 0.0, 0.0, 0.0, 0.0, 0.0, 0.0, 0.0, 0.0, 0.0, 0.0, 0.0, 0.0, 0.0, 0.0], [0.0015, 0.0015, 0.0015, 0.0015, 0.0011, 0.0011, 0.0, 0.0, 0.0, 0.0, 0.0, 0.0, 0.0, 0.0, 0.0, 0.0, 0.0, 0.0, 0.0, 0.0, 0.0, 0.0, 0.0, 0.0, 0.0, 0.0, 0.0, 0.0, 0.0, 0.0], [0.0011, 0.0011, 0.0011, 0.0011, 0.0275, 0.0275, 0.0, 0.0, 0.0, 0.0, 0.0, 0.0, 0.0, 0.0, 0.0, 0.0, 0.0, 0.0, 0.0, 0.0, 0.0, 0.0, 0.0, 0.0, 0.0, 0.0, 0.0, 0.0, 0.0, 0.0], [0.0001, 0.0001, 0.0001, 0.0001, 0.006, 0.006, 0.0, 0.0, 0.0, 0.0, 0.0, 0.0, 0.0, 0.0, 0.0, 0.0, 0.0, 0.0, 0.0, 0.0, 0.0, 0.0, 0.0, 0.0, 0.0, 0.0, 0.0, 0.0, 0.0, 0.0], [0.0017000000000000001, 0.0017000000000000001, 0.0017000000000000001, 0.0017000000000000001, 0.004200000000000001, 0.004200000000000001, 0.0, 0.0, 0.0, 0.0, 0.0, 0.0, 0.0, 0.0, 0.0, 0.0, 0.0, 0.0, 0.0, 0.0, 0.0, 0.0, 0.0, 0.0, 0.0, 0.0, 0.0, 0.0, 0.0, 0.0]]}}
bs_latimer_munro_efermi: 1.88831483