material_id: mp-19028
band_gap: 1.6539000000000001
efermi: 1.55226975
dos_magnetic_ordering: FM
dos_total_task_id: mp-1675046
dos_total_band_gap: 2.7958
dos_total_cbm: 4.3382
dos_total_vbm: 1.5424
dos_total_efermi: 1.55226975
bs_setyawan_curtarolo_task_id: mp-820928
bs_setyawan_curtarolo_band_gap: 2.4126
bs_setyawan_curtarolo_cbm: {'band_index': {'-1': [88]}, 'kpoint_index': [0, 92, 93, 124], 'kpoint': <pymatgen.electronic_structure.bandstructure.Kpoint object at 0x7fc699d63930>, 'energy': 4.0541, 'projections': {}}
bs_setyawan_curtarolo_vbm: {'band_index': {'1': [97]}, 'kpoint_index': [0, 92, 93, 124], 'kpoint': <pymatgen.electronic_structure.bandstructure.Kpoint object at 0x7fc5d4b5a430>, 'energy': 1.6415000000000002, 'projections': {}}
bs_setyawan_curtarolo_efermi: 1.8546220500000001
bs_latimer_munro_task_id: mp-2437805
bs_latimer_munro_band_gap: 1.6304
bs_latimer_munro_cbm: {'band_index': {'-1': [94], '1': []}, 'kpoint_index': [194], 'kpoint': <pymatgen.electronic_structure.bandstructure.Kpoint object at 0x7fc5d4b59d30>, 'energy': 3.0807, 'projections': {'-1': [[0.0, 0.0, 0.0, 0.0001, 0.0001, 0.0, 0.0013000000000000002, 0.0, 0.0, 0.0024000000000000002, 0.0024000000000000002, 0.0, 0.0, 0.006, 0.0, 0.006, 0.0, 0.0054, 0.0, 0.0054, 0.0, 0.0004, 0.0, 0.0004, 0.00030000000000000003, 0.0, 0.00030000000000000003, 0.0], [0.0001, 0.0001, 0.0, 0.0, 0.0, 0.0, 0.0, 0.0, 0.0, 0.0009000000000000001, 0.0009000000000000001, 0.0, 0.0, 0.0098, 0.0, 0.0098, 0.0, 0.0002, 0.0, 0.0002, 0.0, 0.0004, 0.0, 0.0004, 0.0001, 0.0002, 0.0001, 0.0002], [0.0, 0.0, 0.0, 0.0, 0.0, 0.0, 0.0, 0.0, 0.0, 0.001, 0.001, 0.0, 0.0, 0.0219, 0.0, 0.0218, 0.0, 0.0287, 0.0, 0.0287, 0.0, 0.0015, 0.0, 0.0015, 0.00030000000000000003, 0.0001, 0.00030000000000000003, 0.0001], [0.0002, 0.0002, 0.0, 0.0001, 0.0001, 0.0, 0.0, 0.0, 0.0, 0.0049, 0.0049, 0.0, 0.0, 0.004, 0.0, 0.0039000000000000003, 0.0, 0.0057, 0.0, 0.0057, 0.0, 0.0, 0.0, 0.0, 0.0233, 0.0001, 0.0233, 0.0001], [0.0, 0.0, 0.0, 0.0, 0.0, 0.0, 0.0011, 0.0, 0.0, 0.0, 0.0, 0.0, 0.0, 0.0, 0.0, 0.0, 0.0, 0.0, 0.0, 0.0, 0.0, 0.0, 0.0, 0.0, 0.0, 0.0, 0.0, 0.0], [0.0, 0.0, 0.0, 0.0, 0.0, 0.0, 0.32130000000000003, 0.00030000000000000003, 0.0, 0.0, 0.0, 0.0, 0.0, 0.0, 0.0, 0.0, 0.0, 0.0, 0.0, 0.0, 0.0, 0.0, 0.0, 0.0, 0.0, 0.0, 0.0, 0.0], [0.0, 0.0, 0.0, 0.0, 0.0, 0.0, 0.0528, 0.0001, 0.0, 0.0, 0.0, 0.0, 0.0, 0.0, 0.0, 0.0, 0.0, 0.0, 0.0, 0.0, 0.0, 0.0, 0.0, 0.0, 0.0, 0.0, 0.0, 0.0], [0.0, 0.0, 0.0, 0.0, 0.0, 0.0, 0.1183, 0.0002, 0.0, 0.0, 0.0, 0.0, 0.0, 0.0, 0.0, 0.0, 0.0, 0.0, 0.0, 0.0, 0.0, 0.0, 0.0, 0.0, 0.0, 0.0, 0.0, 0.0], [0.0, 0.0, 0.0, 0.0, 0.0, 0.0, 0.182, 0.0001, 0.0, 0.0, 0.0, 0.0, 0.0, 0.0, 0.0, 0.0, 0.0, 0.0, 0.0, 0.0, 0.0, 0.0, 0.0, 0.0, 0.0, 0.0, 0.0, 0.0]]}}
bs_latimer_munro_vbm: {'band_index': {'1': [91], '-1': []}, 'kpoint_index': ['73'], 'kpoint': <pymatgen.electronic_structure.bandstructure.Kpoint object at 0x7fc5d4b5a190>, 'energy': 1.4503, 'projections': {'1': [[0.0, 0.0, 0.0001, 0.0001, 0.0001, 0.0001, 0.0, 0.0, 0.0, 0.0, 0.0, 0.0, 0.0001, 0.0001, 0.0001, 0.0001, 0.0, 0.0, 0.0, 0.0, 0.0001, 0.0001, 0.0001, 0.0001, 0.0, 0.0, 0.0, 0.0], [0.00030000000000000003, 0.00030000000000000003, 0.0, 0.0, 0.0, 0.0, 0.0, 0.0, 0.0, 0.0, 0.0, 0.0, 0.0037, 0.0037, 0.0037, 0.0037, 0.0039000000000000003, 0.0039000000000000003, 0.0039000000000000003, 0.0039000000000000003, 0.0388, 0.0388, 0.0388, 0.0388, 0.054, 0.054, 0.054, 0.054], [0.0002, 0.0002, 0.0, 0.0, 0.0, 0.0, 0.0005, 0.0006000000000000001, 0.0, 0.0, 0.0, 0.0, 0.0337, 0.0337, 0.0337, 0.0337, 0.0081, 0.0081, 0.0081, 0.0081, 0.0117, 0.0117, 0.0117, 0.0117, 0.0, 0.0, 0.0, 0.0], [0.0, 0.0, 0.0, 0.0, 0.0, 0.0, 0.0001, 0.0, 0.0, 0.0, 0.0, 0.0, 0.0098, 0.0098, 0.0098, 0.0098, 0.0033, 0.0033, 0.0033, 0.0033, 0.0054, 0.0054, 0.0054, 0.0054, 0.0015, 0.0015, 0.0015, 0.0015], [0.0, 0.0, 0.0, 0.0, 0.0, 0.0, 0.0002, 0.0002, 0.0, 0.0, 0.0, 0.0, 0.0, 0.0, 0.0, 0.0, 0.0, 0.0, 0.0, 0.0, 0.0, 0.0, 0.0, 0.0, 0.0, 0.0, 0.0, 0.0], [0.0, 0.0, 0.0, 0.0, 0.0, 0.0, 0.0066, 0.0066, 0.0, 0.0, 0.0, 0.0, 0.0, 0.0, 0.0, 0.0, 0.0, 0.0, 0.0, 0.0, 0.0, 0.0, 0.0, 0.0, 0.0, 0.0, 0.0, 0.0], [0.0, 0.0, 0.0, 0.0, 0.0, 0.0, 0.0077, 0.0077, 0.0, 0.0, 0.0, 0.0, 0.0, 0.0, 0.0, 0.0, 0.0, 0.0, 0.0, 0.0, 0.0, 0.0, 0.0, 0.0, 0.0, 0.0, 0.0, 0.0], [0.0, 0.0, 0.0, 0.0, 0.0, 0.0, 0.0001, 0.0001, 0.0, 0.0, 0.0, 0.0, 0.0, 0.0, 0.0, 0.0, 0.0, 0.0, 0.0, 0.0, 0.0, 0.0, 0.0, 0.0, 0.0, 0.0, 0.0, 0.0], [0.0, 0.0, 0.0, 0.0, 0.0, 0.0, 0.0213, 0.0213, 0.0, 0.0, 0.0, 0.0, 0.0, 0.0, 0.0, 0.0, 0.0, 0.0, 0.0, 0.0, 0.0, 0.0, 0.0, 0.0, 0.0, 0.0, 0.0, 0.0]]}}
bs_latimer_munro_efermi: 1.6788602400000001