material_id: mp-1205823
band_gap: 3.0173
efermi: 2.592406699999999
dos_magnetic_ordering: NM
dos_total_task_id: mp-1754051
dos_total_band_gap: 2.979
dos_total_cbm: 5.4709
dos_total_vbm: 2.4919000000000002
dos_total_efermi: 2.46395211
bs_setyawan_curtarolo_task_id: mp-1623499
bs_setyawan_curtarolo_band_gap: 3.0173
bs_setyawan_curtarolo_cbm: {'band_index': {'1': [39, 40, 41]}, 'kpoint_index': [0, 50, 51], 'kpoint': <pymatgen.electronic_structure.bandstructure.Kpoint object at 0x7fc699d63930>, 'energy': 5.4728, 'projections': {'1': [[0.0, 0.0, 0.0, 0.0, 0.0, 0.0, 0.0, 0.0, 0.0, 0.0], [0.001, 0.001, 0.0, 0.0, 0.0022, 0.0022, 0.0, 0.0, 0.0, 0.0], [0.0005, 0.0005, 0.0, 0.0, 0.004200000000000001, 0.004200000000000001, 0.0, 0.0, 0.0, 0.0], [0.0, 0.0, 0.0, 0.0, 0.0, 0.0, 0.0022, 0.0022, 0.004200000000000001, 0.004200000000000001], [0.0105, 0.0105, 0.1077, 0.11810000000000001, 0.0, 0.0, 0.0, 0.0, 0.0, 0.0], [0.0001, 0.0001, 0.001, 0.0011, 0.0, 0.0, 0.0, 0.0, 0.0, 0.0], [0.0, 0.0, 0.0, 0.0, 0.0, 0.0, 0.0, 0.0, 0.0, 0.0], [0.0199, 0.0199, 0.20450000000000002, 0.2242, 0.0, 0.0, 0.0, 0.0, 0.0, 0.0], [0.0, 0.0, 0.0, 0.0, 0.0, 0.0, 0.0, 0.0, 0.0, 0.0]]}}
bs_setyawan_curtarolo_vbm: {'band_index': {'1': [36, 37, 38]}, 'kpoint_index': [0, 50, 51], 'kpoint': <pymatgen.electronic_structure.bandstructure.Kpoint object at 0x7fc5d4b5a430>, 'energy': 2.4555, 'projections': {'1': [[0.0, 0.0, 0.0, 0.0, 0.0, 0.0, 0.0, 0.0, 0.0, 0.0], [0.0, 0.0, 0.0, 0.0, 0.07200000000000001, 0.07200000000000001, 0.0, 0.0, 0.0085, 0.0085], [0.0, 0.0, 0.0, 0.0, 0.1062, 0.1062, 0.0085, 0.0085, 0.0, 0.0], [0.0, 0.0, 0.0, 0.0, 0.0, 0.0, 0.07200000000000001, 0.07200000000000001, 0.1062, 0.1062], [0.0, 0.0, 0.0, 0.0, 0.0, 0.0, 0.0, 0.0, 0.0, 0.0], [0.0, 0.0, 0.0, 0.0, 0.0, 0.0, 0.0, 0.0, 0.0, 0.0], [0.0, 0.0, 0.0, 0.0, 0.0, 0.0, 0.0, 0.0, 0.0, 0.0], [0.0, 0.0, 0.0, 0.0, 0.0, 0.0, 0.0, 0.0, 0.0, 0.0], [0.0, 0.0, 0.0, 0.0, 0.0, 0.0, 0.0, 0.0, 0.0, 0.0]]}}
bs_setyawan_curtarolo_efermi: 2.592406699999999
bs_hinuma_task_id: mp-2098709
bs_hinuma_band_gap: 3.0173
bs_hinuma_cbm: {'band_index': {'1': [39, 40, 41]}, 'kpoint_index': [0, 41, 42], 'kpoint': <pymatgen.electronic_structure.bandstructure.Kpoint object at 0x7fc5d4b5a200>, 'energy': 5.4728, 'projections': {'1': [[0.0, 0.0, 0.0, 0.0, 0.0, 0.0, 0.0, 0.0, 0.0, 0.0], [0.001, 0.001, 0.0, 0.0, 0.0022, 0.0022, 0.0, 0.0, 0.0, 0.0], [0.0005, 0.0005, 0.0, 0.0, 0.004200000000000001, 0.004200000000000001, 0.0, 0.0, 0.0, 0.0], [0.0, 0.0, 0.0, 0.0, 0.0, 0.0, 0.0022, 0.0022, 0.004200000000000001, 0.004200000000000001], [0.0105, 0.0105, 0.1077, 0.11810000000000001, 0.0, 0.0, 0.0, 0.0, 0.0, 0.0], [0.0001, 0.0001, 0.001, 0.0011, 0.0, 0.0, 0.0, 0.0, 0.0, 0.0], [0.0, 0.0, 0.0, 0.0, 0.0, 0.0, 0.0, 0.0, 0.0, 0.0], [0.0199, 0.0199, 0.20450000000000002, 0.2242, 0.0, 0.0, 0.0, 0.0, 0.0, 0.0], [0.0, 0.0, 0.0, 0.0, 0.0, 0.0, 0.0, 0.0, 0.0, 0.0]]}}
bs_hinuma_vbm: {'band_index': {'1': [36, 37, 38]}, 'kpoint_index': [0, 41, 42], 'kpoint': <pymatgen.electronic_structure.bandstructure.Kpoint object at 0x7fc5d4b59e80>, 'energy': 2.4555, 'projections': {'1': [[0.0, 0.0, 0.0, 0.0, 0.0, 0.0, 0.0, 0.0, 0.0, 0.0], [0.0, 0.0, 0.0, 0.0, 0.07200000000000001, 0.07200000000000001, 0.0, 0.0, 0.0085, 0.0085], [0.0, 0.0, 0.0, 0.0, 0.1062, 0.1062, 0.0085, 0.0085, 0.0, 0.0], [0.0, 0.0, 0.0, 0.0, 0.0, 0.0, 0.07200000000000001, 0.07200000000000001, 0.1062, 0.1062], [0.0, 0.0, 0.0, 0.0, 0.0, 0.0, 0.0, 0.0, 0.0, 0.0], [0.0, 0.0, 0.0, 0.0, 0.0, 0.0, 0.0, 0.0, 0.0, 0.0], [0.0, 0.0, 0.0, 0.0, 0.0, 0.0, 0.0, 0.0, 0.0, 0.0], [0.0, 0.0, 0.0, 0.0, 0.0, 0.0, 0.0, 0.0, 0.0, 0.0], [0.0, 0.0, 0.0, 0.0, 0.0, 0.0, 0.0, 0.0, 0.0, 0.0]]}}
bs_hinuma_efermi: 2.58209266
bs_latimer_munro_task_id: mp-2307470
bs_latimer_munro_band_gap: 3.0173
bs_latimer_munro_cbm: {'band_index': {'1': [39, 40, 41]}, 'kpoint_index': [24, 25, 99, 100, 117], 'kpoint': <pymatgen.electronic_structure.bandstructure.Kpoint object at 0x7fc5d4b5a350>, 'energy': 5.4728, 'projections': {'1': [[0.0, 0.0, 0.0, 0.0, 0.0, 0.0, 0.0, 0.0, 0.0, 0.0], [0.0004, 0.0004, 0.0, 0.0, 0.0039000000000000003, 0.0039000000000000003, 0.0, 0.0, 0.0012000000000000001, 0.0012000000000000001], [0.0009000000000000001, 0.0009000000000000001, 0.0, 0.0, 0.0015, 0.0015, 0.0012000000000000001, 0.0012000000000000001, 0.0, 0.0], [0.00030000000000000003, 0.00030000000000000003, 0.0, 0.0, 0.0, 0.0, 0.0039000000000000003, 0.0039000000000000003, 0.0015, 0.0015], [0.0181, 0.0181, 0.1859, 0.2039, 0.0, 0.0, 0.0, 0.0, 0.0, 0.0], [0.0055000000000000005, 0.0055000000000000005, 0.0567, 0.062200000000000005, 0.0, 0.0, 0.0, 0.0, 0.0, 0.0], [0.0, 0.0, 0.0, 0.0, 0.0, 0.0, 0.0, 0.0, 0.0, 0.0], [0.006900000000000001, 0.006900000000000001, 0.07050000000000001, 0.07740000000000001, 0.0, 0.0, 0.0, 0.0, 0.0, 0.0], [0.0, 0.0, 0.0, 0.0, 0.0, 0.0, 0.0, 0.0, 0.0, 0.0]]}}
bs_latimer_munro_vbm: {'band_index': {'1': [36, 37, 38]}, 'kpoint_index': [24, 25, 99, 100, 117], 'kpoint': <pymatgen.electronic_structure.bandstructure.Kpoint object at 0x7fc5d4b59be0>, 'energy': 2.4555, 'projections': {'1': [[0.0, 0.0, 0.0, 0.0, 0.0, 0.0, 0.0, 0.0, 0.0, 0.0], [0.0, 0.0, 0.0, 0.0, 0.029500000000000002, 0.029500000000000002, 0.0, 0.0, 0.018000000000000002, 0.018000000000000002], [0.0, 0.0, 0.0, 0.0, 0.1391, 0.1391, 0.018000000000000002, 0.018000000000000002, 0.0, 0.0], [0.0, 0.0, 0.0, 0.0, 0.0, 0.0, 0.029500000000000002, 0.029500000000000002, 0.1391, 0.1391], [0.0, 0.0, 0.0, 0.0, 0.0, 0.0, 0.0, 0.0, 0.0, 0.0], [0.0, 0.0, 0.0, 0.0, 0.0, 0.0, 0.0, 0.0, 0.0, 0.0], [0.0, 0.0, 0.0, 0.0, 0.0, 0.0, 0.0, 0.0, 0.0, 0.0], [0.0, 0.0, 0.0, 0.0, 0.0, 0.0, 0.0, 0.0, 0.0, 0.0], [0.0, 0.0, 0.0, 0.0, 0.0, 0.0, 0.0, 0.0, 0.0, 0.0]]}}
bs_latimer_munro_efermi: 2.58816921