material_id: mp-14797
band_gap: 1.006
efermi: 2.15799098
dos_magnetic_ordering: NM
dos_total_task_id: mp-2274225
dos_total_band_gap: 1.0409
dos_total_cbm: 3.1244
dos_total_vbm: 2.0835
dos_total_efermi: 2.08584136
bs_setyawan_curtarolo_task_id: mp-1603871
bs_setyawan_curtarolo_band_gap: 1.006
bs_setyawan_curtarolo_cbm: {'band_index': {'1': [47]}, 'kpoint_index': [61, 62], 'kpoint': <pymatgen.electronic_structure.bandstructure.Kpoint object at 0x7fc699d63930>, 'energy': 3.0863, 'projections': {'1': [[0.0001, 0.0001, 0.00030000000000000003, 0.0, 0.0, 0.0, 0.010400000000000001, 0.0063, 0.0063, 0.0063, 0.010400000000000001, 0.0063], [0.0, 0.0, 0.0, 0.0, 0.00030000000000000003, 0.00030000000000000003, 0.0, 0.010400000000000001, 0.010400000000000001, 0.010400000000000001, 0.0, 0.010400000000000001], [0.00030000000000000003, 0.00030000000000000003, 0.0, 0.0, 0.0, 0.0, 0.029300000000000003, 0.0019, 0.0019, 0.0019, 0.029300000000000003, 0.0019], [0.0001, 0.0001, 0.0, 0.0, 0.001, 0.001, 0.0388, 0.0054, 0.0054, 0.0054, 0.0388, 0.0054], [0.0, 0.0, 0.0, 0.0, 0.0, 0.0, 0.0, 0.0002, 0.0002, 0.0002, 0.0, 0.0002], [0.0, 0.0, 0.0, 0.0, 0.0, 0.0, 0.0, 0.001, 0.001, 0.001, 0.0, 0.001], [0.0001, 0.0001, 0.0013000000000000002, 0.0118, 0.0, 0.0, 0.00030000000000000003, 0.0001, 0.0001, 0.0001, 0.00030000000000000003, 0.0001], [0.0, 0.0, 0.216, 0.007500000000000001, 0.0, 0.0, 0.0032, 0.00030000000000000003, 0.00030000000000000003, 0.00030000000000000003, 0.0032, 0.00030000000000000003], [0.0002, 0.0002, 0.1046, 0.030500000000000003, 0.0, 0.0, 0.0006000000000000001, 0.0001, 0.0001, 0.0001, 0.0006000000000000001, 0.0001]]}}
bs_setyawan_curtarolo_vbm: {'band_index': {'1': [46]}, 'kpoint_index': [61, 62], 'kpoint': <pymatgen.electronic_structure.bandstructure.Kpoint object at 0x7fc5d4b5a350>, 'energy': 2.0803, 'projections': {'1': [[0.00030000000000000003, 0.00030000000000000003, 0.0, 0.0, 0.0004, 0.0004, 0.0001, 0.00030000000000000003, 0.00030000000000000003, 0.00030000000000000003, 0.0001, 0.00030000000000000003], [0.0, 0.0, 0.0, 0.0, 0.0, 0.0, 0.0, 0.0001, 0.0001, 0.0001, 0.0, 0.0001], [0.0001, 0.0001, 0.0094, 0.0118, 0.0, 0.0, 0.0001, 0.0506, 0.0506, 0.0506, 0.0001, 0.0506], [0.001, 0.001, 0.0009000000000000001, 0.0029000000000000002, 0.0, 0.0, 0.0, 0.0456, 0.0456, 0.0456, 0.0, 0.0456], [0.0, 0.0, 0.0, 0.0, 0.0, 0.0, 0.0, 0.0, 0.0, 0.0, 0.0, 0.0], [0.0, 0.0, 0.0, 0.0, 0.0046, 0.0046, 0.0, 0.0, 0.0, 0.0, 0.0, 0.0], [0.0002, 0.0002, 0.0, 0.0, 0.11170000000000001, 0.11170000000000001, 0.0, 0.0001, 0.0001, 0.0001, 0.0, 0.0001], [0.0, 0.0, 0.0, 0.0, 0.0039000000000000003, 0.0039000000000000003, 0.0, 0.0, 0.0, 0.0, 0.0, 0.0], [0.0, 0.0, 0.0, 0.0, 0.0304, 0.0304, 0.0, 0.0004, 0.0004, 0.0004, 0.0, 0.0004]]}}
bs_setyawan_curtarolo_efermi: 2.15799098
bs_hinuma_task_id: mp-2066377
bs_hinuma_band_gap: 1.006
bs_hinuma_cbm: {'band_index': {'1': [47]}, 'kpoint_index': [61, 62], 'kpoint': <pymatgen.electronic_structure.bandstructure.Kpoint object at 0x7fc5d4b59d30>, 'energy': 3.0863, 'projections': {'1': [[0.0001, 0.0001, 0.00030000000000000003, 0.0, 0.0, 0.0, 0.0063, 0.0063, 0.010400000000000001, 0.0063, 0.0063, 0.010400000000000001], [0.0002, 0.0002, 0.0, 0.0, 0.0, 0.0002, 0.0011, 0.0046, 0.037200000000000004, 0.0046, 0.0011, 0.037200000000000004], [0.0001, 0.0001, 0.0, 0.0007, 0.0, 0.0, 0.0046, 0.01, 0.0217, 0.01, 0.0046, 0.0217], [0.0, 0.0, 0.0, 0.0006000000000000001, 0.0, 0.0011, 0.012, 0.0031000000000000003, 0.009300000000000001, 0.0031000000000000003, 0.012, 0.009300000000000001], [0.0, 0.0, 0.0826, 0.0, 0.0105, 0.0, 0.0001, 0.0005, 0.0007, 0.0005, 0.0001, 0.0007], [0.0002, 0.0002, 0.1587, 0.0, 0.0119, 0.0, 0.0001, 0.0005, 0.0022, 0.0005, 0.0001, 0.0022], [0.0001, 0.0001, 0.0005, 0.0, 0.0173, 0.0, 0.0, 0.0002, 0.0, 0.0002, 0.0, 0.0], [0.0, 0.0, 0.0575, 0.0, 0.0039000000000000003, 0.0, 0.001, 0.0001, 0.00030000000000000003, 0.0001, 0.001, 0.00030000000000000003], [0.0, 0.0, 0.022500000000000003, 0.0, 0.0063, 0.0, 0.0004, 0.0002, 0.0009000000000000001, 0.0002, 0.0004, 0.0009000000000000001]]}}
bs_hinuma_vbm: {'band_index': {'1': [46]}, 'kpoint_index': [61, 62], 'kpoint': <pymatgen.electronic_structure.bandstructure.Kpoint object at 0x7fc5d4b5a430>, 'energy': 2.0803, 'projections': {'1': [[0.00030000000000000003, 0.00030000000000000003, 0.0, 0.0004, 0.0, 0.0004, 0.00030000000000000003, 0.00030000000000000003, 0.0001, 0.00030000000000000003, 0.00030000000000000003, 0.0001], [0.0, 0.0, 0.005200000000000001, 0.0, 0.0057, 0.0, 0.0181, 0.015700000000000002, 0.0001, 0.015700000000000002, 0.0181, 0.0001], [0.0001, 0.0001, 0.0005, 0.0, 0.00030000000000000003, 0.0, 0.00030000000000000003, 0.0, 0.0, 0.0, 0.00030000000000000003, 0.0], [0.0009000000000000001, 0.0009000000000000001, 0.0046, 0.0, 0.008700000000000001, 0.0, 0.0779, 0.0806, 0.0, 0.0806, 0.0779, 0.0], [0.0002, 0.0002, 0.0, 0.0351, 0.0, 0.033600000000000005, 0.0001, 0.0001, 0.0, 0.0001, 0.0001, 0.0], [0.0, 0.0, 0.0, 0.020800000000000003, 0.0, 0.0058000000000000005, 0.0, 0.0, 0.0, 0.0, 0.0, 0.0], [0.0, 0.0, 0.0, 0.0008, 0.0, 0.0022, 0.0, 0.0001, 0.0, 0.0001, 0.0, 0.0], [0.0, 0.0, 0.0, 0.0456, 0.0, 0.0247, 0.00030000000000000003, 0.0002, 0.0, 0.0002, 0.00030000000000000003, 0.0], [0.0, 0.0, 0.0, 0.0483, 0.0, 0.08420000000000001, 0.0002, 0.0001, 0.0, 0.0001, 0.0002, 0.0]]}}
bs_hinuma_efermi: 2.16118719
bs_latimer_munro_task_id: mp-2428707
bs_latimer_munro_band_gap: 1.006
bs_latimer_munro_cbm: {'band_index': {'1': [47]}, 'kpoint_index': [116, 117, 123], 'kpoint': <pymatgen.electronic_structure.bandstructure.Kpoint object at 0x7fc5d4b59e80>, 'energy': 3.0863, 'projections': {'1': [[0.0001, 0.0001, 0.00030000000000000003, 0.0, 0.0, 0.0, 0.010400000000000001, 0.0063, 0.0063, 0.0063, 0.010400000000000001, 0.0063], [0.0, 0.0, 0.0, 0.0, 0.00030000000000000003, 0.00030000000000000003, 0.0, 0.010400000000000001, 0.010400000000000001, 0.010400000000000001, 0.0, 0.010400000000000001], [0.00030000000000000003, 0.00030000000000000003, 0.0, 0.0, 0.0, 0.0, 0.029300000000000003, 0.0019, 0.0019, 0.0019, 0.029300000000000003, 0.0019], [0.0001, 0.0001, 0.0, 0.0, 0.001, 0.001, 0.0388, 0.0054, 0.0054, 0.0054, 0.0388, 0.0054], [0.0, 0.0, 0.0, 0.0, 0.0, 0.0, 0.0, 0.0002, 0.0002, 0.0002, 0.0, 0.0002], [0.0, 0.0, 0.0, 0.0, 0.0, 0.0, 0.0, 0.001, 0.001, 0.001, 0.0, 0.001], [0.0001, 0.0001, 0.0013000000000000002, 0.0118, 0.0, 0.0, 0.00030000000000000003, 0.0001, 0.0001, 0.0001, 0.00030000000000000003, 0.0001], [0.0, 0.0, 0.216, 0.007500000000000001, 0.0, 0.0, 0.0032, 0.00030000000000000003, 0.00030000000000000003, 0.00030000000000000003, 0.0032, 0.00030000000000000003], [0.0002, 0.0002, 0.1046, 0.030500000000000003, 0.0, 0.0, 0.0006000000000000001, 0.0001, 0.0001, 0.0001, 0.0006000000000000001, 0.0001]]}}
bs_latimer_munro_vbm: {'band_index': {'1': [46]}, 'kpoint_index': [116, 117, 123], 'kpoint': <pymatgen.electronic_structure.bandstructure.Kpoint object at 0x7fc5d4b59be0>, 'energy': 2.0803, 'projections': {'1': [[0.00030000000000000003, 0.00030000000000000003, 0.0, 0.0, 0.0004, 0.0004, 0.0001, 0.00030000000000000003, 0.00030000000000000003, 0.00030000000000000003, 0.0001, 0.00030000000000000003], [0.0, 0.0, 0.0, 0.0, 0.0, 0.0, 0.0, 0.0001, 0.0001, 0.0001, 0.0, 0.0001], [0.0001, 0.0001, 0.0094, 0.0118, 0.0, 0.0, 0.0001, 0.0506, 0.0506, 0.0506, 0.0001, 0.0506], [0.001, 0.001, 0.0009000000000000001, 0.0029000000000000002, 0.0, 0.0, 0.0, 0.0456, 0.0456, 0.0456, 0.0, 0.0456], [0.0, 0.0, 0.0, 0.0, 0.0, 0.0, 0.0, 0.0, 0.0, 0.0, 0.0, 0.0], [0.0, 0.0, 0.0, 0.0, 0.0046, 0.0046, 0.0, 0.0, 0.0, 0.0, 0.0, 0.0], [0.0002, 0.0002, 0.0, 0.0, 0.11170000000000001, 0.11170000000000001, 0.0, 0.0001, 0.0001, 0.0001, 0.0, 0.0001], [0.0, 0.0, 0.0, 0.0, 0.0039000000000000003, 0.0039000000000000003, 0.0, 0.0, 0.0, 0.0, 0.0, 0.0], [0.0, 0.0, 0.0, 0.0, 0.0304, 0.0304, 0.0, 0.0004, 0.0004, 0.0004, 0.0, 0.0004]]}}
bs_latimer_munro_efermi: 2.14120014