material_id: mp-1216790
band_gap: 1.4089
efermi: 0.07030482
dos_magnetic_ordering: NM
dos_total_task_id: mp-1743364
dos_total_band_gap: 1.3772
dos_total_cbm: 1.2734
dos_total_vbm: -0.1038
dos_total_efermi: -0.12015147
bs_setyawan_curtarolo_task_id: mp-1623364
bs_setyawan_curtarolo_band_gap: 1.4089
bs_setyawan_curtarolo_cbm: {'band_index': {'1': [41]}, 'kpoint_index': [7, 8, 71], 'kpoint': <pymatgen.electronic_structure.bandstructure.Kpoint object at 0x7fc699d63930>, 'energy': 1.3041, 'projections': {'1': [[0.0, 0.0, 0.0, 0.0, 0.0, 0.0, 0.0, 0.0, 0.0, 0.0, 0.0], [0.0, 0.0, 0.0, 0.0, 0.0, 0.0, 0.0, 0.0, 0.0, 0.0, 0.0], [0.0, 0.0, 0.0, 0.0, 0.0, 0.0, 0.0, 0.0, 0.0, 0.0, 0.0], [0.0007, 0.001, 0.0, 0.00030000000000000003, 0.0002, 0.0031000000000000003, 0.0034000000000000002, 0.014400000000000001, 0.013900000000000001, 0.0, 0.0], [0.1995, 0.219, 0.4036, 0.0, 0.0, 0.0, 0.0, 0.0, 0.0, 0.0, 0.0], [0.0, 0.0, 0.0, 0.0, 0.0, 0.0, 0.0, 0.0, 0.0, 0.0, 0.0], [0.0, 0.0, 0.0, 0.0, 0.0, 0.0, 0.0, 0.0, 0.0, 0.0, 0.0], [0.0142, 0.0167, 0.0001, 0.0, 0.0, 0.0, 0.0, 0.0, 0.0, 0.0, 0.0], [0.0, 0.0, 0.0, 0.0, 0.0, 0.0, 0.0, 0.0, 0.0, 0.0, 0.0]]}}
bs_setyawan_curtarolo_vbm: {'band_index': {'1': [40]}, 'kpoint_index': [43], 'kpoint': <pymatgen.electronic_structure.bandstructure.Kpoint object at 0x7fc5d4b59e80>, 'energy': -0.1048, 'projections': {'1': [[0.0, 0.0001, 0.0001, 0.0005, 0.0005, 0.0, 0.0, 0.0, 0.0, 0.0, 0.0], [0.0004, 0.0008, 0.0, 0.0234, 0.0207, 0.027100000000000003, 0.033100000000000004, 0.0, 0.0008, 0.00030000000000000003, 0.0782], [0.0005, 0.0004, 0.0002, 0.1419, 0.1422, 0.0013000000000000002, 0.0012000000000000001, 0.0039000000000000003, 0.0061, 0.0004, 0.0], [0.0002, 0.0002, 0.0, 0.00030000000000000003, 0.00030000000000000003, 0.06520000000000001, 0.06470000000000001, 0.08020000000000001, 0.07680000000000001, 0.0001, 0.0], [0.00030000000000000003, 0.0001, 0.0014, 0.0, 0.0, 0.0, 0.0, 0.0, 0.0, 0.0, 0.0], [0.0, 0.0001, 0.0, 0.0, 0.0, 0.0, 0.0, 0.0, 0.0, 0.0, 0.0], [0.0, 0.0, 0.0, 0.0, 0.0, 0.0, 0.0, 0.0, 0.0, 0.0, 0.0], [0.0015, 0.0015, 0.0, 0.0, 0.0, 0.0, 0.0, 0.0, 0.0, 0.0, 0.0], [0.0014, 0.001, 0.0, 0.0, 0.0, 0.0, 0.0, 0.0, 0.0, 0.0, 0.0]]}}
bs_setyawan_curtarolo_efermi: 0.07030482
bs_latimer_munro_task_id: mp-2306150
bs_latimer_munro_band_gap: 1.4089
bs_latimer_munro_cbm: {'band_index': {'1': [41]}, 'kpoint_index': [122, 123, 141], 'kpoint': <pymatgen.electronic_structure.bandstructure.Kpoint object at 0x7fc5d4b59be0>, 'energy': 1.3041, 'projections': {'1': [[0.0, 0.0, 0.0, 0.0, 0.0, 0.0, 0.0, 0.0, 0.0, 0.0, 0.0], [0.0, 0.0, 0.0, 0.0, 0.0, 0.0, 0.0, 0.0, 0.0, 0.0, 0.0], [0.0, 0.0, 0.0, 0.0, 0.0, 0.0, 0.0, 0.0, 0.0, 0.0, 0.0], [0.0007, 0.001, 0.0, 0.00030000000000000003, 0.0002, 0.0031000000000000003, 0.0034000000000000002, 0.014400000000000001, 0.013900000000000001, 0.0, 0.0], [0.1995, 0.219, 0.4036, 0.0, 0.0, 0.0, 0.0, 0.0, 0.0, 0.0, 0.0], [0.0, 0.0, 0.0, 0.0, 0.0, 0.0, 0.0, 0.0, 0.0, 0.0, 0.0], [0.0, 0.0, 0.0, 0.0, 0.0, 0.0, 0.0, 0.0, 0.0, 0.0, 0.0], [0.0142, 0.0167, 0.0001, 0.0, 0.0, 0.0, 0.0, 0.0, 0.0, 0.0, 0.0], [0.0, 0.0, 0.0, 0.0, 0.0, 0.0, 0.0, 0.0, 0.0, 0.0, 0.0]]}}
bs_latimer_munro_vbm: {'band_index': {'1': [40]}, 'kpoint_index': [55], 'kpoint': <pymatgen.electronic_structure.bandstructure.Kpoint object at 0x7fc5d4b59d30>, 'energy': -0.1048, 'projections': {'1': [[0.0, 0.0001, 0.0001, 0.0005, 0.0005, 0.0, 0.0, 0.0, 0.0, 0.0, 0.0], [0.0004, 0.0008, 0.0, 0.0234, 0.0207, 0.027100000000000003, 0.033100000000000004, 0.0, 0.0008, 0.00030000000000000003, 0.0782], [0.0005, 0.0004, 0.0002, 0.1419, 0.1422, 0.0013000000000000002, 0.0012000000000000001, 0.0039000000000000003, 0.006200000000000001, 0.0004, 0.0], [0.0002, 0.0002, 0.0, 0.00030000000000000003, 0.00030000000000000003, 0.06520000000000001, 0.06470000000000001, 0.08020000000000001, 0.07680000000000001, 0.0001, 0.0], [0.00030000000000000003, 0.0001, 0.0014, 0.0, 0.0, 0.0, 0.0, 0.0, 0.0, 0.0, 0.0], [0.0, 0.0001, 0.0, 0.0, 0.0, 0.0, 0.0, 0.0, 0.0, 0.0, 0.0], [0.0, 0.0, 0.0, 0.0, 0.0, 0.0, 0.0, 0.0, 0.0, 0.0, 0.0], [0.0015, 0.0015, 0.0, 0.0, 0.0, 0.0, 0.0, 0.0, 0.0, 0.0, 0.0], [0.0014, 0.001, 0.0, 0.0, 0.0, 0.0, 0.0, 0.0, 0.0, 0.0, 0.0]]}}
bs_latimer_munro_efermi: 0.07806782