material_id: mp-1178355
band_gap: 0.603499999999999
efermi: 5.05758415
dos_magnetic_ordering: NM
dos_total_task_id: mp-1731368
dos_total_band_gap: 0.603499999999999
dos_total_cbm: 5.6358
dos_total_vbm: 5.0323
dos_total_efermi: 5.05758415
bs_setyawan_curtarolo_task_id: mp-1638364
bs_setyawan_curtarolo_band_gap: 0.9206000000000001
bs_setyawan_curtarolo_cbm: {'band_index': {'1': [18]}, 'kpoint_index': [23, 24, 145], 'kpoint': <pymatgen.electronic_structure.bandstructure.Kpoint object at 0x7fc699d63930>, 'energy': 5.7923, 'projections': {'1': [[0.0378, 0.0378, 0.0, 0.0, 0.0], [0.0, 0.0, 0.0, 0.007500000000000001, 0.007500000000000001], [0.1265, 0.1265, 0.0, 0.0, 0.0], [0.0, 0.0, 0.0, 0.007500000000000001, 0.007500000000000001], [0.0014, 0.0014, 0.037, 0.0, 0.0], [0.0, 0.0, 0.0, 0.0, 0.0], [0.11910000000000001, 0.11910000000000001, 0.0, 0.0, 0.0], [0.0, 0.0, 0.0, 0.0, 0.0], [0.0, 0.0, 0.0, 0.0, 0.0]]}}
bs_setyawan_curtarolo_vbm: {'band_index': {'1': [17]}, 'kpoint_index': ['48'], 'kpoint': <pymatgen.electronic_structure.bandstructure.Kpoint object at 0x7fc5d4b5a430>, 'energy': 4.8717, 'projections': {'1': [[0.0, 0.0, 0.0, 0.0, 0.0], [0.008400000000000001, 0.008400000000000001, 0.4731, 0.0178, 0.0178], [0.0, 0.0, 0.0, 0.0, 0.0], [0.0, 0.0, 0.0, 0.0, 0.0], [0.034300000000000004, 0.034300000000000004, 0.0, 0.0, 0.0], [0.0008, 0.0008, 0.0, 0.0, 0.0], [0.0, 0.0, 0.0, 0.0, 0.0], [0.0, 0.0, 0.0, 0.0, 0.0], [0.0, 0.0, 0.0, 0.0, 0.0]]}}
bs_setyawan_curtarolo_efermi: 4.95171443
bs_hinuma_task_id: mp-2087410
bs_hinuma_band_gap: 0.9206000000000001
bs_hinuma_cbm: {'band_index': {'1': [18]}, 'kpoint_index': [23, 24, 114], 'kpoint': <pymatgen.electronic_structure.bandstructure.Kpoint object at 0x7fc5d4b5a3c0>, 'energy': 5.7923, 'projections': {'1': [[0.0378, 0.0378, 0.0, 0.0, 0.0], [0.0, 0.0, 0.0, 0.007500000000000001, 0.007500000000000001], [0.1265, 0.1265, 0.0, 0.0, 0.0], [0.0, 0.0, 0.0, 0.007500000000000001, 0.007500000000000001], [0.0014, 0.0014, 0.037, 0.0, 0.0], [0.0, 0.0, 0.0, 0.0, 0.0], [0.11910000000000001, 0.11910000000000001, 0.0, 0.0, 0.0], [0.0, 0.0, 0.0, 0.0, 0.0], [0.0, 0.0, 0.0, 0.0, 0.0]]}}
bs_hinuma_vbm: {'band_index': {'1': [17]}, 'kpoint_index': ['99'], 'kpoint': <pymatgen.electronic_structure.bandstructure.Kpoint object at 0x7fc5d4b59be0>, 'energy': 4.8717, 'projections': {'1': [[0.0, 0.0, 0.0, 0.0, 0.0], [0.008400000000000001, 0.008400000000000001, 0.4731, 0.0178, 0.0178], [0.0, 0.0, 0.0, 0.0, 0.0], [0.0, 0.0, 0.0, 0.0, 0.0], [0.034300000000000004, 0.034300000000000004, 0.0, 0.0, 0.0], [0.0008, 0.0008, 0.0, 0.0, 0.0], [0.0, 0.0, 0.0, 0.0, 0.0], [0.0, 0.0, 0.0, 0.0, 0.0], [0.0, 0.0, 0.0, 0.0, 0.0]]}}
bs_hinuma_efermi: 4.91672224
bs_latimer_munro_task_id: mp-2309299
bs_latimer_munro_band_gap: 0.9206000000000001
bs_latimer_munro_cbm: {'band_index': {'1': [18]}, 'kpoint_index': [7, 8, 239, 240], 'kpoint': <pymatgen.electronic_structure.bandstructure.Kpoint object at 0x7fc5d4b5a350>, 'energy': 5.7923, 'projections': {'1': [[0.0381, 0.0381, 0.0, 0.0, 0.0], [0.0, 0.0, 0.0, 0.0073, 0.0073], [0.1265, 0.1265, 0.0, 0.0, 0.0], [0.0, 0.0, 0.0, 0.0073, 0.0073], [0.0015, 0.0015, 0.0371, 0.0, 0.0], [0.0, 0.0, 0.0, 0.0, 0.0], [0.1187, 0.1187, 0.0, 0.0, 0.0], [0.0, 0.0, 0.0, 0.0, 0.0], [0.0, 0.0, 0.0, 0.0, 0.0]]}}
bs_latimer_munro_vbm: {'band_index': {'1': [17]}, 'kpoint_index': ['182'], 'kpoint': <pymatgen.electronic_structure.bandstructure.Kpoint object at 0x7fc5d4b59c50>, 'energy': 4.8717, 'projections': {'1': [[0.0, 0.0, 0.0, 0.0, 0.0], [0.008400000000000001, 0.008400000000000001, 0.4731, 0.0178, 0.0178], [0.0, 0.0, 0.0, 0.0, 0.0], [0.0, 0.0, 0.0, 0.0, 0.0], [0.034300000000000004, 0.034300000000000004, 0.0, 0.0, 0.0], [0.0008, 0.0008, 0.0, 0.0, 0.0], [0.0, 0.0, 0.0, 0.0, 0.0], [0.0, 0.0, 0.0, 0.0, 0.0], [0.0, 0.0, 0.0, 0.0, 0.0]]}}
bs_latimer_munro_efermi: 4.92267582