material_id: mp-19270
band_gap: 2.052199999999999
efermi: 3.64243422
dos_magnetic_ordering: AFM
dos_total_task_id: mp-2267939
dos_total_band_gap: 2.052199999999999
dos_total_cbm: 5.6853
dos_total_vbm: 3.633099999999999
dos_total_efermi: 3.64243422
bs_setyawan_curtarolo_task_id: mp-1589528
bs_setyawan_curtarolo_band_gap: 2.5309
bs_setyawan_curtarolo_cbm: {'band_index': {'-1': [42], '1': []}, 'kpoint_index': ['75'], 'kpoint': <pymatgen.electronic_structure.bandstructure.Kpoint object at 0x7fc699d63930>, 'energy': 5.4733, 'projections': {'-1': [[0.0015, 0.0015, 0.0001, 0.0001, 0.0007, 0.00030000000000000003, 0.0007, 0.00030000000000000003, 0.0, 0.0], [0.0006000000000000001, 0.0002, 0.0002, 0.0002, 0.0001, 0.0008, 0.0006000000000000001, 0.0026000000000000003, 0.0008, 0.0], [0.0004, 0.0013000000000000002, 0.0001, 0.0, 0.00030000000000000003, 0.0008, 0.0001, 0.001, 0.0001, 0.002], [0.0007, 0.0002, 0.0004, 0.0005, 0.0008, 0.009600000000000001, 0.0006000000000000001, 0.0076, 0.0034000000000000002, 0.0022], [0.0604, 0.0922, 0.0073, 0.0038, 0.0, 0.0, 0.0, 0.0, 0.0, 0.0], [0.027200000000000002, 0.0767, 0.013800000000000002, 0.012400000000000001, 0.0, 0.0, 0.0, 0.0, 0.0, 0.0], [0.11130000000000001, 0.10210000000000001, 0.0034000000000000002, 0.0027, 0.0, 0.0, 0.0, 0.0, 0.0, 0.0], [0.1484, 0.0078000000000000005, 0.013800000000000002, 0.0048000000000000004, 0.0, 0.0, 0.0, 0.0, 0.0, 0.0], [0.0346, 0.10300000000000001, 0.0039000000000000003, 0.018500000000000003, 0.0, 0.0, 0.0, 0.0, 0.0, 0.0]]}}
bs_setyawan_curtarolo_vbm: {'band_index': {'1': [40, 41], '-1': []}, 'kpoint_index': [0, 57, 58], 'kpoint': <pymatgen.electronic_structure.bandstructure.Kpoint object at 0x7fc5d4b59e80>, 'energy': 2.9424, 'projections': {'1': [[0.0, 0.0, 0.0, 0.0, 0.00030000000000000003, 0.0009000000000000001, 0.0001, 0.0001, 0.0009000000000000001, 0.00030000000000000003], [0.0007, 0.0007, 0.0, 0.0, 0.0007, 0.0015, 0.028900000000000002, 0.0298, 0.0016, 0.0005], [0.001, 0.001, 0.0, 0.0, 0.0017000000000000001, 0.043000000000000003, 0.054700000000000006, 0.0548, 0.042800000000000005, 0.0019], [0.0001, 0.0001, 0.0, 0.0, 0.0296, 0.0349, 0.0397, 0.0396, 0.0335, 0.028800000000000003], [0.002, 0.0019, 0.031, 0.030500000000000003, 0.0, 0.0, 0.0, 0.0, 0.0, 0.0], [0.0024000000000000002, 0.0024000000000000002, 0.1267, 0.1282, 0.0, 0.0, 0.0, 0.0, 0.0, 0.0], [0.0031000000000000003, 0.0031000000000000003, 0.023100000000000002, 0.0227, 0.0, 0.0, 0.0, 0.0, 0.0, 0.0], [0.0032, 0.0033, 0.0008, 0.0007, 0.0, 0.0, 0.0, 0.0, 0.0, 0.0], [0.0001, 0.0001, 0.0064, 0.0059, 0.0, 0.0, 0.0, 0.0, 0.0, 0.0]]}}
bs_setyawan_curtarolo_efermi: 2.98778022
bs_hinuma_task_id: mp-2184590
bs_hinuma_band_gap: 2.5309
bs_hinuma_cbm: {'band_index': {'-1': [42], '1': []}, 'kpoint_index': ['75'], 'kpoint': <pymatgen.electronic_structure.bandstructure.Kpoint object at 0x7fc5d4b59c50>, 'energy': 5.4733, 'projections': {'-1': [[0.0015, 0.0015, 0.0001, 0.0001, 0.00030000000000000003, 0.0007, 0.0, 0.0, 0.0007, 0.00030000000000000003], [0.0012000000000000001, 0.0012000000000000001, 0.0001, 0.0001, 0.0006000000000000001, 0.0002, 0.0008, 0.0008, 0.0002, 0.0006000000000000001], [0.0002, 0.0002, 0.0004, 0.0004, 0.0043, 0.0005, 0.00030000000000000003, 0.00030000000000000003, 0.0005, 0.0043], [0.00030000000000000003, 0.00030000000000000003, 0.0002, 0.0002, 0.0064, 0.0005, 0.0031000000000000003, 0.0031000000000000003, 0.0005, 0.006500000000000001], [0.0497, 0.0497, 0.0056, 0.0056, 0.0, 0.0, 0.0, 0.0, 0.0, 0.0], [0.016900000000000002, 0.016900000000000002, 0.010100000000000001, 0.010100000000000001, 0.0, 0.0, 0.0, 0.0, 0.0, 0.0], [0.0553, 0.055200000000000006, 0.0021000000000000003, 0.0021000000000000003, 0.0, 0.0, 0.0, 0.0, 0.0, 0.0], [0.0522, 0.0522, 0.0178, 0.0178, 0.0, 0.0, 0.0, 0.0, 0.0, 0.0], [0.2078, 0.2078, 0.0066, 0.0066, 0.0, 0.0, 0.0, 0.0, 0.0, 0.0]]}}
bs_hinuma_vbm: {'band_index': {'1': [40, 41], '-1': []}, 'kpoint_index': [0, 57, 58, 102], 'kpoint': <pymatgen.electronic_structure.bandstructure.Kpoint object at 0x7fc5d4b5a350>, 'energy': 2.9424, 'projections': {'1': [[0.0, 0.0, 0.0, 0.0, 0.00030000000000000003, 0.0009000000000000001, 0.0001, 0.0001, 0.0009000000000000001, 0.00030000000000000003], [0.0007, 0.0007, 0.0, 0.0, 0.0007, 0.0015, 0.028900000000000002, 0.0298, 0.0016, 0.0005], [0.001, 0.001, 0.0, 0.0, 0.0017000000000000001, 0.043000000000000003, 0.054700000000000006, 0.0548, 0.042800000000000005, 0.0019], [0.0001, 0.0001, 0.0, 0.0, 0.0296, 0.0349, 0.0397, 0.0396, 0.0335, 0.028800000000000003], [0.002, 0.0019, 0.031, 0.030500000000000003, 0.0, 0.0, 0.0, 0.0, 0.0, 0.0], [0.0024000000000000002, 0.0024000000000000002, 0.1267, 0.1282, 0.0, 0.0, 0.0, 0.0, 0.0, 0.0], [0.0031000000000000003, 0.0031000000000000003, 0.023100000000000002, 0.0227, 0.0, 0.0, 0.0, 0.0, 0.0, 0.0], [0.0032, 0.0033, 0.0008, 0.0007, 0.0, 0.0, 0.0, 0.0, 0.0, 0.0], [0.0001, 0.0001, 0.0064, 0.0059, 0.0, 0.0, 0.0, 0.0, 0.0, 0.0]]}}
bs_hinuma_efermi: 2.98829489
bs_latimer_munro_task_id: mp-2450168
bs_latimer_munro_band_gap: 2.5309
bs_latimer_munro_cbm: {'band_index': {'-1': [42], '1': []}, 'kpoint_index': ['1'], 'kpoint': <pymatgen.electronic_structure.bandstructure.Kpoint object at 0x7fc5d4b59d30>, 'energy': 5.4733, 'projections': {'-1': [[0.0015, 0.0015, 0.0001, 0.0001, 0.0007, 0.00030000000000000003, 0.0007, 0.00030000000000000003, 0.0, 0.0], [0.0006000000000000001, 0.0002, 0.0002, 0.0002, 0.0001, 0.0008, 0.0006000000000000001, 0.0026000000000000003, 0.0008, 0.0], [0.0004, 0.0013000000000000002, 0.0001, 0.0, 0.00030000000000000003, 0.0008, 0.0001, 0.001, 0.0001, 0.002], [0.0007, 0.0002, 0.0004, 0.0005, 0.0008, 0.009600000000000001, 0.0006000000000000001, 0.0076, 0.0034000000000000002, 0.0022], [0.0604, 0.0922, 0.0073, 0.0038, 0.0, 0.0, 0.0, 0.0, 0.0, 0.0], [0.027200000000000002, 0.0767, 0.013800000000000002, 0.012400000000000001, 0.0, 0.0, 0.0, 0.0, 0.0, 0.0], [0.11130000000000001, 0.10210000000000001, 0.0034000000000000002, 0.0027, 0.0, 0.0, 0.0, 0.0, 0.0, 0.0], [0.1484, 0.0078000000000000005, 0.013800000000000002, 0.0048000000000000004, 0.0, 0.0, 0.0, 0.0, 0.0, 0.0], [0.0346, 0.10300000000000001, 0.0039000000000000003, 0.018500000000000003, 0.0, 0.0, 0.0, 0.0, 0.0, 0.0]]}}
bs_latimer_munro_vbm: {'band_index': {'1': [40, 41], '-1': []}, 'kpoint_index': [18, 19, 64, 65, 84, 135, 136], 'kpoint': <pymatgen.electronic_structure.bandstructure.Kpoint object at 0x7fc5d4b5a3c0>, 'energy': 2.9424, 'projections': {'1': [[0.0, 0.0, 0.0, 0.0, 0.00030000000000000003, 0.0009000000000000001, 0.0001, 0.0001, 0.0009000000000000001, 0.00030000000000000003], [0.0007, 0.0007, 0.0, 0.0, 0.0007, 0.0015, 0.028900000000000002, 0.0297, 0.0016, 0.0005], [0.001, 0.001, 0.0, 0.0, 0.0017000000000000001, 0.043000000000000003, 0.054700000000000006, 0.0548, 0.042800000000000005, 0.0019], [0.0001, 0.0001, 0.0, 0.0, 0.0296, 0.0349, 0.0397, 0.0396, 0.033600000000000005, 0.028800000000000003], [0.002, 0.0019, 0.031, 0.030600000000000002, 0.0, 0.0, 0.0, 0.0, 0.0, 0.0], [0.0024000000000000002, 0.0024000000000000002, 0.1268, 0.12810000000000002, 0.0, 0.0, 0.0, 0.0, 0.0, 0.0], [0.0031000000000000003, 0.0031000000000000003, 0.023100000000000002, 0.0227, 0.0, 0.0, 0.0, 0.0, 0.0, 0.0], [0.0032, 0.0033, 0.0008, 0.0007, 0.0, 0.0, 0.0, 0.0, 0.0, 0.0], [0.0001, 0.0001, 0.0064, 0.0059, 0.0, 0.0, 0.0, 0.0, 0.0, 0.0]]}}
bs_latimer_munro_efermi: 2.98807772