material_id: mp-1047226
band_gap: 0.523799999999999
efermi: 4.23001512
dos_magnetic_ordering: FM
dos_total_task_id: mp-1752701
dos_total_band_gap: 1.2461
dos_total_cbm: 5.415
dos_total_vbm: 4.1689
dos_total_efermi: 4.14669254
bs_setyawan_curtarolo_task_id: mp-1622789
bs_setyawan_curtarolo_band_gap: 0.523799999999999
bs_setyawan_curtarolo_cbm: {'band_index': {'-1': [36], '1': []}, 'kpoint_index': [0, 52, 53], 'kpoint': <pymatgen.electronic_structure.bandstructure.Kpoint object at 0x7fc699d63930>, 'energy': 4.67, 'projections': {'-1': [[0.0018000000000000002, 0.0007, 0.0017000000000000001, 0.0012000000000000001, 0.0004, 0.0009000000000000001, 0.0004, 0.0004, 0.0009000000000000001, 0.0009000000000000001], [0.0, 0.0, 0.0, 0.0, 0.0, 0.0019, 0.012, 0.0109, 0.007200000000000001, 0.0017000000000000001], [0.0001, 0.0, 0.032, 0.0002, 0.0129, 0.0021000000000000003, 0.0034000000000000002, 0.0045000000000000005, 0.0005, 0.0089], [0.0012000000000000001, 0.0, 0.30960000000000004, 0.0022, 0.0024000000000000002, 0.009000000000000001, 0.0, 0.0001, 0.0053, 0.0025], [0.0, 0.0, 0.0, 0.0, 0.0, 0.0, 0.0, 0.0, 0.0, 0.0], [0.0, 0.0, 0.0, 0.0, 0.0, 0.0, 0.0, 0.0, 0.0, 0.0], [0.0006000000000000001, 0.0036000000000000003, 0.0, 0.029400000000000003, 0.0, 0.0, 0.0, 0.0, 0.0, 0.0], [0.0011, 0.0071, 0.0, 0.058, 0.0, 0.0, 0.0, 0.0, 0.0, 0.0], [0.0027, 0.0172, 0.0, 0.1404, 0.0, 0.0, 0.0, 0.0, 0.0, 0.0]]}}
bs_setyawan_curtarolo_vbm: {'band_index': {'1': [36], '-1': []}, 'kpoint_index': [14, 15, 94], 'kpoint': <pymatgen.electronic_structure.bandstructure.Kpoint object at 0x7fc5d4b59be0>, 'energy': 4.1462, 'projections': {'1': [[0.0035, 0.001, 0.0026000000000000003, 0.0002, 0.0001, 0.0, 0.0001, 0.0063, 0.0027, 0.0], [0.0, 0.0, 0.0008, 0.0005, 0.00030000000000000003, 0.0051, 0.0016, 0.0035, 0.0038, 0.0016], [0.0004, 0.0, 0.022, 0.0041, 0.0071, 0.0001, 0.0007, 0.0009000000000000001, 0.0066, 0.003], [0.0001, 0.0006000000000000001, 0.3985, 0.0024000000000000002, 0.0078000000000000005, 0.04, 0.0212, 0.0129, 0.0076, 0.0325], [0.0004, 0.0, 0.0001, 0.0178, 0.0, 0.0, 0.0, 0.0, 0.0, 0.0], [0.0002, 0.0008, 0.0, 0.024900000000000002, 0.0, 0.0, 0.0, 0.0, 0.0, 0.0], [0.0, 0.0, 0.0005, 0.0455, 0.0, 0.0, 0.0, 0.0, 0.0, 0.0], [0.0001, 0.0073, 0.0002, 0.0004, 0.0, 0.0, 0.0, 0.0, 0.0, 0.0], [0.0028, 0.0026000000000000003, 0.0, 0.0005, 0.0, 0.0, 0.0, 0.0, 0.0, 0.0]]}}
bs_setyawan_curtarolo_efermi: 4.23001512
bs_hinuma_task_id: mp-2109002
bs_hinuma_band_gap: 0.523799999999999
bs_hinuma_cbm: {'band_index': {'-1': [36], '1': []}, 'kpoint_index': [0, 52, 53, 92], 'kpoint': <pymatgen.electronic_structure.bandstructure.Kpoint object at 0x7fc5d4b5a3c0>, 'energy': 4.67, 'projections': {'-1': [[0.0018000000000000002, 0.0007, 0.0017000000000000001, 0.0012000000000000001, 0.0004, 0.0009000000000000001, 0.0004, 0.0004, 0.0009000000000000001, 0.0009000000000000001], [0.0, 0.0, 0.0, 0.0, 0.0, 0.0019, 0.012, 0.0109, 0.007200000000000001, 0.0017000000000000001], [0.0001, 0.0, 0.032, 0.0002, 0.013000000000000001, 0.0021000000000000003, 0.0034000000000000002, 0.0045000000000000005, 0.0005, 0.0089], [0.0012000000000000001, 0.0, 0.30960000000000004, 0.0022, 0.0024000000000000002, 0.009000000000000001, 0.0, 0.0001, 0.0053, 0.0025], [0.0, 0.0, 0.0, 0.0, 0.0, 0.0, 0.0, 0.0, 0.0, 0.0], [0.0, 0.0, 0.0, 0.0, 0.0, 0.0, 0.0, 0.0, 0.0, 0.0], [0.0006000000000000001, 0.0036000000000000003, 0.0, 0.029400000000000003, 0.0, 0.0, 0.0, 0.0, 0.0, 0.0], [0.0011, 0.0071, 0.0, 0.058, 0.0, 0.0, 0.0, 0.0, 0.0, 0.0], [0.0027, 0.0172, 0.0, 0.1403, 0.0, 0.0, 0.0, 0.0, 0.0, 0.0]]}}
bs_hinuma_vbm: {'band_index': {'1': [36], '-1': []}, 'kpoint_index': [37, 38], 'kpoint': <pymatgen.electronic_structure.bandstructure.Kpoint object at 0x7fc5d4b59e80>, 'energy': 4.1462, 'projections': {'1': [[0.0035, 0.001, 0.0026000000000000003, 0.0002, 0.0001, 0.0, 0.0001, 0.0063, 0.0027, 0.0], [0.0, 0.0, 0.0008, 0.0005, 0.00030000000000000003, 0.0051, 0.0016, 0.0035, 0.0038, 0.0016], [0.0004, 0.0, 0.022, 0.0041, 0.0071, 0.0001, 0.0007, 0.0009000000000000001, 0.0066, 0.003], [0.0001, 0.0006000000000000001, 0.3985, 0.0024000000000000002, 0.0078000000000000005, 0.04, 0.0212, 0.0129, 0.0076, 0.0325], [0.0004, 0.0, 0.0001, 0.0178, 0.0, 0.0, 0.0, 0.0, 0.0, 0.0], [0.0002, 0.0008, 0.0, 0.024900000000000002, 0.0, 0.0, 0.0, 0.0, 0.0, 0.0], [0.0, 0.0, 0.0005, 0.0455, 0.0, 0.0, 0.0, 0.0, 0.0, 0.0], [0.0001, 0.0073, 0.0002, 0.0004, 0.0, 0.0, 0.0, 0.0, 0.0, 0.0], [0.0028, 0.0026000000000000003, 0.0, 0.0005, 0.0, 0.0, 0.0, 0.0, 0.0, 0.0]]}}
bs_hinuma_efermi: 4.23840638
bs_latimer_munro_task_id: mp-2307523
bs_latimer_munro_band_gap: 0.523799999999999
bs_latimer_munro_cbm: {'band_index': {'-1': [36], '1': []}, 'kpoint_index': [12, 13, 28], 'kpoint': <pymatgen.electronic_structure.bandstructure.Kpoint object at 0x7fc5d4b5a350>, 'energy': 4.67, 'projections': {'-1': [[0.0018000000000000002, 0.0007, 0.0017000000000000001, 0.0012000000000000001, 0.0004, 0.0009000000000000001, 0.0004, 0.0004, 0.0009000000000000001, 0.0009000000000000001], [0.0, 0.0, 0.0, 0.0, 0.0, 0.0019, 0.012, 0.0109, 0.007200000000000001, 0.0017000000000000001], [0.0001, 0.0, 0.032, 0.0002, 0.0129, 0.0021000000000000003, 0.0034000000000000002, 0.0045000000000000005, 0.0005, 0.0089], [0.0012000000000000001, 0.0, 0.30960000000000004, 0.0022, 0.0024000000000000002, 0.009000000000000001, 0.0, 0.0001, 0.0053, 0.0025], [0.0, 0.0, 0.0, 0.0, 0.0, 0.0, 0.0, 0.0, 0.0, 0.0], [0.0, 0.0, 0.0, 0.0, 0.0, 0.0, 0.0, 0.0, 0.0, 0.0], [0.0006000000000000001, 0.0036000000000000003, 0.0, 0.029400000000000003, 0.0, 0.0, 0.0, 0.0, 0.0, 0.0], [0.0011, 0.0071, 0.0, 0.058, 0.0, 0.0, 0.0, 0.0, 0.0, 0.0], [0.0027, 0.0172, 0.0, 0.1404, 0.0, 0.0, 0.0, 0.0, 0.0, 0.0]]}}
bs_latimer_munro_vbm: {'band_index': {'1': [36], '-1': []}, 'kpoint_index': [27], 'kpoint': <pymatgen.electronic_structure.bandstructure.Kpoint object at 0x7fc5d4b5a190>, 'energy': 4.1462, 'projections': {'1': [[0.0035, 0.001, 0.0026000000000000003, 0.0002, 0.0001, 0.0, 0.0001, 0.0063, 0.0027, 0.0], [0.0, 0.0, 0.0008, 0.0005, 0.00030000000000000003, 0.0051, 0.0016, 0.0035, 0.0038, 0.0016], [0.0004, 0.0, 0.022, 0.0041, 0.0071, 0.0001, 0.0007, 0.0009000000000000001, 0.0066, 0.003], [0.0001, 0.0006000000000000001, 0.3985, 0.0024000000000000002, 0.0078000000000000005, 0.04, 0.0212, 0.0129, 0.0076, 0.0325], [0.0004, 0.0, 0.0001, 0.0178, 0.0, 0.0, 0.0, 0.0, 0.0, 0.0], [0.0002, 0.0008, 0.0, 0.024900000000000002, 0.0, 0.0, 0.0, 0.0, 0.0, 0.0], [0.0, 0.0, 0.0005, 0.0455, 0.0, 0.0, 0.0, 0.0, 0.0, 0.0], [0.0001, 0.0073, 0.0002, 0.0004, 0.0, 0.0, 0.0, 0.0, 0.0, 0.0], [0.0028, 0.0026000000000000003, 0.0, 0.0005, 0.0, 0.0, 0.0, 0.0, 0.0, 0.0]]}}
bs_latimer_munro_efermi: 4.23200807