material_id: mp-1104232
band_gap: 0.019699999999999003
efermi: 0.34851885
dos_magnetic_ordering: FM
dos_total_task_id: mp-1669539
dos_total_band_gap: 5.1203
dos_total_cbm: 5.3861
dos_total_vbm: 0.26580000000000004
dos_total_efermi: 0.35271619
bs_setyawan_curtarolo_task_id: mp-1603099
bs_setyawan_curtarolo_band_gap: 0.019699999999999003
bs_setyawan_curtarolo_cbm: {'band_index': {'-1': [47], '1': []}, 'kpoint_index': [108, 109], 'kpoint': <pymatgen.electronic_structure.bandstructure.Kpoint object at 0x7fc699d63930>, 'energy': 0.35660000000000003, 'projections': {'-1': [[0.0, 0.0, 0.0, 0.0019, 0.0, 0.0, 0.0009000000000000001, 0.0009000000000000001, 0.0007, 0.0007, 0.0, 0.0, 0.0, 0.0], [0.0, 0.0, 0.0, 0.0, 0.0007, 0.0007, 0.2351, 0.2351, 0.0, 0.0, 0.007, 0.007, 0.007, 0.007], [0.0009000000000000001, 0.0001, 0.0001, 0.0, 0.0002, 0.0002, 0.0014, 0.0014, 0.08750000000000001, 0.08750000000000001, 0.0054, 0.0054, 0.0054, 0.0054], [0.0, 0.0, 0.0, 0.0, 0.0, 0.0, 0.0, 0.0, 0.0, 0.0, 0.0001, 0.0001, 0.0001, 0.0001], [0.0, 0.0, 0.0, 0.0, 0.0, 0.0, 0.0, 0.0, 0.0, 0.0, 0.0, 0.0, 0.0, 0.0], [0.0, 0.0005, 0.0005, 0.0015, 0.0, 0.0, 0.0, 0.0, 0.0, 0.0, 0.0, 0.0, 0.0, 0.0], [0.0, 0.0002, 0.0002, 0.0031000000000000003, 0.0, 0.0, 0.0, 0.0, 0.0, 0.0, 0.0, 0.0, 0.0, 0.0], [0.0, 0.0, 0.0, 0.0, 0.0, 0.0, 0.0, 0.0, 0.0, 0.0, 0.0, 0.0, 0.0, 0.0], [0.0, 0.0001, 0.0001, 0.005, 0.0, 0.0, 0.0, 0.0, 0.0, 0.0, 0.0, 0.0, 0.0, 0.0]]}}
bs_setyawan_curtarolo_vbm: {'band_index': {'-1': [46], '1': []}, 'kpoint_index': ['62'], 'kpoint': <pymatgen.electronic_structure.bandstructure.Kpoint object at 0x7fc5d4b59c50>, 'energy': 0.33690000000000003, 'projections': {'-1': [[0.0, 0.0, 0.0, 0.0, 0.0, 0.0, 0.0, 0.0, 0.0, 0.0, 0.0, 0.0, 0.0, 0.0], [0.0, 0.0, 0.0, 0.0, 0.0, 0.0, 0.0, 0.0, 0.0, 0.0, 0.0145, 0.0145, 0.0145, 0.0145], [0.0, 0.0, 0.0, 0.0, 0.0, 0.0, 0.0, 0.0, 0.0, 0.0, 0.0687, 0.0687, 0.0687, 0.0687], [0.0, 0.00030000000000000003, 0.00030000000000000003, 0.0, 0.0002, 0.0002, 0.1216, 0.12150000000000001, 0.004200000000000001, 0.004200000000000001, 0.0393, 0.0393, 0.0393, 0.0393], [0.0001, 0.0004, 0.0004, 0.0012000000000000001, 0.0, 0.0, 0.0, 0.0, 0.0, 0.0, 0.0, 0.0, 0.0, 0.0], [0.0, 0.0, 0.0, 0.0, 0.0, 0.0, 0.0, 0.0, 0.0, 0.0, 0.0, 0.0, 0.0, 0.0], [0.0, 0.0, 0.0, 0.0, 0.0, 0.0, 0.0, 0.0, 0.0, 0.0, 0.0, 0.0, 0.0, 0.0], [0.0006000000000000001, 0.0, 0.0, 0.0009000000000000001, 0.0, 0.0, 0.0, 0.0, 0.0, 0.0, 0.0, 0.0, 0.0, 0.0], [0.0, 0.0, 0.0, 0.0, 0.0, 0.0, 0.0, 0.0, 0.0, 0.0, 0.0, 0.0, 0.0, 0.0]]}}
bs_setyawan_curtarolo_efermi: 0.34851885
bs_latimer_munro_task_id: mp-2446140
bs_latimer_munro_band_gap: 0.019699999999999003
bs_latimer_munro_cbm: {'band_index': {'-1': [47], '1': []}, 'kpoint_index': [612, 613, 653], 'kpoint': <pymatgen.electronic_structure.bandstructure.Kpoint object at 0x7fc5d4b5a3c0>, 'energy': 0.35660000000000003, 'projections': {'-1': [[0.0, 0.0, 0.0, 0.0019, 0.0, 0.0, 0.0009000000000000001, 0.0009000000000000001, 0.0007, 0.0007, 0.0, 0.0, 0.0, 0.0], [0.0, 0.0, 0.0, 0.0, 0.0007, 0.0007, 0.2351, 0.2351, 0.0, 0.0, 0.007, 0.007, 0.007, 0.007], [0.0009000000000000001, 0.0001, 0.0001, 0.0, 0.0002, 0.0002, 0.0014, 0.0014, 0.08750000000000001, 0.08750000000000001, 0.0054, 0.0054, 0.0054, 0.0054], [0.0, 0.0, 0.0, 0.0, 0.0, 0.0, 0.0, 0.0, 0.0, 0.0, 0.0001, 0.0001, 0.0001, 0.0001], [0.0, 0.0, 0.0, 0.0, 0.0, 0.0, 0.0, 0.0, 0.0, 0.0, 0.0, 0.0, 0.0, 0.0], [0.0, 0.0005, 0.0005, 0.0015, 0.0, 0.0, 0.0, 0.0, 0.0, 0.0, 0.0, 0.0, 0.0, 0.0], [0.0, 0.0002, 0.0002, 0.0031000000000000003, 0.0, 0.0, 0.0, 0.0, 0.0, 0.0, 0.0, 0.0, 0.0, 0.0], [0.0, 0.0, 0.0, 0.0, 0.0, 0.0, 0.0, 0.0, 0.0, 0.0, 0.0, 0.0, 0.0, 0.0], [0.0, 0.0001, 0.0001, 0.005, 0.0, 0.0, 0.0, 0.0, 0.0, 0.0, 0.0, 0.0, 0.0, 0.0]]}}
bs_latimer_munro_vbm: {'band_index': {'-1': [46], '1': []}, 'kpoint_index': [436, 437, 475], 'kpoint': <pymatgen.electronic_structure.bandstructure.Kpoint object at 0x7fc5d4b59e80>, 'energy': 0.33690000000000003, 'projections': {'-1': [[0.0, 0.0, 0.0, 0.0, 0.0, 0.0, 0.0, 0.0, 0.0, 0.0, 0.0, 0.0, 0.0, 0.0], [0.0, 0.0, 0.0, 0.0, 0.0, 0.0, 0.0, 0.0, 0.0, 0.0, 0.0145, 0.0145, 0.0145, 0.0145], [0.0, 0.0, 0.0, 0.0, 0.0, 0.0, 0.0, 0.0, 0.0, 0.0, 0.0687, 0.0687, 0.0687, 0.0687], [0.0, 0.00030000000000000003, 0.00030000000000000003, 0.0, 0.0002, 0.0002, 0.1216, 0.12150000000000001, 0.004200000000000001, 0.004200000000000001, 0.0393, 0.0393, 0.0393, 0.0393], [0.0001, 0.0004, 0.0004, 0.0012000000000000001, 0.0, 0.0, 0.0, 0.0, 0.0, 0.0, 0.0, 0.0, 0.0, 0.0], [0.0, 0.0, 0.0, 0.0, 0.0, 0.0, 0.0, 0.0, 0.0, 0.0, 0.0, 0.0, 0.0, 0.0], [0.0, 0.0, 0.0, 0.0, 0.0, 0.0, 0.0, 0.0, 0.0, 0.0, 0.0, 0.0, 0.0, 0.0], [0.0006000000000000001, 0.0, 0.0, 0.0009000000000000001, 0.0, 0.0, 0.0, 0.0, 0.0, 0.0, 0.0, 0.0, 0.0, 0.0], [0.0, 0.0, 0.0, 0.0, 0.0, 0.0, 0.0, 0.0, 0.0, 0.0, 0.0, 0.0, 0.0, 0.0]]}}
bs_latimer_munro_efermi: 0.34758624