material_id: mp-1221840
band_gap: 1.506
efermi: 3.31599615
dos_magnetic_ordering: FM
dos_total_task_id: mp-1755294
dos_total_band_gap: 2.3653
dos_total_cbm: 5.5529
dos_total_vbm: 3.1876
dos_total_efermi: 3.19859287
bs_setyawan_curtarolo_task_id: mp-1620579
bs_setyawan_curtarolo_band_gap: 1.506
bs_setyawan_curtarolo_cbm: {'band_index': {'-1': [36], '1': []}, 'kpoint_index': ['79'], 'kpoint': <pymatgen.electronic_structure.bandstructure.Kpoint object at 0x7fc699d63930>, 'energy': 4.6843, 'projections': {'-1': [[0.0001, 0.00030000000000000003, 0.0, 0.00030000000000000003, 0.0012000000000000001, 0.0001, 0.0017000000000000001, 0.0008, 0.002, 0.0], [0.0001, 0.0001, 0.0005, 0.0006000000000000001, 0.0016, 0.00030000000000000003, 0.0017000000000000001, 0.0011, 0.0016, 0.0002], [0.0001, 0.0002, 0.0002, 0.0004, 0.0037, 0.0006000000000000001, 0.0023, 0.0035, 0.0034000000000000002, 0.0013000000000000002], [0.0001, 0.0, 0.0001, 0.0004, 0.0021000000000000003, 0.0018000000000000002, 0.002, 0.0018000000000000002, 0.0004, 0.00030000000000000003], [0.0005, 0.0004, 0.023, 0.096, 0.0, 0.0, 0.0, 0.0, 0.0, 0.0], [0.0006000000000000001, 0.0016, 0.025900000000000003, 0.10790000000000001, 0.0, 0.0, 0.0, 0.0, 0.0, 0.0], [0.0006000000000000001, 0.0007, 0.0859, 0.1066, 0.0, 0.0, 0.0, 0.0, 0.0, 0.0], [0.0016, 0.0034000000000000002, 0.0292, 0.0417, 0.0, 0.0, 0.0, 0.0, 0.0, 0.0], [0.0031000000000000003, 0.0037, 0.09730000000000001, 0.22460000000000002, 0.0, 0.0, 0.0, 0.0, 0.0, 0.0]]}}
bs_setyawan_curtarolo_vbm: {'band_index': {'1': [50], '-1': []}, 'kpoint_index': ['56'], 'kpoint': <pymatgen.electronic_structure.bandstructure.Kpoint object at 0x7fc5d4b5a3c0>, 'energy': 3.1783, 'projections': {'1': [[0.0, 0.0, 0.0, 0.0, 0.0002, 0.0002, 0.0002, 0.0001, 0.0001, 0.0001], [0.0017000000000000001, 0.0001, 0.0002, 0.0004, 0.0038, 0.019, 0.0173, 0.031100000000000003, 0.054700000000000006, 0.024900000000000002], [0.0016, 0.0001, 0.0002, 0.00030000000000000003, 0.0146, 0.0151, 0.0112, 0.0179, 0.02, 0.07590000000000001], [0.0002, 0.0, 0.0, 0.0, 0.0246, 0.0089, 0.0146, 0.07250000000000001, 0.046700000000000005, 0.0206], [0.0098, 0.0463, 0.0019, 0.0005, 0.0, 0.0, 0.0, 0.0, 0.0, 0.0], [0.0668, 0.0507, 0.0071, 0.002, 0.0, 0.0, 0.0, 0.0, 0.0, 0.0], [0.037200000000000004, 0.045700000000000005, 0.0055000000000000005, 0.0013000000000000002, 0.0, 0.0, 0.0, 0.0, 0.0, 0.0], [0.015600000000000001, 0.0322, 0.0011, 0.0005, 0.0, 0.0, 0.0, 0.0, 0.0, 0.0], [0.0238, 0.019100000000000002, 0.0024000000000000002, 0.0007, 0.0, 0.0, 0.0, 0.0, 0.0, 0.0]]}}
bs_setyawan_curtarolo_efermi: 3.31599615
bs_hinuma_task_id: mp-2111680
bs_hinuma_band_gap: 1.506
bs_hinuma_cbm: {'band_index': {'-1': [36], '1': []}, 'kpoint_index': ['79'], 'kpoint': <pymatgen.electronic_structure.bandstructure.Kpoint object at 0x7fc5d4b59c50>, 'energy': 4.6843, 'projections': {'-1': [[0.0001, 0.00030000000000000003, 0.0, 0.00030000000000000003, 0.0017000000000000001, 0.0012000000000000001, 0.0001, 0.0, 0.0008, 0.002], [0.0001, 0.0001, 0.0001, 0.0001, 0.0004, 0.0044, 0.00030000000000000003, 0.0006000000000000001, 0.0007, 0.0009000000000000001], [0.0001, 0.0002, 0.0005, 0.00030000000000000003, 0.0025, 0.0007, 0.0, 0.0005, 0.0012000000000000001, 0.0019], [0.0, 0.0001, 0.0002, 0.0011, 0.0032, 0.0023, 0.0024000000000000002, 0.0007, 0.0045000000000000005, 0.0027], [0.0002, 0.0025, 0.0649, 0.0809, 0.0, 0.0, 0.0, 0.0, 0.0, 0.0], [0.0004, 0.0013000000000000002, 0.0835, 0.0541, 0.0, 0.0, 0.0, 0.0, 0.0, 0.0], [0.0006000000000000001, 0.0016, 0.052500000000000005, 0.1255, 0.0, 0.0, 0.0, 0.0, 0.0, 0.0], [0.0014, 0.0035, 0.0009000000000000001, 0.30860000000000004, 0.0, 0.0, 0.0, 0.0, 0.0, 0.0], [0.0038, 0.0009000000000000001, 0.059500000000000004, 0.0078000000000000005, 0.0, 0.0, 0.0, 0.0, 0.0, 0.0]]}}
bs_hinuma_vbm: {'band_index': {'1': [50], '-1': []}, 'kpoint_index': ['1'], 'kpoint': <pymatgen.electronic_structure.bandstructure.Kpoint object at 0x7fc5d4b5a190>, 'energy': 3.1783, 'projections': {'1': [[0.0, 0.0, 0.0, 0.0, 0.0002, 0.0002, 0.0002, 0.0001, 0.0001, 0.0001], [0.0017000000000000001, 0.0001, 0.0002, 0.0004, 0.0038, 0.019, 0.0173, 0.031100000000000003, 0.054700000000000006, 0.024900000000000002], [0.0016, 0.0001, 0.0002, 0.00030000000000000003, 0.0146, 0.0151, 0.0112, 0.0179, 0.02, 0.07590000000000001], [0.0002, 0.0, 0.0, 0.0, 0.0246, 0.0089, 0.0146, 0.07250000000000001, 0.046700000000000005, 0.0206], [0.0098, 0.0463, 0.0019, 0.0005, 0.0, 0.0, 0.0, 0.0, 0.0, 0.0], [0.0668, 0.0507, 0.0071, 0.002, 0.0, 0.0, 0.0, 0.0, 0.0, 0.0], [0.037200000000000004, 0.045700000000000005, 0.0055000000000000005, 0.0013000000000000002, 0.0, 0.0, 0.0, 0.0, 0.0, 0.0], [0.015600000000000001, 0.0322, 0.0011, 0.0005, 0.0, 0.0, 0.0, 0.0, 0.0, 0.0], [0.0238, 0.019100000000000002, 0.0024000000000000002, 0.0007, 0.0, 0.0, 0.0, 0.0, 0.0, 0.0]]}}
bs_hinuma_efermi: 3.37809887
bs_latimer_munro_task_id: mp-2303396
bs_latimer_munro_band_gap: 1.5201
bs_latimer_munro_cbm: {'band_index': {'-1': [36], '1': []}, 'kpoint_index': ['12'], 'kpoint': <pymatgen.electronic_structure.bandstructure.Kpoint object at 0x7fc5d4b59e80>, 'energy': 4.6984, 'projections': {'-1': [[0.0, 0.0, 0.0, 0.0, 0.0007, 0.0007, 0.0007, 0.0008, 0.0008, 0.0008], [0.0001, 0.0007, 0.0007, 0.0006000000000000001, 0.0001, 0.0033, 0.0024000000000000002, 0.0014, 0.0015, 0.0028], [0.0001, 0.0006000000000000001, 0.0006000000000000001, 0.0005, 0.0012000000000000001, 0.0023, 0.0036000000000000003, 0.0025, 0.0026000000000000003, 0.0004], [0.0, 0.0001, 0.0001, 0.0001, 0.0092, 0.0049, 0.0045000000000000005, 0.0011, 0.001, 0.0019], [0.0005, 0.00030000000000000003, 0.0733, 0.106, 0.0, 0.0, 0.0, 0.0, 0.0, 0.0], [0.0028, 0.0012000000000000001, 0.0656, 0.1704, 0.0, 0.0, 0.0, 0.0, 0.0, 0.0], [0.0021000000000000003, 0.0004, 0.0985, 0.028200000000000003, 0.0, 0.0, 0.0, 0.0, 0.0, 0.0], [0.00030000000000000003, 0.0007, 0.020800000000000003, 0.1689, 0.0, 0.0, 0.0, 0.0, 0.0, 0.0], [0.0009000000000000001, 0.0005, 0.0198, 0.07930000000000001, 0.0, 0.0, 0.0, 0.0, 0.0, 0.0]]}}
bs_latimer_munro_vbm: {'band_index': {'1': [50], '-1': []}, 'kpoint_index': ['13'], 'kpoint': <pymatgen.electronic_structure.bandstructure.Kpoint object at 0x7fc5d4b5a350>, 'energy': 3.1783, 'projections': {'1': [[0.0, 0.0, 0.0, 0.0, 0.0002, 0.0002, 0.0002, 0.0001, 0.0001, 0.0001], [0.0017000000000000001, 0.0001, 0.0002, 0.0004, 0.0038, 0.019, 0.0173, 0.031100000000000003, 0.054700000000000006, 0.024900000000000002], [0.0016, 0.0001, 0.0002, 0.00030000000000000003, 0.0146, 0.0151, 0.0112, 0.0179, 0.02, 0.07590000000000001], [0.0002, 0.0, 0.0, 0.0, 0.0246, 0.0089, 0.0146, 0.07250000000000001, 0.046700000000000005, 0.0206], [0.0098, 0.0463, 0.0019, 0.0005, 0.0, 0.0, 0.0, 0.0, 0.0, 0.0], [0.0668, 0.0507, 0.0071, 0.002, 0.0, 0.0, 0.0, 0.0, 0.0, 0.0], [0.037200000000000004, 0.045700000000000005, 0.0055000000000000005, 0.0013000000000000002, 0.0, 0.0, 0.0, 0.0, 0.0, 0.0], [0.015600000000000001, 0.0322, 0.0011, 0.0005, 0.0, 0.0, 0.0, 0.0, 0.0, 0.0], [0.0238, 0.019100000000000002, 0.0024000000000000002, 0.0007, 0.0, 0.0, 0.0, 0.0, 0.0, 0.0]]}}
bs_latimer_munro_efermi: 3.28792844