material_id: mp-1112264
band_gap: 0.6779000000000001
efermi: 0.1141446
dos_magnetic_ordering: NM
dos_total_task_id: mp-1751366
dos_total_band_gap: 0.674099999999999
dos_total_cbm: 0.6948000000000001
dos_total_vbm: 0.0207
dos_total_efermi: 0.0274632
bs_setyawan_curtarolo_task_id: mp-1622667
bs_setyawan_curtarolo_band_gap: 0.6779000000000001
bs_setyawan_curtarolo_cbm: {'band_index': {'1': [42]}, 'kpoint_index': [0, 48, 49], 'kpoint': <pymatgen.electronic_structure.bandstructure.Kpoint object at 0x7fc699d63930>, 'energy': 0.6902, 'projections': {'1': [[0.0077, 0.0077, 0.1274, 0.3393, 0.0135, 0.0135, 0.0135, 0.0135, 0.0135, 0.0135], [0.0, 0.0, 0.0, 0.0, 0.0, 0.0, 0.0, 0.0001, 0.0001, 0.0], [0.0, 0.0, 0.0, 0.0, 0.0001, 0.0, 0.0001, 0.0, 0.0, 0.0], [0.0, 0.0, 0.0, 0.0, 0.0, 0.0001, 0.0, 0.0, 0.0, 0.0001], [0.0, 0.0, 0.0, 0.0, 0.0, 0.0, 0.0, 0.0, 0.0, 0.0], [0.0, 0.0, 0.0, 0.0, 0.0, 0.0, 0.0, 0.0, 0.0, 0.0], [0.0, 0.0, 0.0, 0.0, 0.0, 0.0, 0.0, 0.0, 0.0, 0.0], [0.0, 0.0, 0.0, 0.0, 0.0, 0.0, 0.0, 0.0, 0.0, 0.0], [0.0, 0.0, 0.0, 0.0, 0.0, 0.0, 0.0, 0.0, 0.0, 0.0]]}}
bs_setyawan_curtarolo_vbm: {'band_index': {'1': [41]}, 'kpoint_index': ['14'], 'kpoint': <pymatgen.electronic_structure.bandstructure.Kpoint object at 0x7fc5d4b59e80>, 'energy': 0.0123, 'projections': {'1': [[0.0, 0.0, 0.0, 0.0, 0.0012000000000000001, 0.0012000000000000001, 0.0012000000000000001, 0.0, 0.0, 0.0012000000000000001], [0.0, 0.0, 0.0, 0.0, 0.0, 0.0, 0.0, 0.0, 0.0, 0.0], [0.0, 0.0, 0.0, 0.0, 0.0499, 0.0, 0.0499, 0.0, 0.0, 0.0], [0.0, 0.0, 0.0, 0.0, 0.0, 0.0499, 0.0, 0.0, 0.0, 0.0499], [0.0, 0.0, 0.0, 0.0, 0.0, 0.0, 0.0, 0.0, 0.0, 0.0], [0.0, 0.0, 0.0, 0.0, 0.0, 0.0, 0.0, 0.0, 0.0, 0.0], [0.0, 0.0, 0.0135, 0.5591, 0.0, 0.0, 0.0, 0.0, 0.0, 0.0], [0.0, 0.0, 0.0, 0.0, 0.0, 0.0, 0.0, 0.0, 0.0, 0.0], [0.0, 0.0, 0.0045000000000000005, 0.1864, 0.0, 0.0, 0.0, 0.0, 0.0, 0.0]]}}
bs_setyawan_curtarolo_efermi: 0.1141446
bs_hinuma_task_id: mp-2098259
bs_hinuma_band_gap: 0.6779000000000001
bs_hinuma_cbm: {'band_index': {'1': [42]}, 'kpoint_index': [0, 39, 40], 'kpoint': <pymatgen.electronic_structure.bandstructure.Kpoint object at 0x7fc5d4b59c50>, 'energy': 0.6902, 'projections': {'1': [[0.0077, 0.0077, 0.1274, 0.3393, 0.0135, 0.0135, 0.0135, 0.0135, 0.0135, 0.0135], [0.0, 0.0, 0.0, 0.0, 0.0, 0.0, 0.0, 0.0001, 0.0001, 0.0], [0.0, 0.0, 0.0, 0.0, 0.0001, 0.0, 0.0001, 0.0, 0.0, 0.0], [0.0, 0.0, 0.0, 0.0, 0.0, 0.0001, 0.0, 0.0, 0.0, 0.0001], [0.0, 0.0, 0.0, 0.0, 0.0, 0.0, 0.0, 0.0, 0.0, 0.0], [0.0, 0.0, 0.0, 0.0, 0.0, 0.0, 0.0, 0.0, 0.0, 0.0], [0.0, 0.0, 0.0, 0.0, 0.0, 0.0, 0.0, 0.0, 0.0, 0.0], [0.0, 0.0, 0.0, 0.0, 0.0, 0.0, 0.0, 0.0, 0.0, 0.0], [0.0, 0.0, 0.0, 0.0, 0.0, 0.0, 0.0, 0.0, 0.0, 0.0]]}}
bs_hinuma_vbm: {'band_index': {'1': [41]}, 'kpoint_index': ['14'], 'kpoint': <pymatgen.electronic_structure.bandstructure.Kpoint object at 0x7fc5d4b5a350>, 'energy': 0.0123, 'projections': {'1': [[0.0, 0.0, 0.0, 0.0, 0.0012000000000000001, 0.0012000000000000001, 0.0012000000000000001, 0.0, 0.0, 0.0012000000000000001], [0.0, 0.0, 0.0, 0.0, 0.0, 0.0, 0.0, 0.0, 0.0, 0.0], [0.0, 0.0, 0.0, 0.0, 0.0499, 0.0, 0.0499, 0.0, 0.0, 0.0], [0.0, 0.0, 0.0, 0.0, 0.0, 0.0499, 0.0, 0.0, 0.0, 0.0499], [0.0, 0.0, 0.0, 0.0, 0.0, 0.0, 0.0, 0.0, 0.0, 0.0], [0.0, 0.0, 0.0, 0.0, 0.0, 0.0, 0.0, 0.0, 0.0, 0.0], [0.0, 0.0, 0.0135, 0.5591, 0.0, 0.0, 0.0, 0.0, 0.0, 0.0], [0.0, 0.0, 0.0, 0.0, 0.0, 0.0, 0.0, 0.0, 0.0, 0.0], [0.0, 0.0, 0.0045000000000000005, 0.1864, 0.0, 0.0, 0.0, 0.0, 0.0, 0.0]]}}
bs_hinuma_efermi: 0.12460988
bs_latimer_munro_task_id: mp-2306336
bs_latimer_munro_band_gap: 0.6779000000000001
bs_latimer_munro_cbm: {'band_index': {'1': [42]}, 'kpoint_index': [24, 25, 42, 112, 113], 'kpoint': <pymatgen.electronic_structure.bandstructure.Kpoint object at 0x7fc5d4b59be0>, 'energy': 0.6902, 'projections': {'1': [[0.0077, 0.0077, 0.1274, 0.3393, 0.0135, 0.0135, 0.0135, 0.0135, 0.0135, 0.0135], [0.0, 0.0, 0.0, 0.0, 0.0, 0.0, 0.0, 0.0001, 0.0001, 0.0], [0.0, 0.0, 0.0, 0.0, 0.0001, 0.0, 0.0001, 0.0, 0.0, 0.0], [0.0, 0.0, 0.0, 0.0, 0.0, 0.0001, 0.0, 0.0, 0.0, 0.0001], [0.0, 0.0, 0.0, 0.0, 0.0, 0.0, 0.0, 0.0, 0.0, 0.0], [0.0, 0.0, 0.0, 0.0, 0.0, 0.0, 0.0, 0.0, 0.0, 0.0], [0.0, 0.0, 0.0, 0.0, 0.0, 0.0, 0.0, 0.0, 0.0, 0.0], [0.0, 0.0, 0.0, 0.0, 0.0, 0.0, 0.0, 0.0, 0.0, 0.0], [0.0, 0.0, 0.0, 0.0, 0.0, 0.0, 0.0, 0.0, 0.0, 0.0]]}}
bs_latimer_munro_vbm: {'band_index': {'1': [41]}, 'kpoint_index': [89, 90, 97], 'kpoint': <pymatgen.electronic_structure.bandstructure.Kpoint object at 0x7fc5d4b5a430>, 'energy': 0.0123, 'projections': {'1': [[0.0, 0.0, 0.0, 0.0, 0.0, 0.0012000000000000001, 0.0, 0.0012000000000000001, 0.0012000000000000001, 0.0012000000000000001], [0.0, 0.0, 0.0, 0.0, 0.0, 0.0, 0.0, 0.0499, 0.0499, 0.0], [0.0, 0.0, 0.0, 0.0, 0.0, 0.0, 0.0, 0.0, 0.0, 0.0], [0.0, 0.0, 0.0, 0.0, 0.0, 0.0499, 0.0, 0.0, 0.0, 0.0499], [0.0, 0.0, 0.0, 0.0, 0.0, 0.0, 0.0, 0.0, 0.0, 0.0], [0.0, 0.0, 0.0, 0.0, 0.0, 0.0, 0.0, 0.0, 0.0, 0.0], [0.0, 0.0, 0.0, 0.0, 0.0, 0.0, 0.0, 0.0, 0.0, 0.0], [0.0, 0.0, 0.0, 0.0, 0.0, 0.0, 0.0, 0.0, 0.0, 0.0], [0.0, 0.0, 0.018000000000000002, 0.7455, 0.0, 0.0, 0.0, 0.0, 0.0, 0.0]]}}
bs_latimer_munro_efermi: 0.11452155