material_id: mp-1079663
band_gap: 2.7473
efermi: 0.15706367000000002
dos_magnetic_ordering: NM
dos_total_task_id: mp-1701594
dos_total_band_gap: 2.7205
dos_total_cbm: 2.7983000000000002
dos_total_vbm: 0.07780000000000001
dos_total_efermi: 0.08536894
bs_setyawan_curtarolo_task_id: mp-1599376
bs_setyawan_curtarolo_band_gap: 2.7473
bs_setyawan_curtarolo_cbm: {'band_index': {'1': [34]}, 'kpoint_index': [56], 'kpoint': <pymatgen.electronic_structure.bandstructure.Kpoint object at 0x7fc699d63930>, 'energy': 2.8138, 'projections': {'1': [[0.0012000000000000001, 0.0012000000000000001, 0.0083, 0.0189, 0.0189, 0.001, 0.001, 0.016, 0.016], [0.0009000000000000001, 0.0009000000000000001, 0.0, 0.0001, 0.0001, 0.0004, 0.0004, 0.00030000000000000003, 0.00030000000000000003], [0.0002, 0.0002, 0.0, 0.0327, 0.0327, 0.0013000000000000002, 0.0013000000000000002, 0.0446, 0.0446], [0.0015, 0.0015, 0.0, 0.047900000000000005, 0.047900000000000005, 0.0027, 0.0027, 0.06280000000000001, 0.06280000000000001], [0.0001, 0.0001, 0.0, 0.0, 0.0, 0.0, 0.0, 0.0, 0.0], [0.0023, 0.0023, 0.0004, 0.0, 0.0, 0.0, 0.0, 0.0, 0.0], [0.0002, 0.0002, 0.0021000000000000003, 0.0, 0.0, 0.0, 0.0, 0.0, 0.0], [0.0015, 0.0015, 0.014100000000000001, 0.0, 0.0, 0.0, 0.0, 0.0, 0.0], [0.0, 0.0, 0.030500000000000003, 0.0, 0.0, 0.0, 0.0, 0.0, 0.0]]}}
bs_setyawan_curtarolo_vbm: {'band_index': {'1': [33]}, 'kpoint_index': [24], 'kpoint': <pymatgen.electronic_structure.bandstructure.Kpoint object at 0x7fc5d4b5a3c0>, 'energy': 0.0665, 'projections': {'1': [[0.0, 0.0, 0.0, 0.0, 0.0, 0.0, 0.0, 0.0, 0.0], [0.0002, 0.0002, 0.005200000000000001, 0.1081, 0.1081, 0.0008, 0.0008, 0.2378, 0.2378], [0.0004, 0.0004, 0.0, 0.0001, 0.0001, 0.0001, 0.0001, 0.0007, 0.0007], [0.0, 0.0, 0.0009000000000000001, 0.0006000000000000001, 0.0006000000000000001, 0.0023, 0.0023, 0.003, 0.003], [0.00030000000000000003, 0.00030000000000000003, 0.0, 0.0, 0.0, 0.0, 0.0, 0.0, 0.0], [0.0001, 0.0001, 0.0, 0.0, 0.0, 0.0, 0.0, 0.0, 0.0], [0.0, 0.0, 0.0, 0.0, 0.0, 0.0, 0.0, 0.0, 0.0], [0.0, 0.0, 0.0, 0.0, 0.0, 0.0, 0.0, 0.0, 0.0], [0.0, 0.0, 0.0, 0.0, 0.0, 0.0, 0.0, 0.0, 0.0]]}}
bs_setyawan_curtarolo_efermi: 0.15706367000000002
bs_hinuma_task_id: mp-2067538
bs_hinuma_band_gap: 2.7473
bs_hinuma_cbm: {'band_index': {'1': [34]}, 'kpoint_index': [64], 'kpoint': <pymatgen.electronic_structure.bandstructure.Kpoint object at 0x7fc5d4b59be0>, 'energy': 2.8138, 'projections': {'1': [[0.0012000000000000001, 0.0012000000000000001, 0.0083, 0.0189, 0.0189, 0.001, 0.001, 0.016, 0.016], [0.0009000000000000001, 0.0009000000000000001, 0.0, 0.0001, 0.0001, 0.0004, 0.0004, 0.00030000000000000003, 0.00030000000000000003], [0.0002, 0.0002, 0.0, 0.0327, 0.0327, 0.0013000000000000002, 0.0013000000000000002, 0.0446, 0.0446], [0.0015, 0.0015, 0.0, 0.047900000000000005, 0.047900000000000005, 0.0027, 0.0027, 0.06280000000000001, 0.06280000000000001], [0.0001, 0.0001, 0.0, 0.0, 0.0, 0.0, 0.0, 0.0, 0.0], [0.0023, 0.0023, 0.0004, 0.0, 0.0, 0.0, 0.0, 0.0, 0.0], [0.0002, 0.0002, 0.0021000000000000003, 0.0, 0.0, 0.0, 0.0, 0.0, 0.0], [0.0015, 0.0015, 0.014100000000000001, 0.0, 0.0, 0.0, 0.0, 0.0, 0.0], [0.0, 0.0, 0.030500000000000003, 0.0, 0.0, 0.0, 0.0, 0.0, 0.0]]}}
bs_hinuma_vbm: {'band_index': {'1': [33]}, 'kpoint_index': [13], 'kpoint': <pymatgen.electronic_structure.bandstructure.Kpoint object at 0x7fc5d4b5a430>, 'energy': 0.0665, 'projections': {'1': [[0.0, 0.0, 0.0, 0.0, 0.0, 0.0, 0.0, 0.0, 0.0], [0.0002, 0.0002, 0.005200000000000001, 0.1081, 0.1081, 0.0008, 0.0008, 0.2378, 0.2378], [0.0004, 0.0004, 0.0, 0.0001, 0.0001, 0.0001, 0.0001, 0.0007, 0.0007], [0.0, 0.0, 0.0009000000000000001, 0.0006000000000000001, 0.0006000000000000001, 0.0023, 0.0023, 0.003, 0.003], [0.00030000000000000003, 0.00030000000000000003, 0.0, 0.0, 0.0, 0.0, 0.0, 0.0, 0.0], [0.0001, 0.0001, 0.0, 0.0, 0.0, 0.0, 0.0, 0.0, 0.0], [0.0, 0.0, 0.0, 0.0, 0.0, 0.0, 0.0, 0.0, 0.0], [0.0, 0.0, 0.0, 0.0, 0.0, 0.0, 0.0, 0.0, 0.0], [0.0, 0.0, 0.0, 0.0, 0.0, 0.0, 0.0, 0.0, 0.0]]}}
bs_hinuma_efermi: 0.14831155000000001
bs_latimer_munro_task_id: mp-2428481
bs_latimer_munro_band_gap: 2.7473
bs_latimer_munro_cbm: {'band_index': {'1': [34]}, 'kpoint_index': [94], 'kpoint': <pymatgen.electronic_structure.bandstructure.Kpoint object at 0x7fc5d4b5a190>, 'energy': 2.8138, 'projections': {'1': [[0.0012000000000000001, 0.0012000000000000001, 0.0083, 0.0189, 0.0189, 0.001, 0.001, 0.016, 0.016], [0.0009000000000000001, 0.0009000000000000001, 0.0, 0.0001, 0.0001, 0.0004, 0.0004, 0.00030000000000000003, 0.00030000000000000003], [0.0002, 0.0002, 0.0, 0.0327, 0.0327, 0.0013000000000000002, 0.0013000000000000002, 0.0446, 0.0446], [0.0015, 0.0015, 0.0, 0.047900000000000005, 0.047900000000000005, 0.0027, 0.0027, 0.06280000000000001, 0.06280000000000001], [0.0001, 0.0001, 0.0, 0.0, 0.0, 0.0, 0.0, 0.0, 0.0], [0.0023, 0.0023, 0.0004, 0.0, 0.0, 0.0, 0.0, 0.0, 0.0], [0.0002, 0.0002, 0.0021000000000000003, 0.0, 0.0, 0.0, 0.0, 0.0, 0.0], [0.0015, 0.0015, 0.014100000000000001, 0.0, 0.0, 0.0, 0.0, 0.0, 0.0], [0.0, 0.0, 0.030500000000000003, 0.0, 0.0, 0.0, 0.0, 0.0, 0.0]]}}
bs_latimer_munro_vbm: {'band_index': {'1': [33]}, 'kpoint_index': [34], 'kpoint': <pymatgen.electronic_structure.bandstructure.Kpoint object at 0x7fc5d4b5a350>, 'energy': 0.0665, 'projections': {'1': [[0.0, 0.0, 0.0, 0.0, 0.0, 0.0, 0.0, 0.0, 0.0], [0.0002, 0.0002, 0.005200000000000001, 0.1081, 0.1081, 0.0008, 0.0008, 0.2378, 0.2378], [0.0004, 0.0004, 0.0, 0.0001, 0.0001, 0.0001, 0.0001, 0.0007, 0.0007], [0.0, 0.0, 0.0009000000000000001, 0.0006000000000000001, 0.0006000000000000001, 0.0023, 0.0023, 0.003, 0.003], [0.00030000000000000003, 0.00030000000000000003, 0.0, 0.0, 0.0, 0.0, 0.0, 0.0, 0.0], [0.0001, 0.0001, 0.0, 0.0, 0.0, 0.0, 0.0, 0.0, 0.0], [0.0, 0.0, 0.0, 0.0, 0.0, 0.0, 0.0, 0.0, 0.0], [0.0, 0.0, 0.0, 0.0, 0.0, 0.0, 0.0, 0.0, 0.0], [0.0, 0.0, 0.0, 0.0, 0.0, 0.0, 0.0, 0.0, 0.0]]}}
bs_latimer_munro_efermi: 0.14183387