material_id: mp-1078419
band_gap: 1.116899999999999
efermi: 1.89370168
dos_magnetic_ordering: NM
dos_total_task_id: mp-2258577
dos_total_band_gap: 1.1568
dos_total_cbm: 3.0368
dos_total_vbm: 1.8800000000000001
dos_total_efermi: 1.88212292
bs_setyawan_curtarolo_task_id: mp-1591554
bs_setyawan_curtarolo_band_gap: 1.116899999999999
bs_setyawan_curtarolo_cbm: {'band_index': {'1': [25]}, 'kpoint_index': [18, 19, 78], 'kpoint': <pymatgen.electronic_structure.bandstructure.Kpoint object at 0x7fc699d63930>, 'energy': 2.9288, 'projections': {'1': [[0.0064, 0.0064, 0.0064, 0.1568, 0.0008, 0.0008, 0.0008, 0.0008], [0.0, 0.0, 0.0, 0.0, 0.0217, 0.0217, 0.0217, 0.0217], [0.0, 0.0, 0.0, 0.0, 0.0217, 0.0217, 0.0217, 0.0217], [0.0, 0.0, 0.0, 0.0, 0.0217, 0.0217, 0.0217, 0.0217], [0.0, 0.0, 0.0, 0.0, 0.0026000000000000003, 0.0026000000000000003, 0.0026000000000000003, 0.0026000000000000003], [0.0, 0.0, 0.0, 0.0, 0.0026000000000000003, 0.0026000000000000003, 0.0026000000000000003, 0.0026000000000000003], [0.0, 0.0, 0.0, 0.0, 0.0, 0.0, 0.0, 0.0], [0.0, 0.0, 0.0, 0.0, 0.0026000000000000003, 0.0026000000000000003, 0.0026000000000000003, 0.0026000000000000003], [0.0, 0.0, 0.0, 0.0, 0.0, 0.0, 0.0, 0.0]]}}
bs_setyawan_curtarolo_vbm: {'band_index': {'1': [22, 23, 24]}, 'kpoint_index': [18, 19, 78], 'kpoint': <pymatgen.electronic_structure.bandstructure.Kpoint object at 0x7fc5d4b59c50>, 'energy': 1.8119, 'projections': {'1': [[0.0, 0.0, 0.0, 0.0, 0.0, 0.0, 0.0, 0.0], [0.0009000000000000001, 0.0, 0.0009000000000000001, 0.0, 0.004, 0.0219, 0.004, 0.0219], [0.0, 0.0, 0.0, 0.0, 0.1212, 0.1212, 0.022, 0.022], [0.0, 0.0002, 0.0002, 0.0, 0.08120000000000001, 0.0443, 0.0443, 0.08120000000000001], [0.0, 0.0, 0.0, 0.0, 0.0, 0.0, 0.0, 0.0], [0.0, 0.0, 0.0, 0.0, 0.0, 0.0, 0.0, 0.0], [0.0, 0.0, 0.0, 0.0, 0.0, 0.0, 0.0, 0.0], [0.0, 0.0, 0.0, 0.0, 0.0, 0.0, 0.0, 0.0], [0.0, 0.0, 0.0, 0.0, 0.0, 0.0, 0.0, 0.0]]}}
bs_setyawan_curtarolo_efermi: 1.89370168
bs_hinuma_task_id: mp-2194643
bs_hinuma_band_gap: 1.116899999999999
bs_hinuma_cbm: {'band_index': {'1': [25]}, 'kpoint_index': [18, 19, 78], 'kpoint': <pymatgen.electronic_structure.bandstructure.Kpoint object at 0x7fc5d4b5a200>, 'energy': 2.9288, 'projections': {'1': [[0.0064, 0.0064, 0.0064, 0.1568, 0.0008, 0.0008, 0.0008, 0.0008], [0.0, 0.0, 0.0, 0.0, 0.0217, 0.0217, 0.0217, 0.0217], [0.0, 0.0, 0.0, 0.0, 0.0217, 0.0217, 0.0217, 0.0217], [0.0, 0.0, 0.0, 0.0, 0.0217, 0.0217, 0.0217, 0.0217], [0.0, 0.0, 0.0, 0.0, 0.0026000000000000003, 0.0026000000000000003, 0.0026000000000000003, 0.0026000000000000003], [0.0, 0.0, 0.0, 0.0, 0.0026000000000000003, 0.0026000000000000003, 0.0026000000000000003, 0.0026000000000000003], [0.0, 0.0, 0.0, 0.0, 0.0, 0.0, 0.0, 0.0], [0.0, 0.0, 0.0, 0.0, 0.0026000000000000003, 0.0026000000000000003, 0.0026000000000000003, 0.0026000000000000003], [0.0, 0.0, 0.0, 0.0, 0.0, 0.0, 0.0, 0.0]]}}
bs_hinuma_vbm: {'band_index': {'1': [22, 23, 24]}, 'kpoint_index': [18, 19, 78], 'kpoint': <pymatgen.electronic_structure.bandstructure.Kpoint object at 0x7fc5d4b5a430>, 'energy': 1.8119, 'projections': {'1': [[0.0, 0.0, 0.0, 0.0, 0.0, 0.0, 0.0, 0.0], [0.0009000000000000001, 0.0, 0.0009000000000000001, 0.0, 0.004, 0.0219, 0.004, 0.0219], [0.0, 0.0, 0.0, 0.0, 0.1212, 0.1212, 0.022, 0.022], [0.0, 0.0002, 0.0002, 0.0, 0.08120000000000001, 0.0443, 0.0443, 0.08120000000000001], [0.0, 0.0, 0.0, 0.0, 0.0, 0.0, 0.0, 0.0], [0.0, 0.0, 0.0, 0.0, 0.0, 0.0, 0.0, 0.0], [0.0, 0.0, 0.0, 0.0, 0.0, 0.0, 0.0, 0.0], [0.0, 0.0, 0.0, 0.0, 0.0, 0.0, 0.0, 0.0], [0.0, 0.0, 0.0, 0.0, 0.0, 0.0, 0.0, 0.0]]}}
bs_hinuma_efermi: 1.89370168
bs_latimer_munro_task_id: mp-2693615
bs_latimer_munro_band_gap: 1.116899999999999
bs_latimer_munro_cbm: {'band_index': {'1': [25]}, 'kpoint_index': [0, 52, 53], 'kpoint': <pymatgen.electronic_structure.bandstructure.Kpoint object at 0x7fc5d4b59be0>, 'energy': 2.9288, 'projections': {'1': [[0.0064, 0.0064, 0.0064, 0.1568, 0.0008, 0.0008, 0.0008, 0.0008], [0.0, 0.0, 0.0, 0.0, 0.0217, 0.0217, 0.0217, 0.0217], [0.0, 0.0, 0.0, 0.0, 0.0217, 0.0217, 0.0217, 0.0217], [0.0, 0.0, 0.0, 0.0, 0.0217, 0.0217, 0.0217, 0.0217], [0.0, 0.0, 0.0, 0.0, 0.0026000000000000003, 0.0026000000000000003, 0.0026000000000000003, 0.0026000000000000003], [0.0, 0.0, 0.0, 0.0, 0.0026000000000000003, 0.0026000000000000003, 0.0026000000000000003, 0.0026000000000000003], [0.0, 0.0, 0.0, 0.0, 0.0, 0.0, 0.0, 0.0], [0.0, 0.0, 0.0, 0.0, 0.0026000000000000003, 0.0026000000000000003, 0.0026000000000000003, 0.0026000000000000003], [0.0, 0.0, 0.0, 0.0, 0.0, 0.0, 0.0, 0.0]]}}
bs_latimer_munro_vbm: {'band_index': {'1': [22, 23, 24]}, 'kpoint_index': [0, 52, 53], 'kpoint': <pymatgen.electronic_structure.bandstructure.Kpoint object at 0x7fc5d4b5a3c0>, 'energy': 1.8119, 'projections': {'1': [[0.0, 0.0, 0.0, 0.0, 0.0, 0.0, 0.0, 0.0], [0.00030000000000000003, 0.0, 0.00030000000000000003, 0.0, 0.031400000000000004, 0.076, 0.031400000000000004, 0.076], [0.0002, 0.0002, 0.0, 0.0, 0.0345, 0.0345, 0.0855, 0.0855], [0.0, 0.0006000000000000001, 0.0006000000000000001, 0.0, 0.0006000000000000001, 0.0665, 0.0665, 0.0006000000000000001], [0.0, 0.0, 0.0, 0.0, 0.0, 0.0, 0.0, 0.0], [0.0, 0.0, 0.0, 0.0, 0.0, 0.0, 0.0, 0.0], [0.0, 0.0, 0.0, 0.0, 0.0, 0.0, 0.0, 0.0], [0.0, 0.0, 0.0, 0.0, 0.0, 0.0, 0.0, 0.0], [0.0, 0.0, 0.0, 0.0, 0.0, 0.0, 0.0, 0.0]]}}
bs_latimer_munro_efermi: 1.89164562