material_id: mp-1191627
band_gap: 0.668199999999999
efermi: -0.9181854500000001
dos_magnetic_ordering: FM
dos_total_task_id: mp-1674615
dos_total_band_gap: 0.7985
dos_total_cbm: -0.18810000000000002
dos_total_vbm: -0.9866
dos_total_efermi: -0.9794575600000001
bs_setyawan_curtarolo_task_id: mp-1637890
bs_setyawan_curtarolo_band_gap: 0.668199999999999
bs_setyawan_curtarolo_cbm: {'band_index': {'-1': [90], '1': []}, 'kpoint_index': [0], 'kpoint': <pymatgen.electronic_structure.bandstructure.Kpoint object at 0x7fc699d63930>, 'energy': -0.32020000000000004, 'projections': {'-1': [[0.0002, 0.0002, 0.0, 0.0, 0.0, 0.0, 0.00030000000000000003, 0.00030000000000000003, 0.0, 0.0, 0.0022, 0.0022, 0.00030000000000000003, 0.00030000000000000003, 0.0, 0.0, 0.0001, 0.0001, 0.0001, 0.0001, 0.0, 0.0, 0.0001, 0.0001], [0.0007, 0.0007, 0.00030000000000000003, 0.00030000000000000003, 0.0002, 0.0002, 0.0004, 0.0004, 0.0001, 0.0001, 0.0012000000000000001, 0.0012000000000000001, 0.0007, 0.0007, 0.0007, 0.0007, 0.0009000000000000001, 0.0009000000000000001, 0.0051, 0.0051, 0.0024000000000000002, 0.0024000000000000002, 0.0145, 0.0145], [0.0002, 0.0002, 0.0, 0.0, 0.0001, 0.0001, 0.0, 0.0, 0.0005, 0.0005, 0.0005, 0.0005, 0.0, 0.0, 0.0011, 0.0011, 0.0001, 0.0001, 0.0004, 0.0004, 0.00030000000000000003, 0.00030000000000000003, 0.1298, 0.1298], [0.0001, 0.0001, 0.0, 0.0, 0.0, 0.0, 0.0011, 0.0011, 0.0, 0.0, 0.0134, 0.0134, 0.0123, 0.0123, 0.0001, 0.0001, 0.0001, 0.0001, 0.0012000000000000001, 0.0012000000000000001, 0.0019, 0.0019, 0.1553, 0.1553], [0.0, 0.0, 0.0002, 0.0002, 0.0, 0.0, 0.0047, 0.0047, 0.0, 0.0, 0.0, 0.0, 0.0, 0.0, 0.0, 0.0, 0.0, 0.0, 0.0, 0.0, 0.0, 0.0, 0.0, 0.0], [0.0002, 0.0002, 0.0002, 0.0002, 0.0001, 0.0001, 0.0021000000000000003, 0.0021000000000000003, 0.0, 0.0, 0.0, 0.0, 0.0, 0.0, 0.0, 0.0, 0.0, 0.0, 0.0, 0.0, 0.0, 0.0, 0.0, 0.0], [0.0, 0.0, 0.0001, 0.0001, 0.0, 0.0, 0.0, 0.0, 0.0, 0.0, 0.0, 0.0, 0.0, 0.0, 0.0, 0.0, 0.0, 0.0, 0.0, 0.0, 0.0, 0.0, 0.0, 0.0], [0.0001, 0.0001, 0.0, 0.0, 0.0001, 0.0001, 0.0001, 0.0001, 0.0, 0.0, 0.0, 0.0, 0.0, 0.0, 0.0, 0.0, 0.0, 0.0, 0.0, 0.0, 0.0, 0.0, 0.0, 0.0], [0.0, 0.0, 0.0001, 0.0001, 0.0033, 0.0033, 0.0004, 0.0004, 0.0, 0.0, 0.0, 0.0, 0.0, 0.0, 0.0, 0.0, 0.0, 0.0, 0.0, 0.0, 0.0, 0.0, 0.0, 0.0]]}}
bs_setyawan_curtarolo_vbm: {'band_index': {'1': [89], '-1': []}, 'kpoint_index': [20], 'kpoint': <pymatgen.electronic_structure.bandstructure.Kpoint object at 0x7fc5d4b5a190>, 'energy': -0.9884000000000001, 'projections': {'1': [[0.0001, 0.0001, 0.0, 0.0, 0.0, 0.0, 0.0, 0.0, 0.0, 0.0, 0.0, 0.0, 0.0, 0.0, 0.0, 0.0, 0.0, 0.0, 0.0, 0.0, 0.0, 0.0, 0.0002, 0.0002], [0.0, 0.0, 0.0, 0.0, 0.00030000000000000003, 0.00030000000000000003, 0.0, 0.0, 0.0041, 0.0041, 0.0077, 0.0077, 0.006200000000000001, 0.006200000000000001, 0.0492, 0.0492, 0.0015, 0.0015, 0.0023, 0.0023, 0.0025, 0.0025, 0.028300000000000002, 0.028300000000000002], [0.0, 0.0, 0.0004, 0.0004, 0.0, 0.0, 0.0, 0.0, 0.0022, 0.0022, 0.06280000000000001, 0.06280000000000001, 0.0027, 0.0027, 0.0247, 0.0247, 0.0029000000000000002, 0.0029000000000000002, 0.0743, 0.0743, 0.0025, 0.0025, 0.0005, 0.0005], [0.0001, 0.0001, 0.0005, 0.0005, 0.00030000000000000003, 0.00030000000000000003, 0.0006000000000000001, 0.0006000000000000001, 0.0, 0.0, 0.0014, 0.0014, 0.0198, 0.0198, 0.0587, 0.0587, 0.0057, 0.0057, 0.0041, 0.0041, 0.0028, 0.0028, 0.0002, 0.0002], [0.0, 0.0, 0.0, 0.0, 0.0, 0.0, 0.00030000000000000003, 0.00030000000000000003, 0.0, 0.0, 0.0, 0.0, 0.0, 0.0, 0.0, 0.0, 0.0, 0.0, 0.0, 0.0, 0.0, 0.0, 0.0, 0.0], [0.0001, 0.0001, 0.0, 0.0, 0.0001, 0.0001, 0.0004, 0.0004, 0.0, 0.0, 0.0, 0.0, 0.0, 0.0, 0.0, 0.0, 0.0, 0.0, 0.0, 0.0, 0.0, 0.0, 0.0, 0.0], [0.0, 0.0, 0.0, 0.0, 0.0002, 0.0002, 0.0001, 0.0001, 0.0, 0.0, 0.0, 0.0, 0.0, 0.0, 0.0, 0.0, 0.0, 0.0, 0.0, 0.0, 0.0, 0.0, 0.0, 0.0], [0.0, 0.0, 0.0, 0.0, 0.0, 0.0, 0.0, 0.0, 0.0, 0.0, 0.0, 0.0, 0.0, 0.0, 0.0, 0.0, 0.0, 0.0, 0.0, 0.0, 0.0, 0.0, 0.0, 0.0], [0.0, 0.0, 0.0, 0.0, 0.00030000000000000003, 0.00030000000000000003, 0.0, 0.0, 0.0, 0.0, 0.0, 0.0, 0.0, 0.0, 0.0, 0.0, 0.0, 0.0, 0.0, 0.0, 0.0, 0.0, 0.0, 0.0]]}}
bs_setyawan_curtarolo_efermi: -0.9181854500000001
bs_hinuma_task_id: mp-2143527
bs_hinuma_band_gap: 0.668199999999999
bs_hinuma_cbm: {'band_index': {'-1': [90], '1': []}, 'kpoint_index': [11], 'kpoint': <pymatgen.electronic_structure.bandstructure.Kpoint object at 0x7fc5d4b59c50>, 'energy': -0.32020000000000004, 'projections': {'-1': [[0.0002, 0.0002, 0.0, 0.0, 0.0, 0.0, 0.00030000000000000003, 0.00030000000000000003, 0.0, 0.0, 0.0022, 0.0022, 0.00030000000000000003, 0.00030000000000000003, 0.0, 0.0, 0.0001, 0.0001, 0.0001, 0.0001, 0.0, 0.0, 0.0001, 0.0001], [0.0007, 0.0007, 0.00030000000000000003, 0.00030000000000000003, 0.0002, 0.0002, 0.0004, 0.0004, 0.0001, 0.0001, 0.0012000000000000001, 0.0012000000000000001, 0.0007, 0.0007, 0.0007, 0.0007, 0.0009000000000000001, 0.0009000000000000001, 0.0051, 0.0051, 0.0024000000000000002, 0.0024000000000000002, 0.0145, 0.0145], [0.0002, 0.0002, 0.0, 0.0, 0.0001, 0.0001, 0.0, 0.0, 0.0005, 0.0005, 0.0005, 0.0005, 0.0, 0.0, 0.0011, 0.0011, 0.0001, 0.0001, 0.0004, 0.0004, 0.00030000000000000003, 0.00030000000000000003, 0.1298, 0.1298], [0.0001, 0.0001, 0.0, 0.0, 0.0, 0.0, 0.0011, 0.0011, 0.0, 0.0, 0.0134, 0.0134, 0.0123, 0.0123, 0.0001, 0.0001, 0.0001, 0.0001, 0.0012000000000000001, 0.0012000000000000001, 0.0019, 0.0019, 0.1553, 0.1553], [0.0, 0.0, 0.0002, 0.0002, 0.0, 0.0, 0.0047, 0.0047, 0.0, 0.0, 0.0, 0.0, 0.0, 0.0, 0.0, 0.0, 0.0, 0.0, 0.0, 0.0, 0.0, 0.0, 0.0, 0.0], [0.0002, 0.0002, 0.0002, 0.0002, 0.0001, 0.0001, 0.0021000000000000003, 0.0021000000000000003, 0.0, 0.0, 0.0, 0.0, 0.0, 0.0, 0.0, 0.0, 0.0, 0.0, 0.0, 0.0, 0.0, 0.0, 0.0, 0.0], [0.0, 0.0, 0.0001, 0.0001, 0.0, 0.0, 0.0, 0.0, 0.0, 0.0, 0.0, 0.0, 0.0, 0.0, 0.0, 0.0, 0.0, 0.0, 0.0, 0.0, 0.0, 0.0, 0.0, 0.0], [0.0001, 0.0001, 0.0, 0.0, 0.0001, 0.0001, 0.0001, 0.0001, 0.0, 0.0, 0.0, 0.0, 0.0, 0.0, 0.0, 0.0, 0.0, 0.0, 0.0, 0.0, 0.0, 0.0, 0.0, 0.0], [0.0, 0.0, 0.0001, 0.0001, 0.0033, 0.0033, 0.0004, 0.0004, 0.0, 0.0, 0.0, 0.0, 0.0, 0.0, 0.0, 0.0, 0.0, 0.0, 0.0, 0.0, 0.0, 0.0, 0.0, 0.0]]}}
bs_hinuma_vbm: {'band_index': {'1': [89], '-1': []}, 'kpoint_index': [10], 'kpoint': <pymatgen.electronic_structure.bandstructure.Kpoint object at 0x7fc5d4b5a430>, 'energy': -0.9884000000000001, 'projections': {'1': [[0.0001, 0.0001, 0.0, 0.0, 0.0, 0.0, 0.0, 0.0, 0.0, 0.0, 0.0, 0.0, 0.0, 0.0, 0.0, 0.0, 0.0, 0.0, 0.0, 0.0, 0.0, 0.0, 0.0002, 0.0002], [0.0, 0.0, 0.0, 0.0, 0.00030000000000000003, 0.00030000000000000003, 0.0, 0.0, 0.0041, 0.0041, 0.0077, 0.0077, 0.006200000000000001, 0.006200000000000001, 0.0492, 0.0492, 0.0015, 0.0015, 0.0023, 0.0023, 0.0025, 0.0025, 0.028300000000000002, 0.028300000000000002], [0.0, 0.0, 0.0004, 0.0004, 0.0, 0.0, 0.0, 0.0, 0.0022, 0.0022, 0.06280000000000001, 0.06280000000000001, 0.0027, 0.0027, 0.0247, 0.0247, 0.0029000000000000002, 0.0029000000000000002, 0.0743, 0.0743, 0.0025, 0.0025, 0.0005, 0.0005], [0.0001, 0.0001, 0.0005, 0.0005, 0.00030000000000000003, 0.00030000000000000003, 0.0006000000000000001, 0.0006000000000000001, 0.0, 0.0, 0.0014, 0.0014, 0.0198, 0.0198, 0.0587, 0.0587, 0.0057, 0.0057, 0.0041, 0.0041, 0.0028, 0.0028, 0.0002, 0.0002], [0.0, 0.0, 0.0, 0.0, 0.0, 0.0, 0.00030000000000000003, 0.00030000000000000003, 0.0, 0.0, 0.0, 0.0, 0.0, 0.0, 0.0, 0.0, 0.0, 0.0, 0.0, 0.0, 0.0, 0.0, 0.0, 0.0], [0.0001, 0.0001, 0.0, 0.0, 0.0001, 0.0001, 0.0004, 0.0004, 0.0, 0.0, 0.0, 0.0, 0.0, 0.0, 0.0, 0.0, 0.0, 0.0, 0.0, 0.0, 0.0, 0.0, 0.0, 0.0], [0.0, 0.0, 0.0, 0.0, 0.0002, 0.0002, 0.0001, 0.0001, 0.0, 0.0, 0.0, 0.0, 0.0, 0.0, 0.0, 0.0, 0.0, 0.0, 0.0, 0.0, 0.0, 0.0, 0.0, 0.0], [0.0, 0.0, 0.0, 0.0, 0.0, 0.0, 0.0, 0.0, 0.0, 0.0, 0.0, 0.0, 0.0, 0.0, 0.0, 0.0, 0.0, 0.0, 0.0, 0.0, 0.0, 0.0, 0.0, 0.0], [0.0, 0.0, 0.0, 0.0, 0.00030000000000000003, 0.00030000000000000003, 0.0, 0.0, 0.0, 0.0, 0.0, 0.0, 0.0, 0.0, 0.0, 0.0, 0.0, 0.0, 0.0, 0.0, 0.0, 0.0, 0.0, 0.0]]}}
bs_hinuma_efermi: -0.92047165
bs_latimer_munro_task_id: mp-2607597
bs_latimer_munro_band_gap: 0.668199999999999
bs_latimer_munro_cbm: {'band_index': {'-1': [90], '1': []}, 'kpoint_index': [0], 'kpoint': <pymatgen.electronic_structure.bandstructure.Kpoint object at 0x7fc5d4b5a350>, 'energy': -0.32020000000000004, 'projections': {'-1': [[0.0002, 0.0002, 0.0, 0.0, 0.0, 0.0, 0.00030000000000000003, 0.00030000000000000003, 0.0, 0.0, 0.0022, 0.0022, 0.00030000000000000003, 0.00030000000000000003, 0.0, 0.0, 0.0001, 0.0001, 0.0001, 0.0001, 0.0, 0.0, 0.0001, 0.0001], [0.0007, 0.0007, 0.00030000000000000003, 0.00030000000000000003, 0.0002, 0.0002, 0.0004, 0.0004, 0.0001, 0.0001, 0.0012000000000000001, 0.0012000000000000001, 0.0007, 0.0007, 0.0007, 0.0007, 0.0009000000000000001, 0.0009000000000000001, 0.0051, 0.0051, 0.0024000000000000002, 0.0024000000000000002, 0.0145, 0.0145], [0.0002, 0.0002, 0.0, 0.0, 0.0001, 0.0001, 0.0, 0.0, 0.0005, 0.0005, 0.0005, 0.0005, 0.0, 0.0, 0.0011, 0.0011, 0.0001, 0.0001, 0.0004, 0.0004, 0.00030000000000000003, 0.00030000000000000003, 0.1298, 0.1298], [0.0001, 0.0001, 0.0, 0.0, 0.0, 0.0, 0.0011, 0.0011, 0.0, 0.0, 0.0134, 0.0134, 0.0123, 0.0123, 0.0001, 0.0001, 0.0001, 0.0001, 0.0012000000000000001, 0.0012000000000000001, 0.0019, 0.0019, 0.1553, 0.1553], [0.0, 0.0, 0.0002, 0.0002, 0.0, 0.0, 0.0047, 0.0047, 0.0, 0.0, 0.0, 0.0, 0.0, 0.0, 0.0, 0.0, 0.0, 0.0, 0.0, 0.0, 0.0, 0.0, 0.0, 0.0], [0.0002, 0.0002, 0.0002, 0.0002, 0.0001, 0.0001, 0.0021000000000000003, 0.0021000000000000003, 0.0, 0.0, 0.0, 0.0, 0.0, 0.0, 0.0, 0.0, 0.0, 0.0, 0.0, 0.0, 0.0, 0.0, 0.0, 0.0], [0.0, 0.0, 0.0001, 0.0001, 0.0, 0.0, 0.0, 0.0, 0.0, 0.0, 0.0, 0.0, 0.0, 0.0, 0.0, 0.0, 0.0, 0.0, 0.0, 0.0, 0.0, 0.0, 0.0, 0.0], [0.0001, 0.0001, 0.0, 0.0, 0.0001, 0.0001, 0.0001, 0.0001, 0.0, 0.0, 0.0, 0.0, 0.0, 0.0, 0.0, 0.0, 0.0, 0.0, 0.0, 0.0, 0.0, 0.0, 0.0, 0.0], [0.0, 0.0, 0.0001, 0.0001, 0.0033, 0.0033, 0.0004, 0.0004, 0.0, 0.0, 0.0, 0.0, 0.0, 0.0, 0.0, 0.0, 0.0, 0.0, 0.0, 0.0, 0.0, 0.0, 0.0, 0.0]]}}
bs_latimer_munro_vbm: {'band_index': {'1': [89], '-1': []}, 'kpoint_index': [53], 'kpoint': <pymatgen.electronic_structure.bandstructure.Kpoint object at 0x7fc5d4b5a3c0>, 'energy': -0.9884000000000001, 'projections': {'1': [[0.0001, 0.0001, 0.0, 0.0, 0.0, 0.0, 0.0, 0.0, 0.0, 0.0, 0.0, 0.0, 0.0, 0.0, 0.0, 0.0, 0.0, 0.0, 0.0, 0.0, 0.0, 0.0, 0.0002, 0.0002], [0.0, 0.0, 0.0, 0.0, 0.00030000000000000003, 0.00030000000000000003, 0.0, 0.0, 0.0041, 0.0041, 0.0077, 0.0077, 0.006200000000000001, 0.006200000000000001, 0.0492, 0.0492, 0.0015, 0.0015, 0.0023, 0.0023, 0.0025, 0.0025, 0.028300000000000002, 0.028300000000000002], [0.0, 0.0, 0.0004, 0.0004, 0.0, 0.0, 0.0, 0.0, 0.0022, 0.0022, 0.06280000000000001, 0.06280000000000001, 0.0027, 0.0027, 0.0247, 0.0247, 0.0029000000000000002, 0.0029000000000000002, 0.0743, 0.0743, 0.0025, 0.0025, 0.0005, 0.0005], [0.0001, 0.0001, 0.0005, 0.0005, 0.00030000000000000003, 0.00030000000000000003, 0.0006000000000000001, 0.0006000000000000001, 0.0, 0.0, 0.0014, 0.0014, 0.0198, 0.0198, 0.0587, 0.0587, 0.0057, 0.0057, 0.0041, 0.0041, 0.0028, 0.0028, 0.0002, 0.0002], [0.0, 0.0, 0.0, 0.0, 0.0, 0.0, 0.00030000000000000003, 0.00030000000000000003, 0.0, 0.0, 0.0, 0.0, 0.0, 0.0, 0.0, 0.0, 0.0, 0.0, 0.0, 0.0, 0.0, 0.0, 0.0, 0.0], [0.0001, 0.0001, 0.0, 0.0, 0.0001, 0.0001, 0.0004, 0.0004, 0.0, 0.0, 0.0, 0.0, 0.0, 0.0, 0.0, 0.0, 0.0, 0.0, 0.0, 0.0, 0.0, 0.0, 0.0, 0.0], [0.0, 0.0, 0.0, 0.0, 0.0002, 0.0002, 0.0001, 0.0001, 0.0, 0.0, 0.0, 0.0, 0.0, 0.0, 0.0, 0.0, 0.0, 0.0, 0.0, 0.0, 0.0, 0.0, 0.0, 0.0], [0.0, 0.0, 0.0, 0.0, 0.0, 0.0, 0.0, 0.0, 0.0, 0.0, 0.0, 0.0, 0.0, 0.0, 0.0, 0.0, 0.0, 0.0, 0.0, 0.0, 0.0, 0.0, 0.0, 0.0], [0.0, 0.0, 0.0, 0.0, 0.00030000000000000003, 0.00030000000000000003, 0.0, 0.0, 0.0, 0.0, 0.0, 0.0, 0.0, 0.0, 0.0, 0.0, 0.0, 0.0, 0.0, 0.0, 0.0, 0.0, 0.0, 0.0]]}}
bs_latimer_munro_efermi: -0.91422758