material_id: mp-1385977
band_gap: 0.18080000000000002
efermi: -3.71413306
dos_magnetic_ordering: FM
dos_total_task_id: mp-1752630
dos_total_band_gap: 3.5415
dos_total_cbm: -0.6894
dos_total_vbm: -4.2309
dos_total_efermi: -3.80402759
bs_setyawan_curtarolo_task_id: mp-1623441
bs_setyawan_curtarolo_band_gap: 0.18080000000000002
bs_setyawan_curtarolo_cbm: {'band_index': {'-1': [44], '1': []}, 'kpoint_index': ['174'], 'kpoint': <pymatgen.electronic_structure.bandstructure.Kpoint object at 0x7fc699d63930>, 'energy': -3.6517, 'projections': {'-1': [[0.0, 0.0, 0.0, 0.0, 0.0, 0.0, 0.0, 0.0, 0.0, 0.0], [0.0004, 0.0004, 0.0195, 0.0195, 0.0195, 0.0195, 0.0195, 0.0195, 0.0195, 0.0195], [0.0, 0.0, 0.021400000000000002, 0.021400000000000002, 0.021400000000000002, 0.021400000000000002, 0.021400000000000002, 0.021400000000000002, 0.021400000000000002, 0.021400000000000002], [0.0, 0.0, 0.0085, 0.0085, 0.0085, 0.0085, 0.0085, 0.0085, 0.0085, 0.0085], [0.0528, 0.0529, 0.0, 0.0, 0.0, 0.0, 0.0, 0.0, 0.0, 0.0], [0.0, 0.0, 0.0, 0.0, 0.0, 0.0, 0.0, 0.0, 0.0, 0.0], [0.19240000000000002, 0.19260000000000002, 0.0, 0.0, 0.0, 0.0, 0.0, 0.0, 0.0, 0.0], [0.0, 0.0, 0.0, 0.0, 0.0, 0.0, 0.0, 0.0, 0.0, 0.0], [0.0005, 0.0005, 0.0, 0.0, 0.0, 0.0, 0.0, 0.0, 0.0, 0.0]]}}
bs_setyawan_curtarolo_vbm: {'band_index': {'-1': [43], '1': []}, 'kpoint_index': [288, 289, 525], 'kpoint': <pymatgen.electronic_structure.bandstructure.Kpoint object at 0x7fc5d4b59c50>, 'energy': -3.8325, 'projections': {'-1': [[0.0, 0.0, 0.0, 0.0, 0.0, 0.0, 0.0, 0.0, 0.0, 0.0], [0.0, 0.0, 0.0441, 0.0441, 0.0441, 0.0441, 0.0441, 0.0441, 0.0441, 0.0441], [0.0, 0.0, 0.0, 0.0, 0.0, 0.0, 0.0, 0.0, 0.0, 0.0], [0.0, 0.0, 0.0441, 0.0441, 0.0441, 0.0441, 0.0441, 0.0441, 0.0441, 0.0441], [0.0, 0.0, 0.0, 0.0, 0.0, 0.0, 0.0, 0.0, 0.0, 0.0], [0.0, 0.0, 0.0, 0.0, 0.0, 0.0, 0.0, 0.0, 0.0, 0.0], [0.0, 0.0, 0.0, 0.0, 0.0, 0.0, 0.0, 0.0, 0.0, 0.0], [0.0, 0.0, 0.0, 0.0, 0.0, 0.0, 0.0, 0.0, 0.0, 0.0], [0.0844, 0.0844, 0.0, 0.0, 0.0, 0.0, 0.0, 0.0, 0.0, 0.0]]}}
bs_setyawan_curtarolo_efermi: -3.71413306
bs_latimer_munro_task_id: mp-2307374
bs_latimer_munro_band_gap: 0.18080000000000002
bs_latimer_munro_cbm: {'band_index': {'-1': [44], '1': []}, 'kpoint_index': ['895'], 'kpoint': <pymatgen.electronic_structure.bandstructure.Kpoint object at 0x7fc5d4b5a200>, 'energy': -3.6517, 'projections': {'-1': [[0.0, 0.0, 0.0, 0.0, 0.0, 0.0, 0.0, 0.0, 0.0, 0.0], [0.0004, 0.0004, 0.0195, 0.0195, 0.0195, 0.0195, 0.0195, 0.0195, 0.0195, 0.0195], [0.0, 0.0, 0.021400000000000002, 0.021400000000000002, 0.021400000000000002, 0.021400000000000002, 0.021400000000000002, 0.021400000000000002, 0.021400000000000002, 0.021400000000000002], [0.0, 0.0, 0.0085, 0.0085, 0.0085, 0.0085, 0.0085, 0.0085, 0.0085, 0.0085], [0.0528, 0.0529, 0.0, 0.0, 0.0, 0.0, 0.0, 0.0, 0.0, 0.0], [0.0, 0.0, 0.0, 0.0, 0.0, 0.0, 0.0, 0.0, 0.0, 0.0], [0.19240000000000002, 0.19260000000000002, 0.0, 0.0, 0.0, 0.0, 0.0, 0.0, 0.0, 0.0], [0.0, 0.0, 0.0, 0.0, 0.0, 0.0, 0.0, 0.0, 0.0, 0.0], [0.0005, 0.0005, 0.0, 0.0, 0.0, 0.0, 0.0, 0.0, 0.0, 0.0]]}}
bs_latimer_munro_vbm: {'band_index': {'-1': [43], '1': []}, 'kpoint_index': [636, 637, 696], 'kpoint': <pymatgen.electronic_structure.bandstructure.Kpoint object at 0x7fc5d4b5a190>, 'energy': -3.8325, 'projections': {'-1': [[0.0, 0.0, 0.0, 0.0, 0.0, 0.0, 0.0, 0.0, 0.0, 0.0], [0.0, 0.0, 0.0441, 0.0441, 0.0441, 0.0441, 0.0441, 0.0441, 0.0441, 0.0441], [0.0, 0.0, 0.0, 0.0, 0.0, 0.0, 0.0, 0.0, 0.0, 0.0], [0.0, 0.0, 0.0441, 0.0441, 0.0441, 0.0441, 0.0441, 0.0441, 0.0441, 0.0441], [0.0, 0.0, 0.0, 0.0, 0.0, 0.0, 0.0, 0.0, 0.0, 0.0], [0.0, 0.0, 0.0, 0.0, 0.0, 0.0, 0.0, 0.0, 0.0, 0.0], [0.0, 0.0, 0.0, 0.0, 0.0, 0.0, 0.0, 0.0, 0.0, 0.0], [0.0, 0.0, 0.0, 0.0, 0.0, 0.0, 0.0, 0.0, 0.0, 0.0], [0.0844, 0.0844, 0.0, 0.0, 0.0, 0.0, 0.0, 0.0, 0.0, 0.0]]}}
bs_latimer_munro_efermi: -3.69640532