material_id: mp-1193226
band_gap: 1.1306
efermi: 0.446483199999999
dos_magnetic_ordering: NM
dos_total_task_id: mp-1758334
dos_total_band_gap: 1.085
dos_total_cbm: 1.4089
dos_total_vbm: 0.3239
dos_total_efermi: 0.30063899
bs_setyawan_curtarolo_task_id: mp-1624754
bs_setyawan_curtarolo_band_gap: 1.1306
bs_setyawan_curtarolo_cbm: {'band_index': {'1': [96]}, 'kpoint_index': [8, 9, 50], 'kpoint': <pymatgen.electronic_structure.bandstructure.Kpoint object at 0x7fc699d63930>, 'energy': 1.4326, 'projections': {'1': [[0.0, 0.0, 0.0, 0.0, 0.0002, 0.0002, 0.0, 0.0, 0.0, 0.0, 0.0, 0.0, 0.0, 0.0, 0.0, 0.0, 0.0, 0.0, 0.0, 0.0, 0.0005, 0.0005, 0.0005, 0.0005, 0.0, 0.0, 0.0, 0.0, 0.0, 0.0], [0.0, 0.0, 0.0, 0.0, 0.0, 0.0, 0.0, 0.0, 0.0, 0.0, 0.0, 0.0, 0.0, 0.0, 0.0, 0.0, 0.00030000000000000003, 0.00030000000000000003, 0.00030000000000000003, 0.00030000000000000003, 0.0002, 0.0002, 0.0002, 0.0002, 0.0, 0.0, 0.0, 0.0, 0.0, 0.0], [0.0, 0.0, 0.0, 0.0, 0.0, 0.0, 0.0, 0.0, 0.0, 0.0, 0.0, 0.0, 0.0, 0.0, 0.0, 0.0, 0.0, 0.0, 0.0, 0.0, 0.005200000000000001, 0.005200000000000001, 0.005200000000000001, 0.005200000000000001, 0.0, 0.0, 0.0, 0.0, 0.0, 0.0], [0.0, 0.0, 0.0004, 0.0004, 0.0, 0.0, 0.0, 0.0, 0.0, 0.0, 0.0036000000000000003, 0.0036000000000000003, 0.0, 0.0, 0.00030000000000000003, 0.00030000000000000003, 0.0015, 0.0015, 0.0015, 0.0015, 0.0227, 0.0227, 0.0227, 0.0227, 0.002, 0.002, 0.0006000000000000001, 0.0006000000000000001, 0.0, 0.0], [0.0, 0.0, 0.0, 0.0, 0.0, 0.0, 0.1499, 0.1499, 0.0, 0.0, 0.0, 0.0, 0.0, 0.0, 0.0, 0.0, 0.0, 0.0, 0.0, 0.0, 0.0, 0.0, 0.0, 0.0, 0.0, 0.0, 0.0, 0.0, 0.0, 0.0], [0.0, 0.0, 0.0, 0.0, 0.0, 0.0, 0.014, 0.014, 0.0, 0.0, 0.0, 0.0, 0.0, 0.0, 0.0, 0.0, 0.0, 0.0, 0.0, 0.0, 0.0, 0.0, 0.0, 0.0, 0.0, 0.0, 0.0, 0.0, 0.0, 0.0], [0.0, 0.0, 0.0, 0.0, 0.0, 0.0, 0.1097, 0.1097, 0.0, 0.0, 0.0, 0.0, 0.0, 0.0, 0.0, 0.0, 0.0, 0.0, 0.0, 0.0, 0.0, 0.0, 0.0, 0.0, 0.0, 0.0, 0.0, 0.0, 0.0, 0.0], [0.0, 0.0, 0.0, 0.0, 0.0, 0.0, 0.1033, 0.1033, 0.0, 0.0, 0.0, 0.0, 0.0, 0.0, 0.0, 0.0, 0.0, 0.0, 0.0, 0.0, 0.0, 0.0, 0.0, 0.0, 0.0, 0.0, 0.0, 0.0, 0.0, 0.0], [0.0, 0.0, 0.0, 0.0, 0.0, 0.0, 0.0082, 0.0082, 0.0, 0.0, 0.0, 0.0, 0.0, 0.0, 0.0, 0.0, 0.0, 0.0, 0.0, 0.0, 0.0, 0.0, 0.0, 0.0, 0.0, 0.0, 0.0, 0.0, 0.0, 0.0]]}}
bs_setyawan_curtarolo_vbm: {'band_index': {'1': [95]}, 'kpoint_index': ['35'], 'kpoint': <pymatgen.electronic_structure.bandstructure.Kpoint object at 0x7fc5d4b59be0>, 'energy': 0.302, 'projections': {'1': [[0.0, 0.0, 0.0, 0.0, 0.0001, 0.0001, 0.0001, 0.0001, 0.0, 0.0, 0.0, 0.0, 0.0, 0.0, 0.0, 0.0, 0.0, 0.0, 0.0, 0.0, 0.0, 0.0, 0.0, 0.0, 0.0002, 0.0002, 0.0004, 0.0004, 0.0, 0.0], [0.00030000000000000003, 0.00030000000000000003, 0.0, 0.0, 0.0001, 0.0001, 0.0002, 0.0002, 0.0, 0.0, 0.0007, 0.0007, 0.0001, 0.0001, 0.0085, 0.0085, 0.0028, 0.0028, 0.0028, 0.0028, 0.010400000000000001, 0.010400000000000001, 0.010400000000000001, 0.010400000000000001, 0.018000000000000002, 0.018000000000000002, 0.1466, 0.1466, 0.0009000000000000001, 0.0009000000000000001], [0.0001, 0.0001, 0.0, 0.0, 0.0001, 0.0001, 0.00030000000000000003, 0.00030000000000000003, 0.0, 0.0, 0.0008, 0.0008, 0.0097, 0.0097, 0.0002, 0.0002, 0.0021000000000000003, 0.0021000000000000003, 0.0021000000000000003, 0.0021000000000000003, 0.0182, 0.0182, 0.0182, 0.0182, 0.10110000000000001, 0.10110000000000001, 0.0054, 0.0054, 0.00030000000000000003, 0.00030000000000000003], [0.0, 0.0, 0.0, 0.0, 0.0, 0.0, 0.0001, 0.0001, 0.0, 0.0, 0.0, 0.0, 0.0004, 0.0004, 0.0031000000000000003, 0.0031000000000000003, 0.0, 0.0, 0.0, 0.0, 0.0, 0.0, 0.0, 0.0, 0.0, 0.0, 0.0009000000000000001, 0.0009000000000000001, 0.0001, 0.0001], [0.0, 0.0, 0.0, 0.0, 0.0, 0.0, 0.0004, 0.0004, 0.0, 0.0, 0.0, 0.0, 0.0, 0.0, 0.0, 0.0, 0.0, 0.0, 0.0, 0.0, 0.0, 0.0, 0.0, 0.0, 0.0, 0.0, 0.0, 0.0, 0.0, 0.0], [0.0, 0.0, 0.0, 0.0, 0.0, 0.0, 0.0001, 0.0001, 0.0, 0.0, 0.0, 0.0, 0.0, 0.0, 0.0, 0.0, 0.0, 0.0, 0.0, 0.0, 0.0, 0.0, 0.0, 0.0, 0.0, 0.0, 0.0, 0.0, 0.0, 0.0], [0.0, 0.0, 0.0, 0.0, 0.0, 0.0, 0.0001, 0.0001, 0.0, 0.0, 0.0, 0.0, 0.0, 0.0, 0.0, 0.0, 0.0, 0.0, 0.0, 0.0, 0.0, 0.0, 0.0, 0.0, 0.0, 0.0, 0.0, 0.0, 0.0, 0.0], [0.0, 0.0, 0.0, 0.0, 0.0, 0.0, 0.0002, 0.0002, 0.0, 0.0, 0.0, 0.0, 0.0, 0.0, 0.0, 0.0, 0.0, 0.0, 0.0, 0.0, 0.0, 0.0, 0.0, 0.0, 0.0, 0.0, 0.0, 0.0, 0.0, 0.0], [0.0, 0.0, 0.0, 0.0, 0.0, 0.0, 0.0009000000000000001, 0.0009000000000000001, 0.0, 0.0, 0.0, 0.0, 0.0, 0.0, 0.0, 0.0, 0.0, 0.0, 0.0, 0.0, 0.0, 0.0, 0.0, 0.0, 0.0, 0.0, 0.0, 0.0, 0.0, 0.0]]}}
bs_setyawan_curtarolo_efermi: 0.446483199999999
bs_latimer_munro_task_id: mp-2308664
bs_latimer_munro_band_gap: 1.1306
bs_latimer_munro_cbm: {'band_index': {'1': [96]}, 'kpoint_index': [102, 103, 112], 'kpoint': <pymatgen.electronic_structure.bandstructure.Kpoint object at 0x7fc5d4b5a350>, 'energy': 1.4326, 'projections': {'1': [[0.0, 0.0, 0.0, 0.0, 0.0002, 0.0002, 0.0, 0.0, 0.0, 0.0, 0.0, 0.0, 0.0, 0.0, 0.0, 0.0, 0.0, 0.0, 0.0, 0.0, 0.0005, 0.0005, 0.0005, 0.0005, 0.0, 0.0, 0.0, 0.0, 0.0, 0.0], [0.0, 0.0, 0.0, 0.0, 0.0, 0.0, 0.0, 0.0, 0.0, 0.0, 0.0, 0.0, 0.0, 0.0, 0.0, 0.0, 0.00030000000000000003, 0.00030000000000000003, 0.00030000000000000003, 0.00030000000000000003, 0.0002, 0.0002, 0.0002, 0.0002, 0.0, 0.0, 0.0, 0.0, 0.0, 0.0], [0.0, 0.0, 0.0, 0.0, 0.0, 0.0, 0.0, 0.0, 0.0, 0.0, 0.0, 0.0, 0.0, 0.0, 0.0, 0.0, 0.0, 0.0, 0.0, 0.0, 0.005200000000000001, 0.005200000000000001, 0.005200000000000001, 0.005200000000000001, 0.0, 0.0, 0.0, 0.0, 0.0, 0.0], [0.0, 0.0, 0.0004, 0.0004, 0.0, 0.0, 0.0, 0.0, 0.0, 0.0, 0.0036000000000000003, 0.0036000000000000003, 0.0, 0.0, 0.00030000000000000003, 0.00030000000000000003, 0.0015, 0.0015, 0.0015, 0.0015, 0.0227, 0.0227, 0.0227, 0.0227, 0.002, 0.002, 0.0006000000000000001, 0.0006000000000000001, 0.0, 0.0], [0.0, 0.0, 0.0, 0.0, 0.0, 0.0, 0.1499, 0.1499, 0.0, 0.0, 0.0, 0.0, 0.0, 0.0, 0.0, 0.0, 0.0, 0.0, 0.0, 0.0, 0.0, 0.0, 0.0, 0.0, 0.0, 0.0, 0.0, 0.0, 0.0, 0.0], [0.0, 0.0, 0.0, 0.0, 0.0, 0.0, 0.014, 0.014, 0.0, 0.0, 0.0, 0.0, 0.0, 0.0, 0.0, 0.0, 0.0, 0.0, 0.0, 0.0, 0.0, 0.0, 0.0, 0.0, 0.0, 0.0, 0.0, 0.0, 0.0, 0.0], [0.0, 0.0, 0.0, 0.0, 0.0, 0.0, 0.1097, 0.1097, 0.0, 0.0, 0.0, 0.0, 0.0, 0.0, 0.0, 0.0, 0.0, 0.0, 0.0, 0.0, 0.0, 0.0, 0.0, 0.0, 0.0, 0.0, 0.0, 0.0, 0.0, 0.0], [0.0, 0.0, 0.0, 0.0, 0.0, 0.0, 0.1033, 0.1033, 0.0, 0.0, 0.0, 0.0, 0.0, 0.0, 0.0, 0.0, 0.0, 0.0, 0.0, 0.0, 0.0, 0.0, 0.0, 0.0, 0.0, 0.0, 0.0, 0.0, 0.0, 0.0], [0.0, 0.0, 0.0, 0.0, 0.0, 0.0, 0.0082, 0.0082, 0.0, 0.0, 0.0, 0.0, 0.0, 0.0, 0.0, 0.0, 0.0, 0.0, 0.0, 0.0, 0.0, 0.0, 0.0, 0.0, 0.0, 0.0, 0.0, 0.0, 0.0, 0.0]]}}
bs_latimer_munro_vbm: {'band_index': {'1': [95]}, 'kpoint_index': ['6'], 'kpoint': <pymatgen.electronic_structure.bandstructure.Kpoint object at 0x7fc5d4b59c50>, 'energy': 0.302, 'projections': {'1': [[0.0, 0.0, 0.0, 0.0, 0.0001, 0.0001, 0.0001, 0.0001, 0.0, 0.0, 0.0, 0.0, 0.0, 0.0, 0.0, 0.0, 0.0, 0.0, 0.0, 0.0, 0.0, 0.0, 0.0, 0.0, 0.0002, 0.0002, 0.0004, 0.0004, 0.0, 0.0], [0.00030000000000000003, 0.00030000000000000003, 0.0, 0.0, 0.0001, 0.0001, 0.0002, 0.0002, 0.0, 0.0, 0.0007, 0.0007, 0.0001, 0.0001, 0.0085, 0.0085, 0.0028, 0.0028, 0.0028, 0.0028, 0.0105, 0.010400000000000001, 0.010400000000000001, 0.0105, 0.018000000000000002, 0.018000000000000002, 0.1466, 0.1466, 0.0009000000000000001, 0.0009000000000000001], [0.0001, 0.0001, 0.0, 0.0, 0.0001, 0.0001, 0.00030000000000000003, 0.00030000000000000003, 0.0, 0.0, 0.0008, 0.0008, 0.0097, 0.0097, 0.0002, 0.0002, 0.0021000000000000003, 0.0021000000000000003, 0.0021000000000000003, 0.0021000000000000003, 0.0182, 0.0182, 0.0182, 0.0183, 0.10110000000000001, 0.10110000000000001, 0.0054, 0.0054, 0.00030000000000000003, 0.00030000000000000003], [0.0, 0.0, 0.0, 0.0, 0.0, 0.0, 0.0001, 0.0001, 0.0, 0.0, 0.0, 0.0, 0.0004, 0.0004, 0.0031000000000000003, 0.0031000000000000003, 0.0, 0.0, 0.0, 0.0, 0.0, 0.0, 0.0, 0.0, 0.0, 0.0, 0.0009000000000000001, 0.0009000000000000001, 0.0001, 0.0001], [0.0, 0.0, 0.0, 0.0, 0.0, 0.0, 0.0004, 0.0004, 0.0, 0.0, 0.0, 0.0, 0.0, 0.0, 0.0, 0.0, 0.0, 0.0, 0.0, 0.0, 0.0, 0.0, 0.0, 0.0, 0.0, 0.0, 0.0, 0.0, 0.0, 0.0], [0.0, 0.0, 0.0, 0.0, 0.0, 0.0, 0.0001, 0.0001, 0.0, 0.0, 0.0, 0.0, 0.0, 0.0, 0.0, 0.0, 0.0, 0.0, 0.0, 0.0, 0.0, 0.0, 0.0, 0.0, 0.0, 0.0, 0.0, 0.0, 0.0, 0.0], [0.0, 0.0, 0.0, 0.0, 0.0, 0.0, 0.0001, 0.0001, 0.0, 0.0, 0.0, 0.0, 0.0, 0.0, 0.0, 0.0, 0.0, 0.0, 0.0, 0.0, 0.0, 0.0, 0.0, 0.0, 0.0, 0.0, 0.0, 0.0, 0.0, 0.0], [0.0, 0.0, 0.0, 0.0, 0.0, 0.0, 0.0002, 0.0002, 0.0, 0.0, 0.0, 0.0, 0.0, 0.0, 0.0, 0.0, 0.0, 0.0, 0.0, 0.0, 0.0, 0.0, 0.0, 0.0, 0.0, 0.0, 0.0, 0.0, 0.0, 0.0], [0.0, 0.0, 0.0, 0.0, 0.0, 0.0, 0.0009000000000000001, 0.0009000000000000001, 0.0, 0.0, 0.0, 0.0, 0.0, 0.0, 0.0, 0.0, 0.0, 0.0, 0.0, 0.0, 0.0, 0.0, 0.0, 0.0, 0.0, 0.0, 0.0, 0.0, 0.0, 0.0]]}}
bs_latimer_munro_efermi: 0.41095124