material_id: mp-12911
band_gap: 0.24369999999999903
efermi: 3.946593479999999
dos_magnetic_ordering: FM
dos_total_task_id: mp-1700760
dos_total_band_gap: 2.5967000000000002
dos_total_cbm: 6.507
dos_total_vbm: 3.9103
dos_total_efermi: 3.91454171
bs_setyawan_curtarolo_task_id: mp-1601460
bs_setyawan_curtarolo_band_gap: 0.24369999999999903
bs_setyawan_curtarolo_cbm: {'band_index': {'-1': [39], '1': []}, 'kpoint_index': [338, 339], 'kpoint': <pymatgen.electronic_structure.bandstructure.Kpoint object at 0x7fc699d63930>, 'energy': 4.1419, 'projections': {'-1': [[0.004, 0.004, 0.0, 0.0, 0.0, 0.0, 0.0, 0.0, 0.0, 0.0], [0.0, 0.0, 0.0, 0.0, 0.0083, 0.0001, 0.0119, 0.0083, 0.0119, 0.0001], [0.0, 0.0, 0.0, 0.0, 0.0091, 0.0, 0.0039000000000000003, 0.0091, 0.0039000000000000003, 0.0], [0.0, 0.0, 0.0, 0.0, 0.0035, 0.0, 0.0041, 0.0035, 0.0041, 0.0], [0.0, 0.0, 0.0025, 0.0032, 0.0, 0.0, 0.0, 0.0, 0.0, 0.0], [0.0, 0.0, 0.0028, 0.0279, 0.0, 0.0, 0.0, 0.0, 0.0, 0.0], [0.0, 0.0, 0.013300000000000001, 0.1862, 0.0, 0.0, 0.0, 0.0, 0.0, 0.0], [0.007200000000000001, 0.007200000000000001, 0.0095, 0.14, 0.0, 0.0, 0.0, 0.0, 0.0, 0.0], [0.003, 0.003, 0.0205, 0.2881, 0.0, 0.0, 0.0, 0.0, 0.0, 0.0], [0.0, 0.0, 0.0, 0.0, 0.0, 0.0, 0.0, 0.0, 0.0, 0.0], [0.0, 0.0, 0.0, 0.0, 0.0, 0.0, 0.0, 0.0, 0.0, 0.0], [0.0, 0.0, 0.0, 0.0, 0.0, 0.0, 0.0, 0.0, 0.0, 0.0], [0.0, 0.0, 0.0, 0.0, 0.0, 0.0, 0.0, 0.0, 0.0, 0.0], [0.0, 0.0, 0.0, 0.0, 0.0, 0.0, 0.0, 0.0, 0.0, 0.0], [0.0, 0.0, 0.0, 0.0, 0.0, 0.0, 0.0, 0.0, 0.0, 0.0], [0.0, 0.0, 0.0, 0.0, 0.0, 0.0, 0.0, 0.0, 0.0, 0.0]]}}
bs_setyawan_curtarolo_vbm: {'band_index': {'1': [41], '-1': []}, 'kpoint_index': [338, 339], 'kpoint': <pymatgen.electronic_structure.bandstructure.Kpoint object at 0x7fc5d4b5a350>, 'energy': 3.8982, 'projections': {'1': [[0.0, 0.0, 0.0, 0.0, 0.0, 0.0, 0.0, 0.0, 0.0, 0.0], [0.00030000000000000003, 0.00030000000000000003, 0.0, 0.0, 0.0007, 0.0006000000000000001, 0.0014, 0.0007, 0.0014, 0.0006000000000000001], [0.0011, 0.0011, 0.0, 0.0, 0.011600000000000001, 0.0751, 0.0114, 0.011600000000000001, 0.0114, 0.0751], [0.0004, 0.0004, 0.0, 0.0, 0.025500000000000002, 0.038700000000000005, 0.020900000000000002, 0.025500000000000002, 0.020900000000000002, 0.038700000000000005], [0.0, 0.0, 0.0001, 0.0002, 0.0, 0.0, 0.0, 0.0, 0.0, 0.0], [0.0, 0.0, 0.0017000000000000001, 0.007200000000000001, 0.0, 0.0, 0.0, 0.0, 0.0, 0.0], [0.0032, 0.0032, 0.0005, 0.30010000000000003, 0.0, 0.0, 0.0, 0.0, 0.0, 0.0], [0.0007, 0.0007, 0.0, 0.046400000000000004, 0.0, 0.0, 0.0, 0.0, 0.0, 0.0], [0.0009000000000000001, 0.0009000000000000001, 0.0, 0.1004, 0.0, 0.0, 0.0, 0.0, 0.0, 0.0], [0.0, 0.0, 0.0, 0.0, 0.0, 0.0, 0.0, 0.0, 0.0, 0.0], [0.0, 0.0, 0.0, 0.0, 0.0, 0.0, 0.0, 0.0, 0.0, 0.0], [0.0, 0.0, 0.0, 0.0, 0.0, 0.0, 0.0, 0.0, 0.0, 0.0], [0.0, 0.0, 0.0, 0.0, 0.0, 0.0, 0.0, 0.0, 0.0, 0.0], [0.0, 0.0, 0.0, 0.0, 0.0, 0.0, 0.0, 0.0, 0.0, 0.0], [0.0, 0.0, 0.0, 0.0, 0.0, 0.0, 0.0, 0.0, 0.0, 0.0], [0.0, 0.0, 0.0, 0.0, 0.0, 0.0, 0.0, 0.0, 0.0, 0.0]]}}
bs_setyawan_curtarolo_efermi: 3.946593479999999
bs_hinuma_task_id: mp-2181203
bs_hinuma_band_gap: 0.24369999999999903
bs_hinuma_cbm: {'band_index': {'-1': [39], '1': []}, 'kpoint_index': [338, 339], 'kpoint': <pymatgen.electronic_structure.bandstructure.Kpoint object at 0x7fc5d4b5a430>, 'energy': 4.1419, 'projections': {'-1': [[0.004, 0.004, 0.0, 0.0, 0.0, 0.0, 0.0, 0.0, 0.0, 0.0], [0.0, 0.0, 0.0, 0.0, 0.0005, 0.0112, 0.0, 0.0005, 0.0, 0.0112], [0.0, 0.0, 0.0, 0.0, 0.006200000000000001, 0.005, 0.0001, 0.006200000000000001, 0.0001, 0.005], [0.0, 0.0, 0.0, 0.0, 0.0131, 0.0046, 0.0001, 0.0131, 0.0001, 0.0046], [0.0027, 0.0027, 0.0199, 0.1691, 0.0, 0.0, 0.0, 0.0, 0.0, 0.0], [0.0048000000000000004, 0.0048000000000000004, 0.0034000000000000002, 0.1568, 0.0, 0.0, 0.0, 0.0, 0.0, 0.0], [0.0, 0.0, 0.0122, 0.1689, 0.0, 0.0, 0.0, 0.0, 0.0, 0.0], [0.0015, 0.0015, 0.011600000000000001, 0.009000000000000001, 0.0, 0.0, 0.0, 0.0, 0.0, 0.0], [0.0012000000000000001, 0.0012000000000000001, 0.0015, 0.1414, 0.0, 0.0, 0.0, 0.0, 0.0, 0.0], [0.0, 0.0, 0.0, 0.0, 0.0, 0.0, 0.0, 0.0, 0.0, 0.0], [0.0, 0.0, 0.0, 0.0, 0.0, 0.0, 0.0, 0.0, 0.0, 0.0], [0.0, 0.0, 0.0, 0.0, 0.0, 0.0, 0.0, 0.0, 0.0, 0.0], [0.0, 0.0, 0.0, 0.0, 0.0, 0.0, 0.0, 0.0, 0.0, 0.0], [0.0, 0.0, 0.0, 0.0, 0.0, 0.0, 0.0, 0.0, 0.0, 0.0], [0.0, 0.0, 0.0, 0.0, 0.0, 0.0, 0.0, 0.0, 0.0, 0.0], [0.0, 0.0, 0.0, 0.0, 0.0, 0.0, 0.0, 0.0, 0.0, 0.0]]}}
bs_hinuma_vbm: {'band_index': {'1': [41], '-1': []}, 'kpoint_index': [338, 339], 'kpoint': <pymatgen.electronic_structure.bandstructure.Kpoint object at 0x7fc5d4b59d30>, 'energy': 3.8982, 'projections': {'1': [[0.0, 0.0, 0.0, 0.0, 0.0, 0.0, 0.0, 0.0, 0.0, 0.0], [0.0002, 0.0002, 0.0, 0.0, 0.0122, 0.014700000000000001, 0.0236, 0.0122, 0.0236, 0.014700000000000001], [0.0002, 0.0002, 0.0, 0.0, 0.0183, 0.0176, 0.00030000000000000003, 0.0183, 0.00030000000000000003, 0.0176], [0.0014, 0.0014, 0.0, 0.0, 0.0033, 0.0054, 0.0906, 0.0033, 0.0906, 0.0054], [0.0006000000000000001, 0.0006000000000000001, 0.0001, 0.0843, 0.0, 0.0, 0.0, 0.0, 0.0, 0.0], [0.0006000000000000001, 0.0006000000000000001, 0.001, 0.052000000000000005, 0.0, 0.0, 0.0, 0.0, 0.0, 0.0], [0.0, 0.0, 0.0, 0.0017000000000000001, 0.0, 0.0, 0.0, 0.0, 0.0, 0.0], [0.0015, 0.0015, 0.001, 0.13970000000000002, 0.0, 0.0, 0.0, 0.0, 0.0, 0.0], [0.0022, 0.0022, 0.0002, 0.1766, 0.0, 0.0, 0.0, 0.0, 0.0, 0.0], [0.0, 0.0, 0.0, 0.0, 0.0, 0.0, 0.0, 0.0, 0.0, 0.0], [0.0, 0.0, 0.0, 0.0, 0.0, 0.0, 0.0, 0.0, 0.0, 0.0], [0.0, 0.0, 0.0, 0.0, 0.0, 0.0, 0.0, 0.0, 0.0, 0.0], [0.0, 0.0, 0.0, 0.0, 0.0, 0.0, 0.0, 0.0, 0.0, 0.0], [0.0, 0.0, 0.0, 0.0, 0.0, 0.0, 0.0, 0.0, 0.0, 0.0], [0.0, 0.0, 0.0, 0.0, 0.0, 0.0, 0.0, 0.0, 0.0, 0.0], [0.0, 0.0, 0.0, 0.0, 0.0, 0.0, 0.0, 0.0, 0.0, 0.0]]}}
bs_hinuma_efermi: 3.95151058
bs_latimer_munro_task_id: mp-2332027
bs_latimer_munro_band_gap: 0.24369999999999903
bs_latimer_munro_cbm: {'band_index': {'-1': [39], '1': []}, 'kpoint_index': [202], 'kpoint': <pymatgen.electronic_structure.bandstructure.Kpoint object at 0x7fc5d4b59be0>, 'energy': 4.1419, 'projections': {'-1': [[0.004, 0.004, 0.0, 0.0, 0.0, 0.0, 0.0, 0.0, 0.0, 0.0], [0.0, 0.0, 0.0, 0.0, 0.0005, 0.0112, 0.0, 0.0005, 0.0, 0.0112], [0.0, 0.0, 0.0, 0.0, 0.006200000000000001, 0.005, 0.0001, 0.006200000000000001, 0.0001, 0.005], [0.0, 0.0, 0.0, 0.0, 0.0131, 0.0046, 0.0001, 0.0131, 0.0001, 0.0046], [0.0027, 0.0027, 0.0199, 0.1691, 0.0, 0.0, 0.0, 0.0, 0.0, 0.0], [0.0048000000000000004, 0.0048000000000000004, 0.0034000000000000002, 0.1568, 0.0, 0.0, 0.0, 0.0, 0.0, 0.0], [0.0, 0.0, 0.0122, 0.1689, 0.0, 0.0, 0.0, 0.0, 0.0, 0.0], [0.0015, 0.0015, 0.011600000000000001, 0.009000000000000001, 0.0, 0.0, 0.0, 0.0, 0.0, 0.0], [0.0012000000000000001, 0.0012000000000000001, 0.0015, 0.1414, 0.0, 0.0, 0.0, 0.0, 0.0, 0.0], [0.0, 0.0, 0.0, 0.0, 0.0, 0.0, 0.0, 0.0, 0.0, 0.0], [0.0, 0.0, 0.0, 0.0, 0.0, 0.0, 0.0, 0.0, 0.0, 0.0], [0.0, 0.0, 0.0, 0.0, 0.0, 0.0, 0.0, 0.0, 0.0, 0.0], [0.0, 0.0, 0.0, 0.0, 0.0, 0.0, 0.0, 0.0, 0.0, 0.0], [0.0, 0.0, 0.0, 0.0, 0.0, 0.0, 0.0, 0.0, 0.0, 0.0], [0.0, 0.0, 0.0, 0.0, 0.0, 0.0, 0.0, 0.0, 0.0, 0.0], [0.0, 0.0, 0.0, 0.0, 0.0, 0.0, 0.0, 0.0, 0.0, 0.0]]}}
bs_latimer_munro_vbm: {'band_index': {'1': [41], '-1': []}, 'kpoint_index': [202], 'kpoint': <pymatgen.electronic_structure.bandstructure.Kpoint object at 0x7fc5d4b5a200>, 'energy': 3.8982, 'projections': {'1': [[0.0, 0.0, 0.0, 0.0, 0.0, 0.0, 0.0, 0.0, 0.0, 0.0], [0.0002, 0.0002, 0.0, 0.0, 0.0122, 0.014700000000000001, 0.0236, 0.0122, 0.0236, 0.014700000000000001], [0.0002, 0.0002, 0.0, 0.0, 0.0183, 0.0176, 0.00030000000000000003, 0.0183, 0.00030000000000000003, 0.0176], [0.0014, 0.0014, 0.0, 0.0, 0.0033, 0.0054, 0.0906, 0.0033, 0.0906, 0.0054], [0.0006000000000000001, 0.0006000000000000001, 0.0001, 0.0843, 0.0, 0.0, 0.0, 0.0, 0.0, 0.0], [0.0006000000000000001, 0.0006000000000000001, 0.001, 0.052000000000000005, 0.0, 0.0, 0.0, 0.0, 0.0, 0.0], [0.0, 0.0, 0.0, 0.0017000000000000001, 0.0, 0.0, 0.0, 0.0, 0.0, 0.0], [0.0015, 0.0015, 0.001, 0.13970000000000002, 0.0, 0.0, 0.0, 0.0, 0.0, 0.0], [0.0022, 0.0022, 0.0002, 0.1766, 0.0, 0.0, 0.0, 0.0, 0.0, 0.0], [0.0, 0.0, 0.0, 0.0, 0.0, 0.0, 0.0, 0.0, 0.0, 0.0], [0.0, 0.0, 0.0, 0.0, 0.0, 0.0, 0.0, 0.0, 0.0, 0.0], [0.0, 0.0, 0.0, 0.0, 0.0, 0.0, 0.0, 0.0, 0.0, 0.0], [0.0, 0.0, 0.0, 0.0, 0.0, 0.0, 0.0, 0.0, 0.0, 0.0], [0.0, 0.0, 0.0, 0.0, 0.0, 0.0, 0.0, 0.0, 0.0, 0.0], [0.0, 0.0, 0.0, 0.0, 0.0, 0.0, 0.0, 0.0, 0.0, 0.0], [0.0, 0.0, 0.0, 0.0, 0.0, 0.0, 0.0, 0.0, 0.0, 0.0]]}}
bs_latimer_munro_efermi: 3.94787372