material_id: mp-1103684
band_gap: 0.9995
efermi: 4.59630163
dos_magnetic_ordering: FM
dos_total_task_id: mp-1701095
dos_total_band_gap: 1.745999999999999
dos_total_cbm: 6.2889
dos_total_vbm: 4.5429
dos_total_efermi: 4.55467045
bs_setyawan_curtarolo_task_id: mp-1598718
bs_setyawan_curtarolo_band_gap: 0.9995
bs_setyawan_curtarolo_cbm: {'band_index': {'-1': [58], '1': []}, 'kpoint_index': [73, 74, 145], 'kpoint': <pymatgen.electronic_structure.bandstructure.Kpoint object at 0x7fc699d63930>, 'energy': 5.5415, 'projections': {'-1': [[0.0189, 0.0189, 0.0, 0.0, 0.013000000000000001, 0.013000000000000001, 0.0013000000000000002, 0.0013000000000000002, 0.0013000000000000002, 0.0013000000000000002, 0.0079, 0.0079, 0.0079, 0.0079], [0.0, 0.0, 0.0, 0.0, 0.0, 0.0, 0.0, 0.0, 0.0, 0.0, 0.0034000000000000002, 0.0034000000000000002, 0.0034000000000000002, 0.0034000000000000002], [0.0, 0.0, 0.0, 0.0, 0.0, 0.0, 0.0017000000000000001, 0.0017000000000000001, 0.0017000000000000001, 0.0017000000000000001, 0.0074, 0.0074, 0.0074, 0.0074], [0.0, 0.0, 0.0, 0.0, 0.0, 0.0, 0.0099, 0.0099, 0.0099, 0.0099, 0.0, 0.0, 0.0, 0.0], [0.0, 0.0, 0.0, 0.0, 0.0, 0.0, 0.0, 0.0, 0.0, 0.0, 0.0, 0.0, 0.0, 0.0], [0.0, 0.0, 0.0, 0.0, 0.0, 0.0, 0.0, 0.0, 0.0, 0.0, 0.0, 0.0, 0.0, 0.0], [0.2452, 0.24530000000000002, 0.0, 0.0, 0.0, 0.0, 0.0, 0.0, 0.0, 0.0, 0.0, 0.0, 0.0, 0.0], [0.0781, 0.0781, 0.0, 0.0, 0.0, 0.0, 0.0, 0.0, 0.0, 0.0, 0.0, 0.0, 0.0, 0.0], [0.0246, 0.0246, 0.0, 0.0, 0.0, 0.0, 0.0, 0.0, 0.0, 0.0, 0.0, 0.0, 0.0, 0.0]]}}
bs_setyawan_curtarolo_vbm: {'band_index': {'1': [53], '-1': []}, 'kpoint_index': ['10'], 'kpoint': <pymatgen.electronic_structure.bandstructure.Kpoint object at 0x7fc5d4b5a350>, 'energy': 4.542, 'projections': {'1': [[0.0004, 0.0004, 0.0068000000000000005, 0.0068000000000000005, 0.0019, 0.0019, 0.0014, 0.0014, 0.0014, 0.0014, 0.0002, 0.0002, 0.0002, 0.0002], [0.0, 0.0, 0.0, 0.0, 0.0, 0.0, 0.0, 0.0, 0.0, 0.0, 0.0001, 0.0001, 0.0001, 0.0001], [0.00030000000000000003, 0.00030000000000000003, 0.0, 0.0, 0.0001, 0.0001, 0.0076, 0.0076, 0.0076, 0.0076, 0.017400000000000002, 0.017400000000000002, 0.017400000000000002, 0.017400000000000002], [0.0002, 0.0002, 0.0002, 0.0002, 0.0004, 0.0004, 0.061500000000000006, 0.061500000000000006, 0.061500000000000006, 0.061500000000000006, 0.0005, 0.0005, 0.0005, 0.0005], [0.0, 0.0, 0.0, 0.0, 0.0, 0.0, 0.0, 0.0, 0.0, 0.0, 0.0, 0.0, 0.0, 0.0], [0.0, 0.0, 0.0522, 0.0522, 0.0, 0.0, 0.0, 0.0, 0.0, 0.0, 0.0, 0.0, 0.0, 0.0], [0.0183, 0.0183, 0.0031000000000000003, 0.0031000000000000003, 0.0, 0.0, 0.0, 0.0, 0.0, 0.0, 0.0, 0.0, 0.0, 0.0], [0.0018000000000000002, 0.0018000000000000002, 0.0, 0.0, 0.0, 0.0, 0.0, 0.0, 0.0, 0.0, 0.0, 0.0, 0.0, 0.0], [0.0001, 0.0001, 0.1839, 0.1839, 0.0, 0.0, 0.0, 0.0, 0.0, 0.0, 0.0, 0.0, 0.0, 0.0]]}}
bs_setyawan_curtarolo_efermi: 4.59630163
bs_hinuma_task_id: mp-2178145
bs_hinuma_band_gap: 0.9995
bs_hinuma_cbm: {'band_index': {'-1': [58], '1': []}, 'kpoint_index': [17, 18, 65], 'kpoint': <pymatgen.electronic_structure.bandstructure.Kpoint object at 0x7fc5d4b5a3c0>, 'energy': 5.5415, 'projections': {'-1': [[0.0189, 0.0189, 0.0, 0.0, 0.013000000000000001, 0.013000000000000001, 0.0013000000000000002, 0.0013000000000000002, 0.0013000000000000002, 0.0013000000000000002, 0.0079, 0.0079, 0.0079, 0.0079], [0.0, 0.0, 0.0, 0.0, 0.0, 0.0, 0.0, 0.0, 0.0, 0.0, 0.0034000000000000002, 0.0034000000000000002, 0.0034000000000000002, 0.0034000000000000002], [0.0, 0.0, 0.0, 0.0, 0.0, 0.0, 0.0017000000000000001, 0.0017000000000000001, 0.0017000000000000001, 0.0017000000000000001, 0.0074, 0.0074, 0.0074, 0.0074], [0.0, 0.0, 0.0, 0.0, 0.0, 0.0, 0.0099, 0.0099, 0.0099, 0.0099, 0.0, 0.0, 0.0, 0.0], [0.0, 0.0, 0.0, 0.0, 0.0, 0.0, 0.0, 0.0, 0.0, 0.0, 0.0, 0.0, 0.0, 0.0], [0.0, 0.0, 0.0, 0.0, 0.0, 0.0, 0.0, 0.0, 0.0, 0.0, 0.0, 0.0, 0.0, 0.0], [0.2452, 0.24530000000000002, 0.0, 0.0, 0.0, 0.0, 0.0, 0.0, 0.0, 0.0, 0.0, 0.0, 0.0, 0.0], [0.0781, 0.0781, 0.0, 0.0, 0.0, 0.0, 0.0, 0.0, 0.0, 0.0, 0.0, 0.0, 0.0, 0.0], [0.0246, 0.0245, 0.0, 0.0, 0.0, 0.0, 0.0, 0.0, 0.0, 0.0, 0.0, 0.0, 0.0, 0.0]]}}
bs_hinuma_vbm: {'band_index': {'1': [53], '-1': []}, 'kpoint_index': ['33'], 'kpoint': <pymatgen.electronic_structure.bandstructure.Kpoint object at 0x7fc5d4b59d30>, 'energy': 4.542, 'projections': {'1': [[0.0004, 0.0004, 0.0068000000000000005, 0.0068000000000000005, 0.0019, 0.0019, 0.0014, 0.0014, 0.0014, 0.0014, 0.0002, 0.0002, 0.0002, 0.0002], [0.0, 0.0, 0.0, 0.0, 0.0, 0.0, 0.0, 0.0, 0.0, 0.0, 0.0001, 0.0001, 0.0001, 0.0001], [0.00030000000000000003, 0.00030000000000000003, 0.0, 0.0, 0.0001, 0.0001, 0.0076, 0.0076, 0.0076, 0.0076, 0.017400000000000002, 0.017400000000000002, 0.017400000000000002, 0.017400000000000002], [0.0002, 0.0002, 0.0002, 0.0002, 0.0004, 0.0004, 0.061500000000000006, 0.061500000000000006, 0.061500000000000006, 0.061500000000000006, 0.0005, 0.0005, 0.0005, 0.0005], [0.0, 0.0, 0.0, 0.0, 0.0, 0.0, 0.0, 0.0, 0.0, 0.0, 0.0, 0.0, 0.0, 0.0], [0.0, 0.0, 0.0522, 0.0522, 0.0, 0.0, 0.0, 0.0, 0.0, 0.0, 0.0, 0.0, 0.0, 0.0], [0.0183, 0.0183, 0.0031000000000000003, 0.0031000000000000003, 0.0, 0.0, 0.0, 0.0, 0.0, 0.0, 0.0, 0.0, 0.0, 0.0], [0.0018000000000000002, 0.0018000000000000002, 0.0, 0.0, 0.0, 0.0, 0.0, 0.0, 0.0, 0.0, 0.0, 0.0, 0.0, 0.0], [0.0001, 0.0001, 0.18380000000000002, 0.1839, 0.0, 0.0, 0.0, 0.0, 0.0, 0.0, 0.0, 0.0, 0.0, 0.0]]}}
bs_hinuma_efermi: 4.64897237
bs_latimer_munro_task_id: mp-2608298
bs_latimer_munro_band_gap: 0.9995
bs_latimer_munro_cbm: {'band_index': {'-1': [58], '1': []}, 'kpoint_index': [152, 153, 160, 272], 'kpoint': <pymatgen.electronic_structure.bandstructure.Kpoint object at 0x7fc5d4b59e80>, 'energy': 5.5415, 'projections': {'-1': [[0.0189, 0.0189, 0.0, 0.0, 0.013000000000000001, 0.013000000000000001, 0.0013000000000000002, 0.0013000000000000002, 0.0013000000000000002, 0.0013000000000000002, 0.0079, 0.0079, 0.0079, 0.0079], [0.0, 0.0, 0.0, 0.0, 0.0, 0.0, 0.0, 0.0, 0.0, 0.0, 0.0034000000000000002, 0.0034000000000000002, 0.0034000000000000002, 0.0034000000000000002], [0.0, 0.0, 0.0, 0.0, 0.0, 0.0, 0.0017000000000000001, 0.0017000000000000001, 0.0017000000000000001, 0.0017000000000000001, 0.0074, 0.0074, 0.0074, 0.0074], [0.0, 0.0, 0.0, 0.0, 0.0, 0.0, 0.0099, 0.0099, 0.0099, 0.0099, 0.0, 0.0, 0.0, 0.0], [0.0, 0.0, 0.0, 0.0, 0.0, 0.0, 0.0, 0.0, 0.0, 0.0, 0.0, 0.0, 0.0, 0.0], [0.0, 0.0, 0.0, 0.0, 0.0, 0.0, 0.0, 0.0, 0.0, 0.0, 0.0, 0.0, 0.0, 0.0], [0.2452, 0.24530000000000002, 0.0, 0.0, 0.0, 0.0, 0.0, 0.0, 0.0, 0.0, 0.0, 0.0, 0.0, 0.0], [0.0781, 0.0781, 0.0, 0.0, 0.0, 0.0, 0.0, 0.0, 0.0, 0.0, 0.0, 0.0, 0.0, 0.0], [0.0245, 0.0245, 0.0, 0.0, 0.0, 0.0, 0.0, 0.0, 0.0, 0.0, 0.0, 0.0, 0.0, 0.0]]}}
bs_latimer_munro_vbm: {'band_index': {'1': [53], '-1': []}, 'kpoint_index': ['213'], 'kpoint': <pymatgen.electronic_structure.bandstructure.Kpoint object at 0x7fc5d4b59c50>, 'energy': 4.542, 'projections': {'1': [[0.0004, 0.0004, 0.0068000000000000005, 0.0068000000000000005, 0.0019, 0.0019, 0.0014, 0.0014, 0.0014, 0.0014, 0.0002, 0.0002, 0.0002, 0.0002], [0.0, 0.0, 0.0, 0.0, 0.0, 0.0, 0.0, 0.0, 0.0, 0.0, 0.0001, 0.0001, 0.0001, 0.0001], [0.00030000000000000003, 0.00030000000000000003, 0.0, 0.0, 0.0001, 0.0001, 0.0076, 0.0076, 0.0076, 0.0076, 0.017400000000000002, 0.017400000000000002, 0.017400000000000002, 0.017400000000000002], [0.0002, 0.0002, 0.0002, 0.0002, 0.0004, 0.0004, 0.061500000000000006, 0.061500000000000006, 0.061500000000000006, 0.061500000000000006, 0.0005, 0.0005, 0.0005, 0.0005], [0.0, 0.0, 0.0, 0.0, 0.0, 0.0, 0.0, 0.0, 0.0, 0.0, 0.0, 0.0, 0.0, 0.0], [0.0, 0.0, 0.0522, 0.0522, 0.0, 0.0, 0.0, 0.0, 0.0, 0.0, 0.0, 0.0, 0.0, 0.0], [0.0183, 0.0183, 0.0031000000000000003, 0.0031000000000000003, 0.0, 0.0, 0.0, 0.0, 0.0, 0.0, 0.0, 0.0, 0.0, 0.0], [0.0018000000000000002, 0.0018000000000000002, 0.0, 0.0, 0.0, 0.0, 0.0, 0.0, 0.0, 0.0, 0.0, 0.0, 0.0, 0.0], [0.0001, 0.0001, 0.1839, 0.1839, 0.0, 0.0, 0.0, 0.0, 0.0, 0.0, 0.0, 0.0, 0.0, 0.0]]}}
bs_latimer_munro_efermi: 4.61741274