material_id: mp-13530
band_gap: 3.732199999999999
efermi: 2.35258657
dos_magnetic_ordering: NM
dos_total_task_id: mp-1705118
dos_total_band_gap: 3.702499999999999
dos_total_cbm: 6.0702
dos_total_vbm: 2.3677
dos_total_efermi: 2.37178375
bs_setyawan_curtarolo_task_id: mp-694567
bs_setyawan_curtarolo_band_gap: 3.732199999999999
bs_setyawan_curtarolo_cbm: {'band_index': {'1': [40]}, 'kpoint_index': [0, 50, 51], 'kpoint': <pymatgen.electronic_structure.bandstructure.Kpoint object at 0x7fc699d63930>, 'energy': 6.063, 'projections': {}}
bs_setyawan_curtarolo_vbm: {'band_index': {'1': [38, 39]}, 'kpoint_index': [0, 50, 51], 'kpoint': <pymatgen.electronic_structure.bandstructure.Kpoint object at 0x7fc5d4b59d30>, 'energy': 2.3308, 'projections': {}}
bs_setyawan_curtarolo_efermi: 2.35258657
bs_hinuma_task_id: mp-2067149
bs_hinuma_band_gap: 3.7571
bs_hinuma_cbm: {'band_index': {'1': [40]}, 'kpoint_index': [0, 54, 55, 93], 'kpoint': <pymatgen.electronic_structure.bandstructure.Kpoint object at 0x7fc5d4b5a200>, 'energy': 5.987, 'projections': {'1': [[0.0354, 0.0354, 0.08420000000000001, 0.08420000000000001, 0.0198, 0.0198, 0.0198, 0.0198, 0.0198, 0.0198, 0.0198, 0.0198], [0.0, 0.0, 0.0, 0.0, 0.0154, 0.0111, 0.0111, 0.0154, 0.0154, 0.0111, 0.0111, 0.0154], [0.0, 0.0, 0.0, 0.0, 0.0055000000000000005, 0.0055000000000000005, 0.0055000000000000005, 0.0055000000000000005, 0.0055000000000000005, 0.0055000000000000005, 0.0055000000000000005, 0.0055000000000000005], [0.0, 0.0, 0.0, 0.0, 0.0111, 0.0154, 0.0154, 0.0111, 0.0111, 0.0154, 0.0154, 0.0111], [0.0, 0.0, 0.0, 0.0, 0.0, 0.0, 0.0, 0.0, 0.0, 0.0, 0.0, 0.0], [0.0, 0.0, 0.0, 0.0, 0.0, 0.0, 0.0, 0.0, 0.0, 0.0, 0.0, 0.0], [0.0058000000000000005, 0.0058000000000000005, 0.0007, 0.0007, 0.0, 0.0, 0.0, 0.0, 0.0, 0.0, 0.0, 0.0], [0.0, 0.0, 0.0, 0.0, 0.0, 0.0, 0.0, 0.0, 0.0, 0.0, 0.0, 0.0], [0.0, 0.0, 0.0, 0.0, 0.0, 0.0, 0.0, 0.0, 0.0, 0.0, 0.0, 0.0]]}}
bs_hinuma_vbm: {'band_index': {'1': [38, 39]}, 'kpoint_index': [0, 54, 55, 93], 'kpoint': <pymatgen.electronic_structure.bandstructure.Kpoint object at 0x7fc5d4b5a430>, 'energy': 2.2299, 'projections': {'1': [[0.0, 0.0, 0.0, 0.0, 0.0, 0.0001, 0.0001, 0.0, 0.0, 0.0001, 0.0001, 0.0], [0.001, 0.001, 0.0011, 0.0011, 0.056100000000000004, 0.0054, 0.0054, 0.056100000000000004, 0.056100000000000004, 0.0054, 0.0054, 0.056100000000000004], [0.0, 0.0, 0.0, 0.0, 0.0041, 0.0187, 0.0187, 0.0041, 0.0041, 0.0187, 0.0187, 0.0041], [0.0008, 0.0008, 0.0001, 0.0001, 0.10310000000000001, 0.0, 0.0, 0.10310000000000001, 0.10310000000000001, 0.0, 0.0, 0.10310000000000001], [0.0, 0.0, 0.0, 0.0, 0.0, 0.0, 0.0, 0.0, 0.0, 0.0, 0.0, 0.0], [0.0004, 0.0004, 0.0004, 0.0004, 0.0, 0.0, 0.0, 0.0, 0.0, 0.0, 0.0, 0.0], [0.0, 0.0, 0.0, 0.0, 0.0, 0.0, 0.0, 0.0, 0.0, 0.0, 0.0, 0.0], [0.00030000000000000003, 0.00030000000000000003, 0.0045000000000000005, 0.0045000000000000005, 0.0, 0.0, 0.0, 0.0, 0.0, 0.0, 0.0, 0.0], [0.0, 0.0, 0.0, 0.0, 0.0, 0.0, 0.0, 0.0, 0.0, 0.0, 0.0, 0.0]]}}
bs_hinuma_efermi: 2.34803121
bs_latimer_munro_task_id: mp-2330696
bs_latimer_munro_band_gap: 3.7571
bs_latimer_munro_cbm: {'band_index': {'1': [40]}, 'kpoint_index': [40, 41, 90, 91, 107, 145], 'kpoint': <pymatgen.electronic_structure.bandstructure.Kpoint object at 0x7fc5d4b5a350>, 'energy': 5.987, 'projections': {'1': [[0.0354, 0.0354, 0.08420000000000001, 0.08420000000000001, 0.0198, 0.0198, 0.0198, 0.0198, 0.0198, 0.0198, 0.0198, 0.0198], [0.0, 0.0, 0.0, 0.0, 0.0154, 0.0111, 0.0111, 0.0154, 0.0154, 0.0111, 0.0111, 0.0154], [0.0, 0.0, 0.0, 0.0, 0.0055000000000000005, 0.0055000000000000005, 0.0055000000000000005, 0.0055000000000000005, 0.0055000000000000005, 0.0055000000000000005, 0.0055000000000000005, 0.0055000000000000005], [0.0, 0.0, 0.0, 0.0, 0.0111, 0.0154, 0.0154, 0.0111, 0.0111, 0.0154, 0.0154, 0.0111], [0.0, 0.0, 0.0, 0.0, 0.0, 0.0, 0.0, 0.0, 0.0, 0.0, 0.0, 0.0], [0.0, 0.0, 0.0, 0.0, 0.0, 0.0, 0.0, 0.0, 0.0, 0.0, 0.0, 0.0], [0.0058000000000000005, 0.0058000000000000005, 0.0007, 0.0007, 0.0, 0.0, 0.0, 0.0, 0.0, 0.0, 0.0, 0.0], [0.0, 0.0, 0.0, 0.0, 0.0, 0.0, 0.0, 0.0, 0.0, 0.0, 0.0, 0.0], [0.0, 0.0, 0.0, 0.0, 0.0, 0.0, 0.0, 0.0, 0.0, 0.0, 0.0, 0.0]]}}
bs_latimer_munro_vbm: {'band_index': {'1': [38, 39]}, 'kpoint_index': [40, 41, 90, 91, 107, 145], 'kpoint': <pymatgen.electronic_structure.bandstructure.Kpoint object at 0x7fc5d4b59be0>, 'energy': 2.2299, 'projections': {'1': [[0.0, 0.0, 0.0, 0.0, 0.0, 0.0001, 0.0001, 0.0, 0.0, 0.0001, 0.0001, 0.0], [0.001, 0.001, 0.0011, 0.0011, 0.056100000000000004, 0.0054, 0.0054, 0.056100000000000004, 0.056100000000000004, 0.0054, 0.0054, 0.056100000000000004], [0.0, 0.0, 0.0, 0.0, 0.0041, 0.0187, 0.0187, 0.0041, 0.0041, 0.0187, 0.0187, 0.0041], [0.0008, 0.0008, 0.0001, 0.0001, 0.10310000000000001, 0.0, 0.0, 0.10310000000000001, 0.10310000000000001, 0.0, 0.0, 0.10310000000000001], [0.0, 0.0, 0.0, 0.0, 0.0, 0.0, 0.0, 0.0, 0.0, 0.0, 0.0, 0.0], [0.0004, 0.0004, 0.0004, 0.0004, 0.0, 0.0, 0.0, 0.0, 0.0, 0.0, 0.0, 0.0], [0.0, 0.0, 0.0, 0.0, 0.0, 0.0, 0.0, 0.0, 0.0, 0.0, 0.0, 0.0], [0.00030000000000000003, 0.00030000000000000003, 0.0045000000000000005, 0.0045000000000000005, 0.0, 0.0, 0.0, 0.0, 0.0, 0.0, 0.0, 0.0], [0.0, 0.0, 0.0, 0.0, 0.0, 0.0, 0.0, 0.0, 0.0, 0.0, 0.0, 0.0]]}}
bs_latimer_munro_efermi: 2.31411462