material_id: mp-1020654
band_gap: 5.681
efermi: 1.7674336400000001
dos_magnetic_ordering: NM
dos_total_task_id: mp-1751504
dos_total_band_gap: 5.587
dos_total_cbm: 7.2373
dos_total_vbm: 1.6503
dos_total_efermi: 1.618951899999999
bs_setyawan_curtarolo_task_id: mp-1618314
bs_setyawan_curtarolo_band_gap: 5.681
bs_setyawan_curtarolo_cbm: {'band_index': {'1': [100]}, 'kpoint_index': [0], 'kpoint': <pymatgen.electronic_structure.bandstructure.Kpoint object at 0x7fc699d63930>, 'energy': 7.2737, 'projections': {'1': [[0.015, 0.015, 0.0152, 0.0152, 0.0013000000000000002, 0.0013000000000000002, 0.0013000000000000002, 0.0013000000000000002, 0.0016, 0.0016, 0.0016, 0.0016, 0.0012000000000000001, 0.0011, 0.0012000000000000001, 0.0011, 0.0044, 0.0044, 0.0044, 0.0044, 0.0035, 0.0035, 0.0035, 0.0035, 0.0036000000000000003, 0.0036000000000000003, 0.0036000000000000003, 0.0036000000000000003, 0.0018000000000000002, 0.0018000000000000002, 0.0018000000000000002, 0.0018000000000000002, 0.0128, 0.0128, 0.0128, 0.0128], [0.0, 0.0, 0.0, 0.0, 0.0001, 0.0001, 0.0001, 0.0001, 0.0001, 0.0001, 0.0001, 0.0001, 0.0, 0.0, 0.0, 0.0, 0.00030000000000000003, 0.00030000000000000003, 0.00030000000000000003, 0.00030000000000000003, 0.0001, 0.0001, 0.0001, 0.0001, 0.0007, 0.0007, 0.0007, 0.0007, 0.0001, 0.0001, 0.0001, 0.0001, 0.0001, 0.0001, 0.0001, 0.0001], [0.0023, 0.0023, 0.0023, 0.0023, 0.0, 0.0, 0.0, 0.0, 0.005, 0.005, 0.005, 0.005, 0.00030000000000000003, 0.00030000000000000003, 0.00030000000000000003, 0.00030000000000000003, 0.0017000000000000001, 0.0017000000000000001, 0.0017000000000000001, 0.0017000000000000001, 0.0004, 0.0004, 0.0004, 0.0004, 0.0023, 0.0023, 0.0023, 0.0023, 0.0, 0.0, 0.0, 0.0, 0.0001, 0.0001, 0.0001, 0.0001], [0.0, 0.0, 0.0, 0.0, 0.00030000000000000003, 0.00030000000000000003, 0.00030000000000000003, 0.00030000000000000003, 0.0049, 0.0049, 0.0049, 0.0049, 0.0001, 0.0001, 0.0001, 0.0001, 0.0013000000000000002, 0.0013000000000000002, 0.0013000000000000002, 0.0013000000000000002, 0.00030000000000000003, 0.00030000000000000003, 0.00030000000000000003, 0.00030000000000000003, 0.0012000000000000001, 0.0012000000000000001, 0.0012000000000000001, 0.0012000000000000001, 0.0002, 0.0002, 0.0002, 0.0002, 0.0, 0.0, 0.0, 0.0], [0.0, 0.0, 0.0, 0.0, 0.0, 0.0, 0.0, 0.0, 0.0, 0.0, 0.0, 0.0, 0.0, 0.0, 0.0, 0.0, 0.0, 0.0, 0.0, 0.0, 0.0, 0.0, 0.0, 0.0, 0.0, 0.0, 0.0, 0.0, 0.0, 0.0, 0.0, 0.0, 0.0, 0.0, 0.0, 0.0], [0.0002, 0.0002, 0.0002, 0.0002, 0.0, 0.0, 0.0, 0.0, 0.0, 0.0, 0.0, 0.0, 0.0, 0.0, 0.0, 0.0, 0.0, 0.0, 0.0, 0.0, 0.0, 0.0, 0.0, 0.0, 0.0, 0.0, 0.0, 0.0, 0.0, 0.0, 0.0, 0.0, 0.0, 0.0, 0.0, 0.0], [0.0085, 0.0085, 0.0085, 0.0085, 0.0, 0.0, 0.0, 0.0, 0.0, 0.0, 0.0, 0.0, 0.0, 0.0, 0.0, 0.0, 0.0, 0.0, 0.0, 0.0, 0.0, 0.0, 0.0, 0.0, 0.0, 0.0, 0.0, 0.0, 0.0, 0.0, 0.0, 0.0, 0.0, 0.0, 0.0, 0.0], [0.0005, 0.0005, 0.0005, 0.0005, 0.0, 0.0, 0.0, 0.0, 0.0, 0.0, 0.0, 0.0, 0.0, 0.0, 0.0, 0.0, 0.0, 0.0, 0.0, 0.0, 0.0, 0.0, 0.0, 0.0, 0.0, 0.0, 0.0, 0.0, 0.0, 0.0, 0.0, 0.0, 0.0, 0.0, 0.0, 0.0], [0.0126, 0.0126, 0.0126, 0.0126, 0.0, 0.0, 0.0, 0.0, 0.0, 0.0, 0.0, 0.0, 0.0, 0.0, 0.0, 0.0, 0.0, 0.0, 0.0, 0.0, 0.0, 0.0, 0.0, 0.0, 0.0, 0.0, 0.0, 0.0, 0.0, 0.0, 0.0, 0.0, 0.0, 0.0, 0.0, 0.0]]}}
bs_setyawan_curtarolo_vbm: {'band_index': {'1': [98, 99]}, 'kpoint_index': ['71'], 'kpoint': <pymatgen.electronic_structure.bandstructure.Kpoint object at 0x7fc5d4b59be0>, 'energy': 1.5927, 'projections': {'1': [[0.0001, 0.0, 0.0001, 0.0, 0.0001, 0.0002, 0.0002, 0.00030000000000000003, 0.0, 0.0, 0.0, 0.0, 0.0001, 0.0001, 0.0001, 0.0001, 0.0, 0.0, 0.0, 0.0, 0.0, 0.0002, 0.0001, 0.0002, 0.0, 0.0, 0.0, 0.0, 0.0001, 0.0, 0.0002, 0.0001, 0.0, 0.0, 0.0, 0.0], [0.0004, 0.0012000000000000001, 0.0001, 0.0009000000000000001, 0.0001, 0.0002, 0.0, 0.0002, 0.0, 0.0001, 0.0, 0.0001, 0.0001, 0.0002, 0.0001, 0.0001, 0.0008, 0.0002, 0.0009000000000000001, 0.0002, 0.0001, 0.00030000000000000003, 0.0, 0.0002, 0.0001, 0.0008, 0.0008, 0.0015, 0.003, 0.0011, 0.0019, 0.0, 0.0291, 0.1041, 0.023100000000000002, 0.0981], [0.0001, 0.0002, 0.0, 0.0001, 0.0014, 0.00030000000000000003, 0.0015, 0.0004, 0.0001, 0.0001, 0.0, 0.0, 0.0, 0.0004, 0.00030000000000000003, 0.0007, 0.0005, 0.0017000000000000001, 0.0041, 0.0053, 0.006900000000000001, 0.025900000000000003, 0.0046, 0.0236, 0.0038, 0.0035, 0.0038, 0.0035, 0.0076, 0.0015, 0.0211, 0.015, 0.0111, 0.0187, 0.0076, 0.0152], [0.0, 0.0002, 0.0002, 0.0004, 0.0002, 0.0005, 0.0, 0.00030000000000000003, 0.0, 0.0001, 0.0, 0.0002, 0.00030000000000000003, 0.0002, 0.0001, 0.0, 0.0051, 0.0161, 0.002, 0.013000000000000001, 0.0001, 0.0008, 0.0012000000000000001, 0.0019, 0.0313, 0.0623, 0.019100000000000002, 0.05, 0.0009000000000000001, 0.0038, 0.0018000000000000002, 0.0046, 0.012400000000000001, 0.0173, 0.0123, 0.0172], [0.0, 0.0, 0.0, 0.0, 0.0, 0.0, 0.0, 0.0, 0.0, 0.0, 0.0, 0.0, 0.0, 0.0, 0.0, 0.0, 0.0, 0.0, 0.0, 0.0, 0.0, 0.0, 0.0, 0.0, 0.0, 0.0, 0.0, 0.0, 0.0, 0.0, 0.0, 0.0, 0.0, 0.0, 0.0, 0.0], [0.0001, 0.00030000000000000003, 0.0002, 0.0004, 0.0, 0.0, 0.0, 0.0, 0.0, 0.0, 0.0, 0.0, 0.0, 0.0, 0.0, 0.0, 0.0, 0.0, 0.0, 0.0, 0.0, 0.0, 0.0, 0.0, 0.0, 0.0, 0.0, 0.0, 0.0, 0.0, 0.0, 0.0, 0.0, 0.0, 0.0, 0.0], [0.0001, 0.0001, 0.0001, 0.0, 0.0, 0.0, 0.0, 0.0, 0.0, 0.0, 0.0, 0.0, 0.0, 0.0, 0.0, 0.0, 0.0, 0.0, 0.0, 0.0, 0.0, 0.0, 0.0, 0.0, 0.0, 0.0, 0.0, 0.0, 0.0, 0.0, 0.0, 0.0, 0.0, 0.0, 0.0, 0.0], [0.0, 0.0001, 0.0001, 0.0001, 0.0, 0.0, 0.0, 0.0, 0.0, 0.0, 0.0, 0.0, 0.0, 0.0, 0.0, 0.0, 0.0, 0.0, 0.0, 0.0, 0.0, 0.0, 0.0, 0.0, 0.0, 0.0, 0.0, 0.0, 0.0, 0.0, 0.0, 0.0, 0.0, 0.0, 0.0, 0.0], [0.0007, 0.0023, 0.0005, 0.0021000000000000003, 0.0, 0.0, 0.0, 0.0, 0.0, 0.0, 0.0, 0.0, 0.0, 0.0, 0.0, 0.0, 0.0, 0.0, 0.0, 0.0, 0.0, 0.0, 0.0, 0.0, 0.0, 0.0, 0.0, 0.0, 0.0, 0.0, 0.0, 0.0, 0.0, 0.0, 0.0, 0.0]]}}
bs_setyawan_curtarolo_efermi: 1.7674336400000001
bs_latimer_munro_task_id: mp-2302712
bs_latimer_munro_band_gap: 5.6762999999999995
bs_latimer_munro_cbm: {'band_index': {'1': [100]}, 'kpoint_index': [39, 40, 163, 164, 178, 192, 197], 'kpoint': <pymatgen.electronic_structure.bandstructure.Kpoint object at 0x7fc5d4b59c50>, 'energy': 7.2737, 'projections': {'1': [[0.0152, 0.0151, 0.0151, 0.0151, 0.0013000000000000002, 0.0013000000000000002, 0.0013000000000000002, 0.0013000000000000002, 0.0016, 0.0016, 0.0016, 0.0016, 0.0012000000000000001, 0.0012000000000000001, 0.0012000000000000001, 0.0012000000000000001, 0.0044, 0.0044, 0.0044, 0.0044, 0.0035, 0.0035, 0.0035, 0.0035, 0.0036000000000000003, 0.0036000000000000003, 0.0036000000000000003, 0.0036000000000000003, 0.0018000000000000002, 0.0018000000000000002, 0.0018000000000000002, 0.0018000000000000002, 0.0128, 0.0128, 0.0128, 0.0128], [0.0, 0.0, 0.0, 0.0, 0.0001, 0.0001, 0.0001, 0.0001, 0.0001, 0.0001, 0.0001, 0.0001, 0.0, 0.0, 0.0, 0.0, 0.00030000000000000003, 0.00030000000000000003, 0.00030000000000000003, 0.00030000000000000003, 0.0001, 0.0001, 0.0001, 0.0001, 0.0007, 0.0007, 0.0007, 0.0007, 0.0001, 0.0001, 0.0001, 0.0001, 0.0001, 0.0001, 0.0001, 0.0001], [0.0023, 0.0023, 0.0023, 0.0023, 0.0, 0.0, 0.0, 0.0, 0.005, 0.005, 0.005, 0.005, 0.00030000000000000003, 0.00030000000000000003, 0.00030000000000000003, 0.00030000000000000003, 0.0017000000000000001, 0.0017000000000000001, 0.0017000000000000001, 0.0017000000000000001, 0.0004, 0.0004, 0.0004, 0.0004, 0.0023, 0.0023, 0.0023, 0.0023, 0.0, 0.0, 0.0, 0.0, 0.0001, 0.0001, 0.0001, 0.0001], [0.0, 0.0, 0.0, 0.0, 0.00030000000000000003, 0.00030000000000000003, 0.00030000000000000003, 0.00030000000000000003, 0.0049, 0.0049, 0.0049, 0.0049, 0.0001, 0.0001, 0.0001, 0.0001, 0.0013000000000000002, 0.0013000000000000002, 0.0013000000000000002, 0.0013000000000000002, 0.00030000000000000003, 0.00030000000000000003, 0.00030000000000000003, 0.00030000000000000003, 0.0012000000000000001, 0.0012000000000000001, 0.0012000000000000001, 0.0012000000000000001, 0.0002, 0.0002, 0.0002, 0.0002, 0.0, 0.0, 0.0, 0.0], [0.0, 0.0, 0.0, 0.0, 0.0, 0.0, 0.0, 0.0, 0.0, 0.0, 0.0, 0.0, 0.0, 0.0, 0.0, 0.0, 0.0, 0.0, 0.0, 0.0, 0.0, 0.0, 0.0, 0.0, 0.0, 0.0, 0.0, 0.0, 0.0, 0.0, 0.0, 0.0, 0.0, 0.0, 0.0, 0.0], [0.0002, 0.0002, 0.0002, 0.0002, 0.0, 0.0, 0.0, 0.0, 0.0, 0.0, 0.0, 0.0, 0.0, 0.0, 0.0, 0.0, 0.0, 0.0, 0.0, 0.0, 0.0, 0.0, 0.0, 0.0, 0.0, 0.0, 0.0, 0.0, 0.0, 0.0, 0.0, 0.0, 0.0, 0.0, 0.0, 0.0], [0.0085, 0.0085, 0.0085, 0.0085, 0.0, 0.0, 0.0, 0.0, 0.0, 0.0, 0.0, 0.0, 0.0, 0.0, 0.0, 0.0, 0.0, 0.0, 0.0, 0.0, 0.0, 0.0, 0.0, 0.0, 0.0, 0.0, 0.0, 0.0, 0.0, 0.0, 0.0, 0.0, 0.0, 0.0, 0.0, 0.0], [0.0005, 0.0005, 0.0005, 0.0005, 0.0, 0.0, 0.0, 0.0, 0.0, 0.0, 0.0, 0.0, 0.0, 0.0, 0.0, 0.0, 0.0, 0.0, 0.0, 0.0, 0.0, 0.0, 0.0, 0.0, 0.0, 0.0, 0.0, 0.0, 0.0, 0.0, 0.0, 0.0, 0.0, 0.0, 0.0, 0.0], [0.0126, 0.0126, 0.0126, 0.0126, 0.0, 0.0, 0.0, 0.0, 0.0, 0.0, 0.0, 0.0, 0.0, 0.0, 0.0, 0.0, 0.0, 0.0, 0.0, 0.0, 0.0, 0.0, 0.0, 0.0, 0.0, 0.0, 0.0, 0.0, 0.0, 0.0, 0.0, 0.0, 0.0, 0.0, 0.0, 0.0]]}}
bs_latimer_munro_vbm: {'band_index': {'1': [98, 99]}, 'kpoint_index': ['257'], 'kpoint': <pymatgen.electronic_structure.bandstructure.Kpoint object at 0x7fc5d4b59e80>, 'energy': 1.5974, 'projections': {'1': [[0.0, 0.0, 0.0, 0.0, 0.00030000000000000003, 0.00030000000000000003, 0.0001, 0.0001, 0.0, 0.0, 0.0, 0.0, 0.0, 0.0001, 0.0001, 0.0001, 0.0001, 0.0, 0.0, 0.0, 0.0002, 0.0002, 0.0001, 0.0001, 0.0, 0.0, 0.0001, 0.0001, 0.0, 0.0, 0.0002, 0.0002, 0.0, 0.0, 0.0, 0.0], [0.0009000000000000001, 0.0009000000000000001, 0.0005, 0.0004, 0.0002, 0.0002, 0.0, 0.0, 0.0001, 0.0001, 0.0001, 0.0, 0.0001, 0.0002, 0.0, 0.0001, 0.0004, 0.0, 0.0014, 0.001, 0.0002, 0.00030000000000000003, 0.0001, 0.0001, 0.0002, 0.0005, 0.0012000000000000001, 0.0016, 0.0018000000000000002, 0.0004, 0.0024000000000000002, 0.001, 0.07740000000000001, 0.08940000000000001, 0.0345, 0.0465], [0.0001, 0.0001, 0.0002, 0.0002, 0.0005, 0.0, 0.0016, 0.0012000000000000001, 0.0002, 0.0002, 0.0, 0.0, 0.00030000000000000003, 0.0006000000000000001, 0.0001, 0.0004, 0.0006000000000000001, 0.0037, 0.0026000000000000003, 0.0056, 0.0228, 0.0234, 0.0082, 0.0088, 0.0041, 0.0051, 0.0024000000000000002, 0.0034000000000000002, 0.00030000000000000003, 0.007, 0.0173, 0.0241, 0.0111, 0.008, 0.0182, 0.0152], [0.00030000000000000003, 0.0004, 0.0, 0.0002, 0.0005, 0.0004, 0.0002, 0.0, 0.0001, 0.0001, 0.0, 0.0001, 0.00030000000000000003, 0.0002, 0.0002, 0.0, 0.013600000000000001, 0.010700000000000001, 0.0078000000000000005, 0.0049, 0.0005, 0.0019, 0.0009000000000000001, 0.0024000000000000002, 0.0408, 0.0371, 0.0415, 0.037700000000000004, 0.0022, 0.0029000000000000002, 0.0032, 0.004, 0.007200000000000001, 0.007, 0.023700000000000002, 0.0236], [0.0, 0.0, 0.0, 0.0, 0.0, 0.0, 0.0, 0.0, 0.0, 0.0, 0.0, 0.0, 0.0, 0.0, 0.0, 0.0, 0.0, 0.0, 0.0, 0.0, 0.0, 0.0, 0.0, 0.0, 0.0, 0.0, 0.0, 0.0, 0.0, 0.0, 0.0, 0.0, 0.0, 0.0, 0.0, 0.0], [0.0002, 0.00030000000000000003, 0.00030000000000000003, 0.0004, 0.0, 0.0, 0.0, 0.0, 0.0, 0.0, 0.0, 0.0, 0.0, 0.0, 0.0, 0.0, 0.0, 0.0, 0.0, 0.0, 0.0, 0.0, 0.0, 0.0, 0.0, 0.0, 0.0, 0.0, 0.0, 0.0, 0.0, 0.0, 0.0, 0.0, 0.0, 0.0], [0.0001, 0.0001, 0.0, 0.0, 0.0, 0.0, 0.0, 0.0, 0.0, 0.0, 0.0, 0.0, 0.0, 0.0, 0.0, 0.0, 0.0, 0.0, 0.0, 0.0, 0.0, 0.0, 0.0, 0.0, 0.0, 0.0, 0.0, 0.0, 0.0, 0.0, 0.0, 0.0, 0.0, 0.0, 0.0, 0.0], [0.0, 0.0001, 0.0001, 0.0001, 0.0, 0.0, 0.0, 0.0, 0.0, 0.0, 0.0, 0.0, 0.0, 0.0, 0.0, 0.0, 0.0, 0.0, 0.0, 0.0, 0.0, 0.0, 0.0, 0.0, 0.0, 0.0, 0.0, 0.0, 0.0, 0.0, 0.0, 0.0, 0.0, 0.0, 0.0, 0.0], [0.0018000000000000002, 0.0019, 0.0008, 0.0009000000000000001, 0.0, 0.0, 0.0, 0.0, 0.0, 0.0, 0.0, 0.0, 0.0, 0.0, 0.0, 0.0, 0.0, 0.0, 0.0, 0.0, 0.0, 0.0, 0.0, 0.0, 0.0, 0.0, 0.0, 0.0, 0.0, 0.0, 0.0, 0.0, 0.0, 0.0, 0.0, 0.0]]}}
bs_latimer_munro_efermi: 1.73132244