material_id: mp-1205906
band_gap: 1.9674
efermi: 0.50038834
dos_magnetic_ordering: FM
dos_total_task_id: mp-1730882
dos_total_band_gap: 1.9944000000000002
dos_total_cbm: 2.3435
dos_total_vbm: 0.3491
dos_total_efermi: 0.32992775
bs_setyawan_curtarolo_task_id: mp-1620544
bs_setyawan_curtarolo_band_gap: 1.9674
bs_setyawan_curtarolo_cbm: {'band_index': {'1': [34], '-1': []}, 'kpoint_index': ['117'], 'kpoint': <pymatgen.electronic_structure.bandstructure.Kpoint object at 0x7fc699d63930>, 'energy': 2.3146, 'projections': {'1': [[0.0, 0.0, 0.0057, 0.0044, 0.0044, 0.0044, 0.0044, 0.0044, 0.0044], [0.0009000000000000001, 0.0007, 0.0, 0.008700000000000001, 0.0105, 0.0375, 0.0375, 0.008700000000000001, 0.0105], [0.0, 0.0, 0.0166, 0.0175, 0.0175, 0.0175, 0.0175, 0.0175, 0.0175], [0.0009000000000000001, 0.0007, 0.0, 0.0291, 0.0273, 0.00030000000000000003, 0.00030000000000000003, 0.0291, 0.0273], [0.0004, 0.0729, 0.0, 0.0, 0.0, 0.0, 0.0, 0.0, 0.0], [0.0007, 0.15910000000000002, 0.0, 0.0, 0.0, 0.0, 0.0, 0.0, 0.0], [0.0, 0.0, 0.0027, 0.0, 0.0, 0.0, 0.0, 0.0, 0.0], [0.0007, 0.15910000000000002, 0.0, 0.0, 0.0, 0.0, 0.0, 0.0, 0.0], [0.0004, 0.0729, 0.0, 0.0, 0.0, 0.0, 0.0, 0.0, 0.0]]}}
bs_setyawan_curtarolo_vbm: {'band_index': {'1': [33], '-1': []}, 'kpoint_index': [25, 26, 112], 'kpoint': <pymatgen.electronic_structure.bandstructure.Kpoint object at 0x7fc5d4b5a350>, 'energy': 0.3472, 'projections': {'1': [[0.0, 0.0, 0.0, 0.00030000000000000003, 0.00030000000000000003, 0.00030000000000000003, 0.00030000000000000003, 0.00030000000000000003, 0.00030000000000000003], [0.0006000000000000001, 0.003, 0.0, 0.035, 0.0117, 0.0859, 0.0859, 0.035, 0.0117], [0.0, 0.0, 0.001, 0.0111, 0.0111, 0.0111, 0.0111, 0.0111, 0.0111], [0.0006000000000000001, 0.003, 0.0, 0.0534, 0.0767, 0.0025, 0.0025, 0.0534, 0.0767], [0.0, 0.0887, 0.0, 0.0, 0.0, 0.0, 0.0, 0.0, 0.0], [0.0, 0.0063, 0.0, 0.0, 0.0, 0.0, 0.0, 0.0, 0.0], [0.0, 0.0, 0.00030000000000000003, 0.0, 0.0, 0.0, 0.0, 0.0, 0.0], [0.0, 0.0063, 0.0, 0.0, 0.0, 0.0, 0.0, 0.0, 0.0], [0.0, 0.0886, 0.0, 0.0, 0.0, 0.0, 0.0, 0.0, 0.0]]}}
bs_setyawan_curtarolo_efermi: 0.50038834
bs_hinuma_task_id: mp-2112074
bs_hinuma_band_gap: 1.9674
bs_hinuma_cbm: {'band_index': {'1': [34], '-1': []}, 'kpoint_index': ['118'], 'kpoint': <pymatgen.electronic_structure.bandstructure.Kpoint object at 0x7fc5d4b5a3c0>, 'energy': 2.3146, 'projections': {'1': [[0.0, 0.0, 0.0057, 0.0044, 0.0044, 0.0044, 0.0044, 0.0044, 0.0044], [0.0009000000000000001, 0.0007, 0.0, 0.008700000000000001, 0.0105, 0.0375, 0.0375, 0.008700000000000001, 0.0105], [0.0, 0.0, 0.0166, 0.0175, 0.0175, 0.0175, 0.0175, 0.0175, 0.0175], [0.0009000000000000001, 0.0007, 0.0, 0.0291, 0.0273, 0.00030000000000000003, 0.00030000000000000003, 0.0291, 0.0273], [0.0004, 0.0729, 0.0, 0.0, 0.0, 0.0, 0.0, 0.0, 0.0], [0.0007, 0.15910000000000002, 0.0, 0.0, 0.0, 0.0, 0.0, 0.0, 0.0], [0.0, 0.0, 0.0027, 0.0, 0.0, 0.0, 0.0, 0.0, 0.0], [0.0007, 0.15910000000000002, 0.0, 0.0, 0.0, 0.0, 0.0, 0.0, 0.0], [0.0004, 0.0729, 0.0, 0.0, 0.0, 0.0, 0.0, 0.0, 0.0]]}}
bs_hinuma_vbm: {'band_index': {'1': [33], '-1': []}, 'kpoint_index': [25, 26, 123, 124], 'kpoint': <pymatgen.electronic_structure.bandstructure.Kpoint object at 0x7fc5d4b5a190>, 'energy': 0.3472, 'projections': {'1': [[0.0, 0.0, 0.0, 0.00030000000000000003, 0.00030000000000000003, 0.00030000000000000003, 0.00030000000000000003, 0.00030000000000000003, 0.00030000000000000003], [0.0006000000000000001, 0.003, 0.0, 0.035, 0.0117, 0.0859, 0.0859, 0.035, 0.0117], [0.0, 0.0, 0.001, 0.0111, 0.0111, 0.0111, 0.0111, 0.0111, 0.0111], [0.0006000000000000001, 0.003, 0.0, 0.0534, 0.0767, 0.0025, 0.0025, 0.0534, 0.0767], [0.0, 0.0887, 0.0, 0.0, 0.0, 0.0, 0.0, 0.0, 0.0], [0.0, 0.0063, 0.0, 0.0, 0.0, 0.0, 0.0, 0.0, 0.0], [0.0, 0.0, 0.00030000000000000003, 0.0, 0.0, 0.0, 0.0, 0.0, 0.0], [0.0, 0.0063, 0.0, 0.0, 0.0, 0.0, 0.0, 0.0, 0.0], [0.0, 0.0886, 0.0, 0.0, 0.0, 0.0, 0.0, 0.0, 0.0]]}}
bs_hinuma_efermi: 0.50312964
bs_latimer_munro_task_id: mp-2305518
bs_latimer_munro_band_gap: 1.9674
bs_latimer_munro_cbm: {'band_index': {'1': [34], '-1': []}, 'kpoint_index': ['119'], 'kpoint': <pymatgen.electronic_structure.bandstructure.Kpoint object at 0x7fc5d4b5a430>, 'energy': 2.3146, 'projections': {'1': [[0.0, 0.0, 0.0057, 0.0045000000000000005, 0.0044, 0.0044, 0.0044, 0.0044, 0.0044], [0.0009000000000000001, 0.0007, 0.0, 0.008700000000000001, 0.0105, 0.0375, 0.0375, 0.008700000000000001, 0.0105], [0.0, 0.0, 0.0166, 0.0175, 0.0175, 0.0175, 0.0175, 0.0175, 0.0175], [0.0009000000000000001, 0.0007, 0.0, 0.0291, 0.0273, 0.00030000000000000003, 0.00030000000000000003, 0.0291, 0.0273], [0.0004, 0.0729, 0.0, 0.0, 0.0, 0.0, 0.0, 0.0, 0.0], [0.0007, 0.15910000000000002, 0.0, 0.0, 0.0, 0.0, 0.0, 0.0, 0.0], [0.0, 0.0, 0.0027, 0.0, 0.0, 0.0, 0.0, 0.0, 0.0], [0.0007, 0.15910000000000002, 0.0, 0.0, 0.0, 0.0, 0.0, 0.0, 0.0], [0.0004, 0.0729, 0.0, 0.0, 0.0, 0.0, 0.0, 0.0, 0.0]]}}
bs_latimer_munro_vbm: {'band_index': {'1': [33], '-1': []}, 'kpoint_index': [124, 125, 137, 207], 'kpoint': <pymatgen.electronic_structure.bandstructure.Kpoint object at 0x7fc5d4b59e80>, 'energy': 0.3472, 'projections': {'1': [[0.0, 0.0, 0.0, 0.00030000000000000003, 0.00030000000000000003, 0.00030000000000000003, 0.00030000000000000003, 0.00030000000000000003, 0.00030000000000000003], [0.0006000000000000001, 0.003, 0.0, 0.035, 0.0117, 0.0859, 0.0859, 0.035, 0.0117], [0.0, 0.0, 0.001, 0.0111, 0.0111, 0.0111, 0.0111, 0.0111, 0.0111], [0.0006000000000000001, 0.003, 0.0, 0.0534, 0.0767, 0.0025, 0.0025, 0.0534, 0.0767], [0.0, 0.0887, 0.0, 0.0, 0.0, 0.0, 0.0, 0.0, 0.0], [0.0, 0.0063, 0.0, 0.0, 0.0, 0.0, 0.0, 0.0, 0.0], [0.0, 0.0, 0.00030000000000000003, 0.0, 0.0, 0.0, 0.0, 0.0, 0.0], [0.0, 0.0063, 0.0, 0.0, 0.0, 0.0, 0.0, 0.0, 0.0], [0.0, 0.0886, 0.0, 0.0, 0.0, 0.0, 0.0, 0.0, 0.0]]}}
bs_latimer_munro_efermi: 0.53407563