material_id: mp-1180064
band_gap: 0.042300000000000004
efermi: -1.54784204
dos_magnetic_ordering: NM
dos_total_task_id: mp-1754783
dos_total_band_gap: 0.0
dos_total_cbm: -1.5505
dos_total_vbm: -1.5505
dos_total_efermi: -1.56370181
bs_setyawan_curtarolo_task_id: mp-1623354
bs_setyawan_curtarolo_band_gap: 0.042300000000000004
bs_setyawan_curtarolo_cbm: {'band_index': {'-1': [30], '1': []}, 'kpoint_index': ['298'], 'kpoint': <pymatgen.electronic_structure.bandstructure.Kpoint object at 0x7fc699d63930>, 'energy': -1.5269, 'projections': {'-1': [[0.0, 0.0001, 0.0001, 0.0001, 0.0, 0.0001, 0.0002, 0.0, 0.0001, 0.0], [0.00030000000000000003, 0.0001, 0.0014, 0.0002, 0.0005, 0.0004, 0.0001, 0.0002, 0.001, 0.0004], [0.0521, 0.054900000000000004, 0.0018000000000000002, 0.0001, 0.19720000000000001, 0.1734, 0.085, 0.10070000000000001, 0.019, 0.0762], [0.0, 0.0001, 0.0002, 0.0, 0.0013000000000000002, 0.0011, 0.0005, 0.0006000000000000001, 0.0009000000000000001, 0.0019], [0.0, 0.0, 0.0, 0.0, 0.0, 0.0, 0.0, 0.0, 0.0, 0.0], [0.0, 0.0, 0.0, 0.0, 0.0, 0.0, 0.0, 0.0, 0.0, 0.0], [0.0, 0.0, 0.0, 0.0, 0.0, 0.0, 0.0, 0.0, 0.0, 0.0], [0.0, 0.0, 0.0, 0.0, 0.0, 0.0, 0.0, 0.0, 0.0, 0.0], [0.0, 0.0, 0.0, 0.0, 0.0, 0.0, 0.0, 0.0, 0.0, 0.0]]}}
bs_setyawan_curtarolo_vbm: {'band_index': {'1': [29], '-1': []}, 'kpoint_index': ['304'], 'kpoint': <pymatgen.electronic_structure.bandstructure.Kpoint object at 0x7fc5d4b5a3c0>, 'energy': -1.5692, 'projections': {'1': [[0.0, 0.0, 0.0, 0.0, 0.0, 0.0, 0.0, 0.0, 0.0, 0.0], [0.0005, 0.0004, 0.002, 0.0005, 0.0008, 0.0008, 0.0001, 0.0001, 0.0005, 0.0002], [0.07200000000000001, 0.0402, 0.0241, 0.0166, 0.3057, 0.23240000000000002, 0.024900000000000002, 0.034300000000000004, 0.0006000000000000001, 0.020200000000000003], [0.00030000000000000003, 0.00030000000000000003, 0.0006000000000000001, 0.00030000000000000003, 0.0044, 0.0031000000000000003, 0.0002, 0.0008, 0.0005, 0.00030000000000000003], [0.0, 0.0, 0.0, 0.0, 0.0, 0.0, 0.0, 0.0, 0.0, 0.0], [0.0, 0.0, 0.0, 0.0, 0.0, 0.0, 0.0, 0.0, 0.0, 0.0], [0.0, 0.0, 0.0, 0.0, 0.0, 0.0, 0.0, 0.0, 0.0, 0.0], [0.0, 0.0, 0.0, 0.0, 0.0, 0.0, 0.0, 0.0, 0.0, 0.0], [0.0, 0.0, 0.0, 0.0, 0.0, 0.0, 0.0, 0.0, 0.0, 0.0]]}}
bs_setyawan_curtarolo_efermi: -1.54784204
bs_hinuma_task_id: mp-2108783
bs_hinuma_band_gap: 0.042300000000000004
bs_hinuma_cbm: {'band_index': {'-1': [30], '1': []}, 'kpoint_index': ['184'], 'kpoint': <pymatgen.electronic_structure.bandstructure.Kpoint object at 0x7fc5d4b59e80>, 'energy': -1.5269, 'projections': {'-1': [[0.0, 0.0001, 0.0001, 0.0001, 0.0, 0.0001, 0.0002, 0.0, 0.0001, 0.0], [0.00030000000000000003, 0.0001, 0.0014, 0.0002, 0.0005, 0.0004, 0.0001, 0.0002, 0.001, 0.0004], [0.0521, 0.054900000000000004, 0.0018000000000000002, 0.0001, 0.19720000000000001, 0.1734, 0.085, 0.10070000000000001, 0.019, 0.0762], [0.0, 0.0001, 0.0002, 0.0, 0.0013000000000000002, 0.0011, 0.0005, 0.0006000000000000001, 0.0009000000000000001, 0.0019], [0.0, 0.0, 0.0, 0.0, 0.0, 0.0, 0.0, 0.0, 0.0, 0.0], [0.0, 0.0, 0.0, 0.0, 0.0, 0.0, 0.0, 0.0, 0.0, 0.0], [0.0, 0.0, 0.0, 0.0, 0.0, 0.0, 0.0, 0.0, 0.0, 0.0], [0.0, 0.0, 0.0, 0.0, 0.0, 0.0, 0.0, 0.0, 0.0, 0.0], [0.0, 0.0, 0.0, 0.0, 0.0, 0.0, 0.0, 0.0, 0.0, 0.0]]}}
bs_hinuma_vbm: {'band_index': {'1': [29], '-1': []}, 'kpoint_index': ['190'], 'kpoint': <pymatgen.electronic_structure.bandstructure.Kpoint object at 0x7fc5d4b59c50>, 'energy': -1.5692, 'projections': {'1': [[0.0, 0.0, 0.0, 0.0, 0.0, 0.0, 0.0, 0.0, 0.0, 0.0], [0.0005, 0.0004, 0.002, 0.0005, 0.0008, 0.0008, 0.0001, 0.0001, 0.0005, 0.0002], [0.07200000000000001, 0.0402, 0.0241, 0.0166, 0.3057, 0.23240000000000002, 0.024900000000000002, 0.034300000000000004, 0.0006000000000000001, 0.020200000000000003], [0.00030000000000000003, 0.00030000000000000003, 0.0006000000000000001, 0.00030000000000000003, 0.0044, 0.0031000000000000003, 0.0002, 0.0008, 0.0005, 0.00030000000000000003], [0.0, 0.0, 0.0, 0.0, 0.0, 0.0, 0.0, 0.0, 0.0, 0.0], [0.0, 0.0, 0.0, 0.0, 0.0, 0.0, 0.0, 0.0, 0.0, 0.0], [0.0, 0.0, 0.0, 0.0, 0.0, 0.0, 0.0, 0.0, 0.0, 0.0], [0.0, 0.0, 0.0, 0.0, 0.0, 0.0, 0.0, 0.0, 0.0, 0.0], [0.0, 0.0, 0.0, 0.0, 0.0, 0.0, 0.0, 0.0, 0.0, 0.0]]}}
bs_hinuma_efermi: -1.54784204