material_id: mp-19230
band_gap: 3.0589
efermi: -1.00584502
dos_magnetic_ordering: NM
dos_total_task_id: mp-1695619
dos_total_band_gap: 3.031799999999999
dos_total_cbm: 1.9504000000000001
dos_total_vbm: -1.0814
dos_total_efermi: -1.10013454
bs_setyawan_curtarolo_task_id: mp-820839
bs_setyawan_curtarolo_band_gap: 3.0589
bs_setyawan_curtarolo_cbm: {'band_index': {'1': [53]}, 'kpoint_index': [13, 14, 97], 'kpoint': <pymatgen.electronic_structure.bandstructure.Kpoint object at 0x7fc699d63930>, 'energy': 1.953, 'projections': {}}
bs_setyawan_curtarolo_vbm: {'band_index': {'1': [52]}, 'kpoint_index': [13, 14, 97], 'kpoint': <pymatgen.electronic_structure.bandstructure.Kpoint object at 0x7fc5d4b5a200>, 'energy': -1.1059, 'projections': {}}
bs_setyawan_curtarolo_efermi: -1.00584502
bs_hinuma_task_id: mp-2177757
bs_hinuma_band_gap: 3.066
bs_hinuma_cbm: {'band_index': {'1': [53]}, 'kpoint_index': [13, 14, 97], 'kpoint': <pymatgen.electronic_structure.bandstructure.Kpoint object at 0x7fc5d4b59c50>, 'energy': 1.9388, 'projections': {'1': [[0.002, 0.0006000000000000001, 0.0006000000000000001, 0.0017000000000000001, 0.0, 0.0, 0.0001, 0.0, 0.0, 0.0, 0.0001, 0.0, 0.0001, 0.0001], [0.0, 0.0, 0.0, 0.0, 0.0, 0.0, 0.0006000000000000001, 0.0, 0.018000000000000002, 0.0, 0.0006000000000000001, 0.018000000000000002, 0.0058000000000000005, 0.0058000000000000005], [0.0, 0.0, 0.0, 0.0, 0.0005, 0.0005, 0.020200000000000003, 0.0022, 0.0022, 0.0022, 0.020200000000000003, 0.0022, 0.0005, 0.0005], [0.0, 0.0, 0.0, 0.0, 0.0001, 0.0001, 0.0017000000000000001, 0.0233, 0.0053, 0.0233, 0.0017000000000000001, 0.0053, 0.017400000000000002, 0.017400000000000002], [0.0001, 0.0002, 0.0002, 0.0, 0.10260000000000001, 0.10260000000000001, 0.0, 0.0, 0.0, 0.0, 0.0, 0.0, 0.0, 0.0], [0.0, 0.00030000000000000003, 0.00030000000000000003, 0.0, 0.045200000000000004, 0.045200000000000004, 0.0, 0.0, 0.0, 0.0, 0.0, 0.0, 0.0, 0.0], [0.0, 0.0007, 0.0007, 0.0, 0.0008, 0.0008, 0.0, 0.0, 0.0, 0.0, 0.0, 0.0, 0.0, 0.0], [0.0, 0.0009000000000000001, 0.0009000000000000001, 0.0, 0.13570000000000002, 0.13570000000000002, 0.0, 0.0, 0.0, 0.0, 0.0, 0.0, 0.0, 0.0], [0.0, 0.0001, 0.0001, 0.0, 0.0342, 0.0342, 0.0, 0.0, 0.0, 0.0, 0.0, 0.0, 0.0, 0.0]]}}
bs_hinuma_vbm: {'band_index': {'1': [52]}, 'kpoint_index': [13, 14, 97], 'kpoint': <pymatgen.electronic_structure.bandstructure.Kpoint object at 0x7fc5d4b5a190>, 'energy': -1.1272, 'projections': {'1': [[0.0, 0.0, 0.0, 0.0, 0.0, 0.0, 0.0, 0.0, 0.0, 0.0, 0.0, 0.0, 0.0, 0.0], [0.0, 0.0001, 0.0001, 0.0, 0.0007, 0.0007, 0.0063, 0.0162, 0.050100000000000006, 0.0162, 0.0063, 0.050100000000000006, 0.10360000000000001, 0.10360000000000001], [0.0, 0.0, 0.0, 0.0, 0.0, 0.0, 0.0, 0.0603, 0.0603, 0.0603, 0.0, 0.0603, 0.0, 0.0], [0.0, 0.0, 0.0, 0.0, 0.0002, 0.0002, 0.0021000000000000003, 0.034300000000000004, 0.00030000000000000003, 0.034300000000000004, 0.0021000000000000003, 0.00030000000000000003, 0.0345, 0.0345], [0.0, 0.0001, 0.0001, 0.0, 0.0, 0.0, 0.0, 0.0, 0.0, 0.0, 0.0, 0.0, 0.0, 0.0], [0.0007, 0.0, 0.0, 0.0, 0.0001, 0.0001, 0.0, 0.0, 0.0, 0.0, 0.0, 0.0, 0.0, 0.0], [0.0, 0.0, 0.0, 0.0, 0.0, 0.0, 0.0, 0.0, 0.0, 0.0, 0.0, 0.0, 0.0, 0.0], [0.0002, 0.0, 0.0, 0.0, 0.0, 0.0, 0.0, 0.0, 0.0, 0.0, 0.0, 0.0, 0.0, 0.0], [0.0, 0.0002, 0.0002, 0.0, 0.0001, 0.0001, 0.0, 0.0, 0.0, 0.0, 0.0, 0.0, 0.0, 0.0]]}}
bs_hinuma_efermi: -0.94535754
bs_latimer_munro_task_id: mp-2688566
bs_latimer_munro_band_gap: 3.066
bs_latimer_munro_cbm: {'band_index': {'1': [53]}, 'kpoint_index': [115, 116, 126], 'kpoint': <pymatgen.electronic_structure.bandstructure.Kpoint object at 0x7fc5d4b59be0>, 'energy': 1.9388, 'projections': {'1': [[0.002, 0.0006000000000000001, 0.0006000000000000001, 0.0017000000000000001, 0.0, 0.0, 0.0, 0.0, 0.0001, 0.0, 0.0, 0.0001, 0.0001, 0.0001], [0.0, 0.0, 0.0, 0.0, 0.0, 0.0, 0.018000000000000002, 0.0, 0.0006000000000000001, 0.0, 0.018000000000000002, 0.0006000000000000001, 0.0058000000000000005, 0.0058000000000000005], [0.0, 0.0, 0.0, 0.0, 0.0005, 0.0005, 0.0022, 0.0022, 0.020200000000000003, 0.0022, 0.0022, 0.020200000000000003, 0.0005, 0.0005], [0.0, 0.0, 0.0, 0.0, 0.0001, 0.0001, 0.0053, 0.0233, 0.0017000000000000001, 0.0233, 0.0053, 0.0017000000000000001, 0.017400000000000002, 0.017400000000000002], [0.0001, 0.0002, 0.0002, 0.0, 0.10260000000000001, 0.10260000000000001, 0.0, 0.0, 0.0, 0.0, 0.0, 0.0, 0.0, 0.0], [0.0, 0.00030000000000000003, 0.00030000000000000003, 0.0, 0.045200000000000004, 0.045200000000000004, 0.0, 0.0, 0.0, 0.0, 0.0, 0.0, 0.0, 0.0], [0.0, 0.0007, 0.0007, 0.0, 0.0008, 0.0008, 0.0, 0.0, 0.0, 0.0, 0.0, 0.0, 0.0, 0.0], [0.0, 0.0009000000000000001, 0.0009000000000000001, 0.0, 0.13570000000000002, 0.13570000000000002, 0.0, 0.0, 0.0, 0.0, 0.0, 0.0, 0.0, 0.0], [0.0, 0.0001, 0.0001, 0.0, 0.0342, 0.0342, 0.0, 0.0, 0.0, 0.0, 0.0, 0.0, 0.0, 0.0]]}}
bs_latimer_munro_vbm: {'band_index': {'1': [52]}, 'kpoint_index': [115, 116, 126], 'kpoint': <pymatgen.electronic_structure.bandstructure.Kpoint object at 0x7fc5d4b5a3c0>, 'energy': -1.1272, 'projections': {'1': [[0.0, 0.0, 0.0, 0.0, 0.0, 0.0, 0.0, 0.0, 0.0, 0.0, 0.0, 0.0, 0.0, 0.0], [0.0, 0.0001, 0.0001, 0.0, 0.0007, 0.0007, 0.050100000000000006, 0.0162, 0.0063, 0.0162, 0.050100000000000006, 0.0063, 0.10360000000000001, 0.10360000000000001], [0.0, 0.0, 0.0, 0.0, 0.0, 0.0, 0.0603, 0.0603, 0.0, 0.0603, 0.0603, 0.0, 0.0, 0.0], [0.0, 0.0, 0.0, 0.0, 0.0002, 0.0002, 0.00030000000000000003, 0.034300000000000004, 0.0021000000000000003, 0.034300000000000004, 0.00030000000000000003, 0.0021000000000000003, 0.0345, 0.0345], [0.0, 0.0001, 0.0001, 0.0, 0.0, 0.0, 0.0, 0.0, 0.0, 0.0, 0.0, 0.0, 0.0, 0.0], [0.0007, 0.0, 0.0, 0.0, 0.0001, 0.0001, 0.0, 0.0, 0.0, 0.0, 0.0, 0.0, 0.0, 0.0], [0.0, 0.0, 0.0, 0.0, 0.0, 0.0, 0.0, 0.0, 0.0, 0.0, 0.0, 0.0, 0.0, 0.0], [0.0002, 0.0, 0.0, 0.0, 0.0, 0.0, 0.0, 0.0, 0.0, 0.0, 0.0, 0.0, 0.0, 0.0], [0.0, 0.0002, 0.0002, 0.0, 0.0001, 0.0001, 0.0, 0.0, 0.0, 0.0, 0.0, 0.0, 0.0, 0.0]]}}
bs_latimer_munro_efermi: -0.9295332