material_id: mp-1190396
band_gap: 4.0068
efermi: 1.85684043
dos_magnetic_ordering: NM
dos_total_task_id: mp-1669817
dos_total_band_gap: 3.9985
dos_total_cbm: 5.8188
dos_total_vbm: 1.8203
dos_total_efermi: 1.82418113
bs_setyawan_curtarolo_task_id: mp-1605816
bs_setyawan_curtarolo_band_gap: 4.0068
bs_setyawan_curtarolo_cbm: {'band_index': {'1': [71]}, 'kpoint_index': [24], 'kpoint': <pymatgen.electronic_structure.bandstructure.Kpoint object at 0x7fc699d63930>, 'energy': 5.7605, 'projections': {'1': [[0.0, 0.0, 0.0, 0.0002, 0.0002, 0.0002, 0.0002, 0.0011, 0.0011, 0.0004, 0.0004, 0.0001, 0.0001, 0.0002, 0.0002, 0.0048000000000000004, 0.0048000000000000004, 0.0008, 0.0008, 0.0143, 0.0143], [0.001, 0.001, 0.0004, 0.0534, 0.0534, 0.0005, 0.0005, 0.0, 0.0, 0.0005, 0.0005, 0.0, 0.0, 0.0002, 0.0002, 0.00030000000000000003, 0.00030000000000000003, 0.0177, 0.0177, 0.0059, 0.0059], [0.00030000000000000003, 0.00030000000000000003, 0.004, 0.058800000000000005, 0.058800000000000005, 0.0001, 0.0001, 0.0002, 0.0002, 0.0005, 0.0005, 0.0002, 0.0002, 0.0, 0.0, 0.0045000000000000005, 0.0045000000000000005, 0.0018000000000000002, 0.0018000000000000002, 0.015300000000000001, 0.015300000000000001], [0.0001, 0.0001, 0.0002, 0.0217, 0.0217, 0.0025, 0.0025, 0.0005, 0.0005, 0.0015, 0.0015, 0.0002, 0.0002, 0.0008, 0.0008, 0.010100000000000001, 0.010100000000000001, 0.0004, 0.0004, 0.0094, 0.0094], [0.0015, 0.0015, 0.0, 0.009000000000000001, 0.009000000000000001, 0.0, 0.0, 0.0, 0.0, 0.0, 0.0, 0.0, 0.0, 0.0, 0.0, 0.0, 0.0, 0.0, 0.0, 0.0, 0.0], [0.0122, 0.0122, 0.0, 0.00030000000000000003, 0.00030000000000000003, 0.0, 0.0, 0.0, 0.0, 0.0, 0.0, 0.0, 0.0, 0.0, 0.0, 0.0, 0.0, 0.0, 0.0, 0.0, 0.0], [0.0236, 0.0236, 0.0, 0.0086, 0.0086, 0.0, 0.0, 0.0, 0.0, 0.0, 0.0, 0.0, 0.0, 0.0, 0.0, 0.0, 0.0, 0.0, 0.0, 0.0, 0.0], [0.0051, 0.0051, 0.0, 0.0006000000000000001, 0.0006000000000000001, 0.0, 0.0, 0.0, 0.0, 0.0, 0.0, 0.0, 0.0, 0.0, 0.0, 0.0, 0.0, 0.0, 0.0, 0.0, 0.0], [0.0081, 0.0081, 0.0, 0.003, 0.003, 0.0, 0.0, 0.0, 0.0, 0.0, 0.0, 0.0, 0.0, 0.0, 0.0, 0.0, 0.0, 0.0, 0.0, 0.0, 0.0]]}}
bs_setyawan_curtarolo_vbm: {'band_index': {'1': [70]}, 'kpoint_index': [78], 'kpoint': <pymatgen.electronic_structure.bandstructure.Kpoint object at 0x7fc5d4b59d30>, 'energy': 1.7537, 'projections': {'1': [[0.0, 0.0, 0.0022, 0.0004, 0.0004, 0.0, 0.0, 0.0, 0.0, 0.0002, 0.0002, 0.0, 0.0, 0.0, 0.0, 0.0, 0.0, 0.00030000000000000003, 0.00030000000000000003, 0.0004, 0.0004], [0.0, 0.0, 0.0, 0.0009000000000000001, 0.0009000000000000001, 0.0, 0.0, 0.0036000000000000003, 0.0036000000000000003, 0.020200000000000003, 0.020200000000000003, 0.005, 0.005, 0.0015, 0.0015, 0.0, 0.0, 0.008700000000000001, 0.008700000000000001, 0.0111, 0.0111], [0.0, 0.0, 0.0, 0.0001, 0.0001, 0.0001, 0.0001, 0.015300000000000001, 0.015300000000000001, 0.0016, 0.0016, 0.0002, 0.0002, 0.001, 0.001, 0.0033, 0.0033, 0.041100000000000005, 0.041100000000000005, 0.035500000000000004, 0.035500000000000004], [0.00030000000000000003, 0.00030000000000000003, 0.0, 0.0, 0.0, 0.0, 0.0, 0.0027, 0.0027, 0.0058000000000000005, 0.0058000000000000005, 0.0004, 0.0004, 0.0002, 0.0002, 0.0024000000000000002, 0.0024000000000000002, 0.06380000000000001, 0.06380000000000001, 0.09340000000000001, 0.09340000000000001], [0.0002, 0.0002, 0.0037, 0.0002, 0.0002, 0.0, 0.0, 0.0, 0.0, 0.0, 0.0, 0.0, 0.0, 0.0, 0.0, 0.0, 0.0, 0.0, 0.0, 0.0, 0.0], [0.0001, 0.0001, 0.0018000000000000002, 0.0002, 0.0002, 0.0, 0.0, 0.0, 0.0, 0.0, 0.0, 0.0, 0.0, 0.0, 0.0, 0.0, 0.0, 0.0, 0.0, 0.0, 0.0], [0.0006000000000000001, 0.0006000000000000001, 0.004, 0.0, 0.0, 0.0, 0.0, 0.0, 0.0, 0.0, 0.0, 0.0, 0.0, 0.0, 0.0, 0.0, 0.0, 0.0, 0.0, 0.0, 0.0], [0.0, 0.0, 0.1052, 0.0019, 0.0019, 0.0, 0.0, 0.0, 0.0, 0.0, 0.0, 0.0, 0.0, 0.0, 0.0, 0.0, 0.0, 0.0, 0.0, 0.0, 0.0], [0.0001, 0.0001, 0.042100000000000005, 0.0005, 0.0005, 0.0, 0.0, 0.0, 0.0, 0.0, 0.0, 0.0, 0.0, 0.0, 0.0, 0.0, 0.0, 0.0, 0.0, 0.0, 0.0]]}}
bs_setyawan_curtarolo_efermi: 1.85684043
bs_hinuma_task_id: mp-2138556
bs_hinuma_band_gap: 4.0068
bs_hinuma_cbm: {'band_index': {'1': [71]}, 'kpoint_index': [89], 'kpoint': <pymatgen.electronic_structure.bandstructure.Kpoint object at 0x7fc5d4b59e80>, 'energy': 5.7605, 'projections': {'1': [[0.0, 0.0, 0.0, 0.0002, 0.0002, 0.0002, 0.0002, 0.0011, 0.0011, 0.0004, 0.0004, 0.0001, 0.0001, 0.0002, 0.0002, 0.0048000000000000004, 0.0048000000000000004, 0.0008, 0.0008, 0.0143, 0.0143], [0.001, 0.001, 0.0004, 0.0534, 0.0534, 0.0005, 0.0005, 0.0, 0.0, 0.0005, 0.0005, 0.0, 0.0, 0.0002, 0.0002, 0.00030000000000000003, 0.00030000000000000003, 0.0177, 0.0177, 0.0059, 0.0059], [0.00030000000000000003, 0.00030000000000000003, 0.004, 0.058800000000000005, 0.058800000000000005, 0.0001, 0.0001, 0.0002, 0.0002, 0.0005, 0.0005, 0.0002, 0.0002, 0.0, 0.0, 0.0045000000000000005, 0.0045000000000000005, 0.0018000000000000002, 0.0018000000000000002, 0.015300000000000001, 0.015300000000000001], [0.0001, 0.0001, 0.0002, 0.0217, 0.0217, 0.0025, 0.0025, 0.0005, 0.0005, 0.0015, 0.0015, 0.0002, 0.0002, 0.0008, 0.0008, 0.010100000000000001, 0.010100000000000001, 0.0004, 0.0004, 0.0094, 0.0094], [0.0015, 0.0015, 0.0, 0.009000000000000001, 0.009000000000000001, 0.0, 0.0, 0.0, 0.0, 0.0, 0.0, 0.0, 0.0, 0.0, 0.0, 0.0, 0.0, 0.0, 0.0, 0.0, 0.0], [0.0122, 0.0122, 0.0, 0.00030000000000000003, 0.00030000000000000003, 0.0, 0.0, 0.0, 0.0, 0.0, 0.0, 0.0, 0.0, 0.0, 0.0, 0.0, 0.0, 0.0, 0.0, 0.0, 0.0], [0.0236, 0.0236, 0.0, 0.0086, 0.0086, 0.0, 0.0, 0.0, 0.0, 0.0, 0.0, 0.0, 0.0, 0.0, 0.0, 0.0, 0.0, 0.0, 0.0, 0.0, 0.0], [0.0051, 0.0051, 0.0, 0.0006000000000000001, 0.0006000000000000001, 0.0, 0.0, 0.0, 0.0, 0.0, 0.0, 0.0, 0.0, 0.0, 0.0, 0.0, 0.0, 0.0, 0.0, 0.0, 0.0], [0.0081, 0.0081, 0.0, 0.003, 0.003, 0.0, 0.0, 0.0, 0.0, 0.0, 0.0, 0.0, 0.0, 0.0, 0.0, 0.0, 0.0, 0.0, 0.0, 0.0, 0.0]]}}
bs_hinuma_vbm: {'band_index': {'1': [70]}, 'kpoint_index': [33], 'kpoint': <pymatgen.electronic_structure.bandstructure.Kpoint object at 0x7fc5d4b59be0>, 'energy': 1.7537, 'projections': {'1': [[0.0, 0.0, 0.0022, 0.0004, 0.0004, 0.0, 0.0, 0.0, 0.0, 0.0002, 0.0002, 0.0, 0.0, 0.0, 0.0, 0.0, 0.0, 0.00030000000000000003, 0.00030000000000000003, 0.0004, 0.0004], [0.0, 0.0, 0.0, 0.0009000000000000001, 0.0009000000000000001, 0.0, 0.0, 0.0036000000000000003, 0.0036000000000000003, 0.020200000000000003, 0.020200000000000003, 0.005, 0.005, 0.0015, 0.0015, 0.0, 0.0, 0.008700000000000001, 0.008700000000000001, 0.0111, 0.0111], [0.0, 0.0, 0.0, 0.0001, 0.0001, 0.0001, 0.0001, 0.015300000000000001, 0.015300000000000001, 0.0016, 0.0016, 0.0002, 0.0002, 0.001, 0.001, 0.0033, 0.0033, 0.041100000000000005, 0.041100000000000005, 0.035500000000000004, 0.035500000000000004], [0.00030000000000000003, 0.00030000000000000003, 0.0, 0.0, 0.0, 0.0, 0.0, 0.0027, 0.0027, 0.0058000000000000005, 0.0058000000000000005, 0.0004, 0.0004, 0.0002, 0.0002, 0.0024000000000000002, 0.0024000000000000002, 0.06380000000000001, 0.06380000000000001, 0.09340000000000001, 0.09340000000000001], [0.0002, 0.0002, 0.0037, 0.0002, 0.0002, 0.0, 0.0, 0.0, 0.0, 0.0, 0.0, 0.0, 0.0, 0.0, 0.0, 0.0, 0.0, 0.0, 0.0, 0.0, 0.0], [0.0001, 0.0001, 0.0018000000000000002, 0.0002, 0.0002, 0.0, 0.0, 0.0, 0.0, 0.0, 0.0, 0.0, 0.0, 0.0, 0.0, 0.0, 0.0, 0.0, 0.0, 0.0, 0.0], [0.0006000000000000001, 0.0006000000000000001, 0.004, 0.0, 0.0, 0.0, 0.0, 0.0, 0.0, 0.0, 0.0, 0.0, 0.0, 0.0, 0.0, 0.0, 0.0, 0.0, 0.0, 0.0, 0.0], [0.0, 0.0, 0.1052, 0.0019, 0.0019, 0.0, 0.0, 0.0, 0.0, 0.0, 0.0, 0.0, 0.0, 0.0, 0.0, 0.0, 0.0, 0.0, 0.0, 0.0, 0.0], [0.0001, 0.0001, 0.042100000000000005, 0.0005, 0.0005, 0.0, 0.0, 0.0, 0.0, 0.0, 0.0, 0.0, 0.0, 0.0, 0.0, 0.0, 0.0, 0.0, 0.0, 0.0, 0.0]]}}
bs_hinuma_efermi: 1.865747799999999
bs_latimer_munro_task_id: mp-2600517
bs_latimer_munro_band_gap: 4.0068
bs_latimer_munro_cbm: {'band_index': {'1': [71]}, 'kpoint_index': [89], 'kpoint': <pymatgen.electronic_structure.bandstructure.Kpoint object at 0x7fc5d4b59c50>, 'energy': 5.7605, 'projections': {'1': [[0.0, 0.0, 0.0, 0.0002, 0.0002, 0.0002, 0.0002, 0.0011, 0.0011, 0.0004, 0.0004, 0.0001, 0.0001, 0.0002, 0.0002, 0.0048000000000000004, 0.0048000000000000004, 0.0008, 0.0008, 0.0143, 0.0143], [0.001, 0.001, 0.0004, 0.0534, 0.0534, 0.0005, 0.0005, 0.0, 0.0, 0.0005, 0.0005, 0.0, 0.0, 0.0002, 0.0002, 0.00030000000000000003, 0.00030000000000000003, 0.0177, 0.0177, 0.0059, 0.0059], [0.00030000000000000003, 0.00030000000000000003, 0.004, 0.058800000000000005, 0.058800000000000005, 0.0001, 0.0001, 0.0002, 0.0002, 0.0005, 0.0005, 0.0002, 0.0002, 0.0, 0.0, 0.0045000000000000005, 0.0045000000000000005, 0.0018000000000000002, 0.0018000000000000002, 0.015300000000000001, 0.015300000000000001], [0.0001, 0.0001, 0.0002, 0.0217, 0.0217, 0.0025, 0.0025, 0.0005, 0.0005, 0.0015, 0.0015, 0.0002, 0.0002, 0.0008, 0.0008, 0.010100000000000001, 0.010100000000000001, 0.0004, 0.0004, 0.0094, 0.0094], [0.0015, 0.0015, 0.0, 0.009000000000000001, 0.009000000000000001, 0.0, 0.0, 0.0, 0.0, 0.0, 0.0, 0.0, 0.0, 0.0, 0.0, 0.0, 0.0, 0.0, 0.0, 0.0, 0.0], [0.0122, 0.0122, 0.0, 0.00030000000000000003, 0.00030000000000000003, 0.0, 0.0, 0.0, 0.0, 0.0, 0.0, 0.0, 0.0, 0.0, 0.0, 0.0, 0.0, 0.0, 0.0, 0.0, 0.0], [0.0236, 0.0236, 0.0, 0.0086, 0.0086, 0.0, 0.0, 0.0, 0.0, 0.0, 0.0, 0.0, 0.0, 0.0, 0.0, 0.0, 0.0, 0.0, 0.0, 0.0, 0.0], [0.0051, 0.0051, 0.0, 0.0006000000000000001, 0.0006000000000000001, 0.0, 0.0, 0.0, 0.0, 0.0, 0.0, 0.0, 0.0, 0.0, 0.0, 0.0, 0.0, 0.0, 0.0, 0.0, 0.0], [0.0081, 0.0081, 0.0, 0.003, 0.003, 0.0, 0.0, 0.0, 0.0, 0.0, 0.0, 0.0, 0.0, 0.0, 0.0, 0.0, 0.0, 0.0, 0.0, 0.0, 0.0]]}}
bs_latimer_munro_vbm: {'band_index': {'1': [70]}, 'kpoint_index': [44], 'kpoint': <pymatgen.electronic_structure.bandstructure.Kpoint object at 0x7fc5d4b5a190>, 'energy': 1.7537, 'projections': {'1': [[0.0, 0.0, 0.0022, 0.0004, 0.0004, 0.0, 0.0, 0.0, 0.0, 0.0002, 0.0002, 0.0, 0.0, 0.0, 0.0, 0.0, 0.0, 0.00030000000000000003, 0.00030000000000000003, 0.0004, 0.0004], [0.0, 0.0, 0.0, 0.0009000000000000001, 0.0009000000000000001, 0.0, 0.0, 0.0036000000000000003, 0.0036000000000000003, 0.020200000000000003, 0.020200000000000003, 0.005, 0.005, 0.0015, 0.0015, 0.0, 0.0, 0.008700000000000001, 0.008700000000000001, 0.0111, 0.0111], [0.0, 0.0, 0.0, 0.0001, 0.0001, 0.0001, 0.0001, 0.015300000000000001, 0.015300000000000001, 0.0016, 0.0016, 0.0002, 0.0002, 0.001, 0.001, 0.0033, 0.0033, 0.041100000000000005, 0.041100000000000005, 0.035500000000000004, 0.035500000000000004], [0.00030000000000000003, 0.00030000000000000003, 0.0, 0.0, 0.0, 0.0, 0.0, 0.0027, 0.0027, 0.0058000000000000005, 0.0058000000000000005, 0.0004, 0.0004, 0.0002, 0.0002, 0.0024000000000000002, 0.0024000000000000002, 0.06380000000000001, 0.06380000000000001, 0.09340000000000001, 0.09340000000000001], [0.0002, 0.0002, 0.0037, 0.0002, 0.0002, 0.0, 0.0, 0.0, 0.0, 0.0, 0.0, 0.0, 0.0, 0.0, 0.0, 0.0, 0.0, 0.0, 0.0, 0.0, 0.0], [0.0001, 0.0001, 0.0018000000000000002, 0.0002, 0.0002, 0.0, 0.0, 0.0, 0.0, 0.0, 0.0, 0.0, 0.0, 0.0, 0.0, 0.0, 0.0, 0.0, 0.0, 0.0, 0.0], [0.0006000000000000001, 0.0006000000000000001, 0.004, 0.0, 0.0, 0.0, 0.0, 0.0, 0.0, 0.0, 0.0, 0.0, 0.0, 0.0, 0.0, 0.0, 0.0, 0.0, 0.0, 0.0, 0.0], [0.0, 0.0, 0.1052, 0.0019, 0.0019, 0.0, 0.0, 0.0, 0.0, 0.0, 0.0, 0.0, 0.0, 0.0, 0.0, 0.0, 0.0, 0.0, 0.0, 0.0, 0.0], [0.0001, 0.0001, 0.042100000000000005, 0.0005, 0.0005, 0.0, 0.0, 0.0, 0.0, 0.0, 0.0, 0.0, 0.0, 0.0, 0.0, 0.0, 0.0, 0.0, 0.0, 0.0, 0.0]]}}
bs_latimer_munro_efermi: 1.84273542