material_id: mp-1078409
band_gap: 1.827799999999999
efermi: 2.95182626
dos_magnetic_ordering: NM
dos_total_task_id: mp-1677659
dos_total_band_gap: 1.9709
dos_total_cbm: 4.8501
dos_total_vbm: 2.8792
dos_total_efermi: 2.86223142
bs_setyawan_curtarolo_task_id: mp-1602498
bs_setyawan_curtarolo_band_gap: 1.827799999999999
bs_setyawan_curtarolo_cbm: {'band_index': {'1': [36]}, 'kpoint_index': [15, 16, 65], 'kpoint': <pymatgen.electronic_structure.bandstructure.Kpoint object at 0x7fc699d63930>, 'energy': 4.6898, 'projections': {'1': [[0.0, 0.0, 0.0061, 0.23470000000000002, 0.0074, 0.0074, 0.0074, 0.0074, 0.0055000000000000005, 0.0055000000000000005], [0.0, 0.0, 0.0, 0.0, 0.0166, 0.0166, 0.0166, 0.0166, 0.028900000000000002, 0.028900000000000002], [0.0011, 0.0011, 0.0, 0.0, 0.0207, 0.0207, 0.0207, 0.0207, 0.0303, 0.0303], [0.0, 0.0, 0.0, 0.0, 0.0366, 0.0366, 0.0366, 0.0366, 0.0, 0.0], [0.0, 0.0, 0.0, 0.0, 0.0, 0.0, 0.0, 0.0, 0.0, 0.0], [0.0, 0.0, 0.015, 0.00030000000000000003, 0.0, 0.0, 0.0, 0.0, 0.0, 0.0], [0.0044, 0.0044, 0.034, 0.0001, 0.0, 0.0, 0.0, 0.0, 0.0, 0.0], [0.0, 0.0, 0.0, 0.0, 0.0, 0.0, 0.0, 0.0, 0.0, 0.0], [0.0, 0.0, 0.0689, 0.0, 0.0, 0.0, 0.0, 0.0, 0.0, 0.0], [0.0, 0.0, 0.0, 0.0, 0.0, 0.0, 0.0, 0.0, 0.0, 0.0], [0.0, 0.0, 0.0, 0.0, 0.0, 0.0, 0.0, 0.0, 0.0, 0.0], [0.0, 0.0, 0.0, 0.0, 0.0, 0.0, 0.0, 0.0, 0.0, 0.0], [0.0, 0.0, 0.0, 0.0, 0.0, 0.0, 0.0, 0.0, 0.0, 0.0], [0.0, 0.0, 0.0, 0.0, 0.0, 0.0, 0.0, 0.0, 0.0, 0.0], [0.0, 0.0, 0.0, 0.0, 0.0, 0.0, 0.0, 0.0, 0.0, 0.0], [0.0, 0.0, 0.0, 0.0, 0.0, 0.0, 0.0, 0.0, 0.0, 0.0]]}}
bs_setyawan_curtarolo_vbm: {'band_index': {'1': [35]}, 'kpoint_index': ['105'], 'kpoint': <pymatgen.electronic_structure.bandstructure.Kpoint object at 0x7fc5d4b59c50>, 'energy': 2.862, 'projections': {'1': [[0.0, 0.0, 0.0008, 0.0008, 0.0001, 0.0, 0.0001, 0.0, 0.0001, 0.0001], [0.001, 0.001, 0.0004, 0.0001, 0.09380000000000001, 0.0037, 0.09380000000000001, 0.0037, 0.0415, 0.0415], [0.0032, 0.0032, 0.002, 0.0001, 0.057800000000000004, 0.01, 0.057800000000000004, 0.01, 0.060200000000000004, 0.060200000000000004], [0.0007, 0.0007, 0.0017000000000000001, 0.0005, 0.0006000000000000001, 0.0095, 0.0006000000000000001, 0.0095, 0.069, 0.069], [0.0006000000000000001, 0.0006000000000000001, 0.0002, 0.0029000000000000002, 0.0, 0.0, 0.0, 0.0, 0.0, 0.0], [0.0027, 0.0027, 0.0007, 0.0012000000000000001, 0.0, 0.0, 0.0, 0.0, 0.0, 0.0], [0.0002, 0.0002, 0.00030000000000000003, 0.0, 0.0, 0.0, 0.0, 0.0, 0.0, 0.0], [0.0017000000000000001, 0.0017000000000000001, 0.0032, 0.002, 0.0, 0.0, 0.0, 0.0, 0.0, 0.0], [0.0004, 0.0004, 0.00030000000000000003, 0.0001, 0.0, 0.0, 0.0, 0.0, 0.0, 0.0], [0.0, 0.0, 0.0002, 0.0, 0.0, 0.0, 0.0, 0.0, 0.0, 0.0], [0.0, 0.0, 0.0004, 0.0, 0.0, 0.0, 0.0, 0.0, 0.0, 0.0], [0.0, 0.0, 0.0, 0.0, 0.0, 0.0, 0.0, 0.0, 0.0, 0.0], [0.0, 0.0, 0.0002, 0.0, 0.0, 0.0, 0.0, 0.0, 0.0, 0.0], [0.0, 0.0, 0.0004, 0.0, 0.0, 0.0, 0.0, 0.0, 0.0, 0.0], [0.0, 0.0, 0.0002, 0.0, 0.0, 0.0, 0.0, 0.0, 0.0, 0.0], [0.0, 0.0, 0.0001, 0.0, 0.0, 0.0, 0.0, 0.0, 0.0, 0.0]]}}
bs_setyawan_curtarolo_efermi: 2.95182626
bs_latimer_munro_task_id: mp-2608363
bs_latimer_munro_band_gap: 1.827799999999999
bs_latimer_munro_cbm: {'band_index': {'1': [36]}, 'kpoint_index': [150, 151, 157], 'kpoint': <pymatgen.electronic_structure.bandstructure.Kpoint object at 0x7fc5d4b59e80>, 'energy': 4.6898, 'projections': {'1': [[0.0, 0.0, 0.0061, 0.23470000000000002, 0.0074, 0.0074, 0.0074, 0.0074, 0.0055000000000000005, 0.0055000000000000005], [0.0, 0.0, 0.0, 0.0, 0.0166, 0.0166, 0.0166, 0.0166, 0.028900000000000002, 0.028900000000000002], [0.0011, 0.0011, 0.0, 0.0, 0.0207, 0.0207, 0.0207, 0.0207, 0.0303, 0.0303], [0.0, 0.0, 0.0, 0.0, 0.0366, 0.0366, 0.0366, 0.0366, 0.0, 0.0], [0.0, 0.0, 0.0, 0.0, 0.0, 0.0, 0.0, 0.0, 0.0, 0.0], [0.0, 0.0, 0.015, 0.00030000000000000003, 0.0, 0.0, 0.0, 0.0, 0.0, 0.0], [0.0044, 0.0044, 0.034, 0.0001, 0.0, 0.0, 0.0, 0.0, 0.0, 0.0], [0.0, 0.0, 0.0, 0.0, 0.0, 0.0, 0.0, 0.0, 0.0, 0.0], [0.0, 0.0, 0.0689, 0.0, 0.0, 0.0, 0.0, 0.0, 0.0, 0.0], [0.0, 0.0, 0.0, 0.0, 0.0, 0.0, 0.0, 0.0, 0.0, 0.0], [0.0, 0.0, 0.0, 0.0, 0.0, 0.0, 0.0, 0.0, 0.0, 0.0], [0.0, 0.0, 0.0, 0.0, 0.0, 0.0, 0.0, 0.0, 0.0, 0.0], [0.0, 0.0, 0.0, 0.0, 0.0, 0.0, 0.0, 0.0, 0.0, 0.0], [0.0, 0.0, 0.0, 0.0, 0.0, 0.0, 0.0, 0.0, 0.0, 0.0], [0.0, 0.0, 0.0, 0.0, 0.0, 0.0, 0.0, 0.0, 0.0, 0.0], [0.0, 0.0, 0.0, 0.0, 0.0, 0.0, 0.0, 0.0, 0.0, 0.0]]}}
bs_latimer_munro_vbm: {'band_index': {'1': [35]}, 'kpoint_index': ['174'], 'kpoint': <pymatgen.electronic_structure.bandstructure.Kpoint object at 0x7fc5d4b59d30>, 'energy': 2.862, 'projections': {'1': [[0.0, 0.0, 0.0008, 0.0008, 0.0001, 0.0, 0.0001, 0.0, 0.0001, 0.0001], [0.001, 0.001, 0.0004, 0.0001, 0.09380000000000001, 0.0037, 0.09380000000000001, 0.0037, 0.0415, 0.0415], [0.0032, 0.0032, 0.002, 0.0001, 0.057800000000000004, 0.01, 0.057800000000000004, 0.01, 0.060200000000000004, 0.060200000000000004], [0.0007, 0.0007, 0.0017000000000000001, 0.0005, 0.0006000000000000001, 0.0095, 0.0006000000000000001, 0.0095, 0.069, 0.069], [0.0006000000000000001, 0.0006000000000000001, 0.0002, 0.0029000000000000002, 0.0, 0.0, 0.0, 0.0, 0.0, 0.0], [0.0027, 0.0027, 0.0007, 0.0012000000000000001, 0.0, 0.0, 0.0, 0.0, 0.0, 0.0], [0.0002, 0.0002, 0.00030000000000000003, 0.0, 0.0, 0.0, 0.0, 0.0, 0.0, 0.0], [0.0017000000000000001, 0.0017000000000000001, 0.0032, 0.002, 0.0, 0.0, 0.0, 0.0, 0.0, 0.0], [0.0004, 0.0004, 0.00030000000000000003, 0.0001, 0.0, 0.0, 0.0, 0.0, 0.0, 0.0], [0.0, 0.0, 0.0002, 0.0, 0.0, 0.0, 0.0, 0.0, 0.0, 0.0], [0.0, 0.0, 0.0004, 0.0, 0.0, 0.0, 0.0, 0.0, 0.0, 0.0], [0.0, 0.0, 0.0, 0.0, 0.0, 0.0, 0.0, 0.0, 0.0, 0.0], [0.0, 0.0, 0.0002, 0.0, 0.0, 0.0, 0.0, 0.0, 0.0, 0.0], [0.0, 0.0, 0.0004, 0.0, 0.0, 0.0, 0.0, 0.0, 0.0, 0.0], [0.0, 0.0, 0.0002, 0.0, 0.0, 0.0, 0.0, 0.0, 0.0, 0.0], [0.0, 0.0, 0.0001, 0.0, 0.0, 0.0, 0.0, 0.0, 0.0, 0.0]]}}
bs_latimer_munro_efermi: 2.91584385