material_id: mp-1206067
band_gap: 3.468899999999999
efermi: 2.03936028
dos_magnetic_ordering: NM
dos_total_task_id: mp-1753547
dos_total_band_gap: 3.3731
dos_total_cbm: 5.2533
dos_total_vbm: 1.8802
dos_total_efermi: 1.88795445
bs_setyawan_curtarolo_task_id: mp-1620532
bs_setyawan_curtarolo_band_gap: 3.468899999999999
bs_setyawan_curtarolo_cbm: {'band_index': {'1': [30, 31]}, 'kpoint_index': [107], 'kpoint': <pymatgen.electronic_structure.bandstructure.Kpoint object at 0x7fc699d63930>, 'energy': 5.3636, 'projections': {'1': [[0.0044, 0.0034000000000000002, 0.0002, 0.0002, 0.0333, 0.025500000000000002, 0.0162, 0.012400000000000001], [0.0022, 0.0017000000000000001, 0.0006000000000000001, 0.0005, 0.0442, 0.0339, 0.0627, 0.048100000000000004], [0.0001, 0.0001, 0.0004, 0.00030000000000000003, 0.0488, 0.0374, 0.0528, 0.040400000000000005], [0.0, 0.0001, 0.0001, 0.0002, 0.0039000000000000003, 0.005200000000000001, 0.002, 0.0026000000000000003], [0.0089, 0.011600000000000001, 0.0, 0.0, 0.0, 0.0, 0.0, 0.0], [0.0082, 0.0063, 0.0, 0.0, 0.0, 0.0, 0.0, 0.0], [0.0381, 0.0292, 0.0, 0.0, 0.0, 0.0, 0.0, 0.0], [0.0046, 0.0061, 0.0, 0.0, 0.0, 0.0, 0.0, 0.0], [0.048100000000000004, 0.0368, 0.0, 0.0, 0.0, 0.0, 0.0, 0.0]]}}
bs_setyawan_curtarolo_vbm: {'band_index': {'1': [29]}, 'kpoint_index': ['120'], 'kpoint': <pymatgen.electronic_structure.bandstructure.Kpoint object at 0x7fc5d4b5a3c0>, 'energy': 1.8947, 'projections': {'1': [[0.0012000000000000001, 0.0012000000000000001, 0.0001, 0.0001, 0.0004, 0.0004, 0.0, 0.0], [0.0009000000000000001, 0.0009000000000000001, 0.0058000000000000005, 0.0058000000000000005, 0.0709, 0.0709, 0.046700000000000005, 0.046700000000000005], [0.0001, 0.0001, 0.0021000000000000003, 0.0021000000000000003, 0.057600000000000005, 0.057600000000000005, 0.0461, 0.0461], [0.0, 0.0, 0.0008, 0.0008, 0.0954, 0.0954, 0.0528, 0.0528], [0.0, 0.0, 0.0, 0.0, 0.0, 0.0, 0.0, 0.0], [0.0013000000000000002, 0.0013000000000000002, 0.0, 0.0, 0.0, 0.0, 0.0, 0.0], [0.00030000000000000003, 0.00030000000000000003, 0.0, 0.0, 0.0, 0.0, 0.0, 0.0], [0.001, 0.001, 0.0, 0.0, 0.0, 0.0, 0.0, 0.0], [0.0005, 0.0005, 0.0, 0.0, 0.0, 0.0, 0.0, 0.0]]}}
bs_setyawan_curtarolo_efermi: 2.03936028
bs_latimer_munro_task_id: mp-2303423
bs_latimer_munro_band_gap: 3.368699999999999
bs_latimer_munro_cbm: {'band_index': {'1': [30]}, 'kpoint_index': ['203'], 'kpoint': <pymatgen.electronic_structure.bandstructure.Kpoint object at 0x7fc5d4b5a200>, 'energy': 5.2634, 'projections': {'1': [[0.003, 0.003, 0.00030000000000000003, 0.00030000000000000003, 0.0316, 0.0316, 0.0148, 0.0148], [0.0012000000000000001, 0.0012000000000000001, 0.0, 0.0, 0.048, 0.048, 0.0424, 0.0424], [0.0001, 0.0001, 0.0026000000000000003, 0.0026000000000000003, 0.0325, 0.0325, 0.0456, 0.0456], [0.0001, 0.0001, 0.0002, 0.0002, 0.0005, 0.0005, 0.0001, 0.0001], [0.014400000000000001, 0.014400000000000001, 0.0, 0.0, 0.0, 0.0, 0.0, 0.0], [0.0048000000000000004, 0.0048000000000000004, 0.0, 0.0, 0.0, 0.0, 0.0, 0.0], [0.040600000000000004, 0.040600000000000004, 0.0, 0.0, 0.0, 0.0, 0.0, 0.0], [0.008, 0.008, 0.0, 0.0, 0.0, 0.0, 0.0, 0.0], [0.0466, 0.0466, 0.0, 0.0, 0.0, 0.0, 0.0, 0.0]]}}
bs_latimer_munro_vbm: {'band_index': {'1': [29]}, 'kpoint_index': ['88'], 'kpoint': <pymatgen.electronic_structure.bandstructure.Kpoint object at 0x7fc5d4b5a190>, 'energy': 1.8947, 'projections': {'1': [[0.0012000000000000001, 0.0012000000000000001, 0.0001, 0.0001, 0.0004, 0.0004, 0.0, 0.0], [0.0009000000000000001, 0.0009000000000000001, 0.0058000000000000005, 0.0058000000000000005, 0.0709, 0.0709, 0.046700000000000005, 0.046700000000000005], [0.0001, 0.0001, 0.0021000000000000003, 0.0021000000000000003, 0.057600000000000005, 0.057600000000000005, 0.0461, 0.0461], [0.0, 0.0, 0.0008, 0.0008, 0.0954, 0.0954, 0.0528, 0.0528], [0.0, 0.0, 0.0, 0.0, 0.0, 0.0, 0.0, 0.0], [0.0013000000000000002, 0.0013000000000000002, 0.0, 0.0, 0.0, 0.0, 0.0, 0.0], [0.00030000000000000003, 0.00030000000000000003, 0.0, 0.0, 0.0, 0.0, 0.0, 0.0], [0.001, 0.001, 0.0, 0.0, 0.0, 0.0, 0.0, 0.0], [0.0005, 0.0005, 0.0, 0.0, 0.0, 0.0, 0.0, 0.0]]}}
bs_latimer_munro_efermi: 2.02811993