material_id: mp-14339
band_gap: 0.764
efermi: 1.8284183
dos_magnetic_ordering: NM
dos_total_task_id: mp-1673631
dos_total_band_gap: 0.9006999999999991
dos_total_cbm: 2.6706000000000003
dos_total_vbm: 1.7699
dos_total_efermi: 1.77555408
bs_setyawan_curtarolo_task_id: mp-1606323
bs_setyawan_curtarolo_band_gap: 0.764
bs_setyawan_curtarolo_cbm: {'band_index': {'1': [72]}, 'kpoint_index': ['9'], 'kpoint': <pymatgen.electronic_structure.bandstructure.Kpoint object at 0x7fc699d63930>, 'energy': 2.4632, 'projections': {'1': [[0.0019, 0.0019, 0.0019, 0.0019, 0.0001, 0.0001, 0.0001, 0.0, 0.0, 0.0001, 0.0048000000000000004, 0.0048000000000000004, 0.0048000000000000004, 0.0048000000000000004, 0.0048000000000000004, 0.0048000000000000004, 0.0048000000000000004, 0.0048000000000000004], [0.0004, 0.0004, 0.0004, 0.0004, 0.0, 0.0, 0.0, 0.0, 0.0, 0.0, 0.0292, 0.0292, 0.0292, 0.0292, 0.0292, 0.0292, 0.0292, 0.0292], [0.0005, 0.0005, 0.0005, 0.0005, 0.0005, 0.0005, 0.0005, 0.0, 0.0, 0.0005, 0.0021000000000000003, 0.0021000000000000003, 0.0021000000000000003, 0.0021000000000000003, 0.0021000000000000003, 0.0021000000000000003, 0.0021000000000000003, 0.0021000000000000003], [0.0, 0.0, 0.0, 0.0, 0.0, 0.0, 0.0, 0.0, 0.0, 0.0, 0.0004, 0.0004, 0.0004, 0.0004, 0.0004, 0.0004, 0.0004, 0.0004], [0.0, 0.0, 0.0, 0.0, 0.0, 0.0, 0.0, 0.0006000000000000001, 0.0006000000000000001, 0.0, 0.0, 0.0, 0.0, 0.0, 0.0, 0.0, 0.0, 0.0], [0.0001, 0.0001, 0.0001, 0.0001, 0.00030000000000000003, 0.00030000000000000003, 0.00030000000000000003, 0.1193, 0.1193, 0.00030000000000000003, 0.0009000000000000001, 0.0009000000000000001, 0.0009000000000000001, 0.0009000000000000001, 0.0009000000000000001, 0.0009000000000000001, 0.0009000000000000001, 0.0009000000000000001], [0.0, 0.0, 0.0, 0.0, 0.0, 0.0, 0.0, 0.0, 0.0, 0.0, 0.0, 0.0, 0.0, 0.0, 0.0, 0.0, 0.0, 0.0], [0.0, 0.0, 0.0, 0.0, 0.019100000000000002, 0.019100000000000002, 0.019100000000000002, 0.0, 0.0, 0.019100000000000002, 0.0, 0.0, 0.0, 0.0, 0.0, 0.0, 0.0, 0.0], [0.0001, 0.0001, 0.0001, 0.0001, 0.0, 0.0, 0.0, 0.0, 0.0, 0.0, 0.0002, 0.0002, 0.0002, 0.0002, 0.0002, 0.0002, 0.0002, 0.0002]]}}
bs_setyawan_curtarolo_vbm: {'band_index': {'1': [71]}, 'kpoint_index': [52, 53, 84], 'kpoint': <pymatgen.electronic_structure.bandstructure.Kpoint object at 0x7fc5d4b59d30>, 'energy': 1.6992, 'projections': {'1': [[0.0, 0.0, 0.0, 0.0, 0.0, 0.0, 0.0, 0.0, 0.0, 0.0, 0.0, 0.0, 0.0, 0.0, 0.0, 0.0, 0.0, 0.0], [0.0, 0.0, 0.0, 0.0, 0.0013000000000000002, 0.0013000000000000002, 0.0013000000000000002, 0.0035, 0.0035, 0.0013000000000000002, 0.028800000000000003, 0.028800000000000003, 0.028900000000000002, 0.028900000000000002, 0.028800000000000003, 0.028900000000000002, 0.028900000000000002, 0.028800000000000003], [0.0, 0.0, 0.0, 0.0, 0.0, 0.0, 0.0, 0.0, 0.0, 0.0, 0.0, 0.0, 0.0, 0.0, 0.0, 0.0, 0.0, 0.0], [0.0, 0.0, 0.0, 0.0, 0.003, 0.003, 0.003, 0.0, 0.0, 0.003, 0.0322, 0.0322, 0.0322, 0.0322, 0.0322, 0.0322, 0.0322, 0.0322], [0.0, 0.0, 0.0, 0.0, 0.0068000000000000005, 0.0068000000000000005, 0.0068000000000000005, 0.035500000000000004, 0.035500000000000004, 0.0068000000000000005, 0.0, 0.0, 0.0, 0.0, 0.0, 0.0, 0.0, 0.0], [0.0, 0.0, 0.0, 0.0, 0.0, 0.0, 0.0, 0.0, 0.0, 0.0, 0.0, 0.0, 0.0, 0.0, 0.0, 0.0, 0.0, 0.0], [0.0, 0.0, 0.0, 0.0, 0.0, 0.0, 0.0, 0.0, 0.0, 0.0, 0.0, 0.0, 0.0, 0.0, 0.0, 0.0, 0.0, 0.0], [0.0, 0.0, 0.0, 0.0, 0.0006000000000000001, 0.0006000000000000001, 0.0006000000000000001, 0.0006000000000000001, 0.0006000000000000001, 0.0006000000000000001, 0.0, 0.0, 0.0, 0.0, 0.0, 0.0, 0.0, 0.0], [0.0, 0.0, 0.0, 0.0, 0.023700000000000002, 0.023700000000000002, 0.023700000000000002, 0.0, 0.0, 0.023700000000000002, 0.0, 0.0, 0.0, 0.0, 0.0, 0.0, 0.0, 0.0]]}}
bs_setyawan_curtarolo_efermi: 1.8284183
bs_hinuma_task_id: mp-2169474
bs_hinuma_band_gap: 0.764
bs_hinuma_cbm: {'band_index': {'1': [72]}, 'kpoint_index': ['9'], 'kpoint': <pymatgen.electronic_structure.bandstructure.Kpoint object at 0x7fc5d4b59e80>, 'energy': 2.4632, 'projections': {'1': [[0.0019, 0.0019, 0.0019, 0.0019, 0.0001, 0.0001, 0.0001, 0.0, 0.0, 0.0001, 0.0048000000000000004, 0.0048000000000000004, 0.0048000000000000004, 0.0048000000000000004, 0.0048000000000000004, 0.0048000000000000004, 0.0048000000000000004, 0.0048000000000000004], [0.0004, 0.0004, 0.0004, 0.0004, 0.0, 0.0, 0.0, 0.0, 0.0, 0.0, 0.0292, 0.0292, 0.0292, 0.0292, 0.0292, 0.0292, 0.0292, 0.0292], [0.0005, 0.0005, 0.0005, 0.0005, 0.0005, 0.0005, 0.0005, 0.0, 0.0, 0.0005, 0.0021000000000000003, 0.0021000000000000003, 0.0021000000000000003, 0.0021000000000000003, 0.0021000000000000003, 0.0021000000000000003, 0.0021000000000000003, 0.0021000000000000003], [0.0, 0.0, 0.0, 0.0, 0.0, 0.0, 0.0, 0.0, 0.0, 0.0, 0.0004, 0.0004, 0.0004, 0.0004, 0.0004, 0.0004, 0.0004, 0.0004], [0.0, 0.0, 0.0, 0.0, 0.0, 0.0, 0.0, 0.0006000000000000001, 0.0006000000000000001, 0.0, 0.0, 0.0, 0.0, 0.0, 0.0, 0.0, 0.0, 0.0], [0.0001, 0.0001, 0.0001, 0.0001, 0.00030000000000000003, 0.00030000000000000003, 0.00030000000000000003, 0.1193, 0.1193, 0.00030000000000000003, 0.0009000000000000001, 0.0009000000000000001, 0.0009000000000000001, 0.0009000000000000001, 0.0009000000000000001, 0.0009000000000000001, 0.0009000000000000001, 0.0009000000000000001], [0.0, 0.0, 0.0, 0.0, 0.0, 0.0, 0.0, 0.0, 0.0, 0.0, 0.0, 0.0, 0.0, 0.0, 0.0, 0.0, 0.0, 0.0], [0.0, 0.0, 0.0, 0.0, 0.019100000000000002, 0.019100000000000002, 0.019100000000000002, 0.0, 0.0, 0.019100000000000002, 0.0, 0.0, 0.0, 0.0, 0.0, 0.0, 0.0, 0.0], [0.0001, 0.0001, 0.0001, 0.0001, 0.0, 0.0, 0.0, 0.0, 0.0, 0.0, 0.0002, 0.0002, 0.0002, 0.0002, 0.0002, 0.0002, 0.0002, 0.0002]]}}
bs_hinuma_vbm: {'band_index': {'1': [71]}, 'kpoint_index': [52], 'kpoint': <pymatgen.electronic_structure.bandstructure.Kpoint object at 0x7fc5d4b5a350>, 'energy': 1.6992, 'projections': {'1': [[0.0, 0.0, 0.0, 0.0, 0.0, 0.0, 0.0, 0.0, 0.0, 0.0, 0.0, 0.0, 0.0, 0.0, 0.0, 0.0, 0.0, 0.0], [0.0, 0.0, 0.0, 0.0, 0.0013000000000000002, 0.0013000000000000002, 0.0013000000000000002, 0.0035, 0.0035, 0.0013000000000000002, 0.028800000000000003, 0.028800000000000003, 0.028900000000000002, 0.028900000000000002, 0.028800000000000003, 0.028900000000000002, 0.028900000000000002, 0.028800000000000003], [0.0, 0.0, 0.0, 0.0, 0.0, 0.0, 0.0, 0.0, 0.0, 0.0, 0.0, 0.0, 0.0, 0.0, 0.0, 0.0, 0.0, 0.0], [0.0, 0.0, 0.0, 0.0, 0.003, 0.003, 0.003, 0.0, 0.0, 0.003, 0.0322, 0.0322, 0.0322, 0.0322, 0.0322, 0.0322, 0.0322, 0.0322], [0.0, 0.0, 0.0, 0.0, 0.0068000000000000005, 0.0068000000000000005, 0.0068000000000000005, 0.035500000000000004, 0.035500000000000004, 0.0068000000000000005, 0.0, 0.0, 0.0, 0.0, 0.0, 0.0, 0.0, 0.0], [0.0, 0.0, 0.0, 0.0, 0.0, 0.0, 0.0, 0.0, 0.0, 0.0, 0.0, 0.0, 0.0, 0.0, 0.0, 0.0, 0.0, 0.0], [0.0, 0.0, 0.0, 0.0, 0.0, 0.0, 0.0, 0.0, 0.0, 0.0, 0.0, 0.0, 0.0, 0.0, 0.0, 0.0, 0.0, 0.0], [0.0, 0.0, 0.0, 0.0, 0.0006000000000000001, 0.0006000000000000001, 0.0006000000000000001, 0.0006000000000000001, 0.0006000000000000001, 0.0006000000000000001, 0.0, 0.0, 0.0, 0.0, 0.0, 0.0, 0.0, 0.0], [0.0, 0.0, 0.0, 0.0, 0.023700000000000002, 0.023700000000000002, 0.023700000000000002, 0.0, 0.0, 0.023700000000000002, 0.0, 0.0, 0.0, 0.0, 0.0, 0.0, 0.0, 0.0]]}}
bs_hinuma_efermi: 1.83647055
bs_latimer_munro_task_id: mp-2430726
bs_latimer_munro_band_gap: 0.6986000000000001
bs_latimer_munro_cbm: {'band_index': {'1': [72]}, 'kpoint_index': ['41'], 'kpoint': <pymatgen.electronic_structure.bandstructure.Kpoint object at 0x7fc5d4b5a190>, 'energy': 2.398, 'projections': {'1': [[0.0014, 0.0019, 0.0014, 0.0019, 0.0001, 0.0001, 0.0001, 0.0, 0.0, 0.0001, 0.0058000000000000005, 0.0058000000000000005, 0.0045000000000000005, 0.0045000000000000005, 0.0058000000000000005, 0.0045000000000000005, 0.0045000000000000005, 0.0058000000000000005], [0.0004, 0.0006000000000000001, 0.0004, 0.0006000000000000001, 0.0, 0.0, 0.0, 0.0, 0.0, 0.0, 0.0149, 0.0149, 0.0105, 0.0105, 0.0149, 0.0105, 0.0105, 0.0149], [0.0005, 0.0007, 0.0005, 0.0007, 0.00030000000000000003, 0.0, 0.00030000000000000003, 0.0, 0.0, 0.0, 0.0051, 0.0051, 0.0046, 0.0046, 0.0051, 0.0046, 0.0046, 0.0051], [0.0001, 0.00030000000000000003, 0.0001, 0.00030000000000000003, 0.0, 0.0, 0.0, 0.0, 0.0, 0.0, 0.0109, 0.0109, 0.0094, 0.0094, 0.0109, 0.0094, 0.0094, 0.0109], [0.0001, 0.0002, 0.0001, 0.0002, 0.0, 0.0, 0.0, 0.0001, 0.0001, 0.0, 0.0001, 0.0001, 0.0001, 0.0001, 0.0001, 0.0001, 0.0001, 0.0001], [0.0, 0.00030000000000000003, 0.0, 0.00030000000000000003, 0.0152, 0.020300000000000002, 0.0152, 0.07350000000000001, 0.07350000000000001, 0.020300000000000002, 0.0007, 0.0007, 0.0007, 0.0007, 0.0007, 0.0007, 0.0007, 0.0007], [0.0, 0.0, 0.0, 0.0, 0.0, 0.0, 0.0, 0.0001, 0.0001, 0.0, 0.0, 0.0, 0.0, 0.0, 0.0, 0.0, 0.0, 0.0], [0.0, 0.0001, 0.0, 0.0001, 0.0031000000000000003, 0.058100000000000006, 0.0031000000000000003, 0.0, 0.0, 0.058100000000000006, 0.0004, 0.0004, 0.0004, 0.0004, 0.0004, 0.0004, 0.0004, 0.0004], [0.0, 0.0001, 0.0, 0.0001, 0.0, 0.0002, 0.0, 0.0, 0.0, 0.0002, 0.0001, 0.0001, 0.0002, 0.0002, 0.0001, 0.0002, 0.0002, 0.0001]]}}
bs_latimer_munro_vbm: {'band_index': {'1': [71]}, 'kpoint_index': ['52'], 'kpoint': <pymatgen.electronic_structure.bandstructure.Kpoint object at 0x7fc5d4b5a430>, 'energy': 1.6994, 'projections': {'1': [[0.0, 0.0, 0.0, 0.0, 0.0, 0.0, 0.0, 0.0, 0.0, 0.0, 0.0, 0.0, 0.0, 0.0, 0.0, 0.0, 0.0, 0.0], [0.0, 0.0, 0.0, 0.0, 0.0012000000000000001, 0.0012000000000000001, 0.0012000000000000001, 0.0035, 0.0035, 0.0012000000000000001, 0.0287, 0.029500000000000002, 0.0287, 0.029500000000000002, 0.0287, 0.029500000000000002, 0.0287, 0.029500000000000002], [0.0, 0.0, 0.0, 0.0, 0.0, 0.0, 0.0, 0.0, 0.0, 0.0, 0.0, 0.0, 0.0, 0.0, 0.0, 0.0, 0.0, 0.0], [0.0, 0.0, 0.0, 0.0, 0.003, 0.003, 0.003, 0.0, 0.0, 0.003, 0.0322, 0.0317, 0.0323, 0.0317, 0.0322, 0.0317, 0.0323, 0.0317], [0.0, 0.0, 0.0, 0.0, 0.0068000000000000005, 0.0068000000000000005, 0.0068000000000000005, 0.0347, 0.0347, 0.0068000000000000005, 0.0, 0.0, 0.0, 0.0, 0.0, 0.0, 0.0, 0.0], [0.0, 0.0, 0.0, 0.0, 0.0, 0.0, 0.0, 0.0, 0.0, 0.0, 0.0, 0.0, 0.0, 0.0, 0.0, 0.0, 0.0, 0.0], [0.0, 0.0, 0.0, 0.0, 0.0, 0.0, 0.0, 0.0, 0.0, 0.0, 0.0, 0.0, 0.0, 0.0, 0.0, 0.0, 0.0, 0.0], [0.0, 0.0, 0.0, 0.0, 0.0006000000000000001, 0.0006000000000000001, 0.0006000000000000001, 0.0006000000000000001, 0.0006000000000000001, 0.0006000000000000001, 0.0, 0.0, 0.0, 0.0, 0.0, 0.0, 0.0, 0.0], [0.0, 0.0, 0.0, 0.0, 0.024, 0.024, 0.024, 0.0, 0.0, 0.024, 0.0, 0.0, 0.0, 0.0, 0.0, 0.0, 0.0, 0.0]]}}
bs_latimer_munro_efermi: 1.82608303