material_id: mp-1221677
band_gap: 1.5529000000000002
efermi: 1.36154969
dos_magnetic_ordering: FM
dos_total_task_id: mp-1750914
dos_total_band_gap: 2.423
dos_total_cbm: 3.7056
dos_total_vbm: 1.2826
dos_total_efermi: 1.28715132
bs_setyawan_curtarolo_task_id: mp-1620813
bs_setyawan_curtarolo_band_gap: 1.5529000000000002
bs_setyawan_curtarolo_cbm: {'band_index': {'-1': [19], '1': []}, 'kpoint_index': [0, 107, 108, 140], 'kpoint': <pymatgen.electronic_structure.bandstructure.Kpoint object at 0x7fc699d63930>, 'energy': 2.824, 'projections': {'-1': [[0.005, 0.0, 0.0, 0.00030000000000000003, 0.0002, 0.00030000000000000003, 0.0002, 0.0, 0.0, 0.0005, 0.0008], [0.0, 0.0, 0.0, 0.0, 0.0, 0.0, 0.0, 0.0002, 0.0002, 0.0, 0.0], [0.0, 0.0001, 0.0001, 0.0001, 0.0001, 0.0001, 0.0001, 0.0002, 0.0002, 0.0, 0.0], [0.0, 0.0, 0.0, 0.0, 0.0, 0.0, 0.0, 0.0001, 0.0001, 0.0049, 0.0067], [0.0, 0.0, 0.0, 0.0, 0.0, 0.0, 0.0, 0.0, 0.0, 0.0, 0.0], [0.0012000000000000001, 0.0, 0.0, 0.0, 0.0, 0.0, 0.0, 0.0, 0.0, 0.0, 0.0], [0.41500000000000004, 0.0, 0.0, 0.0, 0.0, 0.0, 0.0, 0.0, 0.0, 0.0, 0.0], [0.0, 0.0, 0.0, 0.0, 0.0, 0.0, 0.0, 0.0, 0.0, 0.0, 0.0], [0.3327, 0.0, 0.0, 0.0, 0.0, 0.0, 0.0, 0.0, 0.0, 0.0, 0.0]]}}
bs_setyawan_curtarolo_vbm: {'band_index': {'1': [23], '-1': []}, 'kpoint_index': [35, 36], 'kpoint': <pymatgen.electronic_structure.bandstructure.Kpoint object at 0x7fc5d4b59c50>, 'energy': 1.2711000000000001, 'projections': {'1': [[0.0092, 0.0007, 0.0007, 0.0012000000000000001, 0.0008, 0.0012000000000000001, 0.0008, 0.0074, 0.0074, 0.0, 0.0], [0.0, 0.0008, 0.0008, 0.0007, 0.0006000000000000001, 0.0007, 0.0006000000000000001, 0.0646, 0.0646, 0.0, 0.0], [0.0, 0.0001, 0.0001, 0.0005, 0.0, 0.0005, 0.0, 0.0008, 0.0008, 0.0736, 0.07250000000000001], [0.0, 0.0002, 0.0002, 0.0, 0.0006000000000000001, 0.0, 0.0006000000000000001, 0.0002, 0.0002, 0.0, 0.0], [0.0, 0.0, 0.0, 0.0, 0.0, 0.0, 0.0, 0.0, 0.0, 0.0, 0.0], [0.0031000000000000003, 0.0, 0.0, 0.0, 0.0, 0.0, 0.0, 0.0, 0.0, 0.0, 0.0], [0.0765, 0.0, 0.0, 0.0, 0.0, 0.0, 0.0, 0.0, 0.0, 0.0, 0.0], [0.0, 0.0, 0.0, 0.0, 0.0, 0.0, 0.0, 0.0, 0.0, 0.0, 0.0], [0.4867, 0.0, 0.0, 0.0, 0.0, 0.0, 0.0, 0.0, 0.0, 0.0, 0.0]]}}
bs_setyawan_curtarolo_efermi: 1.36154969
bs_latimer_munro_task_id: mp-2306770
bs_latimer_munro_band_gap: 1.5529000000000002
bs_latimer_munro_cbm: {'band_index': {'-1': [19], '1': []}, 'kpoint_index': [73, 74, 97, 120, 144, 216, 217, 268, 269, 320, 341], 'kpoint': <pymatgen.electronic_structure.bandstructure.Kpoint object at 0x7fc5d4b59e80>, 'energy': 2.824, 'projections': {'-1': [[0.005, 0.0, 0.0, 0.00030000000000000003, 0.0002, 0.00030000000000000003, 0.0002, 0.0, 0.0, 0.0005, 0.0008], [0.0, 0.0, 0.0, 0.0, 0.0, 0.0, 0.0, 0.0002, 0.0002, 0.0, 0.0], [0.0, 0.0001, 0.0001, 0.0001, 0.0001, 0.0001, 0.0001, 0.0002, 0.0002, 0.0, 0.0], [0.0, 0.0, 0.0, 0.0, 0.0, 0.0, 0.0, 0.0001, 0.0001, 0.0049, 0.0067], [0.0, 0.0, 0.0, 0.0, 0.0, 0.0, 0.0, 0.0, 0.0, 0.0, 0.0], [0.0012000000000000001, 0.0, 0.0, 0.0, 0.0, 0.0, 0.0, 0.0, 0.0, 0.0, 0.0], [0.4151, 0.0, 0.0, 0.0, 0.0, 0.0, 0.0, 0.0, 0.0, 0.0, 0.0], [0.0, 0.0, 0.0, 0.0, 0.0, 0.0, 0.0, 0.0, 0.0, 0.0, 0.0], [0.3326, 0.0, 0.0, 0.0, 0.0, 0.0, 0.0, 0.0, 0.0, 0.0, 0.0]]}}
bs_latimer_munro_vbm: {'band_index': {'1': [23], '-1': []}, 'kpoint_index': [242, 243, 245], 'kpoint': <pymatgen.electronic_structure.bandstructure.Kpoint object at 0x7fc5d4b59be0>, 'energy': 1.2711000000000001, 'projections': {'1': [[0.0092, 0.0007, 0.0007, 0.0012000000000000001, 0.0008, 0.0012000000000000001, 0.0008, 0.0074, 0.0074, 0.0, 0.0], [0.0, 0.0008, 0.0008, 0.0007, 0.0006000000000000001, 0.0007, 0.0006000000000000001, 0.0646, 0.0646, 0.0, 0.0], [0.0, 0.0001, 0.0001, 0.0005, 0.0, 0.0005, 0.0, 0.0008, 0.0008, 0.0736, 0.07250000000000001], [0.0, 0.0002, 0.0002, 0.0, 0.0006000000000000001, 0.0, 0.0006000000000000001, 0.0002, 0.0002, 0.0, 0.0], [0.0, 0.0, 0.0, 0.0, 0.0, 0.0, 0.0, 0.0, 0.0, 0.0, 0.0], [0.0031000000000000003, 0.0, 0.0, 0.0, 0.0, 0.0, 0.0, 0.0, 0.0, 0.0, 0.0], [0.0765, 0.0, 0.0, 0.0, 0.0, 0.0, 0.0, 0.0, 0.0, 0.0, 0.0], [0.0, 0.0, 0.0, 0.0, 0.0, 0.0, 0.0, 0.0, 0.0, 0.0, 0.0], [0.4867, 0.0, 0.0, 0.0, 0.0, 0.0, 0.0, 0.0, 0.0, 0.0, 0.0]]}}
bs_latimer_munro_efermi: 1.38712031