material_id: mp-1104061
band_gap: 2.301199999999999
efermi: -1.03810409
dos_magnetic_ordering: NM
dos_total_task_id: mp-1696638
dos_total_band_gap: 2.301199999999999
dos_total_cbm: 1.2763
dos_total_vbm: -1.0249
dos_total_efermi: -1.03810409
bs_setyawan_curtarolo_task_id: mp-1599401
bs_setyawan_curtarolo_band_gap: 2.5557
bs_setyawan_curtarolo_cbm: {'band_index': {'1': [30]}, 'kpoint_index': [12, 13, 44, 45, 79, 80, 107], 'kpoint': <pymatgen.electronic_structure.bandstructure.Kpoint object at 0x7fc699d63930>, 'energy': 1.2555, 'projections': {'1': [[0.0008, 0.0008, 0.001, 0.001, 0.0006000000000000001, 0.0006000000000000001, 0.001, 0.0204, 0.0204, 0.0263, 0.0263, 0.0032, 0.0032, 0.0043, 0.0043], [0.0007, 0.0007, 0.001, 0.001, 0.00030000000000000003, 0.00030000000000000003, 0.0, 0.006, 0.006, 0.0246, 0.0246, 0.0005, 0.0005, 0.0055000000000000005, 0.0055000000000000005], [0.0006000000000000001, 0.0006000000000000001, 0.0006000000000000001, 0.0006000000000000001, 0.0018000000000000002, 0.0018000000000000002, 0.0, 0.0216, 0.0216, 0.0172, 0.0172, 0.008700000000000001, 0.008700000000000001, 0.0041, 0.0041], [0.0, 0.0, 0.0002, 0.0002, 0.0, 0.0, 0.0, 0.007, 0.007, 0.0001, 0.0001, 0.0041, 0.0041, 0.001, 0.001], [0.0, 0.0, 0.0, 0.0, 0.0, 0.0, 0.019700000000000002, 0.0, 0.0, 0.0, 0.0, 0.0, 0.0, 0.0, 0.0], [0.0, 0.0, 0.0, 0.0, 0.0, 0.0, 0.2717, 0.0, 0.0, 0.0, 0.0, 0.0, 0.0, 0.0, 0.0], [0.0, 0.0, 0.0, 0.0, 0.0, 0.0, 0.0129, 0.0, 0.0, 0.0, 0.0, 0.0, 0.0, 0.0, 0.0], [0.0, 0.0, 0.0, 0.0, 0.0, 0.0, 0.0872, 0.0, 0.0, 0.0, 0.0, 0.0, 0.0, 0.0, 0.0], [0.0, 0.0, 0.0, 0.0, 0.0, 0.0, 0.0478, 0.0, 0.0, 0.0, 0.0, 0.0, 0.0, 0.0, 0.0]]}}
bs_setyawan_curtarolo_vbm: {'band_index': {'1': [29]}, 'kpoint_index': [59], 'kpoint': <pymatgen.electronic_structure.bandstructure.Kpoint object at 0x7fc5d4b5a430>, 'energy': -1.3002, 'projections': {'1': [[0.0, 0.0, 0.0004, 0.0004, 0.0004, 0.0004, 0.0, 0.0151, 0.0151, 0.0, 0.0, 0.0011, 0.0011, 0.0008, 0.0008], [0.0, 0.0, 0.0001, 0.0001, 0.0001, 0.0001, 0.0054, 0.015700000000000002, 0.015700000000000002, 0.0022, 0.0022, 0.061200000000000004, 0.061200000000000004, 0.0325, 0.0325], [0.0, 0.0, 0.0, 0.0, 0.0008, 0.0008, 0.009300000000000001, 0.0229, 0.0229, 0.0045000000000000005, 0.0045000000000000005, 0.0482, 0.0482, 0.037, 0.037], [0.0, 0.0, 0.0004, 0.0004, 0.0, 0.0, 0.011600000000000001, 0.024800000000000003, 0.024800000000000003, 0.0012000000000000001, 0.0012000000000000001, 0.0529, 0.0529, 0.0374, 0.0374], [0.0, 0.0, 0.0, 0.0, 0.0, 0.0, 0.0, 0.0, 0.0, 0.0, 0.0, 0.0, 0.0, 0.0, 0.0], [0.0, 0.0, 0.0, 0.0, 0.0, 0.0, 0.0, 0.0, 0.0, 0.0, 0.0, 0.0, 0.0, 0.0, 0.0], [0.0, 0.0, 0.0, 0.0, 0.0, 0.0, 0.0, 0.0, 0.0, 0.0, 0.0, 0.0, 0.0, 0.0, 0.0], [0.0, 0.0, 0.0, 0.0, 0.0, 0.0, 0.0, 0.0, 0.0, 0.0, 0.0, 0.0, 0.0, 0.0, 0.0], [0.0, 0.0, 0.0, 0.0, 0.0, 0.0, 0.0, 0.0, 0.0, 0.0, 0.0, 0.0, 0.0, 0.0, 0.0]]}}
bs_setyawan_curtarolo_efermi: -1.2469374
bs_hinuma_task_id: mp-2178421
bs_hinuma_band_gap: 2.5557
bs_hinuma_cbm: {'band_index': {'1': [30]}, 'kpoint_index': [0, 27, 28, 59, 60, 90, 91], 'kpoint': <pymatgen.electronic_structure.bandstructure.Kpoint object at 0x7fc5d4b5a3c0>, 'energy': 1.2555, 'projections': {'1': [[0.0008, 0.0008, 0.001, 0.001, 0.0006000000000000001, 0.0006000000000000001, 0.001, 0.0204, 0.0204, 0.0263, 0.0263, 0.0032, 0.0032, 0.0043, 0.0043], [0.0007, 0.0007, 0.001, 0.001, 0.00030000000000000003, 0.00030000000000000003, 0.0, 0.006, 0.006, 0.0246, 0.0246, 0.0005, 0.0005, 0.0055000000000000005, 0.0055000000000000005], [0.0006000000000000001, 0.0006000000000000001, 0.0006000000000000001, 0.0006000000000000001, 0.0018000000000000002, 0.0018000000000000002, 0.0, 0.0216, 0.0216, 0.0172, 0.0172, 0.008700000000000001, 0.008700000000000001, 0.0041, 0.0041], [0.0, 0.0, 0.0002, 0.0002, 0.0, 0.0, 0.0, 0.007, 0.007, 0.0001, 0.0001, 0.0041, 0.0041, 0.001, 0.001], [0.0, 0.0, 0.0, 0.0, 0.0, 0.0, 0.019700000000000002, 0.0, 0.0, 0.0, 0.0, 0.0, 0.0, 0.0, 0.0], [0.0, 0.0, 0.0, 0.0, 0.0, 0.0, 0.2717, 0.0, 0.0, 0.0, 0.0, 0.0, 0.0, 0.0, 0.0], [0.0, 0.0, 0.0, 0.0, 0.0, 0.0, 0.0129, 0.0, 0.0, 0.0, 0.0, 0.0, 0.0, 0.0, 0.0], [0.0, 0.0, 0.0, 0.0, 0.0, 0.0, 0.0872, 0.0, 0.0, 0.0, 0.0, 0.0, 0.0, 0.0, 0.0], [0.0, 0.0, 0.0, 0.0, 0.0, 0.0, 0.0478, 0.0, 0.0, 0.0, 0.0, 0.0, 0.0, 0.0, 0.0]]}}
bs_hinuma_vbm: {'band_index': {'1': [29]}, 'kpoint_index': [76], 'kpoint': <pymatgen.electronic_structure.bandstructure.Kpoint object at 0x7fc5d4b59d30>, 'energy': -1.3002, 'projections': {'1': [[0.0, 0.0, 0.0004, 0.0004, 0.0004, 0.0004, 0.0, 0.0151, 0.0151, 0.0, 0.0, 0.0011, 0.0011, 0.0008, 0.0008], [0.0, 0.0, 0.0001, 0.0001, 0.0001, 0.0001, 0.0054, 0.015700000000000002, 0.015700000000000002, 0.0022, 0.0022, 0.061200000000000004, 0.061200000000000004, 0.0325, 0.0325], [0.0, 0.0, 0.0, 0.0, 0.0008, 0.0008, 0.009300000000000001, 0.0229, 0.0229, 0.0045000000000000005, 0.0045000000000000005, 0.0482, 0.0482, 0.037, 0.037], [0.0, 0.0, 0.0004, 0.0004, 0.0, 0.0, 0.011600000000000001, 0.024800000000000003, 0.024800000000000003, 0.0012000000000000001, 0.0012000000000000001, 0.0529, 0.0529, 0.0374, 0.0374], [0.0, 0.0, 0.0, 0.0, 0.0, 0.0, 0.0, 0.0, 0.0, 0.0, 0.0, 0.0, 0.0, 0.0, 0.0], [0.0, 0.0, 0.0, 0.0, 0.0, 0.0, 0.0, 0.0, 0.0, 0.0, 0.0, 0.0, 0.0, 0.0, 0.0], [0.0, 0.0, 0.0, 0.0, 0.0, 0.0, 0.0, 0.0, 0.0, 0.0, 0.0, 0.0, 0.0, 0.0, 0.0], [0.0, 0.0, 0.0, 0.0, 0.0, 0.0, 0.0, 0.0, 0.0, 0.0, 0.0, 0.0, 0.0, 0.0, 0.0], [0.0, 0.0, 0.0, 0.0, 0.0, 0.0, 0.0, 0.0, 0.0, 0.0, 0.0, 0.0, 0.0, 0.0, 0.0]]}}
bs_hinuma_efermi: -1.24637725
bs_latimer_munro_task_id: mp-2447292
bs_latimer_munro_band_gap: 2.5557
bs_latimer_munro_cbm: {'band_index': {'1': [30]}, 'kpoint_index': [15, 16, 29, 46, 61, 73, 88], 'kpoint': <pymatgen.electronic_structure.bandstructure.Kpoint object at 0x7fc5d4b59e80>, 'energy': 1.2555, 'projections': {'1': [[0.0008, 0.0008, 0.001, 0.001, 0.0006000000000000001, 0.0006000000000000001, 0.001, 0.0204, 0.0204, 0.0263, 0.0263, 0.0032, 0.0032, 0.0043, 0.0043], [0.0007, 0.0007, 0.001, 0.001, 0.00030000000000000003, 0.00030000000000000003, 0.0, 0.006, 0.006, 0.0246, 0.0246, 0.0005, 0.0005, 0.0055000000000000005, 0.0055000000000000005], [0.0006000000000000001, 0.0006000000000000001, 0.0006000000000000001, 0.0006000000000000001, 0.0018000000000000002, 0.0018000000000000002, 0.0, 0.0216, 0.0216, 0.0172, 0.0172, 0.008700000000000001, 0.008700000000000001, 0.0041, 0.0041], [0.0, 0.0, 0.0002, 0.0002, 0.0, 0.0, 0.0, 0.007, 0.007, 0.0001, 0.0001, 0.0041, 0.0041, 0.001, 0.001], [0.0, 0.0, 0.0, 0.0, 0.0, 0.0, 0.019700000000000002, 0.0, 0.0, 0.0, 0.0, 0.0, 0.0, 0.0, 0.0], [0.0, 0.0, 0.0, 0.0, 0.0, 0.0, 0.2717, 0.0, 0.0, 0.0, 0.0, 0.0, 0.0, 0.0, 0.0], [0.0, 0.0, 0.0, 0.0, 0.0, 0.0, 0.0129, 0.0, 0.0, 0.0, 0.0, 0.0, 0.0, 0.0, 0.0], [0.0, 0.0, 0.0, 0.0, 0.0, 0.0, 0.0872, 0.0, 0.0, 0.0, 0.0, 0.0, 0.0, 0.0, 0.0], [0.0, 0.0, 0.0, 0.0, 0.0, 0.0, 0.0478, 0.0, 0.0, 0.0, 0.0, 0.0, 0.0, 0.0, 0.0]]}}
bs_latimer_munro_vbm: {'band_index': {'1': [29]}, 'kpoint_index': [87], 'kpoint': <pymatgen.electronic_structure.bandstructure.Kpoint object at 0x7fc5d4b5a350>, 'energy': -1.3002, 'projections': {'1': [[0.0, 0.0, 0.0004, 0.0004, 0.0004, 0.0004, 0.0, 0.0151, 0.0151, 0.0, 0.0, 0.0011, 0.0011, 0.0008, 0.0008], [0.0, 0.0, 0.0001, 0.0001, 0.0001, 0.0001, 0.0054, 0.015700000000000002, 0.015700000000000002, 0.0022, 0.0022, 0.061200000000000004, 0.061200000000000004, 0.0325, 0.0325], [0.0, 0.0, 0.0, 0.0, 0.0008, 0.0008, 0.009300000000000001, 0.0229, 0.0229, 0.0045000000000000005, 0.0045000000000000005, 0.0482, 0.0482, 0.037, 0.037], [0.0, 0.0, 0.0004, 0.0004, 0.0, 0.0, 0.011600000000000001, 0.024800000000000003, 0.024800000000000003, 0.0012000000000000001, 0.0012000000000000001, 0.0529, 0.0529, 0.0374, 0.0374], [0.0, 0.0, 0.0, 0.0, 0.0, 0.0, 0.0, 0.0, 0.0, 0.0, 0.0, 0.0, 0.0, 0.0, 0.0], [0.0, 0.0, 0.0, 0.0, 0.0, 0.0, 0.0, 0.0, 0.0, 0.0, 0.0, 0.0, 0.0, 0.0, 0.0], [0.0, 0.0, 0.0, 0.0, 0.0, 0.0, 0.0, 0.0, 0.0, 0.0, 0.0, 0.0, 0.0, 0.0, 0.0], [0.0, 0.0, 0.0, 0.0, 0.0, 0.0, 0.0, 0.0, 0.0, 0.0, 0.0, 0.0, 0.0, 0.0, 0.0], [0.0, 0.0, 0.0, 0.0, 0.0, 0.0, 0.0, 0.0, 0.0, 0.0, 0.0, 0.0, 0.0, 0.0, 0.0]]}}
bs_latimer_munro_efermi: -1.2081922