material_id: mp-1041901
band_gap: 0.030400000000000003
efermi: 2.83986523
dos_magnetic_ordering: FiM
dos_total_task_id: mp-1739085
dos_total_band_gap: 0.0
dos_total_cbm: 2.3589
dos_total_vbm: 2.4023
dos_total_efermi: 2.38098635
bs_setyawan_curtarolo_task_id: mp-1041924
bs_setyawan_curtarolo_band_gap: 0.030400000000000003
bs_setyawan_curtarolo_cbm: {'band_index': {'1': [70], '-1': []}, 'kpoint_index': ['56'], 'kpoint': <pymatgen.electronic_structure.bandstructure.Kpoint object at 0x7fc699d63930>, 'energy': 2.8525, 'projections': {'1': [[0.0044, 0.0044, 0.0, 0.0002, 0.0, 0.0002, 0.0006000000000000001, 0.0045000000000000005, 0.0007, 0.0061, 0.0061, 0.0045000000000000005, 0.0007, 0.0006000000000000001], [0.0009000000000000001, 0.0009000000000000001, 0.0011, 0.0011, 0.0012000000000000001, 0.00030000000000000003, 0.006900000000000001, 0.0313, 0.0092, 0.048400000000000006, 0.048400000000000006, 0.0313, 0.0092, 0.006900000000000001], [0.0018000000000000002, 0.0018000000000000002, 0.0002, 0.0001, 0.0, 0.00030000000000000003, 0.0055000000000000005, 0.0135, 0.012100000000000001, 0.0061, 0.0061, 0.0135, 0.012100000000000001, 0.0055000000000000005], [0.0045000000000000005, 0.0045000000000000005, 0.0, 0.0002, 0.0, 0.00030000000000000003, 0.0029000000000000002, 0.0085, 0.0046, 0.010400000000000001, 0.010400000000000001, 0.0085, 0.0046, 0.0029000000000000002], [0.0038, 0.0038, 0.0063, 0.0073, 0.001, 0.001, 0.0, 0.0, 0.0, 0.0, 0.0, 0.0, 0.0, 0.0], [0.0004, 0.0004, 0.10310000000000001, 0.1439, 0.0035, 0.0019, 0.0, 0.0, 0.0, 0.0, 0.0, 0.0, 0.0, 0.0], [0.026500000000000003, 0.026500000000000003, 0.0001, 0.0007, 0.0001, 0.00030000000000000003, 0.0, 0.0, 0.0, 0.0, 0.0, 0.0, 0.0, 0.0], [0.0044, 0.0044, 0.017, 0.0071, 0.002, 0.0, 0.0, 0.0, 0.0, 0.0, 0.0, 0.0, 0.0, 0.0], [0.0018000000000000002, 0.0018000000000000002, 0.0678, 0.0599, 0.0005, 0.003, 0.0, 0.0, 0.0, 0.0, 0.0, 0.0, 0.0, 0.0]]}}
bs_setyawan_curtarolo_vbm: {'band_index': {'1': [69], '-1': []}, 'kpoint_index': [0, 380, 381], 'kpoint': <pymatgen.electronic_structure.bandstructure.Kpoint object at 0x7fc5d4b5a350>, 'energy': 2.8221, 'projections': {'1': [[0.0, 0.0, 0.0014, 0.0014, 0.0, 0.0, 0.0002, 0.0, 0.0002, 0.0, 0.0, 0.0, 0.0002, 0.0002], [0.0009000000000000001, 0.0009000000000000001, 0.0, 0.0, 0.0, 0.0, 0.009300000000000001, 0.0, 0.0131, 0.0, 0.0, 0.0, 0.0131, 0.009300000000000001], [0.0071, 0.0071, 0.0, 0.0, 0.0, 0.0, 0.09680000000000001, 0.0001, 0.0813, 0.0001, 0.0001, 0.0001, 0.0813, 0.09680000000000001], [0.0027, 0.0027, 0.0, 0.0, 0.0, 0.0, 0.027800000000000002, 0.0, 0.039400000000000004, 0.0, 0.0, 0.0, 0.039400000000000004, 0.027800000000000002], [0.011300000000000001, 0.011300000000000001, 0.0071, 0.001, 0.0029000000000000002, 0.007200000000000001, 0.0, 0.0, 0.0, 0.0, 0.0, 0.0, 0.0, 0.0], [0.0019, 0.0019, 0.0, 0.0023, 0.0269, 0.031200000000000002, 0.0, 0.0, 0.0, 0.0, 0.0, 0.0, 0.0, 0.0], [0.0454, 0.0454, 0.014100000000000001, 0.0128, 0.001, 0.001, 0.0, 0.0, 0.0, 0.0, 0.0, 0.0, 0.0, 0.0], [0.0057, 0.0057, 0.0, 0.007, 0.012, 0.0076, 0.0, 0.0, 0.0, 0.0, 0.0, 0.0, 0.0, 0.0], [0.0038, 0.0038, 0.0024000000000000002, 0.00030000000000000003, 0.016800000000000002, 0.012400000000000001, 0.0, 0.0, 0.0, 0.0, 0.0, 0.0, 0.0, 0.0]]}}
bs_setyawan_curtarolo_efermi: 2.83986523