material_id: mp-1399565
band_gap: 1.0276
efermi: 1.74864866
dos_magnetic_ordering: FM
dos_total_task_id: mp-1763732
dos_total_band_gap: 0.9573
dos_total_cbm: 2.4881
dos_total_vbm: 1.5308000000000002
dos_total_efermi: 1.5334706
bs_setyawan_curtarolo_task_id: mp-1612299
bs_setyawan_curtarolo_band_gap: 1.0276
bs_setyawan_curtarolo_cbm: {'band_index': {'1': [24], '-1': []}, 'kpoint_index': [0, 154, 155, 208], 'kpoint': <pymatgen.electronic_structure.bandstructure.Kpoint object at 0x7fc699d63930>, 'energy': 2.5276, 'projections': {'1': [[0.0015, 0.0015, 0.0, 0.0, 0.0, 0.0], [0.0001, 0.0001, 0.0028, 0.0, 0.0, 0.0028], [0.0, 0.0, 0.0077, 0.006500000000000001, 0.006500000000000001, 0.0077], [0.0, 0.0, 0.0, 0.0, 0.0, 0.0], [0.0, 0.0, 0.0, 0.0, 0.0, 0.0], [0.30510000000000004, 0.30510000000000004, 0.0, 0.0, 0.0, 0.0], [0.0412, 0.0412, 0.0, 0.0, 0.0, 0.0], [0.0, 0.0, 0.0, 0.0, 0.0, 0.0], [0.09190000000000001, 0.09190000000000001, 0.0, 0.0, 0.0, 0.0]]}}
bs_setyawan_curtarolo_vbm: {'band_index': {'1': [23], '-1': []}, 'kpoint_index': ['137'], 'kpoint': <pymatgen.electronic_structure.bandstructure.Kpoint object at 0x7fc5d4b5a200>, 'energy': 1.5, 'projections': {'1': [[0.0, 0.0, 0.0006000000000000001, 0.0007, 0.0007, 0.0006000000000000001], [0.0094, 0.0094, 0.0724, 0.0551, 0.0551, 0.0724], [0.0011, 0.0011, 0.0592, 0.061200000000000004, 0.061200000000000004, 0.0592], [0.0, 0.0, 0.0001, 0.0001, 0.0001, 0.0001], [0.08080000000000001, 0.08080000000000001, 0.0, 0.0, 0.0, 0.0], [0.0002, 0.0002, 0.0, 0.0, 0.0, 0.0], [0.0001, 0.0001, 0.0, 0.0, 0.0, 0.0], [0.09820000000000001, 0.09820000000000001, 0.0, 0.0, 0.0, 0.0], [0.0, 0.0, 0.0, 0.0, 0.0, 0.0]]}}
bs_setyawan_curtarolo_efermi: 1.74864866
bs_latimer_munro_task_id: mp-2606782
bs_latimer_munro_band_gap: 1.0276
bs_latimer_munro_cbm: {'band_index': {'1': [24], '-1': []}, 'kpoint_index': [48, 49, 121, 122, 148, 178, 266, 267, 294], 'kpoint': <pymatgen.electronic_structure.bandstructure.Kpoint object at 0x7fc5d4b5a350>, 'energy': 2.5276, 'projections': {'1': [[0.0015, 0.0015, 0.0, 0.0, 0.0, 0.0], [0.0001, 0.0001, 0.0028, 0.0, 0.0, 0.0028], [0.0, 0.0, 0.0077, 0.006500000000000001, 0.006500000000000001, 0.0077], [0.0, 0.0, 0.0, 0.0, 0.0, 0.0], [0.0, 0.0, 0.0, 0.0, 0.0, 0.0], [0.30510000000000004, 0.3052, 0.0, 0.0, 0.0, 0.0], [0.0412, 0.0412, 0.0, 0.0, 0.0, 0.0], [0.0, 0.0, 0.0, 0.0, 0.0, 0.0], [0.09190000000000001, 0.09190000000000001, 0.0, 0.0, 0.0, 0.0]]}}
bs_latimer_munro_vbm: {'band_index': {'1': [23], '-1': []}, 'kpoint_index': ['165'], 'kpoint': <pymatgen.electronic_structure.bandstructure.Kpoint object at 0x7fc5d4b59d30>, 'energy': 1.5, 'projections': {'1': [[0.0, 0.0, 0.0006000000000000001, 0.0007, 0.0007, 0.0006000000000000001], [0.0094, 0.0094, 0.0724, 0.0551, 0.0551, 0.0724], [0.0011, 0.0011, 0.0592, 0.061200000000000004, 0.061200000000000004, 0.0592], [0.0, 0.0, 0.0001, 0.0001, 0.0001, 0.0001], [0.0809, 0.0809, 0.0, 0.0, 0.0, 0.0], [0.0002, 0.0002, 0.0, 0.0, 0.0, 0.0], [0.0001, 0.0001, 0.0, 0.0, 0.0, 0.0], [0.09820000000000001, 0.09820000000000001, 0.0, 0.0, 0.0, 0.0], [0.0, 0.0, 0.0, 0.0, 0.0, 0.0]]}}
bs_latimer_munro_efermi: 1.62580438