material_id: mp-1047384
band_gap: 0.40340000000000004
efermi: -2.38033637
dos_magnetic_ordering: NM
dos_total_task_id: mp-1741379
dos_total_band_gap: 0.41389999999999905
dos_total_cbm: -2.0616
dos_total_vbm: -2.4755000000000003
dos_total_efermi: -2.48768672
bs_setyawan_curtarolo_task_id: mp-1047390
bs_setyawan_curtarolo_band_gap: 0.40340000000000004
bs_setyawan_curtarolo_cbm: {'band_index': {'1': [40]}, 'kpoint_index': [0, 319, 320], 'kpoint': <pymatgen.electronic_structure.bandstructure.Kpoint object at 0x7fc699d63930>, 'energy': -2.0727, 'projections': {'1': [[0.09570000000000001, 0.09570000000000001, 0.004, 0.004, 0.0018000000000000002, 0.0018000000000000002, 0.0013000000000000002, 0.0013000000000000002, 0.0013000000000000002, 0.0013000000000000002, 0.0018000000000000002, 0.0018000000000000002], [0.0, 0.0, 0.005200000000000001, 0.005200000000000001, 0.0182, 0.0182, 0.1024, 0.1024, 0.1024, 0.1024, 0.0182, 0.0182], [0.0, 0.0, 0.0, 0.0, 0.009300000000000001, 0.009300000000000001, 0.0176, 0.0176, 0.0176, 0.0176, 0.009300000000000001, 0.009300000000000001], [0.0, 0.0, 0.0, 0.0, 0.0, 0.0, 0.0, 0.0, 0.0, 0.0, 0.0, 0.0], [0.0, 0.0, 0.0, 0.0, 0.0, 0.0, 0.0, 0.0, 0.0, 0.0, 0.0, 0.0], [0.0059, 0.0059, 0.0, 0.0, 0.0, 0.0, 0.0, 0.0, 0.0, 0.0, 0.0, 0.0], [0.0102, 0.0102, 0.0, 0.0, 0.0, 0.0, 0.0, 0.0, 0.0, 0.0, 0.0, 0.0], [0.0, 0.0, 0.0, 0.0, 0.0, 0.0, 0.0, 0.0, 0.0, 0.0, 0.0, 0.0], [0.0085, 0.0085, 0.0, 0.0, 0.0, 0.0, 0.0, 0.0, 0.0, 0.0, 0.0, 0.0]]}}
bs_setyawan_curtarolo_vbm: {'band_index': {'1': [39]}, 'kpoint_index': [375, 376, 599], 'kpoint': <pymatgen.electronic_structure.bandstructure.Kpoint object at 0x7fc5d4b5a3c0>, 'energy': -2.4761, 'projections': {'1': [[0.0, 0.0, 0.0, 0.0, 0.0001, 0.0001, 0.0, 0.0, 0.0, 0.0, 0.0001, 0.0001], [0.0, 0.0, 0.0005, 0.0005, 0.041800000000000004, 0.041800000000000004, 0.0001, 0.0001, 0.0001, 0.0001, 0.041800000000000004, 0.041800000000000004], [0.0, 0.0, 0.0, 0.0, 0.054900000000000004, 0.054900000000000004, 0.0008, 0.0008, 0.0008, 0.0008, 0.054900000000000004, 0.054900000000000004], [0.0002, 0.0002, 0.1471, 0.1471, 0.0001, 0.0001, 0.042300000000000004, 0.042300000000000004, 0.042300000000000004, 0.042300000000000004, 0.0001, 0.0001], [0.0, 0.0, 0.0, 0.0, 0.0, 0.0, 0.0, 0.0, 0.0, 0.0, 0.0, 0.0], [0.0, 0.0, 0.0, 0.0, 0.0, 0.0, 0.0, 0.0, 0.0, 0.0, 0.0, 0.0], [0.0, 0.0, 0.0, 0.0, 0.0, 0.0, 0.0, 0.0, 0.0, 0.0, 0.0, 0.0], [0.0, 0.0, 0.0, 0.0, 0.0, 0.0, 0.0, 0.0, 0.0, 0.0, 0.0, 0.0], [0.0, 0.0, 0.0, 0.0, 0.0, 0.0, 0.0, 0.0, 0.0, 0.0, 0.0, 0.0]]}}
bs_setyawan_curtarolo_efermi: -2.38033637
bs_hinuma_task_id: mp-2099596
bs_hinuma_band_gap: 0.42400000000000004
bs_hinuma_cbm: {'band_index': {'1': [40]}, 'kpoint_index': [0, 223, 224, 466], 'kpoint': <pymatgen.electronic_structure.bandstructure.Kpoint object at 0x7fc5d4b5a200>, 'energy': -2.0561, 'projections': {'1': [[0.09570000000000001, 0.09570000000000001, 0.004, 0.004, 0.0018000000000000002, 0.0018000000000000002, 0.0013000000000000002, 0.0013000000000000002, 0.0013000000000000002, 0.0013000000000000002, 0.0018000000000000002, 0.0018000000000000002], [0.0, 0.0, 0.0051, 0.0051, 0.018000000000000002, 0.018000000000000002, 0.1027, 0.1027, 0.1027, 0.1027, 0.018000000000000002, 0.018000000000000002], [0.0, 0.0, 0.0, 0.0, 0.009300000000000001, 0.009300000000000001, 0.0175, 0.0175, 0.0175, 0.0175, 0.009300000000000001, 0.009300000000000001], [0.0, 0.0, 0.0, 0.0, 0.0, 0.0, 0.0, 0.0, 0.0, 0.0, 0.0, 0.0], [0.0, 0.0, 0.0, 0.0, 0.0, 0.0, 0.0, 0.0, 0.0, 0.0, 0.0, 0.0], [0.0059, 0.0059, 0.0, 0.0, 0.0, 0.0, 0.0, 0.0, 0.0, 0.0, 0.0, 0.0], [0.0102, 0.0102, 0.0, 0.0, 0.0, 0.0, 0.0, 0.0, 0.0, 0.0, 0.0, 0.0], [0.0, 0.0, 0.0, 0.0, 0.0, 0.0, 0.0, 0.0, 0.0, 0.0, 0.0, 0.0], [0.0085, 0.0085, 0.0, 0.0, 0.0, 0.0, 0.0, 0.0, 0.0, 0.0, 0.0, 0.0]]}}
bs_hinuma_vbm: {'band_index': {'1': [39]}, 'kpoint_index': ['139'], 'kpoint': <pymatgen.electronic_structure.bandstructure.Kpoint object at 0x7fc5d4b59e80>, 'energy': -2.4801, 'projections': {'1': [[0.0, 0.0, 0.0, 0.0, 0.0001, 0.0001, 0.0, 0.0, 0.0, 0.0, 0.0001, 0.0001], [0.0, 0.0, 0.0004, 0.0004, 0.042, 0.042, 0.0001, 0.0001, 0.0001, 0.0001, 0.042, 0.042], [0.0, 0.0, 0.0, 0.0, 0.054900000000000004, 0.054900000000000004, 0.001, 0.001, 0.001, 0.001, 0.054900000000000004, 0.054900000000000004], [0.0002, 0.0002, 0.14780000000000001, 0.14780000000000001, 0.0, 0.0, 0.041600000000000005, 0.041600000000000005, 0.041600000000000005, 0.041600000000000005, 0.0, 0.0], [0.0, 0.0, 0.0, 0.0, 0.0, 0.0, 0.0, 0.0, 0.0, 0.0, 0.0, 0.0], [0.0, 0.0, 0.0, 0.0, 0.0, 0.0, 0.0, 0.0, 0.0, 0.0, 0.0, 0.0], [0.0, 0.0, 0.0, 0.0, 0.0, 0.0, 0.0, 0.0, 0.0, 0.0, 0.0, 0.0], [0.0, 0.0, 0.0, 0.0, 0.0, 0.0, 0.0, 0.0, 0.0, 0.0, 0.0, 0.0], [0.0, 0.0, 0.0, 0.0, 0.0, 0.0, 0.0, 0.0, 0.0, 0.0, 0.0, 0.0]]}}
bs_hinuma_efermi: -2.32532731