material_id: mp-1080438
band_gap: 1.284699999999999
efermi: 3.770317829999999
dos_magnetic_ordering: NM
dos_total_task_id: mp-2257465
dos_total_band_gap: 1.436499999999999
dos_total_cbm: 5.0836
dos_total_vbm: 3.6471
dos_total_efermi: 3.63548793
bs_setyawan_curtarolo_task_id: mp-1590833
bs_setyawan_curtarolo_band_gap: 1.284699999999999
bs_setyawan_curtarolo_cbm: {'band_index': {'1': [34]}, 'kpoint_index': [0, 53, 54], 'kpoint': <pymatgen.electronic_structure.bandstructure.Kpoint object at 0x7fc699d63930>, 'energy': 4.9632000000000005, 'projections': {'1': [[0.0297, 0.0297, 0.0453, 0.0453, 0.0771, 0.0771, 0.008700000000000001, 0.008700000000000001], [0.0, 0.0, 0.0, 0.0, 0.0, 0.0, 0.0, 0.0], [0.0005, 0.0005, 0.0, 0.0, 0.035300000000000005, 0.035300000000000005, 0.0, 0.0], [0.0, 0.0, 0.0, 0.0, 0.0, 0.0, 0.0, 0.0], [0.0, 0.0, 0.0, 0.0, 0.0, 0.0, 0.0, 0.0], [0.0, 0.0, 0.0, 0.0, 0.0, 0.0, 0.0, 0.0], [0.0009000000000000001, 0.0009000000000000001, 0.0012000000000000001, 0.0012000000000000001, 0.0, 0.0, 0.0, 0.0], [0.0, 0.0, 0.0, 0.0, 0.0, 0.0, 0.0, 0.0], [0.0, 0.0, 0.0, 0.0, 0.0, 0.0, 0.0, 0.0]]}}
bs_setyawan_curtarolo_vbm: {'band_index': {'1': [32, 33]}, 'kpoint_index': [0, 53, 54], 'kpoint': <pymatgen.electronic_structure.bandstructure.Kpoint object at 0x7fc5d4b59e80>, 'energy': 3.6785, 'projections': {'1': [[0.0, 0.0, 0.0, 0.0, 0.0, 0.0, 0.0, 0.0], [0.0046, 0.0046, 0.0014, 0.0014, 0.178, 0.178, 0.0027, 0.0027], [0.0, 0.0, 0.0, 0.0, 0.0, 0.0, 0.0, 0.0], [0.0006000000000000001, 0.0006000000000000001, 0.0002, 0.0002, 0.0234, 0.0234, 0.0004, 0.0004], [0.0, 0.0, 0.0, 0.0, 0.0, 0.0, 0.0, 0.0], [0.0064, 0.0064, 0.07690000000000001, 0.07690000000000001, 0.0008, 0.0008, 0.0, 0.0], [0.0, 0.0, 0.0, 0.0, 0.0, 0.0, 0.0, 0.0], [0.0008, 0.0008, 0.010100000000000001, 0.010100000000000001, 0.0001, 0.0001, 0.0, 0.0], [0.0, 0.0, 0.0, 0.0, 0.0, 0.0, 0.0, 0.0]]}}
bs_setyawan_curtarolo_efermi: 3.770317829999999
bs_hinuma_task_id: mp-2060139
bs_hinuma_band_gap: 1.284699999999999
bs_hinuma_cbm: {'band_index': {'1': [34]}, 'kpoint_index': [0, 53, 54], 'kpoint': <pymatgen.electronic_structure.bandstructure.Kpoint object at 0x7fc5d4b5a190>, 'energy': 4.9632000000000005, 'projections': {'1': [[0.0297, 0.0297, 0.0453, 0.0453, 0.0771, 0.0771, 0.008700000000000001, 0.008700000000000001], [0.0, 0.0, 0.0, 0.0, 0.0, 0.0, 0.0, 0.0], [0.0005, 0.0005, 0.0, 0.0, 0.035300000000000005, 0.035300000000000005, 0.0, 0.0], [0.0, 0.0, 0.0, 0.0, 0.0, 0.0, 0.0, 0.0], [0.0, 0.0, 0.0, 0.0, 0.0, 0.0, 0.0, 0.0], [0.0, 0.0, 0.0, 0.0, 0.0, 0.0, 0.0, 0.0], [0.0009000000000000001, 0.0009000000000000001, 0.0012000000000000001, 0.0012000000000000001, 0.0, 0.0, 0.0, 0.0], [0.0, 0.0, 0.0, 0.0, 0.0, 0.0, 0.0, 0.0], [0.0, 0.0, 0.0, 0.0, 0.0, 0.0, 0.0, 0.0]]}}
bs_hinuma_vbm: {'band_index': {'1': [32, 33]}, 'kpoint_index': [0, 53, 54], 'kpoint': <pymatgen.electronic_structure.bandstructure.Kpoint object at 0x7fc5d4b59c50>, 'energy': 3.6785, 'projections': {'1': [[0.0, 0.0, 0.0, 0.0, 0.0, 0.0, 0.0, 0.0], [0.0046, 0.0046, 0.0014, 0.0014, 0.178, 0.178, 0.0027, 0.0027], [0.0, 0.0, 0.0, 0.0, 0.0, 0.0, 0.0, 0.0], [0.0006000000000000001, 0.0006000000000000001, 0.0002, 0.0002, 0.0234, 0.0234, 0.0004, 0.0004], [0.0, 0.0, 0.0, 0.0, 0.0, 0.0, 0.0, 0.0], [0.0064, 0.0064, 0.07690000000000001, 0.07690000000000001, 0.0008, 0.0008, 0.0, 0.0], [0.0, 0.0, 0.0, 0.0, 0.0, 0.0, 0.0, 0.0], [0.0008, 0.0008, 0.010100000000000001, 0.010100000000000001, 0.0001, 0.0001, 0.0, 0.0], [0.0, 0.0, 0.0, 0.0, 0.0, 0.0, 0.0, 0.0]]}}
bs_hinuma_efermi: 3.770317829999999
bs_latimer_munro_task_id: mp-2448842
bs_latimer_munro_band_gap: 1.284699999999999
bs_latimer_munro_cbm: {'band_index': {'1': [34]}, 'kpoint_index': [32, 33, 148, 149, 157], 'kpoint': <pymatgen.electronic_structure.bandstructure.Kpoint object at 0x7fc5d4b59be0>, 'energy': 4.9632000000000005, 'projections': {'1': [[0.0297, 0.0297, 0.0453, 0.0453, 0.0771, 0.0771, 0.008700000000000001, 0.008700000000000001], [0.0, 0.0, 0.0, 0.0, 0.0, 0.0, 0.0, 0.0], [0.0005, 0.0005, 0.0, 0.0, 0.035300000000000005, 0.035300000000000005, 0.0, 0.0], [0.0, 0.0, 0.0, 0.0, 0.0, 0.0, 0.0, 0.0], [0.0, 0.0, 0.0, 0.0, 0.0, 0.0, 0.0, 0.0], [0.0, 0.0, 0.0, 0.0, 0.0, 0.0, 0.0, 0.0], [0.0009000000000000001, 0.0009000000000000001, 0.0012000000000000001, 0.0012000000000000001, 0.0, 0.0, 0.0, 0.0], [0.0, 0.0, 0.0, 0.0, 0.0, 0.0, 0.0, 0.0], [0.0, 0.0, 0.0, 0.0, 0.0, 0.0, 0.0, 0.0]]}}
bs_latimer_munro_vbm: {'band_index': {'1': [32, 33]}, 'kpoint_index': [32, 33, 148, 149, 157], 'kpoint': <pymatgen.electronic_structure.bandstructure.Kpoint object at 0x7fc5d4b59d30>, 'energy': 3.6785, 'projections': {'1': [[0.0, 0.0, 0.0, 0.0, 0.0, 0.0, 0.0, 0.0], [0.0044, 0.0044, 0.0014, 0.0014, 0.16920000000000002, 0.16920000000000002, 0.0026000000000000003, 0.0026000000000000003], [0.0, 0.0, 0.0, 0.0, 0.0, 0.0, 0.0, 0.0], [0.0008, 0.0008, 0.00030000000000000003, 0.00030000000000000003, 0.032100000000000004, 0.032100000000000004, 0.0005, 0.0005], [0.0, 0.0, 0.0, 0.0, 0.0, 0.0, 0.0, 0.0], [0.0061, 0.0061, 0.0731, 0.0731, 0.0007, 0.0007, 0.0, 0.0], [0.0, 0.0, 0.0, 0.0, 0.0, 0.0, 0.0, 0.0], [0.0012000000000000001, 0.0012000000000000001, 0.013900000000000001, 0.013900000000000001, 0.0001, 0.0001, 0.0, 0.0], [0.0, 0.0, 0.0, 0.0, 0.0, 0.0, 0.0, 0.0]]}}
bs_latimer_munro_efermi: 3.79738723