material_id: mp-1188829
band_gap: 1.2093
efermi: 2.74006372
dos_magnetic_ordering: NM
dos_total_task_id: mp-1707869
dos_total_band_gap: 1.3717000000000001
dos_total_cbm: 4.0677
dos_total_vbm: 2.696
dos_total_efermi: 2.70187065
bs_setyawan_curtarolo_task_id: mp-1608327
bs_setyawan_curtarolo_band_gap: 1.2093
bs_setyawan_curtarolo_cbm: {'band_index': {'1': [50]}, 'kpoint_index': [17, 18], 'kpoint': <pymatgen.electronic_structure.bandstructure.Kpoint object at 0x7fc699d63930>, 'energy': 3.8711, 'projections': {'1': [[0.0001, 0.0001, 0.0014, 0.0014, 0.0019, 0.0019, 0.0053, 0.0053, 0.0001, 0.0001, 0.0001, 0.0001, 0.0041, 0.0041, 0.034, 0.034], [0.0002, 0.0002, 0.0, 0.0, 0.0066, 0.0066, 0.0476, 0.0476, 0.0, 0.0, 0.0, 0.0, 0.001, 0.001, 0.016800000000000002, 0.016800000000000002], [0.0, 0.0, 0.0004, 0.0004, 0.0009000000000000001, 0.0009000000000000001, 0.001, 0.001, 0.0273, 0.0273, 0.0273, 0.0273, 0.00030000000000000003, 0.00030000000000000003, 0.001, 0.001], [0.0, 0.0, 0.0, 0.0, 0.0, 0.0, 0.0, 0.0, 0.0008, 0.0008, 0.0008, 0.0008, 0.0, 0.0, 0.0, 0.0], [0.0, 0.0, 0.0, 0.0, 0.0, 0.0, 0.0, 0.0, 0.0, 0.0, 0.0, 0.0, 0.0, 0.0, 0.0, 0.0], [0.00030000000000000003, 0.00030000000000000003, 0.0, 0.0, 0.0002, 0.0002, 0.0, 0.0, 0.0, 0.0, 0.0, 0.0, 0.0, 0.0, 0.0, 0.0], [0.0001, 0.0001, 0.0001, 0.0001, 0.0, 0.0, 0.0012000000000000001, 0.0012000000000000001, 0.0, 0.0, 0.0, 0.0, 0.0, 0.0, 0.0, 0.0], [0.0, 0.0, 0.0, 0.0, 0.0, 0.0, 0.0, 0.0, 0.0, 0.0, 0.0, 0.0, 0.0, 0.0, 0.0, 0.0], [0.0007, 0.0007, 0.0001, 0.0001, 0.0004, 0.0004, 0.0028, 0.0028, 0.0, 0.0, 0.0, 0.0, 0.0, 0.0, 0.0, 0.0]]}}
bs_setyawan_curtarolo_vbm: {'band_index': {'1': [48, 49]}, 'kpoint_index': [77], 'kpoint': <pymatgen.electronic_structure.bandstructure.Kpoint object at 0x7fc5d4b5a190>, 'energy': 2.6618, 'projections': {'1': [[0.0, 0.0, 0.00030000000000000003, 0.0004, 0.0005, 0.0008, 0.0001, 0.0002, 0.0011, 0.0008, 0.0008, 0.0011, 0.0055000000000000005, 0.0081, 0.0009000000000000001, 0.0013000000000000002], [0.0, 0.0, 0.001, 0.0015, 0.0442, 0.0651, 0.0063, 0.0092, 0.0055000000000000005, 0.004, 0.0044, 0.0051, 0.0145, 0.021400000000000002, 0.0026000000000000003, 0.0039000000000000003], [0.0002, 0.0002, 0.0, 0.0, 0.0088, 0.0129, 0.0045000000000000005, 0.0067, 0.00030000000000000003, 0.00030000000000000003, 0.00030000000000000003, 0.00030000000000000003, 0.0037, 0.0054, 0.0021000000000000003, 0.0031000000000000003], [0.0, 0.0, 0.0001, 0.0, 0.0437, 0.0297, 0.0597, 0.0405, 0.011, 0.0077, 0.008400000000000001, 0.0103, 0.0009000000000000001, 0.0006000000000000001, 0.0025, 0.0017000000000000001], [0.0, 0.0, 0.00030000000000000003, 0.0002, 0.0001, 0.0, 0.0002, 0.0001, 0.0, 0.0, 0.0, 0.0, 0.0, 0.0, 0.0, 0.0], [0.0002, 0.00030000000000000003, 0.0, 0.0, 0.0001, 0.0001, 0.0001, 0.0001, 0.0, 0.0, 0.0, 0.0, 0.0, 0.0, 0.0, 0.0], [0.0, 0.0, 0.0, 0.0, 0.0, 0.0, 0.0, 0.0, 0.0, 0.0, 0.0, 0.0, 0.0, 0.0, 0.0, 0.0], [0.0, 0.0, 0.0, 0.0, 0.0, 0.0, 0.0001, 0.0, 0.0, 0.0, 0.0, 0.0, 0.0, 0.0, 0.0, 0.0], [0.0006000000000000001, 0.0009000000000000001, 0.0004, 0.0006000000000000001, 0.0, 0.0001, 0.0, 0.0, 0.0, 0.0, 0.0, 0.0, 0.0, 0.0, 0.0, 0.0]]}}
bs_setyawan_curtarolo_efermi: 2.74006372
bs_latimer_munro_task_id: mp-2689406
bs_latimer_munro_band_gap: 1.1856
bs_latimer_munro_cbm: {'band_index': {'1': [50]}, 'kpoint_index': [32, 33, 132], 'kpoint': <pymatgen.electronic_structure.bandstructure.Kpoint object at 0x7fc5d4b5a200>, 'energy': 3.8711, 'projections': {'1': [[0.0001, 0.0001, 0.0014, 0.0014, 0.0019, 0.0019, 0.0053, 0.0053, 0.0001, 0.0001, 0.0001, 0.0001, 0.0041, 0.0041, 0.034, 0.034], [0.0002, 0.0002, 0.0, 0.0, 0.0066, 0.0066, 0.0476, 0.0476, 0.0, 0.0, 0.0, 0.0, 0.001, 0.001, 0.016800000000000002, 0.016800000000000002], [0.0, 0.0, 0.0004, 0.0004, 0.0009000000000000001, 0.0009000000000000001, 0.001, 0.001, 0.0273, 0.0273, 0.0273, 0.0273, 0.00030000000000000003, 0.00030000000000000003, 0.001, 0.001], [0.0, 0.0, 0.0, 0.0, 0.0, 0.0, 0.0, 0.0, 0.0008, 0.0008, 0.0008, 0.0008, 0.0, 0.0, 0.0, 0.0], [0.0, 0.0, 0.0, 0.0, 0.0, 0.0, 0.0, 0.0, 0.0, 0.0, 0.0, 0.0, 0.0, 0.0, 0.0, 0.0], [0.00030000000000000003, 0.00030000000000000003, 0.0, 0.0, 0.0002, 0.0002, 0.0, 0.0, 0.0, 0.0, 0.0, 0.0, 0.0, 0.0, 0.0, 0.0], [0.0001, 0.0001, 0.0001, 0.0001, 0.0, 0.0, 0.0012000000000000001, 0.0012000000000000001, 0.0, 0.0, 0.0, 0.0, 0.0, 0.0, 0.0, 0.0], [0.0, 0.0, 0.0, 0.0, 0.0, 0.0, 0.0, 0.0, 0.0, 0.0, 0.0, 0.0, 0.0, 0.0, 0.0, 0.0], [0.0007, 0.0007, 0.0001, 0.0001, 0.0004, 0.0004, 0.0028, 0.0028, 0.0, 0.0, 0.0, 0.0, 0.0, 0.0, 0.0, 0.0]]}}
bs_latimer_munro_vbm: {'band_index': {'1': [49]}, 'kpoint_index': ['183'], 'kpoint': <pymatgen.electronic_structure.bandstructure.Kpoint object at 0x7fc5d4b5a430>, 'energy': 2.6855, 'projections': {'1': [[0.0, 0.0, 0.0004, 0.0004, 0.001, 0.001, 0.0, 0.0, 0.0008, 0.0008, 0.0008, 0.0008, 0.0076, 0.0076, 0.0004, 0.0004], [0.0, 0.0, 0.0012000000000000001, 0.0012000000000000001, 0.061500000000000006, 0.061500000000000006, 0.0033, 0.0033, 0.0035, 0.0035, 0.0035, 0.0035, 0.0175, 0.0175, 0.0023, 0.0023], [0.0005, 0.0005, 0.0, 0.0, 0.0089, 0.0089, 0.0091, 0.0091, 0.0002, 0.0002, 0.0002, 0.0002, 0.0039000000000000003, 0.0039000000000000003, 0.0045000000000000005, 0.0045000000000000005], [0.0002, 0.0002, 0.00030000000000000003, 0.00030000000000000003, 0.039400000000000004, 0.039400000000000004, 0.046400000000000004, 0.046400000000000004, 0.0079, 0.0079, 0.0079, 0.0079, 0.002, 0.002, 0.0016, 0.0016], [0.0, 0.0, 0.0002, 0.0002, 0.0001, 0.0001, 0.0002, 0.0002, 0.0, 0.0, 0.0, 0.0, 0.0, 0.0, 0.0, 0.0], [0.0002, 0.0002, 0.0, 0.0, 0.0001, 0.0001, 0.0001, 0.0001, 0.0, 0.0, 0.0, 0.0, 0.0, 0.0, 0.0, 0.0], [0.0, 0.0, 0.0, 0.0, 0.0, 0.0, 0.0, 0.0, 0.0, 0.0, 0.0, 0.0, 0.0, 0.0, 0.0, 0.0], [0.0, 0.0, 0.0001, 0.0001, 0.0, 0.0, 0.0001, 0.0001, 0.0, 0.0, 0.0, 0.0, 0.0, 0.0, 0.0, 0.0], [0.0005, 0.0005, 0.0004, 0.0004, 0.0, 0.0, 0.0, 0.0, 0.0, 0.0, 0.0, 0.0, 0.0, 0.0, 0.0, 0.0]]}}
bs_latimer_munro_efermi: 2.76179188