material_id: mp-1193772
band_gap: 2.3862
efermi: 1.38128559
dos_magnetic_ordering: NM
dos_total_task_id: mp-1751940
dos_total_band_gap: 2.3885
dos_total_cbm: 3.6669
dos_total_vbm: 1.2784
dos_total_efermi: 1.28271184
bs_setyawan_curtarolo_task_id: mp-1619321
bs_setyawan_curtarolo_band_gap: 2.3862
bs_setyawan_curtarolo_cbm: {'band_index': {'1': [124]}, 'kpoint_index': [0, 79, 80, 105], 'kpoint': <pymatgen.electronic_structure.bandstructure.Kpoint object at 0x7fc699d63930>, 'energy': 3.6684, 'projections': {'1': [[0.0, 0.0, 0.0, 0.0, 0.0, 0.0, 0.0, 0.0, 0.0, 0.0, 0.0, 0.0, 0.0, 0.0, 0.0, 0.0, 0.0004, 0.0004, 0.0004, 0.0004, 0.0, 0.0, 0.0, 0.0, 0.0, 0.0, 0.0, 0.0], [0.0, 0.0, 0.0, 0.0, 0.0, 0.0, 0.0, 0.0, 0.0, 0.0, 0.0, 0.0, 0.0, 0.0, 0.0, 0.0, 0.0007, 0.0007, 0.0007, 0.0007, 0.0, 0.0, 0.0, 0.0, 0.0207, 0.0207, 0.0207, 0.0207], [0.0, 0.0, 0.0, 0.0, 0.0, 0.0, 0.0, 0.0, 0.0, 0.0, 0.0, 0.0, 0.0, 0.0, 0.0, 0.0, 0.0011, 0.0011, 0.0011, 0.0011, 0.0, 0.0, 0.0, 0.0, 0.0002, 0.0002, 0.0002, 0.0002], [0.0015, 0.0015, 0.0, 0.0, 0.013600000000000001, 0.013600000000000001, 0.0108, 0.0108, 0.0, 0.0, 0.0002, 0.0002, 0.001, 0.001, 0.0, 0.0, 0.0002, 0.0002, 0.0002, 0.0002, 0.0064, 0.0064, 0.0128, 0.0128, 0.0001, 0.0001, 0.0001, 0.0001], [0.0, 0.0, 0.0, 0.0, 0.0001, 0.0001, 0.0, 0.0, 0.009600000000000001, 0.009600000000000001, 0.2919, 0.2919, 0.0, 0.0, 0.0, 0.0, 0.0, 0.0, 0.0, 0.0, 0.0, 0.0, 0.0, 0.0, 0.0, 0.0, 0.0, 0.0], [0.0, 0.0, 0.0, 0.0, 0.0, 0.0, 0.0, 0.0, 0.0, 0.0, 0.0, 0.0, 0.0, 0.0, 0.0, 0.0, 0.0, 0.0, 0.0, 0.0, 0.0, 0.0, 0.0, 0.0, 0.0, 0.0, 0.0, 0.0], [0.0, 0.0, 0.0, 0.0, 0.0, 0.0, 0.0, 0.0, 0.0, 0.0, 0.0, 0.0, 0.0, 0.0, 0.0, 0.0, 0.0, 0.0, 0.0, 0.0, 0.0, 0.0, 0.0, 0.0, 0.0, 0.0, 0.0, 0.0], [0.0001, 0.0001, 0.0001, 0.0001, 0.0, 0.0, 0.0001, 0.0001, 0.00030000000000000003, 0.00030000000000000003, 0.0, 0.0, 0.0, 0.0, 0.0, 0.0, 0.0, 0.0, 0.0, 0.0, 0.0, 0.0, 0.0, 0.0, 0.0, 0.0, 0.0, 0.0], [0.0, 0.0, 0.0, 0.0, 0.0, 0.0, 0.0, 0.0, 0.0, 0.0, 0.0, 0.0, 0.0, 0.0, 0.0, 0.0, 0.0, 0.0, 0.0, 0.0, 0.0, 0.0, 0.0, 0.0, 0.0, 0.0, 0.0, 0.0]]}}
bs_setyawan_curtarolo_vbm: {'band_index': {'1': [123]}, 'kpoint_index': [0, 79, 80, 105], 'kpoint': <pymatgen.electronic_structure.bandstructure.Kpoint object at 0x7fc5d4b5a200>, 'energy': 1.2822, 'projections': {'1': [[0.0142, 0.0142, 0.036500000000000005, 0.036500000000000005, 0.0351, 0.0351, 0.0252, 0.0252, 0.0, 0.0, 0.0004, 0.0004, 0.0001, 0.0001, 0.0001, 0.0001, 0.0001, 0.0001, 0.0001, 0.0001, 0.00030000000000000003, 0.00030000000000000003, 0.0001, 0.0001, 0.0001, 0.0001, 0.0001, 0.0001], [0.00030000000000000003, 0.00030000000000000003, 0.0004, 0.0004, 0.00030000000000000003, 0.00030000000000000003, 0.0002, 0.0002, 0.0014, 0.0014, 0.001, 0.001, 0.0077, 0.0078000000000000005, 0.017, 0.017, 0.0261, 0.0261, 0.0261, 0.0261, 0.0199, 0.02, 0.0106, 0.0106, 0.0327, 0.0327, 0.0327, 0.0327], [0.0002, 0.0002, 0.0002, 0.0002, 0.0, 0.0, 0.0008, 0.0008, 0.0005, 0.0005, 0.0, 0.0, 0.0074, 0.0074, 0.032100000000000004, 0.032100000000000004, 0.0002, 0.0002, 0.0002, 0.0002, 0.027600000000000003, 0.027600000000000003, 0.017, 0.017, 0.0, 0.0, 0.0, 0.0], [0.0, 0.0, 0.0, 0.0, 0.0, 0.0, 0.0, 0.0, 0.0, 0.0, 0.0, 0.0, 0.0, 0.0, 0.0, 0.0, 0.0007, 0.0007, 0.0007, 0.0007, 0.0, 0.0, 0.0, 0.0, 0.0005, 0.0005, 0.0005, 0.0005], [0.0, 0.0, 0.0, 0.0, 0.0, 0.0, 0.0, 0.0, 0.0, 0.0, 0.0, 0.0, 0.0, 0.0, 0.0, 0.0, 0.0, 0.0, 0.0, 0.0, 0.0, 0.0, 0.0, 0.0, 0.0, 0.0, 0.0, 0.0], [0.0, 0.0, 0.0001, 0.0001, 0.0002, 0.0002, 0.0001, 0.0001, 0.0001, 0.0001, 0.0012000000000000001, 0.0012000000000000001, 0.0, 0.0, 0.0, 0.0, 0.0, 0.0, 0.0, 0.0, 0.0, 0.0, 0.0, 0.0, 0.0, 0.0, 0.0, 0.0], [0.0, 0.0, 0.00030000000000000003, 0.00030000000000000003, 0.0002, 0.0002, 0.0, 0.0, 0.0051, 0.0051, 0.0023, 0.0023, 0.0, 0.0, 0.0, 0.0, 0.0, 0.0, 0.0, 0.0, 0.0, 0.0, 0.0, 0.0, 0.0, 0.0, 0.0, 0.0], [0.0, 0.0, 0.0, 0.0, 0.0, 0.0, 0.0, 0.0, 0.0, 0.0, 0.0, 0.0, 0.0, 0.0, 0.0, 0.0, 0.0, 0.0, 0.0, 0.0, 0.0, 0.0, 0.0, 0.0, 0.0, 0.0, 0.0, 0.0], [0.0001, 0.0001, 0.0, 0.0, 0.0001, 0.0001, 0.0001, 0.0001, 0.00030000000000000003, 0.00030000000000000003, 0.0008, 0.0008, 0.0, 0.0, 0.0, 0.0, 0.0, 0.0, 0.0, 0.0, 0.0, 0.0, 0.0, 0.0, 0.0, 0.0, 0.0, 0.0]]}}
bs_setyawan_curtarolo_efermi: 1.38128559
bs_latimer_munro_task_id: mp-2304665
bs_latimer_munro_band_gap: 2.3862
bs_latimer_munro_cbm: {'band_index': {'1': [124]}, 'kpoint_index': [14, 15, 53, 54, 66, 108, 109, 133, 146], 'kpoint': <pymatgen.electronic_structure.bandstructure.Kpoint object at 0x7fc5d4b5a430>, 'energy': 3.6684, 'projections': {'1': [[0.0, 0.0, 0.0, 0.0, 0.0, 0.0, 0.0, 0.0, 0.0, 0.0, 0.0, 0.0, 0.0, 0.0, 0.0, 0.0, 0.0004, 0.0004, 0.0004, 0.0004, 0.0, 0.0, 0.0, 0.0, 0.0, 0.0, 0.0, 0.0], [0.0, 0.0, 0.0, 0.0, 0.0, 0.0, 0.0, 0.0, 0.0, 0.0, 0.0, 0.0, 0.0, 0.0, 0.0, 0.0, 0.0007, 0.0007, 0.0007, 0.0007, 0.0, 0.0, 0.0, 0.0, 0.0207, 0.0207, 0.0207, 0.0207], [0.0, 0.0, 0.0, 0.0, 0.0, 0.0, 0.0, 0.0, 0.0, 0.0, 0.0, 0.0, 0.0, 0.0, 0.0, 0.0, 0.0011, 0.0011, 0.0011, 0.0011, 0.0, 0.0, 0.0, 0.0, 0.0002, 0.0002, 0.0002, 0.0002], [0.0015, 0.0015, 0.0, 0.0, 0.013600000000000001, 0.013600000000000001, 0.0108, 0.0108, 0.0, 0.0, 0.0002, 0.0002, 0.001, 0.001, 0.0, 0.0, 0.0002, 0.0002, 0.0002, 0.0002, 0.0064, 0.0064, 0.0128, 0.0128, 0.0001, 0.0001, 0.0001, 0.0001], [0.0, 0.0, 0.0, 0.0, 0.0001, 0.0001, 0.0, 0.0, 0.009600000000000001, 0.009600000000000001, 0.2919, 0.2918, 0.0, 0.0, 0.0, 0.0, 0.0, 0.0, 0.0, 0.0, 0.0, 0.0, 0.0, 0.0, 0.0, 0.0, 0.0, 0.0], [0.0, 0.0, 0.0, 0.0, 0.0, 0.0, 0.0, 0.0, 0.0, 0.0, 0.0, 0.0, 0.0, 0.0, 0.0, 0.0, 0.0, 0.0, 0.0, 0.0, 0.0, 0.0, 0.0, 0.0, 0.0, 0.0, 0.0, 0.0], [0.0, 0.0, 0.0, 0.0, 0.0, 0.0, 0.0, 0.0, 0.0, 0.0, 0.0, 0.0, 0.0, 0.0, 0.0, 0.0, 0.0, 0.0, 0.0, 0.0, 0.0, 0.0, 0.0, 0.0, 0.0, 0.0, 0.0, 0.0], [0.0001, 0.0001, 0.0001, 0.0001, 0.0, 0.0, 0.0001, 0.0001, 0.00030000000000000003, 0.00030000000000000003, 0.0, 0.0, 0.0, 0.0, 0.0, 0.0, 0.0, 0.0, 0.0, 0.0, 0.0, 0.0, 0.0, 0.0, 0.0, 0.0, 0.0, 0.0], [0.0, 0.0, 0.0, 0.0, 0.0, 0.0, 0.0, 0.0, 0.0, 0.0, 0.0, 0.0, 0.0, 0.0, 0.0, 0.0, 0.0, 0.0, 0.0, 0.0, 0.0, 0.0, 0.0, 0.0, 0.0, 0.0, 0.0, 0.0]]}}
bs_latimer_munro_vbm: {'band_index': {'1': [123]}, 'kpoint_index': [14, 15, 53, 54, 66, 108, 109, 133, 146], 'kpoint': <pymatgen.electronic_structure.bandstructure.Kpoint object at 0x7fc5d4b59c50>, 'energy': 1.2822, 'projections': {'1': [[0.0142, 0.0142, 0.036500000000000005, 0.036500000000000005, 0.0351, 0.0351, 0.0252, 0.0252, 0.0, 0.0, 0.0004, 0.0004, 0.0001, 0.0001, 0.0001, 0.0001, 0.0001, 0.0001, 0.0001, 0.0001, 0.00030000000000000003, 0.00030000000000000003, 0.0001, 0.0001, 0.0001, 0.0001, 0.0001, 0.0001], [0.00030000000000000003, 0.00030000000000000003, 0.0004, 0.0004, 0.00030000000000000003, 0.00030000000000000003, 0.0002, 0.0002, 0.0014, 0.0014, 0.001, 0.001, 0.0077, 0.0077, 0.017, 0.017, 0.0261, 0.0262, 0.0261, 0.0262, 0.02, 0.02, 0.0106, 0.0106, 0.0327, 0.0327, 0.0327, 0.0327], [0.0002, 0.0002, 0.0002, 0.0002, 0.0, 0.0, 0.0008, 0.0008, 0.0005, 0.0005, 0.0, 0.0, 0.0074, 0.0074, 0.032100000000000004, 0.032100000000000004, 0.0002, 0.0002, 0.0002, 0.0002, 0.027600000000000003, 0.027600000000000003, 0.017, 0.017, 0.0, 0.0, 0.0, 0.0], [0.0, 0.0, 0.0, 0.0, 0.0, 0.0, 0.0, 0.0, 0.0, 0.0, 0.0, 0.0, 0.0, 0.0, 0.0, 0.0, 0.0007, 0.0007, 0.0007, 0.0007, 0.0, 0.0, 0.0, 0.0, 0.0005, 0.0005, 0.0005, 0.0005], [0.0, 0.0, 0.0, 0.0, 0.0, 0.0, 0.0, 0.0, 0.0, 0.0, 0.0, 0.0, 0.0, 0.0, 0.0, 0.0, 0.0, 0.0, 0.0, 0.0, 0.0, 0.0, 0.0, 0.0, 0.0, 0.0, 0.0, 0.0], [0.0, 0.0, 0.0001, 0.0001, 0.0002, 0.0002, 0.0001, 0.0001, 0.0001, 0.0001, 0.0012000000000000001, 0.0012000000000000001, 0.0, 0.0, 0.0, 0.0, 0.0, 0.0, 0.0, 0.0, 0.0, 0.0, 0.0, 0.0, 0.0, 0.0, 0.0, 0.0], [0.0, 0.0, 0.00030000000000000003, 0.00030000000000000003, 0.0002, 0.0002, 0.0, 0.0, 0.0051, 0.0051, 0.0023, 0.0023, 0.0, 0.0, 0.0, 0.0, 0.0, 0.0, 0.0, 0.0, 0.0, 0.0, 0.0, 0.0, 0.0, 0.0, 0.0, 0.0], [0.0, 0.0, 0.0, 0.0, 0.0, 0.0, 0.0, 0.0, 0.0, 0.0, 0.0, 0.0, 0.0, 0.0, 0.0, 0.0, 0.0, 0.0, 0.0, 0.0, 0.0, 0.0, 0.0, 0.0, 0.0, 0.0, 0.0, 0.0], [0.0001, 0.0001, 0.0, 0.0, 0.0001, 0.0001, 0.0001, 0.0001, 0.00030000000000000003, 0.00030000000000000003, 0.0008, 0.0008, 0.0, 0.0, 0.0, 0.0, 0.0, 0.0, 0.0, 0.0, 0.0, 0.0, 0.0, 0.0, 0.0, 0.0, 0.0, 0.0]]}}
bs_latimer_munro_efermi: 1.34860987