material_id: mp-1018719
band_gap: 1.8989
efermi: 4.89195548
dos_magnetic_ordering: NM
dos_total_task_id: mp-1760290
dos_total_band_gap: 1.9011
dos_total_cbm: 6.6828
dos_total_vbm: 4.7817
dos_total_efermi: 4.78218018
bs_setyawan_curtarolo_task_id: mp-1614892
bs_setyawan_curtarolo_band_gap: 1.8989
bs_setyawan_curtarolo_cbm: {'band_index': {'1': [22]}, 'kpoint_index': [0, 75, 76], 'kpoint': <pymatgen.electronic_structure.bandstructure.Kpoint object at 0x7fc699d63930>, 'energy': 6.6784, 'projections': {'1': [[0.0, 0.0, 0.0, 0.0, 0.0, 0.0], [0.0, 0.0, 0.0, 0.0, 0.0, 0.0], [0.0, 0.0, 0.0, 0.0, 0.0, 0.0], [0.0, 0.0, 0.0, 0.0, 0.0, 0.0], [0.047400000000000005, 0.7632, 0.0, 0.0, 0.0, 0.0], [0.0, 0.0, 0.0, 0.0, 0.0, 0.0], [0.0, 0.0, 0.0, 0.0, 0.0, 0.0], [0.0, 0.0, 0.0, 0.0, 0.0, 0.0], [0.0, 0.0, 0.0, 0.0, 0.0, 0.0]]}}
bs_setyawan_curtarolo_vbm: {'band_index': {'1': [21]}, 'kpoint_index': [56, 57, 165], 'kpoint': <pymatgen.electronic_structure.bandstructure.Kpoint object at 0x7fc5d4b59c50>, 'energy': 4.7795000000000005, 'projections': {'1': [[0.0008, 0.0, 0.0013000000000000002, 0.0, 0.00030000000000000003, 0.0], [0.0, 0.0146, 0.0, 0.0118, 0.0, 0.0046], [0.0181, 0.0, 0.4307, 0.0, 0.19190000000000002, 0.0], [0.0, 0.0, 0.0, 0.0, 0.0, 0.0], [0.0, 0.0, 0.0, 0.0, 0.0, 0.0], [0.0, 0.046400000000000004, 0.0, 0.0, 0.0, 0.0], [0.0095, 0.0, 0.0, 0.0, 0.0, 0.0], [0.0, 0.0, 0.0, 0.0, 0.0, 0.0], [0.004, 0.0, 0.0, 0.0, 0.0, 0.0]]}}
bs_setyawan_curtarolo_efermi: 4.89195548
bs_hinuma_task_id: mp-2082375
bs_hinuma_band_gap: 1.8989
bs_hinuma_cbm: {'band_index': {'1': [22]}, 'kpoint_index': [0, 75, 76], 'kpoint': <pymatgen.electronic_structure.bandstructure.Kpoint object at 0x7fc5d4b59e80>, 'energy': 6.6784, 'projections': {'1': [[0.0, 0.0, 0.0, 0.0, 0.0, 0.0], [0.0, 0.0, 0.0, 0.0, 0.0, 0.0], [0.0, 0.0, 0.0, 0.0, 0.0, 0.0], [0.0, 0.0, 0.0, 0.0, 0.0, 0.0], [0.047400000000000005, 0.7632, 0.0, 0.0, 0.0, 0.0], [0.0, 0.0, 0.0, 0.0, 0.0, 0.0], [0.0, 0.0, 0.0, 0.0, 0.0, 0.0], [0.0, 0.0, 0.0, 0.0, 0.0, 0.0], [0.0, 0.0, 0.0, 0.0, 0.0, 0.0]]}}
bs_hinuma_vbm: {'band_index': {'1': [21]}, 'kpoint_index': [56, 57, 178], 'kpoint': <pymatgen.electronic_structure.bandstructure.Kpoint object at 0x7fc5d4b5a350>, 'energy': 4.7795000000000005, 'projections': {'1': [[0.0008, 0.0, 0.0013000000000000002, 0.0, 0.00030000000000000003, 0.0], [0.0, 0.0146, 0.0, 0.0118, 0.0, 0.0046], [0.0181, 0.0, 0.4307, 0.0, 0.19190000000000002, 0.0], [0.0, 0.0, 0.0, 0.0, 0.0, 0.0], [0.0, 0.0, 0.0, 0.0, 0.0, 0.0], [0.0, 0.046400000000000004, 0.0, 0.0, 0.0, 0.0], [0.0095, 0.0, 0.0, 0.0, 0.0, 0.0], [0.0, 0.0, 0.0, 0.0, 0.0, 0.0], [0.004, 0.0, 0.0, 0.0, 0.0, 0.0]]}}
bs_hinuma_efermi: 4.89195548
bs_latimer_munro_task_id: mp-2333758
bs_latimer_munro_band_gap: 1.8989
bs_latimer_munro_cbm: {'band_index': {'1': [22]}, 'kpoint_index': [41, 42, 203, 204, 328, 329], 'kpoint': <pymatgen.electronic_structure.bandstructure.Kpoint object at 0x7fc5d4b5a430>, 'energy': 6.6784, 'projections': {'1': [[0.0, 0.0, 0.0, 0.0, 0.0, 0.0], [0.0, 0.0, 0.0, 0.0, 0.0, 0.0], [0.0, 0.0, 0.0, 0.0, 0.0, 0.0], [0.0, 0.0, 0.0, 0.0, 0.0, 0.0], [0.047400000000000005, 0.7632, 0.0, 0.0, 0.0, 0.0], [0.0, 0.0, 0.0, 0.0, 0.0, 0.0], [0.0, 0.0, 0.0, 0.0, 0.0, 0.0], [0.0, 0.0, 0.0, 0.0, 0.0, 0.0], [0.0, 0.0, 0.0, 0.0, 0.0, 0.0]]}}
bs_latimer_munro_vbm: {'band_index': {'1': [21]}, 'kpoint_index': [141, 142, 309, 310], 'kpoint': <pymatgen.electronic_structure.bandstructure.Kpoint object at 0x7fc5d4b5a190>, 'energy': 4.7795000000000005, 'projections': {'1': [[0.0008, 0.0, 0.0013000000000000002, 0.0, 0.00030000000000000003, 0.0], [0.0, 0.0146, 0.0, 0.0118, 0.0, 0.0046], [0.0181, 0.0, 0.4307, 0.0, 0.19190000000000002, 0.0], [0.0, 0.0, 0.0, 0.0, 0.0, 0.0], [0.0, 0.0, 0.0, 0.0, 0.0, 0.0], [0.0, 0.046400000000000004, 0.0, 0.0, 0.0, 0.0], [0.0095, 0.0, 0.0, 0.0, 0.0, 0.0], [0.0, 0.0, 0.0, 0.0, 0.0, 0.0], [0.004, 0.0, 0.0, 0.0, 0.0, 0.0]]}}
bs_latimer_munro_efermi: 4.89439332