material_id: mp-17272
band_gap: 0.9590000000000001
efermi: 2.07514919
dos_magnetic_ordering: NM
dos_total_task_id: mp-1709214
dos_total_band_gap: 0.960299999999999
dos_total_cbm: 2.9223
dos_total_vbm: 1.962
dos_total_efermi: 1.9739717300000001
bs_setyawan_curtarolo_task_id: mp-1607464
bs_setyawan_curtarolo_band_gap: 0.9590000000000001
bs_setyawan_curtarolo_cbm: {'band_index': {'1': [92]}, 'kpoint_index': ['65'], 'kpoint': <pymatgen.electronic_structure.bandstructure.Kpoint object at 0x7fc699d63930>, 'energy': 2.9161, 'projections': {'1': [[0.0008, 0.0008, 0.0, 0.0, 0.0048000000000000004, 0.0048000000000000004, 0.0004, 0.0004, 0.00030000000000000003, 0.00030000000000000003, 0.0007, 0.0007, 0.0006000000000000001, 0.0006000000000000001, 0.0006000000000000001, 0.0006000000000000001, 0.0002, 0.0002, 0.0002, 0.0002], [0.0, 0.0, 0.0006000000000000001, 0.0006000000000000001, 0.0, 0.0, 0.00030000000000000003, 0.00030000000000000003, 0.0011, 0.0011, 0.00030000000000000003, 0.00030000000000000003, 0.0027, 0.0027, 0.0027, 0.0027, 0.0, 0.0, 0.0, 0.0], [0.0, 0.0, 0.0001, 0.0001, 0.0, 0.0, 0.0004, 0.0004, 0.0, 0.0, 0.0004, 0.0004, 0.0, 0.0, 0.0, 0.0, 0.00030000000000000003, 0.00030000000000000003, 0.00030000000000000003, 0.00030000000000000003], [0.0014, 0.0014, 0.0001, 0.0001, 0.0005, 0.0005, 0.0001, 0.0001, 0.0, 0.0, 0.0002, 0.0002, 0.0032, 0.0032, 0.0032, 0.0032, 0.0008, 0.0008, 0.0008, 0.0008], [0.0, 0.0, 0.0018000000000000002, 0.0018000000000000002, 0.0, 0.0, 0.00030000000000000003, 0.00030000000000000003, 0.0, 0.0, 0.0, 0.0, 0.0, 0.0, 0.0, 0.0, 0.0, 0.0, 0.0, 0.0], [0.030100000000000002, 0.030100000000000002, 0.08610000000000001, 0.08610000000000001, 0.0068000000000000005, 0.0068000000000000005, 0.0024000000000000002, 0.0024000000000000002, 0.0, 0.0, 0.0, 0.0, 0.0, 0.0, 0.0, 0.0, 0.0, 0.0, 0.0, 0.0], [0.0216, 0.0216, 0.0145, 0.0145, 0.0012000000000000001, 0.0012000000000000001, 0.0045000000000000005, 0.0045000000000000005, 0.0, 0.0, 0.0, 0.0, 0.0, 0.0, 0.0, 0.0, 0.0, 0.0, 0.0, 0.0], [0.0, 0.0, 0.00030000000000000003, 0.00030000000000000003, 0.0, 0.0, 0.0008, 0.0008, 0.0, 0.0, 0.0, 0.0, 0.0, 0.0, 0.0, 0.0, 0.0, 0.0, 0.0, 0.0], [0.12350000000000001, 0.12350000000000001, 0.112, 0.112, 0.0016, 0.0016, 0.0, 0.0, 0.0, 0.0, 0.0, 0.0, 0.0, 0.0, 0.0, 0.0, 0.0, 0.0, 0.0, 0.0]]}}
bs_setyawan_curtarolo_vbm: {'band_index': {'1': [91]}, 'kpoint_index': [25, 26], 'kpoint': <pymatgen.electronic_structure.bandstructure.Kpoint object at 0x7fc5d4b59e80>, 'energy': 1.9571, 'projections': {'1': [[0.0, 0.0, 0.0, 0.0, 0.024800000000000003, 0.0247, 0.0, 0.0, 0.0, 0.0, 0.0, 0.0, 0.0002, 0.0002, 0.0002, 0.0002, 0.0, 0.0, 0.0, 0.0], [0.0009000000000000001, 0.0009000000000000001, 0.0, 0.0, 0.0, 0.0, 0.0, 0.0, 0.0, 0.0, 0.0, 0.0, 0.0028, 0.0028, 0.0028, 0.0028, 0.0001, 0.0001, 0.0001, 0.0001], [0.0012000000000000001, 0.0012000000000000001, 0.0, 0.0, 0.0, 0.0, 0.0, 0.0, 0.0, 0.0, 0.0, 0.0, 0.014700000000000001, 0.014700000000000001, 0.014700000000000001, 0.014700000000000001, 0.0, 0.0, 0.0, 0.0], [0.0, 0.0, 0.00030000000000000003, 0.00030000000000000003, 0.0011, 0.0011, 0.0001, 0.0001, 0.0132, 0.0132, 0.0014, 0.0014, 0.004200000000000001, 0.004200000000000001, 0.004200000000000001, 0.004200000000000001, 0.0001, 0.0001, 0.0001, 0.0001], [0.0, 0.0, 0.0, 0.0, 0.0, 0.0, 0.0309, 0.0309, 0.0, 0.0, 0.0, 0.0, 0.0, 0.0, 0.0, 0.0, 0.0, 0.0, 0.0, 0.0], [0.0, 0.0, 0.0, 0.0, 0.10830000000000001, 0.10830000000000001, 0.0, 0.0, 0.0, 0.0, 0.0, 0.0, 0.0, 0.0, 0.0, 0.0, 0.0, 0.0, 0.0, 0.0], [0.0, 0.0, 0.0, 0.0, 0.1476, 0.1476, 0.0, 0.0, 0.0, 0.0, 0.0, 0.0, 0.0, 0.0, 0.0, 0.0, 0.0, 0.0, 0.0, 0.0], [0.0004, 0.0004, 0.0002, 0.0002, 0.0, 0.0, 0.002, 0.002, 0.0, 0.0, 0.0, 0.0, 0.0, 0.0, 0.0, 0.0, 0.0, 0.0, 0.0, 0.0], [0.0, 0.0, 0.0, 0.0, 0.0589, 0.0589, 0.0, 0.0, 0.0, 0.0, 0.0, 0.0, 0.0, 0.0, 0.0, 0.0, 0.0, 0.0, 0.0, 0.0]]}}
bs_setyawan_curtarolo_efermi: 2.07514919