material_id: mp-15221
band_gap: 1.9749
efermi: 1.25257273
dos_magnetic_ordering: NM
dos_total_task_id: mp-1708524
dos_total_band_gap: 1.9842
dos_total_cbm: 3.0859
dos_total_vbm: 1.1017
dos_total_efermi: 1.11276829
bs_setyawan_curtarolo_task_id: mp-1608739
bs_setyawan_curtarolo_band_gap: 1.9749
bs_setyawan_curtarolo_cbm: {'band_index': {'1': [70]}, 'kpoint_index': ['33'], 'kpoint': <pymatgen.electronic_structure.bandstructure.Kpoint object at 0x7fc699d63930>, 'energy': 3.0859, 'projections': {'1': [[0.0015, 0.0015, 0.0015, 0.0015, 0.0016, 0.0016, 0.0004, 0.0004, 0.0008, 0.0008, 0.0008, 0.0008, 0.0008, 0.0008, 0.0008, 0.0008], [0.0, 0.0, 0.0, 0.0, 0.0, 0.0, 0.0, 0.0, 0.0037, 0.0037, 0.0037, 0.0037, 0.0037, 0.0037, 0.0037, 0.0037], [0.0004, 0.0004, 0.0004, 0.0004, 0.0, 0.0, 0.0, 0.0, 0.006200000000000001, 0.006200000000000001, 0.006200000000000001, 0.006200000000000001, 0.006200000000000001, 0.006200000000000001, 0.006200000000000001, 0.006200000000000001], [0.0, 0.0, 0.0, 0.0, 0.0, 0.0, 0.0, 0.0, 0.0004, 0.0004, 0.0004, 0.0004, 0.0004, 0.0004, 0.0004, 0.0004], [0.0001, 0.0001, 0.0001, 0.0001, 0.002, 0.002, 0.0, 0.0, 0.0, 0.0, 0.0, 0.0, 0.0, 0.0, 0.0, 0.0], [0.0, 0.0, 0.0, 0.0, 0.0, 0.0, 0.0, 0.0, 0.0, 0.0, 0.0, 0.0, 0.0, 0.0, 0.0, 0.0], [0.0, 0.0, 0.0, 0.0, 0.1917, 0.1917, 0.008400000000000001, 0.008400000000000001, 0.0, 0.0, 0.0, 0.0, 0.0, 0.0, 0.0, 0.0], [0.0, 0.0, 0.0, 0.0, 0.0, 0.0, 0.0, 0.0, 0.0, 0.0, 0.0, 0.0, 0.0, 0.0, 0.0, 0.0], [0.0006000000000000001, 0.0006000000000000001, 0.0006000000000000001, 0.0006000000000000001, 0.08360000000000001, 0.08360000000000001, 0.0001, 0.0001, 0.0, 0.0, 0.0, 0.0, 0.0, 0.0, 0.0, 0.0]]}}
bs_setyawan_curtarolo_vbm: {'band_index': {'1': [68, 69]}, 'kpoint_index': ['91'], 'kpoint': <pymatgen.electronic_structure.bandstructure.Kpoint object at 0x7fc5d4b5a3c0>, 'energy': 1.111, 'projections': {'1': [[0.0, 0.0, 0.0, 0.0, 0.0002, 0.0002, 0.0, 0.0, 0.0, 0.0002, 0.0002, 0.0, 0.0, 0.0002, 0.0002, 0.0], [0.0001, 0.0008, 0.0001, 0.0008, 0.0002, 0.0002, 0.0024000000000000002, 0.0023, 0.0219, 0.0176, 0.0176, 0.022, 0.0228, 0.018500000000000003, 0.0184, 0.0227], [0.0001, 0.0001, 0.0001, 0.0001, 0.0004, 0.00030000000000000003, 0.0011, 0.0011, 0.016900000000000002, 0.0077, 0.0077, 0.016900000000000002, 0.017400000000000002, 0.0082, 0.0082, 0.017400000000000002], [0.0007, 0.0001, 0.0007, 0.0001, 0.0, 0.0, 0.0, 0.0, 0.01, 0.0132, 0.0132, 0.01, 0.0105, 0.0137, 0.0137, 0.0105], [0.0001, 0.0, 0.0001, 0.0, 0.0005, 0.0005, 0.057300000000000004, 0.054900000000000004, 0.0, 0.0, 0.0, 0.0, 0.0, 0.0, 0.0, 0.0], [0.0, 0.00030000000000000003, 0.0, 0.00030000000000000003, 0.0002, 0.0002, 0.00030000000000000003, 0.00030000000000000003, 0.0, 0.0, 0.0, 0.0, 0.0, 0.0, 0.0, 0.0], [0.0001, 0.0, 0.0001, 0.0, 0.0, 0.0, 0.0012000000000000001, 0.0012000000000000001, 0.0, 0.0, 0.0, 0.0, 0.0, 0.0, 0.0, 0.0], [0.0, 0.0, 0.0, 0.0, 0.0001, 0.0001, 0.097, 0.093, 0.0, 0.0, 0.0, 0.0, 0.0, 0.0, 0.0, 0.0], [0.0, 0.0, 0.0, 0.0, 0.0, 0.0, 0.0004, 0.0004, 0.0, 0.0, 0.0, 0.0, 0.0, 0.0, 0.0, 0.0]]}}
bs_setyawan_curtarolo_efermi: 1.25257273
bs_hinuma_task_id: mp-2169589
bs_hinuma_band_gap: 1.9749
bs_hinuma_cbm: {'band_index': {'1': [70]}, 'kpoint_index': ['33'], 'kpoint': <pymatgen.electronic_structure.bandstructure.Kpoint object at 0x7fc5d4b5a430>, 'energy': 3.0859, 'projections': {'1': [[0.0015, 0.0015, 0.0015, 0.0015, 0.0016, 0.0016, 0.0004, 0.0004, 0.0008, 0.0008, 0.0008, 0.0008, 0.0008, 0.0008, 0.0008, 0.0008], [0.0, 0.0, 0.0, 0.0, 0.0, 0.0, 0.0, 0.0, 0.0037, 0.0037, 0.0037, 0.0037, 0.0037, 0.0037, 0.0037, 0.0037], [0.0004, 0.0004, 0.0004, 0.0004, 0.0, 0.0, 0.0, 0.0, 0.006200000000000001, 0.006200000000000001, 0.006200000000000001, 0.006200000000000001, 0.006200000000000001, 0.006200000000000001, 0.006200000000000001, 0.006200000000000001], [0.0, 0.0, 0.0, 0.0, 0.0, 0.0, 0.0, 0.0, 0.0004, 0.0004, 0.0004, 0.0004, 0.0004, 0.0004, 0.0004, 0.0004], [0.0001, 0.0001, 0.0001, 0.0001, 0.002, 0.002, 0.0, 0.0, 0.0, 0.0, 0.0, 0.0, 0.0, 0.0, 0.0, 0.0], [0.0, 0.0, 0.0, 0.0, 0.0, 0.0, 0.0, 0.0, 0.0, 0.0, 0.0, 0.0, 0.0, 0.0, 0.0, 0.0], [0.0, 0.0, 0.0, 0.0, 0.1917, 0.1917, 0.008400000000000001, 0.008400000000000001, 0.0, 0.0, 0.0, 0.0, 0.0, 0.0, 0.0, 0.0], [0.0, 0.0, 0.0, 0.0, 0.0, 0.0, 0.0, 0.0, 0.0, 0.0, 0.0, 0.0, 0.0, 0.0, 0.0, 0.0], [0.0006000000000000001, 0.0006000000000000001, 0.0006000000000000001, 0.0006000000000000001, 0.08360000000000001, 0.08360000000000001, 0.0001, 0.0001, 0.0, 0.0, 0.0, 0.0, 0.0, 0.0, 0.0, 0.0]]}}
bs_hinuma_vbm: {'band_index': {'1': [68, 69]}, 'kpoint_index': ['73'], 'kpoint': <pymatgen.electronic_structure.bandstructure.Kpoint object at 0x7fc5d4b5a200>, 'energy': 1.111, 'projections': {'1': [[0.0, 0.0, 0.0, 0.0, 0.0002, 0.0002, 0.0, 0.0, 0.0, 0.0002, 0.0002, 0.0, 0.0, 0.0002, 0.0002, 0.0], [0.0001, 0.0008, 0.0001, 0.0008, 0.0002, 0.0002, 0.0022, 0.0025, 0.0238, 0.0188, 0.0196, 0.023, 0.020800000000000003, 0.0165, 0.0173, 0.0216], [0.0001, 0.0001, 0.0001, 0.0001, 0.00030000000000000003, 0.0004, 0.001, 0.0011, 0.018000000000000002, 0.008400000000000001, 0.0088, 0.0176, 0.016300000000000002, 0.0071, 0.007500000000000001, 0.0166], [0.0006000000000000001, 0.0001, 0.0007, 0.0001, 0.0, 0.0, 0.0, 0.0, 0.0109, 0.014100000000000001, 0.014100000000000001, 0.011, 0.009600000000000001, 0.0128, 0.012700000000000001, 0.0095], [0.0001, 0.0, 0.0001, 0.0, 0.0005, 0.0006000000000000001, 0.0528, 0.0594, 0.0, 0.0, 0.0, 0.0, 0.0, 0.0, 0.0, 0.0], [0.0, 0.00030000000000000003, 0.0, 0.00030000000000000003, 0.0002, 0.0002, 0.00030000000000000003, 0.00030000000000000003, 0.0, 0.0, 0.0, 0.0, 0.0, 0.0, 0.0, 0.0], [0.0001, 0.0, 0.0001, 0.0, 0.0, 0.0, 0.0013000000000000002, 0.0011, 0.0, 0.0, 0.0, 0.0, 0.0, 0.0, 0.0, 0.0], [0.0, 0.0, 0.0, 0.0, 0.0001, 0.0001, 0.08940000000000001, 0.10060000000000001, 0.0, 0.0, 0.0, 0.0, 0.0, 0.0, 0.0, 0.0], [0.0, 0.0, 0.0, 0.0, 0.0, 0.0, 0.0004, 0.0004, 0.0, 0.0, 0.0, 0.0, 0.0, 0.0, 0.0, 0.0]]}}
bs_hinuma_efermi: 1.25257273
bs_latimer_munro_task_id: mp-2711377
bs_latimer_munro_band_gap: 1.9741
bs_latimer_munro_cbm: {'band_index': {'1': [70]}, 'kpoint_index': ['213'], 'kpoint': <pymatgen.electronic_structure.bandstructure.Kpoint object at 0x7fc5d4b5a350>, 'energy': 3.0859, 'projections': {'1': [[0.0015, 0.0015, 0.0015, 0.0015, 0.0016, 0.0016, 0.0004, 0.0004, 0.0008, 0.0008, 0.0008, 0.0008, 0.0008, 0.0008, 0.0008, 0.0008], [0.0, 0.0, 0.0, 0.0, 0.0, 0.0, 0.0, 0.0, 0.0037, 0.0037, 0.0037, 0.0037, 0.0037, 0.0037, 0.0037, 0.0037], [0.0004, 0.0004, 0.0004, 0.0004, 0.0, 0.0, 0.0, 0.0, 0.006200000000000001, 0.006200000000000001, 0.006200000000000001, 0.006200000000000001, 0.006200000000000001, 0.006200000000000001, 0.006200000000000001, 0.006200000000000001], [0.0, 0.0, 0.0, 0.0, 0.0, 0.0, 0.0, 0.0, 0.0004, 0.0004, 0.0004, 0.0004, 0.0004, 0.0004, 0.0004, 0.0004], [0.0001, 0.0001, 0.0001, 0.0001, 0.002, 0.002, 0.0, 0.0, 0.0, 0.0, 0.0, 0.0, 0.0, 0.0, 0.0, 0.0], [0.0, 0.0, 0.0, 0.0, 0.0, 0.0, 0.0, 0.0, 0.0, 0.0, 0.0, 0.0, 0.0, 0.0, 0.0, 0.0], [0.0, 0.0, 0.0, 0.0, 0.1917, 0.1917, 0.008400000000000001, 0.008400000000000001, 0.0, 0.0, 0.0, 0.0, 0.0, 0.0, 0.0, 0.0], [0.0, 0.0, 0.0, 0.0, 0.0, 0.0, 0.0, 0.0, 0.0, 0.0, 0.0, 0.0, 0.0, 0.0, 0.0, 0.0], [0.0006000000000000001, 0.0006000000000000001, 0.0006000000000000001, 0.0006000000000000001, 0.08360000000000001, 0.08360000000000001, 0.0001, 0.0001, 0.0, 0.0, 0.0, 0.0, 0.0, 0.0, 0.0, 0.0]]}}
bs_latimer_munro_vbm: {'band_index': {'1': [69]}, 'kpoint_index': ['91'], 'kpoint': <pymatgen.electronic_structure.bandstructure.Kpoint object at 0x7fc5d4b59e80>, 'energy': 1.1118000000000001, 'projections': {'1': [[0.0, 0.0, 0.0, 0.0, 0.0001, 0.0001, 0.0, 0.0, 0.0001, 0.0002, 0.0001, 0.0002, 0.0002, 0.0002, 0.0001, 0.0001], [0.0001, 0.0001, 0.0001, 0.0001, 0.0001, 0.0001, 0.0024000000000000002, 0.0024000000000000002, 0.023100000000000002, 0.016300000000000002, 0.023100000000000002, 0.016300000000000002, 0.016300000000000002, 0.016300000000000002, 0.023100000000000002, 0.023100000000000002], [0.0001, 0.0001, 0.0001, 0.0001, 0.00030000000000000003, 0.00030000000000000003, 0.0013000000000000002, 0.0013000000000000002, 0.0128, 0.0094, 0.0129, 0.0094, 0.0094, 0.0094, 0.0129, 0.0128], [0.0006000000000000001, 0.0006000000000000001, 0.0006000000000000001, 0.0006000000000000001, 0.0, 0.0, 0.0, 0.0, 0.0131, 0.013600000000000001, 0.0131, 0.013600000000000001, 0.013600000000000001, 0.013600000000000001, 0.0131, 0.0131], [0.0001, 0.0001, 0.0001, 0.0001, 0.0, 0.0, 0.0551, 0.0551, 0.0, 0.0, 0.0, 0.0, 0.0, 0.0, 0.0, 0.0], [0.0, 0.0, 0.0, 0.0, 0.0001, 0.0001, 0.0002, 0.0002, 0.0, 0.0, 0.0, 0.0, 0.0, 0.0, 0.0, 0.0], [0.0001, 0.0001, 0.0001, 0.0001, 0.0, 0.0, 0.0006000000000000001, 0.0006000000000000001, 0.0, 0.0, 0.0, 0.0, 0.0, 0.0, 0.0, 0.0], [0.0001, 0.0001, 0.0001, 0.0001, 0.0, 0.0, 0.10020000000000001, 0.10020000000000001, 0.0, 0.0, 0.0, 0.0, 0.0, 0.0, 0.0, 0.0], [0.0, 0.0, 0.0, 0.0, 0.0, 0.0, 0.0002, 0.0002, 0.0, 0.0, 0.0, 0.0, 0.0, 0.0, 0.0, 0.0]]}}
bs_latimer_munro_efermi: 1.26602076