material_id: mp-1095172
band_gap: 2.2185
efermi: 1.937653469999999
dos_magnetic_ordering: NM
dos_total_task_id: mp-1697810
dos_total_band_gap: 2.249199999999999
dos_total_cbm: 4.0798
dos_total_vbm: 1.8306
dos_total_efermi: 1.83784725
bs_setyawan_curtarolo_task_id: mp-1602432
bs_setyawan_curtarolo_band_gap: 2.2185
bs_setyawan_curtarolo_cbm: {'band_index': {'1': [32]}, 'kpoint_index': [18, 19, 111], 'kpoint': <pymatgen.electronic_structure.bandstructure.Kpoint object at 0x7fc699d63930>, 'energy': 4.0426, 'projections': {'1': [[0.0019, 0.0019, 0.0025, 0.0025, 0.0, 0.0, 0.0, 0.0], [0.0001, 0.0001, 0.0, 0.0, 0.0002, 0.0002, 0.0002, 0.0002], [0.0, 0.0, 0.0, 0.0, 0.0043, 0.0043, 0.0043, 0.0043], [0.0004, 0.0004, 0.0, 0.0, 0.0005, 0.0005, 0.0005, 0.0005], [0.0142, 0.0142, 0.0267, 0.0267, 0.0, 0.0, 0.0, 0.0], [0.0, 0.0, 0.011300000000000001, 0.011300000000000001, 0.0, 0.0, 0.0, 0.0], [0.0027, 0.0027, 0.063, 0.063, 0.0, 0.0, 0.0, 0.0], [0.0, 0.0, 0.034, 0.034, 0.0, 0.0, 0.0, 0.0], [0.0047, 0.0047, 0.0089, 0.0089, 0.0, 0.0, 0.0, 0.0]]}}
bs_setyawan_curtarolo_vbm: {'band_index': {'1': [30, 31]}, 'kpoint_index': [0, 50, 51], 'kpoint': <pymatgen.electronic_structure.bandstructure.Kpoint object at 0x7fc5d4b59e80>, 'energy': 1.8241, 'projections': {'1': [[0.0, 0.0, 0.0, 0.0, 0.0, 0.0, 0.0, 0.0], [0.0001, 0.0001, 0.0005, 0.0005, 0.011, 0.011, 0.011, 0.011], [0.0, 0.0, 0.0, 0.0, 0.0, 0.0, 0.0, 0.0], [0.0013000000000000002, 0.0013000000000000002, 0.0054, 0.0054, 0.11950000000000001, 0.11950000000000001, 0.11950000000000001, 0.11950000000000001], [0.0018000000000000002, 0.0018000000000000002, 0.0, 0.0, 0.0, 0.0, 0.0, 0.0], [0.0, 0.0, 0.0, 0.0, 0.0, 0.0, 0.0, 0.0], [0.0, 0.0, 0.0, 0.0, 0.0, 0.0, 0.0, 0.0], [0.0, 0.0, 0.0, 0.0, 0.0, 0.0, 0.0, 0.0], [0.0002, 0.0002, 0.0, 0.0, 0.0, 0.0, 0.0, 0.0]]}}
bs_setyawan_curtarolo_efermi: 1.937653469999999
bs_hinuma_task_id: mp-2065561
bs_hinuma_band_gap: 2.2185
bs_hinuma_cbm: {'band_index': {'1': [32]}, 'kpoint_index': [18, 19, 111], 'kpoint': <pymatgen.electronic_structure.bandstructure.Kpoint object at 0x7fc5d4b59be0>, 'energy': 4.0426, 'projections': {'1': [[0.0019, 0.0019, 0.0025, 0.0025, 0.0, 0.0, 0.0, 0.0], [0.0001, 0.0001, 0.0, 0.0, 0.0002, 0.0002, 0.0002, 0.0002], [0.0, 0.0, 0.0, 0.0, 0.0043, 0.0043, 0.0043, 0.0043], [0.0004, 0.0004, 0.0, 0.0, 0.0005, 0.0005, 0.0005, 0.0005], [0.0142, 0.0142, 0.0267, 0.0267, 0.0, 0.0, 0.0, 0.0], [0.0, 0.0, 0.011300000000000001, 0.011300000000000001, 0.0, 0.0, 0.0, 0.0], [0.0027, 0.0027, 0.063, 0.063, 0.0, 0.0, 0.0, 0.0], [0.0, 0.0, 0.034, 0.034, 0.0, 0.0, 0.0, 0.0], [0.0047, 0.0047, 0.0089, 0.0089, 0.0, 0.0, 0.0, 0.0]]}}
bs_hinuma_vbm: {'band_index': {'1': [30, 31]}, 'kpoint_index': [0, 50, 51], 'kpoint': <pymatgen.electronic_structure.bandstructure.Kpoint object at 0x7fc5d4b5a200>, 'energy': 1.8241, 'projections': {'1': [[0.0, 0.0, 0.0, 0.0, 0.0, 0.0, 0.0, 0.0], [0.0001, 0.0001, 0.0005, 0.0005, 0.011, 0.011, 0.011, 0.011], [0.0, 0.0, 0.0, 0.0, 0.0, 0.0, 0.0, 0.0], [0.0013000000000000002, 0.0013000000000000002, 0.0054, 0.0054, 0.11950000000000001, 0.11950000000000001, 0.11950000000000001, 0.11950000000000001], [0.0018000000000000002, 0.0018000000000000002, 0.0, 0.0, 0.0, 0.0, 0.0, 0.0], [0.0, 0.0, 0.0, 0.0, 0.0, 0.0, 0.0, 0.0], [0.0, 0.0, 0.0, 0.0, 0.0, 0.0, 0.0, 0.0], [0.0, 0.0, 0.0, 0.0, 0.0, 0.0, 0.0, 0.0], [0.0002, 0.0002, 0.0, 0.0, 0.0, 0.0, 0.0, 0.0]]}}
bs_hinuma_efermi: 1.937653469999999
bs_latimer_munro_task_id: mp-2440542
bs_latimer_munro_band_gap: 2.2185
bs_latimer_munro_cbm: {'band_index': {'1': [32]}, 'kpoint_index': [141, 142, 154, 159], 'kpoint': <pymatgen.electronic_structure.bandstructure.Kpoint object at 0x7fc5d4b59d30>, 'energy': 4.0426, 'projections': {'1': [[0.0019, 0.0019, 0.0025, 0.0025, 0.0, 0.0, 0.0, 0.0], [0.0001, 0.0001, 0.0, 0.0, 0.0002, 0.0002, 0.0002, 0.0002], [0.0, 0.0, 0.0, 0.0, 0.0043, 0.0043, 0.0043, 0.0043], [0.0004, 0.0004, 0.0, 0.0, 0.0005, 0.0005, 0.0005, 0.0005], [0.0142, 0.0142, 0.0267, 0.0267, 0.0, 0.0, 0.0, 0.0], [0.0, 0.0, 0.011300000000000001, 0.011300000000000001, 0.0, 0.0, 0.0, 0.0], [0.0027, 0.0027, 0.063, 0.063, 0.0, 0.0, 0.0, 0.0], [0.0, 0.0, 0.034, 0.034, 0.0, 0.0, 0.0, 0.0], [0.0047, 0.0047, 0.0089, 0.0089, 0.0, 0.0, 0.0, 0.0]]}}
bs_latimer_munro_vbm: {'band_index': {'1': [30, 31]}, 'kpoint_index': [32, 33, 117, 118, 123], 'kpoint': <pymatgen.electronic_structure.bandstructure.Kpoint object at 0x7fc5d4b5a190>, 'energy': 1.8241, 'projections': {'1': [[0.0, 0.0, 0.0, 0.0, 0.0, 0.0, 0.0, 0.0], [0.0, 0.0, 0.0001, 0.0001, 0.0013000000000000002, 0.0013000000000000002, 0.0013000000000000002, 0.0013000000000000002], [0.0, 0.0, 0.0, 0.0, 0.0, 0.0, 0.0, 0.0], [0.0014, 0.0014, 0.0059, 0.0059, 0.1292, 0.1291, 0.1291, 0.1292], [0.0019, 0.0019, 0.0, 0.0, 0.0, 0.0, 0.0, 0.0], [0.0, 0.0, 0.0, 0.0, 0.0, 0.0, 0.0, 0.0], [0.0, 0.0, 0.0, 0.0, 0.0, 0.0, 0.0, 0.0], [0.0, 0.0, 0.0, 0.0, 0.0, 0.0, 0.0, 0.0], [0.0, 0.0, 0.0, 0.0, 0.0, 0.0, 0.0, 0.0]]}}
bs_latimer_munro_efermi: 1.9335821100000001