material_id: mp-1190151
band_gap: 3.1732
efermi: 2.55728506
dos_magnetic_ordering: NM
dos_total_task_id: mp-1670803
dos_total_band_gap: 3.4708
dos_total_cbm: 5.9236
dos_total_vbm: 2.4528
dos_total_efermi: 2.43687757
bs_setyawan_curtarolo_task_id: mp-1654321
bs_setyawan_curtarolo_band_gap: 3.1732
bs_setyawan_curtarolo_cbm: {'band_index': {'1': [74]}, 'kpoint_index': [0, 54, 55], 'kpoint': <pymatgen.electronic_structure.bandstructure.Kpoint object at 0x7fc699d63930>, 'energy': 5.6365, 'projections': {'1': [[0.0129, 0.013000000000000001, 0.013000000000000001, 0.0129, 0.013000000000000001, 0.013000000000000001, 0.0059, 0.0059, 0.0775, 0.0775, 0.0109, 0.0109, 0.0109, 0.0109, 0.0109, 0.0109, 0.0109, 0.0109, 0.0109, 0.0109, 0.0109, 0.0109], [0.0002, 0.0001, 0.0001, 0.0001, 0.0001, 0.0002, 0.0, 0.0, 0.0, 0.0, 0.007500000000000001, 0.0023, 0.0015, 0.0015, 0.0023, 0.007500000000000001, 0.007500000000000001, 0.0023, 0.0015, 0.0015, 0.0023, 0.007500000000000001], [0.0, 0.0001, 0.0001, 0.0001, 0.0001, 0.0, 0.0, 0.0, 0.0, 0.0, 0.0008, 0.0006000000000000001, 0.0089, 0.0089, 0.0006000000000000001, 0.0008, 0.0008, 0.0006000000000000001, 0.0089, 0.0089, 0.0006000000000000001, 0.0008], [0.0, 0.0001, 0.0001, 0.0001, 0.0001, 0.0, 0.0, 0.0, 0.0, 0.0, 0.0021000000000000003, 0.0076, 0.0, 0.0, 0.007500000000000001, 0.0021000000000000003, 0.0021000000000000003, 0.007500000000000001, 0.0, 0.0, 0.007500000000000001, 0.0021000000000000003], [0.0, 0.0004, 0.0004, 0.0004, 0.0004, 0.0, 0.0, 0.0, 0.0, 0.0, 0.0, 0.0, 0.0, 0.0, 0.0, 0.0, 0.0, 0.0, 0.0, 0.0, 0.0, 0.0], [0.0, 0.0017000000000000001, 0.0017000000000000001, 0.0017000000000000001, 0.0017000000000000001, 0.0, 0.0, 0.0, 0.0, 0.0, 0.0, 0.0, 0.0, 0.0, 0.0, 0.0, 0.0, 0.0, 0.0, 0.0, 0.0, 0.0], [0.0007, 0.0001, 0.0001, 0.0001, 0.0001, 0.0007, 0.0, 0.0, 0.0, 0.0, 0.0, 0.0, 0.0, 0.0, 0.0, 0.0, 0.0, 0.0, 0.0, 0.0, 0.0, 0.0], [0.0033, 0.0004, 0.0004, 0.0004, 0.0004, 0.0033, 0.0, 0.0, 0.0, 0.0, 0.0, 0.0, 0.0, 0.0, 0.0, 0.0, 0.0, 0.0, 0.0, 0.0, 0.0, 0.0], [0.00030000000000000003, 0.0017000000000000001, 0.0017000000000000001, 0.0017000000000000001, 0.0017000000000000001, 0.00030000000000000003, 0.0, 0.0, 0.0, 0.0, 0.0, 0.0, 0.0, 0.0, 0.0, 0.0, 0.0, 0.0, 0.0, 0.0, 0.0, 0.0]]}}
bs_setyawan_curtarolo_vbm: {'band_index': {'1': [73]}, 'kpoint_index': [68, 69], 'kpoint': <pymatgen.electronic_structure.bandstructure.Kpoint object at 0x7fc5d4b59c50>, 'energy': 2.4633000000000003, 'projections': {'1': [[0.0, 0.0, 0.0, 0.0, 0.0, 0.0, 0.0, 0.0, 0.0, 0.0, 0.0001, 0.0001, 0.0, 0.0, 0.0001, 0.0001, 0.0001, 0.0001, 0.0, 0.0, 0.0001, 0.0001], [0.0, 0.0, 0.0, 0.0, 0.0, 0.0, 0.0, 0.0, 0.0, 0.0, 0.019700000000000002, 0.033100000000000004, 0.0145, 0.0145, 0.033100000000000004, 0.019700000000000002, 0.019700000000000002, 0.033100000000000004, 0.0145, 0.0145, 0.033100000000000004, 0.019700000000000002], [0.0001, 0.0001, 0.0001, 0.0001, 0.0001, 0.0001, 0.0004, 0.0004, 0.0, 0.0, 0.0188, 0.0006000000000000001, 0.0014, 0.0014, 0.0006000000000000001, 0.0188, 0.0188, 0.0006000000000000001, 0.0014, 0.0014, 0.0006000000000000001, 0.0188], [0.0005, 0.0016, 0.0016, 0.0016, 0.0016, 0.0005, 0.0002, 0.0002, 0.0, 0.0, 0.0444, 0.0194, 0.027700000000000002, 0.027700000000000002, 0.0194, 0.0444, 0.0444, 0.0194, 0.027700000000000002, 0.027700000000000002, 0.0194, 0.0444], [0.0004, 0.0002, 0.0002, 0.0002, 0.0002, 0.0004, 0.0, 0.0, 0.0002, 0.0002, 0.0, 0.0, 0.0, 0.0, 0.0, 0.0, 0.0, 0.0, 0.0, 0.0, 0.0, 0.0], [0.0, 0.0, 0.0, 0.0, 0.0, 0.0, 0.0, 0.0, 0.0, 0.0, 0.0, 0.0, 0.0, 0.0, 0.0, 0.0, 0.0, 0.0, 0.0, 0.0, 0.0, 0.0], [0.0, 0.0001, 0.0001, 0.0001, 0.0001, 0.0, 0.0, 0.0, 0.0, 0.0, 0.0, 0.0, 0.0, 0.0, 0.0, 0.0, 0.0, 0.0, 0.0, 0.0, 0.0, 0.0], [0.0, 0.00030000000000000003, 0.00030000000000000003, 0.00030000000000000003, 0.00030000000000000003, 0.0, 0.0, 0.0, 0.0, 0.0, 0.0, 0.0, 0.0, 0.0, 0.0, 0.0, 0.0, 0.0, 0.0, 0.0, 0.0, 0.0], [0.0, 0.0002, 0.0002, 0.0002, 0.0002, 0.0, 0.0, 0.0, 0.0001, 0.0001, 0.0, 0.0, 0.0, 0.0, 0.0, 0.0, 0.0, 0.0, 0.0, 0.0, 0.0, 0.0]]}}
bs_setyawan_curtarolo_efermi: 2.55728506
bs_hinuma_task_id: mp-2100367
bs_hinuma_band_gap: 3.1732
bs_hinuma_cbm: {'band_index': {'1': [74]}, 'kpoint_index': [0, 44, 45], 'kpoint': <pymatgen.electronic_structure.bandstructure.Kpoint object at 0x7fc5d4b5a3c0>, 'energy': 5.6365, 'projections': {'1': [[0.0129, 0.013000000000000001, 0.013000000000000001, 0.0129, 0.013000000000000001, 0.013000000000000001, 0.0059, 0.0059, 0.0775, 0.0775, 0.0109, 0.0109, 0.0109, 0.0109, 0.0109, 0.0109, 0.0109, 0.0109, 0.0109, 0.0109, 0.0109, 0.0109], [0.0002, 0.0001, 0.0001, 0.0001, 0.0001, 0.0002, 0.0, 0.0, 0.0, 0.0, 0.007500000000000001, 0.0023, 0.0015, 0.0015, 0.0023, 0.007500000000000001, 0.007500000000000001, 0.0023, 0.0015, 0.0015, 0.0023, 0.007500000000000001], [0.0, 0.0001, 0.0001, 0.0001, 0.0001, 0.0, 0.0, 0.0, 0.0, 0.0, 0.0008, 0.0006000000000000001, 0.0089, 0.0089, 0.0006000000000000001, 0.0008, 0.0008, 0.0006000000000000001, 0.0089, 0.0089, 0.0006000000000000001, 0.0008], [0.0, 0.0001, 0.0001, 0.0001, 0.0001, 0.0, 0.0, 0.0, 0.0, 0.0, 0.0021000000000000003, 0.0076, 0.0, 0.0, 0.007500000000000001, 0.0021000000000000003, 0.0021000000000000003, 0.007500000000000001, 0.0, 0.0, 0.007500000000000001, 0.0021000000000000003], [0.0, 0.0004, 0.0004, 0.0004, 0.0004, 0.0, 0.0, 0.0, 0.0, 0.0, 0.0, 0.0, 0.0, 0.0, 0.0, 0.0, 0.0, 0.0, 0.0, 0.0, 0.0, 0.0], [0.0, 0.0017000000000000001, 0.0017000000000000001, 0.0017000000000000001, 0.0017000000000000001, 0.0, 0.0, 0.0, 0.0, 0.0, 0.0, 0.0, 0.0, 0.0, 0.0, 0.0, 0.0, 0.0, 0.0, 0.0, 0.0, 0.0], [0.0007, 0.0001, 0.0001, 0.0001, 0.0001, 0.0007, 0.0, 0.0, 0.0, 0.0, 0.0, 0.0, 0.0, 0.0, 0.0, 0.0, 0.0, 0.0, 0.0, 0.0, 0.0, 0.0], [0.0033, 0.0004, 0.0004, 0.0004, 0.0004, 0.0033, 0.0, 0.0, 0.0, 0.0, 0.0, 0.0, 0.0, 0.0, 0.0, 0.0, 0.0, 0.0, 0.0, 0.0, 0.0, 0.0], [0.00030000000000000003, 0.0017000000000000001, 0.0017000000000000001, 0.0017000000000000001, 0.0017000000000000001, 0.00030000000000000003, 0.0, 0.0, 0.0, 0.0, 0.0, 0.0, 0.0, 0.0, 0.0, 0.0, 0.0, 0.0, 0.0, 0.0, 0.0, 0.0]]}}
bs_hinuma_vbm: {'band_index': {'1': [73]}, 'kpoint_index': [58], 'kpoint': <pymatgen.electronic_structure.bandstructure.Kpoint object at 0x7fc5d4b5a200>, 'energy': 2.4633000000000003, 'projections': {'1': [[0.0, 0.0, 0.0, 0.0, 0.0, 0.0, 0.0, 0.0, 0.0, 0.0, 0.0001, 0.0001, 0.0, 0.0, 0.0001, 0.0001, 0.0001, 0.0001, 0.0, 0.0, 0.0001, 0.0001], [0.0, 0.0, 0.0, 0.0, 0.0, 0.0, 0.0, 0.0, 0.0, 0.0, 0.019700000000000002, 0.033100000000000004, 0.0145, 0.0145, 0.033100000000000004, 0.019700000000000002, 0.019700000000000002, 0.033100000000000004, 0.0145, 0.0145, 0.033100000000000004, 0.019700000000000002], [0.0001, 0.0001, 0.0001, 0.0001, 0.0001, 0.0001, 0.0004, 0.0004, 0.0, 0.0, 0.0188, 0.0006000000000000001, 0.0014, 0.0014, 0.0006000000000000001, 0.0188, 0.0188, 0.0006000000000000001, 0.0014, 0.0014, 0.0006000000000000001, 0.0188], [0.0005, 0.0016, 0.0016, 0.0016, 0.0016, 0.0005, 0.0002, 0.0002, 0.0, 0.0, 0.0444, 0.0194, 0.027700000000000002, 0.027700000000000002, 0.0194, 0.0444, 0.0444, 0.0194, 0.027700000000000002, 0.027700000000000002, 0.0194, 0.0444], [0.0004, 0.0002, 0.0002, 0.0002, 0.0002, 0.0004, 0.0, 0.0, 0.0002, 0.0002, 0.0, 0.0, 0.0, 0.0, 0.0, 0.0, 0.0, 0.0, 0.0, 0.0, 0.0, 0.0], [0.0, 0.0, 0.0, 0.0, 0.0, 0.0, 0.0, 0.0, 0.0, 0.0, 0.0, 0.0, 0.0, 0.0, 0.0, 0.0, 0.0, 0.0, 0.0, 0.0, 0.0, 0.0], [0.0, 0.0001, 0.0001, 0.0001, 0.0001, 0.0, 0.0, 0.0, 0.0, 0.0, 0.0, 0.0, 0.0, 0.0, 0.0, 0.0, 0.0, 0.0, 0.0, 0.0, 0.0, 0.0], [0.0, 0.00030000000000000003, 0.00030000000000000003, 0.00030000000000000003, 0.00030000000000000003, 0.0, 0.0, 0.0, 0.0, 0.0, 0.0, 0.0, 0.0, 0.0, 0.0, 0.0, 0.0, 0.0, 0.0, 0.0, 0.0, 0.0], [0.0, 0.0002, 0.0002, 0.0002, 0.0002, 0.0, 0.0, 0.0, 0.0001, 0.0001, 0.0, 0.0, 0.0, 0.0, 0.0, 0.0, 0.0, 0.0, 0.0, 0.0, 0.0, 0.0]]}}
bs_hinuma_efermi: 2.57369588
bs_latimer_munro_task_id: mp-2301849
bs_latimer_munro_band_gap: 3.1733000000000002
bs_latimer_munro_cbm: {'band_index': {'1': [74]}, 'kpoint_index': [26, 27, 85, 86, 112, 152, 153], 'kpoint': <pymatgen.electronic_structure.bandstructure.Kpoint object at 0x7fc5d4b5a350>, 'energy': 5.6366, 'projections': {'1': [[0.013000000000000001, 0.0129, 0.0129, 0.013000000000000001, 0.013000000000000001, 0.0129, 0.0059, 0.0058000000000000005, 0.0775, 0.0775, 0.0109, 0.0109, 0.0109, 0.0109, 0.0109, 0.0109, 0.0109, 0.0109, 0.0109, 0.0109, 0.0109, 0.0109], [0.0002, 0.0001, 0.0001, 0.0001, 0.0001, 0.0002, 0.0, 0.0, 0.0, 0.0, 0.007500000000000001, 0.0023, 0.0015, 0.0015, 0.0023, 0.007500000000000001, 0.007500000000000001, 0.0023, 0.0015, 0.0015, 0.0023, 0.007500000000000001], [0.0, 0.0001, 0.0001, 0.0001, 0.0001, 0.0, 0.0, 0.0, 0.0, 0.0, 0.0008, 0.0006000000000000001, 0.0089, 0.0089, 0.0006000000000000001, 0.0008, 0.0008, 0.0006000000000000001, 0.0089, 0.0089, 0.0006000000000000001, 0.0008], [0.0, 0.0001, 0.0001, 0.0001, 0.0001, 0.0, 0.0, 0.0, 0.0, 0.0, 0.0021000000000000003, 0.007500000000000001, 0.0, 0.0, 0.007500000000000001, 0.0021000000000000003, 0.0021000000000000003, 0.0076, 0.0, 0.0, 0.007500000000000001, 0.0021000000000000003], [0.0, 0.0004, 0.0004, 0.0004, 0.0004, 0.0, 0.0, 0.0, 0.0, 0.0, 0.0, 0.0, 0.0, 0.0, 0.0, 0.0, 0.0, 0.0, 0.0, 0.0, 0.0, 0.0], [0.0, 0.0017000000000000001, 0.0017000000000000001, 0.0017000000000000001, 0.0017000000000000001, 0.0, 0.0, 0.0, 0.0, 0.0, 0.0, 0.0, 0.0, 0.0, 0.0, 0.0, 0.0, 0.0, 0.0, 0.0, 0.0, 0.0], [0.0007, 0.0001, 0.0001, 0.0001, 0.0001, 0.0007, 0.0, 0.0, 0.0, 0.0, 0.0, 0.0, 0.0, 0.0, 0.0, 0.0, 0.0, 0.0, 0.0, 0.0, 0.0, 0.0], [0.0033, 0.0004, 0.0004, 0.0004, 0.0004, 0.0033, 0.0, 0.0, 0.0, 0.0, 0.0, 0.0, 0.0, 0.0, 0.0, 0.0, 0.0, 0.0, 0.0, 0.0, 0.0, 0.0], [0.00030000000000000003, 0.0017000000000000001, 0.0017000000000000001, 0.0017000000000000001, 0.0017000000000000001, 0.00030000000000000003, 0.0, 0.0, 0.0, 0.0, 0.0, 0.0, 0.0, 0.0, 0.0, 0.0, 0.0, 0.0, 0.0, 0.0, 0.0, 0.0]]}}
bs_latimer_munro_vbm: {'band_index': {'1': [73]}, 'kpoint_index': [56, 57, 99, 100, 110], 'kpoint': <pymatgen.electronic_structure.bandstructure.Kpoint object at 0x7fc5d4b59e80>, 'energy': 2.4633000000000003, 'projections': {'1': [[0.0, 0.0, 0.0, 0.0, 0.0, 0.0, 0.0, 0.0, 0.0, 0.0, 0.0001, 0.0001, 0.0, 0.0, 0.0001, 0.0001, 0.0001, 0.0001, 0.0, 0.0, 0.0001, 0.0001], [0.0, 0.0, 0.0, 0.0, 0.0, 0.0, 0.0, 0.0, 0.0, 0.0, 0.019700000000000002, 0.033100000000000004, 0.0145, 0.0145, 0.033100000000000004, 0.019700000000000002, 0.019700000000000002, 0.033100000000000004, 0.0145, 0.0145, 0.033100000000000004, 0.019700000000000002], [0.0001, 0.0001, 0.0001, 0.0001, 0.0001, 0.0001, 0.0004, 0.0004, 0.0, 0.0, 0.0188, 0.0006000000000000001, 0.0014, 0.0014, 0.0006000000000000001, 0.0188, 0.0188, 0.0006000000000000001, 0.0014, 0.0014, 0.0006000000000000001, 0.0188], [0.0005, 0.0016, 0.0016, 0.0016, 0.0016, 0.0005, 0.0002, 0.0002, 0.0, 0.0, 0.0444, 0.0194, 0.027700000000000002, 0.027700000000000002, 0.0194, 0.0444, 0.0444, 0.0194, 0.027700000000000002, 0.027700000000000002, 0.0194, 0.0444], [0.0004, 0.0002, 0.0002, 0.0002, 0.0002, 0.0004, 0.0, 0.0, 0.0002, 0.0002, 0.0, 0.0, 0.0, 0.0, 0.0, 0.0, 0.0, 0.0, 0.0, 0.0, 0.0, 0.0], [0.0, 0.0, 0.0, 0.0, 0.0, 0.0, 0.0, 0.0, 0.0, 0.0, 0.0, 0.0, 0.0, 0.0, 0.0, 0.0, 0.0, 0.0, 0.0, 0.0, 0.0, 0.0], [0.0, 0.0001, 0.0001, 0.0001, 0.0001, 0.0, 0.0, 0.0, 0.0, 0.0, 0.0, 0.0, 0.0, 0.0, 0.0, 0.0, 0.0, 0.0, 0.0, 0.0, 0.0, 0.0], [0.0, 0.00030000000000000003, 0.00030000000000000003, 0.00030000000000000003, 0.00030000000000000003, 0.0, 0.0, 0.0, 0.0, 0.0, 0.0, 0.0, 0.0, 0.0, 0.0, 0.0, 0.0, 0.0, 0.0, 0.0, 0.0, 0.0], [0.0, 0.0002, 0.0002, 0.0002, 0.0002, 0.0, 0.0, 0.0, 0.0001, 0.0001, 0.0, 0.0, 0.0, 0.0, 0.0, 0.0, 0.0, 0.0, 0.0, 0.0, 0.0, 0.0]]}}
bs_latimer_munro_efermi: 2.60746642