material_id: mp-1224853
band_gap: 0.24649999999999903
efermi: 2.47042258
dos_magnetic_ordering: NM
dos_total_task_id: mp-1753487
dos_total_band_gap: 0.5766
dos_total_cbm: 2.9102
dos_total_vbm: 2.3336
dos_total_efermi: 2.33458208
bs_setyawan_curtarolo_task_id: mp-1622469
bs_setyawan_curtarolo_band_gap: 0.24649999999999903
bs_setyawan_curtarolo_cbm: {'band_index': {'1': [36]}, 'kpoint_index': [0, 328, 329], 'kpoint': <pymatgen.electronic_structure.bandstructure.Kpoint object at 0x7fc699d63930>, 'energy': 2.6357, 'projections': {'1': [[0.0961, 0.0961, 0.0575, 0.0575, 0.046700000000000005, 0.046700000000000005, 0.0482, 0.0482], [0.0, 0.0, 0.0, 0.0, 0.0, 0.0, 0.023700000000000002, 0.023700000000000002], [0.0011, 0.0011, 0.001, 0.001, 0.0, 0.0, 0.0, 0.0], [0.0, 0.0, 0.0, 0.0, 0.0167, 0.0167, 0.0, 0.0], [0.0004, 0.0004, 0.0001, 0.0001, 0.0, 0.0, 0.0, 0.0], [0.0, 0.0, 0.0, 0.0, 0.0001, 0.0001, 0.0, 0.0], [0.00030000000000000003, 0.00030000000000000003, 0.002, 0.002, 0.0004, 0.0004, 0.0002, 0.0002], [0.0, 0.0, 0.0, 0.0, 0.0, 0.0, 0.0002, 0.0002], [0.0001, 0.0001, 0.0, 0.0, 0.0, 0.0, 0.0, 0.0]]}}
bs_setyawan_curtarolo_vbm: {'band_index': {'1': [35]}, 'kpoint_index': [0, 328, 329], 'kpoint': <pymatgen.electronic_structure.bandstructure.Kpoint object at 0x7fc5d4b59be0>, 'energy': 2.3892, 'projections': {'1': [[0.0008, 0.0008, 0.0011, 0.0011, 0.0, 0.0, 0.0, 0.0], [0.0, 0.0, 0.0, 0.0, 0.0023, 0.0023, 0.0, 0.0], [0.0032, 0.0032, 0.0037, 0.0037, 0.0889, 0.0889, 0.1292, 0.1292], [0.0, 0.0, 0.0, 0.0, 0.0, 0.0, 0.0011, 0.0011], [0.0102, 0.0102, 0.0888, 0.0888, 0.0001, 0.0001, 0.0, 0.0], [0.0, 0.0, 0.0, 0.0, 0.0, 0.0, 0.0006000000000000001, 0.0006000000000000001], [0.0002, 0.0002, 0.0002, 0.0002, 0.0, 0.0, 0.0, 0.0], [0.0, 0.0, 0.0, 0.0, 0.0007, 0.0007, 0.0, 0.0], [0.0008, 0.0008, 0.006500000000000001, 0.006500000000000001, 0.0, 0.0, 0.0, 0.0]]}}
bs_setyawan_curtarolo_efermi: 2.47042258
bs_hinuma_task_id: mp-2109666
bs_hinuma_band_gap: 0.24649999999999903
bs_hinuma_cbm: {'band_index': {'1': [36]}, 'kpoint_index': [0, 158, 159, 262, 481, 482], 'kpoint': <pymatgen.electronic_structure.bandstructure.Kpoint object at 0x7fc5d4b59c50>, 'energy': 2.6357, 'projections': {'1': [[0.0961, 0.0961, 0.0575, 0.0575, 0.046700000000000005, 0.046700000000000005, 0.0482, 0.0482], [0.0, 0.0, 0.0, 0.0, 0.0, 0.0, 0.023700000000000002, 0.023700000000000002], [0.0011, 0.0011, 0.001, 0.001, 0.0, 0.0, 0.0, 0.0], [0.0, 0.0, 0.0, 0.0, 0.0167, 0.0167, 0.0, 0.0], [0.0004, 0.0004, 0.0001, 0.0001, 0.0, 0.0, 0.0, 0.0], [0.0, 0.0, 0.0, 0.0, 0.0001, 0.0001, 0.0, 0.0], [0.00030000000000000003, 0.00030000000000000003, 0.002, 0.002, 0.0004, 0.0004, 0.0002, 0.0002], [0.0, 0.0, 0.0, 0.0, 0.0, 0.0, 0.0002, 0.0002], [0.0001, 0.0001, 0.0, 0.0, 0.0, 0.0, 0.0, 0.0]]}}
bs_hinuma_vbm: {'band_index': {'1': [35]}, 'kpoint_index': [0, 158, 159, 262, 481, 482], 'kpoint': <pymatgen.electronic_structure.bandstructure.Kpoint object at 0x7fc5d4b59e80>, 'energy': 2.3892, 'projections': {'1': [[0.0008, 0.0008, 0.0011, 0.0011, 0.0, 0.0, 0.0, 0.0], [0.0, 0.0, 0.0, 0.0, 0.0023, 0.0023, 0.0, 0.0], [0.0032, 0.0032, 0.0037, 0.0037, 0.0889, 0.0889, 0.1292, 0.1292], [0.0, 0.0, 0.0, 0.0, 0.0, 0.0, 0.0011, 0.0011], [0.0102, 0.0102, 0.0888, 0.0888, 0.0001, 0.0001, 0.0, 0.0], [0.0, 0.0, 0.0, 0.0, 0.0, 0.0, 0.0006000000000000001, 0.0006000000000000001], [0.0002, 0.0002, 0.0002, 0.0002, 0.0, 0.0, 0.0, 0.0], [0.0, 0.0, 0.0, 0.0, 0.0007, 0.0007, 0.0, 0.0], [0.0008, 0.0008, 0.006500000000000001, 0.006500000000000001, 0.0, 0.0, 0.0, 0.0]]}}
bs_hinuma_efermi: 2.470361699999999
bs_latimer_munro_task_id: mp-2305906
bs_latimer_munro_band_gap: 0.24649999999999903
bs_latimer_munro_cbm: {'band_index': {'1': [36]}, 'kpoint_index': [102, 103, 178, 244, 527, 528, 891, 892, 965, 1023], 'kpoint': <pymatgen.electronic_structure.bandstructure.Kpoint object at 0x7fc5d4b59d30>, 'energy': 2.6357, 'projections': {'1': [[0.0961, 0.0961, 0.0575, 0.0575, 0.046700000000000005, 0.046700000000000005, 0.0482, 0.0482], [0.0, 0.0, 0.0, 0.0, 0.0, 0.0, 0.023700000000000002, 0.023700000000000002], [0.0011, 0.0011, 0.001, 0.001, 0.0, 0.0, 0.0, 0.0], [0.0, 0.0, 0.0, 0.0, 0.0167, 0.0167, 0.0, 0.0], [0.0004, 0.0004, 0.0001, 0.0001, 0.0, 0.0, 0.0, 0.0], [0.0, 0.0, 0.0, 0.0, 0.0001, 0.0001, 0.0, 0.0], [0.00030000000000000003, 0.00030000000000000003, 0.002, 0.002, 0.0004, 0.0004, 0.0002, 0.0002], [0.0, 0.0, 0.0, 0.0, 0.0, 0.0, 0.0002, 0.0002], [0.0001, 0.0001, 0.0, 0.0, 0.0, 0.0, 0.0, 0.0]]}}
bs_latimer_munro_vbm: {'band_index': {'1': [35]}, 'kpoint_index': [102, 103, 178, 244, 527, 528, 891, 892, 965, 1023], 'kpoint': <pymatgen.electronic_structure.bandstructure.Kpoint object at 0x7fc5d4b5a430>, 'energy': 2.3892, 'projections': {'1': [[0.0008, 0.0008, 0.0011, 0.0011, 0.0, 0.0, 0.0, 0.0], [0.0, 0.0, 0.0, 0.0, 0.0023, 0.0023, 0.0, 0.0], [0.0032, 0.0032, 0.0037, 0.0037, 0.0889, 0.0889, 0.1292, 0.1292], [0.0, 0.0, 0.0, 0.0, 0.0, 0.0, 0.0011, 0.0011], [0.0102, 0.0102, 0.0888, 0.0888, 0.0001, 0.0001, 0.0, 0.0], [0.0, 0.0, 0.0, 0.0, 0.0, 0.0, 0.0006000000000000001, 0.0006000000000000001], [0.0002, 0.0002, 0.0002, 0.0002, 0.0, 0.0, 0.0, 0.0], [0.0, 0.0, 0.0, 0.0, 0.0007, 0.0007, 0.0, 0.0], [0.0008, 0.0008, 0.006500000000000001, 0.006500000000000001, 0.0, 0.0, 0.0, 0.0]]}}
bs_latimer_munro_efermi: 2.46528572