material_id: mp-1227001
band_gap: 0.08649999999999901
efermi: 1.9673014800000002
dos_magnetic_ordering: NM
dos_total_task_id: mp-1734408
dos_total_band_gap: 0.08910000000000001
dos_total_cbm: 2.1674
dos_total_vbm: 2.0783
dos_total_efermi: 2.0961331
bs_setyawan_curtarolo_task_id: mp-1623035
bs_setyawan_curtarolo_band_gap: 0.08649999999999901
bs_setyawan_curtarolo_cbm: {'band_index': {'1': [39]}, 'kpoint_index': [0, 205, 206], 'kpoint': <pymatgen.electronic_structure.bandstructure.Kpoint object at 0x7fc699d63930>, 'energy': 2.0096, 'projections': {'1': [[0.07100000000000001, 0.07100000000000001, 0.0976, 0.0453, 0.0506, 0.0506, 0.0506, 0.0506], [0.0, 0.0, 0.0, 0.0, 0.0053, 0.0053, 0.0053, 0.0053], [0.0, 0.0, 0.0, 0.0, 0.0002, 0.0002, 0.0002, 0.0002], [0.0, 0.0, 0.0, 0.0, 0.0053, 0.0053, 0.0053, 0.0053], [0.0, 0.0, 0.0, 0.0, 0.0001, 0.0001, 0.0001, 0.0001], [0.0, 0.0, 0.0, 0.0, 0.0, 0.0, 0.0, 0.0], [0.00030000000000000003, 0.00030000000000000003, 0.0, 0.015600000000000001, 0.0, 0.0, 0.0, 0.0], [0.0, 0.0, 0.0, 0.0, 0.0, 0.0, 0.0, 0.0], [0.0, 0.0, 0.0, 0.0, 0.0, 0.0, 0.0, 0.0]]}}
bs_setyawan_curtarolo_vbm: {'band_index': {'1': [38]}, 'kpoint_index': [0, 205, 206], 'kpoint': <pymatgen.electronic_structure.bandstructure.Kpoint object at 0x7fc5d4b59be0>, 'energy': 1.9231, 'projections': {'1': [[0.0, 0.0, 0.0, 0.0, 0.0016, 0.0016, 0.0016, 0.0016], [0.0, 0.0, 0.0, 0.0, 0.0006000000000000001, 0.0006000000000000001, 0.0006000000000000001, 0.0006000000000000001], [0.0054, 0.0054, 0.0001, 0.0028, 0.0723, 0.0723, 0.0723, 0.0723], [0.0, 0.0, 0.0, 0.0, 0.0006000000000000001, 0.0006000000000000001, 0.0006000000000000001, 0.0006000000000000001], [0.0085, 0.0085, 0.0098, 0.4343, 0.0, 0.0, 0.0, 0.0], [0.0, 0.0, 0.0, 0.0, 0.00030000000000000003, 0.00030000000000000003, 0.00030000000000000003, 0.00030000000000000003], [0.0, 0.0, 0.0, 0.0, 0.0, 0.0, 0.0, 0.0], [0.0, 0.0, 0.0, 0.0, 0.00030000000000000003, 0.00030000000000000003, 0.00030000000000000003, 0.00030000000000000003], [0.0009000000000000001, 0.0009000000000000001, 0.0, 0.0, 0.0, 0.0, 0.0, 0.0]]}}
bs_setyawan_curtarolo_efermi: 1.9673014800000002
bs_hinuma_task_id: mp-2114370
bs_hinuma_band_gap: 0.086399999999999
bs_hinuma_cbm: {'band_index': {'1': [39]}, 'kpoint_index': [0, 220, 221, 383], 'kpoint': <pymatgen.electronic_structure.bandstructure.Kpoint object at 0x7fc5d4b5a430>, 'energy': 2.0096, 'projections': {'1': [[0.07100000000000001, 0.07100000000000001, 0.0976, 0.0453, 0.0506, 0.0506, 0.0506, 0.0506], [0.0, 0.0, 0.0, 0.0, 0.0053, 0.0053, 0.0053, 0.0053], [0.0, 0.0, 0.0, 0.0, 0.0002, 0.0002, 0.0002, 0.0002], [0.0, 0.0, 0.0, 0.0, 0.0053, 0.0053, 0.0053, 0.0053], [0.0, 0.0, 0.0, 0.0, 0.0001, 0.0001, 0.0001, 0.0001], [0.0, 0.0, 0.0, 0.0, 0.0, 0.0, 0.0, 0.0], [0.00030000000000000003, 0.00030000000000000003, 0.0, 0.015600000000000001, 0.0, 0.0, 0.0, 0.0], [0.0, 0.0, 0.0, 0.0, 0.0, 0.0, 0.0, 0.0], [0.0, 0.0, 0.0, 0.0, 0.0, 0.0, 0.0, 0.0]]}}
bs_hinuma_vbm: {'band_index': {'1': [38]}, 'kpoint_index': [0, 220, 221, 383], 'kpoint': <pymatgen.electronic_structure.bandstructure.Kpoint object at 0x7fc5d4b5a350>, 'energy': 1.9232, 'projections': {'1': [[0.0, 0.0, 0.0, 0.0, 0.0016, 0.0016, 0.0016, 0.0016], [0.0, 0.0, 0.0, 0.0, 0.0006000000000000001, 0.0006000000000000001, 0.0006000000000000001, 0.0006000000000000001], [0.0054, 0.0054, 0.0001, 0.0028, 0.0723, 0.0723, 0.0723, 0.0723], [0.0, 0.0, 0.0, 0.0, 0.0006000000000000001, 0.0006000000000000001, 0.0006000000000000001, 0.0006000000000000001], [0.0085, 0.0085, 0.0098, 0.4343, 0.0, 0.0, 0.0, 0.0], [0.0, 0.0, 0.0, 0.0, 0.00030000000000000003, 0.00030000000000000003, 0.00030000000000000003, 0.00030000000000000003], [0.0, 0.0, 0.0, 0.0, 0.0, 0.0, 0.0, 0.0], [0.0, 0.0, 0.0, 0.0, 0.00030000000000000003, 0.00030000000000000003, 0.00030000000000000003, 0.00030000000000000003], [0.0009000000000000001, 0.0009000000000000001, 0.0, 0.0, 0.0, 0.0, 0.0, 0.0]]}}
bs_hinuma_efermi: 1.96546784