material_id: mp-1193782
band_gap: 0.49540000000000006
efermi: 3.36198096
dos_magnetic_ordering: FM
dos_total_task_id: mp-1734672
dos_total_band_gap: 0.4877
dos_total_cbm: 3.7633
dos_total_vbm: 3.2756
dos_total_efermi: 3.28066506
bs_setyawan_curtarolo_task_id: mp-1611612
bs_setyawan_curtarolo_band_gap: 0.49540000000000006
bs_setyawan_curtarolo_cbm: {'band_index': {'1': [148], '-1': []}, 'kpoint_index': ['13'], 'kpoint': <pymatgen.electronic_structure.bandstructure.Kpoint object at 0x7fc699d63930>, 'energy': 3.7564, 'projections': {'1': [[0.0055000000000000005, 0.0055000000000000005, 0.0, 0.0, 0.0001, 0.0001, 0.0001, 0.0001, 0.0172, 0.0005, 0.0004, 0.0004, 0.0001, 0.0001, 0.0001, 0.0001, 0.003, 0.003, 0.003, 0.003, 0.001, 0.001, 0.0015, 0.0015, 0.0, 0.0, 0.0014, 0.0014], [0.0018000000000000002, 0.0018000000000000002, 0.0005, 0.0005, 0.0, 0.0, 0.0, 0.0, 0.0, 0.0006000000000000001, 0.0001, 0.0001, 0.0006000000000000001, 0.0006000000000000001, 0.0006000000000000001, 0.0006000000000000001, 0.0082, 0.0082, 0.0082, 0.0082, 0.0002, 0.0002, 0.0152, 0.0152, 0.002, 0.002, 0.0011, 0.0011], [0.0009000000000000001, 0.0009000000000000001, 0.0002, 0.0002, 0.0004, 0.0004, 0.0004, 0.0004, 0.0, 0.0007, 0.0001, 0.0001, 0.0001, 0.0001, 0.0001, 0.0001, 0.0039000000000000003, 0.0039000000000000003, 0.0039000000000000003, 0.0039000000000000003, 0.0103, 0.0103, 0.0655, 0.0655, 0.0004, 0.0004, 0.0015, 0.0015], [0.0, 0.0, 0.0001, 0.0001, 0.0002, 0.0002, 0.0002, 0.0002, 0.0, 0.0, 0.0, 0.0, 0.0001, 0.0001, 0.0001, 0.0001, 0.0145, 0.0145, 0.0145, 0.0145, 0.0, 0.0, 0.0, 0.0, 0.0, 0.0, 0.0, 0.0], [0.0, 0.0, 0.0018000000000000002, 0.0018000000000000002, 0.0007, 0.0007, 0.0007, 0.0007, 0.0, 0.0, 0.0, 0.0, 0.0, 0.0, 0.0, 0.0, 0.0, 0.0, 0.0, 0.0, 0.0, 0.0, 0.0, 0.0, 0.0, 0.0, 0.0, 0.0], [0.0076, 0.0076, 0.0, 0.0, 0.0002, 0.0002, 0.0002, 0.0002, 0.1486, 0.0025, 0.0035, 0.0035, 0.0, 0.0, 0.0, 0.0, 0.0, 0.0, 0.0, 0.0, 0.0, 0.0, 0.0, 0.0, 0.0, 0.0, 0.0, 0.0], [0.0054, 0.0054, 0.0025, 0.0025, 0.0001, 0.0001, 0.0001, 0.0001, 0.23670000000000002, 0.0008, 0.008700000000000001, 0.008700000000000001, 0.0, 0.0, 0.0, 0.0, 0.0, 0.0, 0.0, 0.0, 0.0, 0.0, 0.0, 0.0, 0.0, 0.0, 0.0, 0.0], [0.0, 0.0, 0.0002, 0.0002, 0.0011, 0.0011, 0.0011, 0.0011, 0.0, 0.0, 0.0, 0.0, 0.0, 0.0, 0.0, 0.0, 0.0, 0.0, 0.0, 0.0, 0.0, 0.0, 0.0, 0.0, 0.0, 0.0, 0.0, 0.0], [0.00030000000000000003, 0.00030000000000000003, 0.00030000000000000003, 0.00030000000000000003, 0.0001, 0.0001, 0.0001, 0.0001, 0.0262, 0.014, 0.0031000000000000003, 0.0031000000000000003, 0.0, 0.0, 0.0, 0.0, 0.0, 0.0, 0.0, 0.0, 0.0, 0.0, 0.0, 0.0, 0.0, 0.0, 0.0, 0.0]]}}
bs_setyawan_curtarolo_vbm: {'band_index': {'1': [147], '-1': []}, 'kpoint_index': [46, 47], 'kpoint': <pymatgen.electronic_structure.bandstructure.Kpoint object at 0x7fc5d4b5a3c0>, 'energy': 3.261, 'projections': {'1': [[0.0, 0.0, 0.0, 0.0, 0.0, 0.0, 0.0, 0.0, 0.0, 0.0, 0.0, 0.0, 0.0001, 0.0001, 0.0001, 0.0001, 0.0, 0.0, 0.0, 0.0, 0.0, 0.0, 0.0, 0.0, 0.0, 0.0, 0.0, 0.0], [0.0, 0.0, 0.0, 0.0, 0.0, 0.0, 0.0, 0.0, 0.0, 0.0, 0.0, 0.0, 0.0001, 0.0001, 0.0001, 0.0001, 0.0, 0.0, 0.0, 0.0, 0.0, 0.0, 0.0, 0.0, 0.0, 0.0, 0.0, 0.0], [0.0, 0.0, 0.0, 0.0, 0.0002, 0.0002, 0.0002, 0.0002, 0.0, 0.0, 0.0, 0.0, 0.011600000000000001, 0.011600000000000001, 0.011600000000000001, 0.011600000000000001, 0.0627, 0.0627, 0.0627, 0.0627, 0.0, 0.0, 0.0, 0.0, 0.0, 0.0, 0.0, 0.0], [0.0, 0.0, 0.0, 0.0, 0.0, 0.0, 0.0, 0.0, 0.0, 0.0, 0.0, 0.0, 0.0041, 0.0041, 0.0041, 0.0041, 0.0098, 0.0098, 0.0098, 0.0098, 0.0347, 0.0347, 0.018500000000000003, 0.018500000000000003, 0.0123, 0.0123, 0.0006000000000000001, 0.0006000000000000001], [0.020800000000000003, 0.020800000000000003, 0.0, 0.0, 0.0004, 0.0004, 0.0004, 0.0004, 0.0222, 0.0008, 0.0008, 0.0008, 0.0, 0.0, 0.0, 0.0, 0.0, 0.0, 0.0, 0.0, 0.0, 0.0, 0.0, 0.0, 0.0, 0.0, 0.0, 0.0], [0.0, 0.0, 0.04, 0.04, 0.0239, 0.0239, 0.0239, 0.0239, 0.0, 0.0, 0.0, 0.0, 0.0, 0.0, 0.0, 0.0, 0.0, 0.0, 0.0, 0.0, 0.0, 0.0, 0.0, 0.0, 0.0, 0.0, 0.0, 0.0], [0.0, 0.0, 0.0358, 0.0357, 0.0146, 0.0146, 0.0146, 0.0146, 0.0, 0.0, 0.0, 0.0, 0.0, 0.0, 0.0, 0.0, 0.0, 0.0, 0.0, 0.0, 0.0, 0.0, 0.0, 0.0, 0.0, 0.0, 0.0, 0.0], [0.002, 0.002, 0.0, 0.0, 0.0026000000000000003, 0.0026000000000000003, 0.0026000000000000003, 0.0026000000000000003, 0.0032, 0.015, 0.0004, 0.0004, 0.0, 0.0, 0.0, 0.0, 0.0, 0.0, 0.0, 0.0, 0.0, 0.0, 0.0, 0.0, 0.0, 0.0, 0.0, 0.0], [0.0, 0.0, 0.0002, 0.0002, 0.0, 0.0, 0.0, 0.0, 0.0, 0.0, 0.0, 0.0, 0.0, 0.0, 0.0, 0.0, 0.0, 0.0, 0.0, 0.0, 0.0, 0.0, 0.0, 0.0, 0.0, 0.0, 0.0, 0.0]]}}
bs_setyawan_curtarolo_efermi: 3.36198096
bs_latimer_munro_task_id: mp-2690847
bs_latimer_munro_band_gap: 0.49419999999999903
bs_latimer_munro_cbm: {'band_index': {'1': [148], '-1': []}, 'kpoint_index': ['19'], 'kpoint': <pymatgen.electronic_structure.bandstructure.Kpoint object at 0x7fc5d4b5a350>, 'energy': 3.7552, 'projections': {'1': [[0.0045000000000000005, 0.0045000000000000005, 0.0001, 0.0001, 0.0001, 0.0001, 0.0001, 0.0001, 0.016800000000000002, 0.0006000000000000001, 0.0002, 0.0002, 0.0001, 0.0001, 0.0001, 0.0001, 0.0027, 0.0027, 0.0027, 0.0027, 0.0008, 0.0008, 0.0019, 0.0019, 0.0, 0.0, 0.0011, 0.0011], [0.002, 0.002, 0.0006000000000000001, 0.0006000000000000001, 0.0, 0.0, 0.0, 0.0, 0.0, 0.0005, 0.0002, 0.0002, 0.0007, 0.0007, 0.0007, 0.0007, 0.0077, 0.0077, 0.0077, 0.0077, 0.0001, 0.0001, 0.013300000000000001, 0.013300000000000001, 0.0023, 0.0023, 0.0011, 0.0011], [0.0012000000000000001, 0.0012000000000000001, 0.0001, 0.0001, 0.00030000000000000003, 0.00030000000000000003, 0.00030000000000000003, 0.00030000000000000003, 0.0, 0.0007, 0.0, 0.0, 0.0002, 0.0002, 0.0002, 0.0002, 0.0022, 0.0022, 0.0022, 0.0022, 0.0103, 0.0103, 0.0674, 0.0674, 0.0016, 0.0016, 0.0008, 0.0008], [0.0, 0.0, 0.0002, 0.0002, 0.0002, 0.0002, 0.0002, 0.0002, 0.0, 0.0, 0.0, 0.0, 0.0, 0.0, 0.0, 0.0, 0.016, 0.016, 0.016, 0.016, 0.0, 0.0, 0.0, 0.0, 0.0, 0.0, 0.0, 0.0], [0.0, 0.0, 0.0027, 0.0027, 0.0006000000000000001, 0.0006000000000000001, 0.0006000000000000001, 0.0006000000000000001, 0.0, 0.0, 0.0, 0.0, 0.0, 0.0, 0.0, 0.0, 0.0, 0.0, 0.0, 0.0, 0.0, 0.0, 0.0, 0.0, 0.0, 0.0, 0.0, 0.0], [0.0063, 0.0063, 0.0001, 0.0001, 0.0005, 0.0005, 0.0005, 0.0005, 0.1539, 0.0043, 0.0058000000000000005, 0.0058000000000000005, 0.0, 0.0, 0.0, 0.0, 0.0, 0.0, 0.0, 0.0, 0.0, 0.0, 0.0, 0.0, 0.0, 0.0, 0.0, 0.0], [0.004200000000000001, 0.004200000000000001, 0.0016, 0.0017000000000000001, 0.0001, 0.0001, 0.0001, 0.0001, 0.23620000000000002, 0.0, 0.0118, 0.0118, 0.0, 0.0, 0.0, 0.0, 0.0, 0.0, 0.0, 0.0, 0.0, 0.0, 0.0, 0.0, 0.0, 0.0, 0.0, 0.0], [0.0, 0.0, 0.00030000000000000003, 0.00030000000000000003, 0.0007, 0.0007, 0.0007, 0.0007, 0.0, 0.0, 0.0, 0.0, 0.0, 0.0, 0.0, 0.0, 0.0, 0.0, 0.0, 0.0, 0.0, 0.0, 0.0, 0.0, 0.0, 0.0, 0.0, 0.0], [0.00030000000000000003, 0.00030000000000000003, 0.00030000000000000003, 0.00030000000000000003, 0.0002, 0.0002, 0.0002, 0.0002, 0.025400000000000002, 0.0129, 0.0007, 0.0007, 0.0, 0.0, 0.0, 0.0, 0.0, 0.0, 0.0, 0.0, 0.0, 0.0, 0.0, 0.0, 0.0, 0.0, 0.0, 0.0]]}}
bs_latimer_munro_vbm: {'band_index': {'1': [147], '-1': []}, 'kpoint_index': [31, 32, 44], 'kpoint': <pymatgen.electronic_structure.bandstructure.Kpoint object at 0x7fc5d4b59be0>, 'energy': 3.261, 'projections': {'1': [[0.0, 0.0, 0.0, 0.0, 0.0, 0.0, 0.0, 0.0, 0.0, 0.0, 0.0, 0.0, 0.0001, 0.0001, 0.0001, 0.0001, 0.0, 0.0, 0.0, 0.0, 0.0, 0.0, 0.0, 0.0, 0.0, 0.0, 0.0, 0.0], [0.0, 0.0, 0.0, 0.0, 0.0, 0.0, 0.0, 0.0, 0.0, 0.0, 0.0, 0.0, 0.0001, 0.0001, 0.0001, 0.0001, 0.0, 0.0, 0.0, 0.0, 0.0, 0.0, 0.0, 0.0, 0.0, 0.0, 0.0, 0.0], [0.0, 0.0, 0.0, 0.0, 0.0002, 0.0002, 0.0002, 0.0002, 0.0, 0.0, 0.0, 0.0, 0.011600000000000001, 0.011600000000000001, 0.011600000000000001, 0.011600000000000001, 0.0627, 0.0627, 0.0627, 0.0627, 0.0, 0.0, 0.0, 0.0, 0.0, 0.0, 0.0, 0.0], [0.0, 0.0, 0.0, 0.0, 0.0, 0.0, 0.0, 0.0, 0.0, 0.0, 0.0, 0.0, 0.0041, 0.0041, 0.0041, 0.0041, 0.0098, 0.0098, 0.0098, 0.0098, 0.0347, 0.0347, 0.018500000000000003, 0.018500000000000003, 0.0123, 0.0123, 0.0006000000000000001, 0.0006000000000000001], [0.020800000000000003, 0.020800000000000003, 0.0, 0.0, 0.0004, 0.0004, 0.0004, 0.0004, 0.0222, 0.0008, 0.0008, 0.0008, 0.0, 0.0, 0.0, 0.0, 0.0, 0.0, 0.0, 0.0, 0.0, 0.0, 0.0, 0.0, 0.0, 0.0, 0.0, 0.0], [0.0, 0.0, 0.04, 0.04, 0.0239, 0.0239, 0.0239, 0.0239, 0.0, 0.0, 0.0, 0.0, 0.0, 0.0, 0.0, 0.0, 0.0, 0.0, 0.0, 0.0, 0.0, 0.0, 0.0, 0.0, 0.0, 0.0, 0.0, 0.0], [0.0, 0.0, 0.0357, 0.0358, 0.014700000000000001, 0.0146, 0.0146, 0.014700000000000001, 0.0, 0.0, 0.0, 0.0, 0.0, 0.0, 0.0, 0.0, 0.0, 0.0, 0.0, 0.0, 0.0, 0.0, 0.0, 0.0, 0.0, 0.0, 0.0, 0.0], [0.002, 0.002, 0.0, 0.0, 0.0026000000000000003, 0.0026000000000000003, 0.0026000000000000003, 0.0026000000000000003, 0.0032, 0.015, 0.0004, 0.0004, 0.0, 0.0, 0.0, 0.0, 0.0, 0.0, 0.0, 0.0, 0.0, 0.0, 0.0, 0.0, 0.0, 0.0, 0.0, 0.0], [0.0, 0.0, 0.0002, 0.0002, 0.0, 0.0, 0.0, 0.0, 0.0, 0.0, 0.0, 0.0, 0.0, 0.0, 0.0, 0.0, 0.0, 0.0, 0.0, 0.0, 0.0, 0.0, 0.0, 0.0, 0.0, 0.0, 0.0, 0.0]]}}
bs_latimer_munro_efermi: 3.3613968