material_id: mp-1179937
band_gap: 2.6066000000000003
efermi: 1.2247529400000001
dos_magnetic_ordering: NM
dos_total_task_id: mp-1732946
dos_total_band_gap: 2.7381
dos_total_cbm: 3.8208
dos_total_vbm: 1.0827
dos_total_efermi: 1.08340806
bs_setyawan_curtarolo_task_id: mp-1626726
bs_setyawan_curtarolo_band_gap: 2.6066000000000003
bs_setyawan_curtarolo_cbm: {'band_index': {'1': [28, 29]}, 'kpoint_index': [39, 40], 'kpoint': <pymatgen.electronic_structure.bandstructure.Kpoint object at 0x7fc699d63930>, 'energy': 3.7353, 'projections': {'1': [[0.0001, 0.0001, 0.0016, 0.0553, 0.0, 0.0002], [0.0013000000000000002, 0.0, 0.0, 0.0, 0.0007, 0.0001], [0.1841, 0.0053, 0.0, 0.0001, 0.0001, 0.002], [0.0053, 0.184, 0.00030000000000000003, 0.0, 0.0021000000000000003, 0.0001], [0.0, 0.0002, 0.0, 0.0, 0.0, 0.0], [0.0002, 0.0, 0.0, 0.0, 0.0, 0.0], [0.0, 0.0, 0.0, 0.0, 0.0, 0.0], [0.0, 0.0, 0.0, 0.0, 0.0, 0.0], [0.0, 0.0, 0.0, 0.0, 0.0, 0.0]]}}
bs_setyawan_curtarolo_vbm: {'band_index': {'1': [26, 27]}, 'kpoint_index': [39, 40], 'kpoint': <pymatgen.electronic_structure.bandstructure.Kpoint object at 0x7fc5d4b5a3c0>, 'energy': 1.1287, 'projections': {'1': [[0.0623, 0.1874, 0.0, 0.0, 0.0016, 0.0005], [0.0019, 0.0059, 0.0001, 0.0, 0.2545, 0.0845], [0.0001, 0.0001, 0.08070000000000001, 0.0274, 0.0, 0.0], [0.0001, 0.00030000000000000003, 0.0264, 0.0799, 0.0, 0.0001], [0.0, 0.0, 0.0, 0.0, 0.0, 0.0], [0.0, 0.0, 0.0, 0.0, 0.0, 0.0], [0.0007, 0.0021000000000000003, 0.0, 0.0, 0.0, 0.0], [0.0008, 0.00030000000000000003, 0.0, 0.0, 0.0, 0.0], [0.0021000000000000003, 0.0064, 0.0, 0.0, 0.0, 0.0]]}}
bs_setyawan_curtarolo_efermi: 1.2247529400000001
bs_latimer_munro_task_id: mp-2308332
bs_latimer_munro_band_gap: 2.6066000000000003
bs_latimer_munro_cbm: {'band_index': {'1': [28, 29]}, 'kpoint_index': [0, 55, 56], 'kpoint': <pymatgen.electronic_structure.bandstructure.Kpoint object at 0x7fc5d4b5a430>, 'energy': 3.7353, 'projections': {'1': [[0.0002, 0.0, 0.0363, 0.0206, 0.0001, 0.0001], [0.0006000000000000001, 0.0007, 0.0, 0.0, 0.0004, 0.00030000000000000003], [0.0684, 0.12090000000000001, 0.0001, 0.0, 0.0013000000000000002, 0.0007], [0.1208, 0.0685, 0.0001, 0.0001, 0.0007, 0.0014], [0.0001, 0.0001, 0.0, 0.0, 0.0, 0.0], [0.0001, 0.0001, 0.0, 0.0, 0.0, 0.0], [0.0, 0.0, 0.0, 0.0, 0.0, 0.0], [0.0, 0.0, 0.0, 0.0, 0.0, 0.0], [0.0, 0.0001, 0.0, 0.0, 0.0, 0.0]]}}
bs_latimer_munro_vbm: {'band_index': {'1': [26, 27]}, 'kpoint_index': [0, 55, 56], 'kpoint': <pymatgen.electronic_structure.bandstructure.Kpoint object at 0x7fc5d4b5a200>, 'energy': 1.1287, 'projections': {'1': [[0.1424, 0.10740000000000001, 0.0, 0.0, 0.0009000000000000001, 0.0012000000000000001], [0.0045000000000000005, 0.0033, 0.0, 0.0001, 0.1457, 0.1933], [0.0001, 0.0001, 0.0468, 0.0614, 0.0, 0.0], [0.00030000000000000003, 0.0002, 0.060700000000000004, 0.0456, 0.0, 0.0], [0.0, 0.0, 0.0, 0.0, 0.0, 0.0], [0.0, 0.0, 0.0, 0.0, 0.0, 0.0], [0.0016, 0.0012000000000000001, 0.0, 0.0, 0.0, 0.0], [0.0005, 0.0006000000000000001, 0.0, 0.0, 0.0, 0.0], [0.0048000000000000004, 0.0037, 0.0, 0.0, 0.0, 0.0]]}}
bs_latimer_munro_efermi: 1.22224782