material_id: mp-1191023
band_gap: 2.4347
efermi: 3.26323878
dos_magnetic_ordering: NM
dos_total_task_id: mp-1687718
dos_total_band_gap: 2.5174000000000003
dos_total_cbm: 5.6557
dos_total_vbm: 3.1383
dos_total_efermi: 3.12857383
bs_setyawan_curtarolo_task_id: mp-1611892
bs_setyawan_curtarolo_band_gap: 2.4347
bs_setyawan_curtarolo_cbm: {'band_index': {'1': [67]}, 'kpoint_index': ['71'], 'kpoint': <pymatgen.electronic_structure.bandstructure.Kpoint object at 0x7fc699d63930>, 'energy': 5.5708, 'projections': {'1': [[0.0, 0.0001, 0.0001, 0.0037, 0.0037, 0.0, 0.0, 0.0, 0.0, 0.0, 0.0004, 0.0004, 0.0366, 0.0366, 0.0009000000000000001, 0.0009000000000000001, 0.0001, 0.0001, 0.0, 0.0, 0.0, 0.0], [0.0005, 0.0006000000000000001, 0.0006000000000000001, 0.062200000000000005, 0.062200000000000005, 0.0, 0.0, 0.0, 0.0, 0.0211, 0.0, 0.0, 0.0032, 0.0032, 0.0118, 0.0118, 0.0001, 0.0001, 0.0, 0.0, 0.0001, 0.0001], [0.0004, 0.0111, 0.0111, 0.006, 0.006, 0.0, 0.0, 0.0031000000000000003, 0.0031000000000000003, 0.0005, 0.0002, 0.0002, 0.0002, 0.0002, 0.0, 0.0, 0.0018000000000000002, 0.0018000000000000002, 0.0, 0.0, 0.0001, 0.0001], [0.0, 0.0005, 0.0005, 0.1358, 0.1358, 0.0001, 0.0001, 0.00030000000000000003, 0.00030000000000000003, 0.0, 0.0004, 0.0004, 0.0005, 0.0005, 0.029, 0.029, 0.001, 0.001, 0.0001, 0.0001, 0.00030000000000000003, 0.00030000000000000003], [0.0, 0.0, 0.0, 0.0004, 0.0004, 0.0001, 0.0001, 0.0, 0.0, 0.0, 0.0, 0.0, 0.0, 0.0, 0.0, 0.0, 0.0, 0.0, 0.0, 0.0, 0.0, 0.0], [0.0, 0.00030000000000000003, 0.00030000000000000003, 0.0005, 0.0005, 0.0, 0.0, 0.0, 0.0, 0.0, 0.0, 0.0, 0.0, 0.0, 0.0, 0.0, 0.0, 0.0, 0.0, 0.0, 0.0, 0.0], [0.0, 0.0, 0.0, 0.0021000000000000003, 0.0021000000000000003, 0.0, 0.0, 0.0, 0.0, 0.0, 0.0, 0.0, 0.0, 0.0, 0.0, 0.0, 0.0, 0.0, 0.0, 0.0, 0.0, 0.0], [0.0, 0.00030000000000000003, 0.00030000000000000003, 0.0009000000000000001, 0.0009000000000000001, 0.0, 0.0, 0.0, 0.0, 0.0, 0.0, 0.0, 0.0, 0.0, 0.0, 0.0, 0.0, 0.0, 0.0, 0.0, 0.0, 0.0], [0.0, 0.0, 0.0, 0.0013000000000000002, 0.0013000000000000002, 0.0, 0.0, 0.0, 0.0, 0.0, 0.0, 0.0, 0.0, 0.0, 0.0, 0.0, 0.0, 0.0, 0.0, 0.0, 0.0, 0.0]]}}
bs_setyawan_curtarolo_vbm: {'band_index': {'1': [66]}, 'kpoint_index': [111], 'kpoint': <pymatgen.electronic_structure.bandstructure.Kpoint object at 0x7fc5d4b5a350>, 'energy': 3.1361, 'projections': {'1': [[0.1018, 0.0006000000000000001, 0.0006000000000000001, 0.0008, 0.0008, 0.0002, 0.0002, 0.0, 0.0, 0.0, 0.00030000000000000003, 0.00030000000000000003, 0.0, 0.0, 0.0, 0.0, 0.0002, 0.0002, 0.0, 0.0, 0.0005, 0.0005], [0.0, 0.0004, 0.0004, 0.00030000000000000003, 0.00030000000000000003, 0.00030000000000000003, 0.00030000000000000003, 0.0019, 0.0019, 0.0, 0.117, 0.117, 0.0, 0.0, 0.0001, 0.0001, 0.0001, 0.0001, 0.002, 0.002, 0.0205, 0.0205], [0.0, 0.0001, 0.0001, 0.0004, 0.0004, 0.0, 0.0, 0.009000000000000001, 0.009000000000000001, 0.00030000000000000003, 0.0012000000000000001, 0.0012000000000000001, 0.0, 0.0, 0.001, 0.001, 0.00030000000000000003, 0.00030000000000000003, 0.0, 0.0, 0.0025, 0.0025], [0.0, 0.0004, 0.0004, 0.0, 0.0, 0.0034000000000000002, 0.0034000000000000002, 0.0008, 0.0008, 0.0025, 0.0223, 0.0223, 0.0004, 0.0004, 0.0, 0.0, 0.0111, 0.0111, 0.1346, 0.1346, 0.0011, 0.0011], [0.00030000000000000003, 0.0001, 0.0001, 0.0, 0.0, 0.0002, 0.0002, 0.0, 0.0, 0.0, 0.0, 0.0, 0.0, 0.0, 0.0, 0.0, 0.0, 0.0, 0.0, 0.0, 0.0, 0.0], [0.0006000000000000001, 0.0001, 0.0001, 0.0, 0.0, 0.0, 0.0, 0.0, 0.0, 0.0, 0.0, 0.0, 0.0, 0.0, 0.0, 0.0, 0.0, 0.0, 0.0, 0.0, 0.0, 0.0], [0.0011, 0.0001, 0.0001, 0.0001, 0.0001, 0.0001, 0.0001, 0.0, 0.0, 0.0, 0.0, 0.0, 0.0, 0.0, 0.0, 0.0, 0.0, 0.0, 0.0, 0.0, 0.0, 0.0], [0.0, 0.0001, 0.0001, 0.0, 0.0, 0.0009000000000000001, 0.0009000000000000001, 0.0, 0.0, 0.0, 0.0, 0.0, 0.0, 0.0, 0.0, 0.0, 0.0, 0.0, 0.0, 0.0, 0.0, 0.0], [0.0, 0.0013000000000000002, 0.0013000000000000002, 0.0, 0.0, 0.0, 0.0, 0.0, 0.0, 0.0, 0.0, 0.0, 0.0, 0.0, 0.0, 0.0, 0.0, 0.0, 0.0, 0.0, 0.0, 0.0]]}}
bs_setyawan_curtarolo_efermi: 3.26323878
bs_latimer_munro_task_id: mp-2686117
bs_latimer_munro_band_gap: 2.4347
bs_latimer_munro_cbm: {'band_index': {'1': [67]}, 'kpoint_index': ['74'], 'kpoint': <pymatgen.electronic_structure.bandstructure.Kpoint object at 0x7fc5d4b59be0>, 'energy': 5.5708, 'projections': {'1': [[0.0, 0.0001, 0.0001, 0.0037, 0.0037, 0.0, 0.0, 0.0, 0.0, 0.0, 0.0004, 0.0004, 0.0366, 0.0366, 0.0009000000000000001, 0.0009000000000000001, 0.0001, 0.0001, 0.0, 0.0, 0.0, 0.0], [0.0005, 0.0006000000000000001, 0.0006000000000000001, 0.062200000000000005, 0.062200000000000005, 0.0, 0.0, 0.0, 0.0, 0.0211, 0.0, 0.0, 0.0032, 0.0032, 0.0118, 0.0118, 0.0001, 0.0001, 0.0, 0.0, 0.0001, 0.0001], [0.0004, 0.0111, 0.0111, 0.006, 0.006, 0.0, 0.0, 0.0031000000000000003, 0.0031000000000000003, 0.0005, 0.0002, 0.0002, 0.0002, 0.0002, 0.0, 0.0, 0.0018000000000000002, 0.0018000000000000002, 0.0, 0.0, 0.0001, 0.0001], [0.0, 0.0005, 0.0005, 0.1358, 0.1358, 0.0001, 0.0001, 0.00030000000000000003, 0.00030000000000000003, 0.0, 0.0004, 0.0004, 0.0005, 0.0005, 0.029, 0.029, 0.001, 0.001, 0.0001, 0.0001, 0.00030000000000000003, 0.00030000000000000003], [0.0, 0.0, 0.0, 0.0004, 0.0004, 0.0001, 0.0001, 0.0, 0.0, 0.0, 0.0, 0.0, 0.0, 0.0, 0.0, 0.0, 0.0, 0.0, 0.0, 0.0, 0.0, 0.0], [0.0, 0.00030000000000000003, 0.00030000000000000003, 0.0005, 0.0005, 0.0, 0.0, 0.0, 0.0, 0.0, 0.0, 0.0, 0.0, 0.0, 0.0, 0.0, 0.0, 0.0, 0.0, 0.0, 0.0, 0.0], [0.0, 0.0, 0.0, 0.0021000000000000003, 0.0021000000000000003, 0.0, 0.0, 0.0, 0.0, 0.0, 0.0, 0.0, 0.0, 0.0, 0.0, 0.0, 0.0, 0.0, 0.0, 0.0, 0.0, 0.0], [0.0, 0.00030000000000000003, 0.00030000000000000003, 0.0009000000000000001, 0.0009000000000000001, 0.0, 0.0, 0.0, 0.0, 0.0, 0.0, 0.0, 0.0, 0.0, 0.0, 0.0, 0.0, 0.0, 0.0, 0.0, 0.0, 0.0], [0.0, 0.0, 0.0, 0.0013000000000000002, 0.0013000000000000002, 0.0, 0.0, 0.0, 0.0, 0.0, 0.0, 0.0, 0.0, 0.0, 0.0, 0.0, 0.0, 0.0, 0.0, 0.0, 0.0, 0.0]]}}
bs_latimer_munro_vbm: {'band_index': {'1': [66]}, 'kpoint_index': [175], 'kpoint': <pymatgen.electronic_structure.bandstructure.Kpoint object at 0x7fc5d4b5a3c0>, 'energy': 3.1361, 'projections': {'1': [[0.1018, 0.0006000000000000001, 0.0006000000000000001, 0.0008, 0.0008, 0.0002, 0.0002, 0.0, 0.0, 0.0, 0.00030000000000000003, 0.00030000000000000003, 0.0, 0.0, 0.0, 0.0, 0.0002, 0.0002, 0.0, 0.0, 0.0005, 0.0005], [0.0, 0.0004, 0.0004, 0.00030000000000000003, 0.00030000000000000003, 0.00030000000000000003, 0.00030000000000000003, 0.0019, 0.0019, 0.0, 0.117, 0.117, 0.0, 0.0, 0.0001, 0.0001, 0.0001, 0.0001, 0.002, 0.002, 0.0205, 0.0205], [0.0, 0.0001, 0.0001, 0.0004, 0.0004, 0.0, 0.0, 0.009000000000000001, 0.009000000000000001, 0.00030000000000000003, 0.0012000000000000001, 0.0012000000000000001, 0.0, 0.0, 0.001, 0.001, 0.00030000000000000003, 0.00030000000000000003, 0.0, 0.0, 0.0025, 0.0025], [0.0, 0.0004, 0.0004, 0.0, 0.0, 0.0034000000000000002, 0.0034000000000000002, 0.0008, 0.0008, 0.0025, 0.0223, 0.0223, 0.0004, 0.0004, 0.0, 0.0, 0.0111, 0.0111, 0.1346, 0.1346, 0.0011, 0.0011], [0.00030000000000000003, 0.0001, 0.0001, 0.0, 0.0, 0.0002, 0.0002, 0.0, 0.0, 0.0, 0.0, 0.0, 0.0, 0.0, 0.0, 0.0, 0.0, 0.0, 0.0, 0.0, 0.0, 0.0], [0.0006000000000000001, 0.0001, 0.0001, 0.0, 0.0, 0.0, 0.0, 0.0, 0.0, 0.0, 0.0, 0.0, 0.0, 0.0, 0.0, 0.0, 0.0, 0.0, 0.0, 0.0, 0.0, 0.0], [0.0011, 0.0001, 0.0001, 0.0001, 0.0001, 0.0001, 0.0001, 0.0, 0.0, 0.0, 0.0, 0.0, 0.0, 0.0, 0.0, 0.0, 0.0, 0.0, 0.0, 0.0, 0.0, 0.0], [0.0, 0.0001, 0.0001, 0.0, 0.0, 0.0009000000000000001, 0.0009000000000000001, 0.0, 0.0, 0.0, 0.0, 0.0, 0.0, 0.0, 0.0, 0.0, 0.0, 0.0, 0.0, 0.0, 0.0, 0.0], [0.0, 0.0013000000000000002, 0.0013000000000000002, 0.0, 0.0, 0.0, 0.0, 0.0, 0.0, 0.0, 0.0, 0.0, 0.0, 0.0, 0.0, 0.0, 0.0, 0.0, 0.0, 0.0, 0.0, 0.0]]}}
bs_latimer_munro_efermi: 3.24284506