material_id: mp-1041630
band_gap: 0.0
efermi: 5.70673961
dos_magnetic_ordering: FM
dos_total_task_id: mp-1686064
dos_total_band_gap: 0.0
dos_total_cbm: 5.6999
dos_total_vbm: 5.7339
dos_total_efermi: 5.70673961
bs_setyawan_curtarolo_task_id: mp-1041640
bs_setyawan_curtarolo_band_gap: 1.4293
bs_setyawan_curtarolo_cbm: {'band_index': {'1': [124], '-1': []}, 'kpoint_index': [22, 23, 147], 'kpoint': <pymatgen.electronic_structure.bandstructure.Kpoint object at 0x7fc699d63930>, 'energy': 5.4958, 'projections': {'1': [[0.0001, 0.0001, 0.0001, 0.0001, 0.0001, 0.0001, 0.0001, 0.0001, 0.0114, 0.011600000000000001, 0.0118, 0.0114, 0.0002, 0.0002, 0.0, 0.0002, 0.0002, 0.0001, 0.0002, 0.0001, 0.0, 0.0, 0.0002, 0.0001, 0.0001, 0.0, 0.0002, 0.0002], [0.0001, 0.0001, 0.0001, 0.0001, 0.0001, 0.0001, 0.0001, 0.0001, 0.0, 0.0, 0.0, 0.0, 0.0032, 0.0033, 0.0048000000000000004, 0.0029000000000000002, 0.0029000000000000002, 0.0, 0.0026000000000000003, 0.0, 0.0051, 0.0054, 0.0029000000000000002, 0.0, 0.0, 0.0047, 0.003, 0.0027], [0.0, 0.0, 0.0, 0.0, 0.0, 0.0, 0.0, 0.0, 0.00030000000000000003, 0.0004, 0.0004, 0.0004, 0.0, 0.0, 0.0035, 0.0, 0.0, 0.0044, 0.0, 0.0048000000000000004, 0.0037, 0.0039000000000000003, 0.0, 0.0044, 0.0047, 0.0034000000000000002, 0.0, 0.0], [0.0, 0.0, 0.0, 0.0, 0.0, 0.0, 0.0, 0.0, 0.0016, 0.0016, 0.0016, 0.0016, 0.0021000000000000003, 0.002, 0.0, 0.002, 0.002, 0.0002, 0.0022, 0.00030000000000000003, 0.0, 0.0, 0.002, 0.00030000000000000003, 0.00030000000000000003, 0.0, 0.0019, 0.0022], [0.029400000000000003, 0.026500000000000003, 0.031900000000000005, 0.0302, 0.027, 0.031200000000000002, 0.029900000000000003, 0.029400000000000003, 0.0, 0.0, 0.0, 0.0, 0.0, 0.0, 0.0, 0.0, 0.0, 0.0, 0.0, 0.0, 0.0, 0.0, 0.0, 0.0, 0.0, 0.0, 0.0, 0.0], [0.0244, 0.0268, 0.028800000000000003, 0.025400000000000002, 0.0263, 0.029500000000000002, 0.0256, 0.026600000000000002, 0.0, 0.0, 0.0, 0.0, 0.0, 0.0, 0.0, 0.0, 0.0, 0.0, 0.0, 0.0, 0.0, 0.0, 0.0, 0.0, 0.0, 0.0, 0.0, 0.0], [0.0002, 0.0002, 0.0002, 0.0002, 0.0001, 0.0001, 0.0002, 0.0001, 0.00030000000000000003, 0.00030000000000000003, 0.00030000000000000003, 0.00030000000000000003, 0.0, 0.0, 0.0, 0.0, 0.0, 0.0, 0.0, 0.0, 0.0, 0.0, 0.0, 0.0, 0.0, 0.0, 0.0, 0.0], [0.006200000000000001, 0.0057, 0.0067, 0.0066, 0.0058000000000000005, 0.006500000000000001, 0.0064, 0.0063, 0.0, 0.0, 0.0, 0.0, 0.0, 0.0, 0.0, 0.0, 0.0, 0.0, 0.0, 0.0, 0.0, 0.0, 0.0, 0.0, 0.0, 0.0, 0.0, 0.0], [0.022600000000000002, 0.028, 0.0284, 0.024800000000000003, 0.026000000000000002, 0.03, 0.024, 0.0267, 0.0, 0.0, 0.0, 0.0, 0.0, 0.0, 0.0, 0.0, 0.0, 0.0, 0.0, 0.0, 0.0, 0.0, 0.0, 0.0, 0.0, 0.0, 0.0, 0.0]]}}
bs_setyawan_curtarolo_vbm: {'band_index': {'1': [123], '-1': []}, 'kpoint_index': ['15'], 'kpoint': <pymatgen.electronic_structure.bandstructure.Kpoint object at 0x7fc5d4b59e80>, 'energy': 4.0665, 'projections': {'1': [[0.0001, 0.0001, 0.0001, 0.0001, 0.0001, 0.0001, 0.0001, 0.0001, 0.0, 0.0, 0.0, 0.0, 0.0, 0.0, 0.0, 0.0, 0.0, 0.0, 0.0, 0.0, 0.0, 0.0, 0.0, 0.0, 0.0, 0.0, 0.0, 0.0], [0.0, 0.0, 0.0, 0.0, 0.0, 0.0, 0.0, 0.0, 0.0011, 0.001, 0.001, 0.001, 0.0035, 0.0034000000000000002, 0.0073, 0.0034000000000000002, 0.0035, 0.001, 0.0035, 0.001, 0.007, 0.0067, 0.0034000000000000002, 0.001, 0.001, 0.006900000000000001, 0.0035, 0.0034000000000000002], [0.00030000000000000003, 0.00030000000000000003, 0.00030000000000000003, 0.00030000000000000003, 0.00030000000000000003, 0.00030000000000000003, 0.00030000000000000003, 0.00030000000000000003, 0.0, 0.0, 0.0, 0.0, 0.0017000000000000001, 0.0016, 0.0149, 0.0016, 0.0018000000000000002, 0.0, 0.0017000000000000001, 0.0, 0.015600000000000001, 0.014400000000000001, 0.0018000000000000002, 0.0, 0.0, 0.014700000000000001, 0.0018000000000000002, 0.0018000000000000002], [0.0006000000000000001, 0.0005, 0.0005, 0.0006000000000000001, 0.0005, 0.0005, 0.0005, 0.0006000000000000001, 0.0, 0.0, 0.0, 0.0, 0.0045000000000000005, 0.0046, 0.0, 0.0048000000000000004, 0.0046, 0.0, 0.0044, 0.0, 0.0, 0.0, 0.005200000000000001, 0.0, 0.0, 0.0, 0.005200000000000001, 0.0045000000000000005], [0.025500000000000002, 0.0286, 0.024900000000000002, 0.0258, 0.0279, 0.027, 0.024200000000000003, 0.0273, 0.0002, 0.0002, 0.0002, 0.0002, 0.0, 0.0, 0.0, 0.0, 0.0, 0.0, 0.0, 0.0, 0.0, 0.0, 0.0, 0.0, 0.0, 0.0, 0.0, 0.0], [0.0146, 0.0112, 0.0126, 0.0142, 0.0119, 0.0123, 0.013300000000000001, 0.012700000000000001, 0.0002, 0.0002, 0.0002, 0.0002, 0.0, 0.0, 0.0, 0.0, 0.0, 0.0, 0.0, 0.0, 0.0, 0.0, 0.0, 0.0, 0.0, 0.0, 0.0, 0.0], [0.032, 0.028200000000000003, 0.028300000000000002, 0.0328, 0.0284, 0.028, 0.029, 0.0292, 0.0, 0.0, 0.0, 0.0, 0.0, 0.0, 0.0, 0.0, 0.0, 0.0, 0.0, 0.0, 0.0, 0.0, 0.0, 0.0, 0.0, 0.0, 0.0, 0.0], [0.003, 0.0033, 0.003, 0.003, 0.0032, 0.003, 0.0028, 0.0031000000000000003, 0.0, 0.0, 0.0, 0.0, 0.0, 0.0, 0.0, 0.0, 0.0, 0.0, 0.0, 0.0, 0.0, 0.0, 0.0, 0.0, 0.0, 0.0, 0.0, 0.0], [0.0244, 0.0198, 0.0206, 0.024200000000000003, 0.0211, 0.0213, 0.0217, 0.0223, 0.0, 0.0, 0.0, 0.0, 0.0, 0.0, 0.0, 0.0, 0.0, 0.0, 0.0, 0.0, 0.0, 0.0, 0.0, 0.0, 0.0, 0.0, 0.0, 0.0]]}}
bs_setyawan_curtarolo_efermi: 4.08949099