material_id: mp-10953
band_gap: 0.9581000000000001
efermi: 2.60199755
dos_magnetic_ordering: NM
dos_total_task_id: mp-1708276
dos_total_band_gap: 1.1475
dos_total_cbm: 3.6899
dos_total_vbm: 2.542399999999999
dos_total_efermi: 2.52446643
bs_setyawan_curtarolo_task_id: mp-678664
bs_setyawan_curtarolo_band_gap: 0.9581000000000001
bs_setyawan_curtarolo_cbm: {'band_index': {'1': [58]}, 'kpoint_index': [0, 39, 40], 'kpoint': <pymatgen.electronic_structure.bandstructure.Kpoint object at 0x7fc699d63930>, 'energy': 3.5202, 'projections': {}}
bs_setyawan_curtarolo_vbm: {'band_index': {'1': [55, 56, 57]}, 'kpoint_index': [0, 39, 40], 'kpoint': <pymatgen.electronic_structure.bandstructure.Kpoint object at 0x7fc5d4b59be0>, 'energy': 2.5621, 'projections': {}}
bs_setyawan_curtarolo_efermi: 2.60199755
bs_hinuma_task_id: mp-2086371
bs_hinuma_band_gap: 0.9585999999999991
bs_hinuma_cbm: {'band_index': {'1': [58]}, 'kpoint_index': [0, 32, 33], 'kpoint': <pymatgen.electronic_structure.bandstructure.Kpoint object at 0x7fc5d4b5a200>, 'energy': 3.5193, 'projections': {'1': [[0.0002, 0.0002, 0.0002, 0.0002, 0.0868, 0.0868, 0.0032, 0.0032, 0.0032, 0.0032, 0.0032, 0.0032, 0.0032, 0.0032], [0.0, 0.0, 0.0, 0.0, 0.0, 0.0, 0.0, 0.0, 0.0, 0.0, 0.0, 0.0, 0.0, 0.0], [0.0, 0.0, 0.0, 0.0, 0.0, 0.0, 0.0, 0.0, 0.0, 0.0, 0.0, 0.0, 0.0, 0.0], [0.0, 0.0, 0.0, 0.0, 0.0, 0.0, 0.0, 0.0, 0.0, 0.0, 0.0, 0.0, 0.0, 0.0], [0.031400000000000004, 0.031400000000000004, 0.031400000000000004, 0.031400000000000004, 0.0, 0.0, 0.0, 0.0, 0.0, 0.0, 0.0, 0.0, 0.0, 0.0], [0.031400000000000004, 0.031400000000000004, 0.031400000000000004, 0.031400000000000004, 0.0, 0.0, 0.0, 0.0, 0.0, 0.0, 0.0, 0.0, 0.0, 0.0], [0.0, 0.0, 0.0, 0.0, 0.0, 0.0, 0.0, 0.0, 0.0, 0.0, 0.0, 0.0, 0.0, 0.0], [0.031400000000000004, 0.031400000000000004, 0.031400000000000004, 0.031400000000000004, 0.0, 0.0, 0.0, 0.0, 0.0, 0.0, 0.0, 0.0, 0.0, 0.0], [0.0, 0.0, 0.0, 0.0, 0.0, 0.0, 0.0, 0.0, 0.0, 0.0, 0.0, 0.0, 0.0, 0.0]]}}
bs_hinuma_vbm: {'band_index': {'1': [55, 56, 57]}, 'kpoint_index': [0, 32, 33], 'kpoint': <pymatgen.electronic_structure.bandstructure.Kpoint object at 0x7fc5d4b5a350>, 'energy': 2.560699999999999, 'projections': {'1': [[0.0, 0.0, 0.0, 0.0, 0.0, 0.0, 0.0005, 0.0002, 0.0001, 0.0, 0.0001, 0.0, 0.0005, 0.0002], [0.0019, 0.0011, 0.0025, 0.0037, 0.0019, 0.0019, 0.0393, 0.0402, 0.0408, 0.0417, 0.0408, 0.0417, 0.0393, 0.0402], [0.00030000000000000003, 0.0007, 0.0017000000000000001, 0.0026000000000000003, 0.001, 0.001, 0.020800000000000003, 0.021400000000000002, 0.0229, 0.0223, 0.0229, 0.0223, 0.020800000000000003, 0.021400000000000002], [0.0006000000000000001, 0.00030000000000000003, 0.0001, 0.0017000000000000001, 0.0004, 0.0004, 0.0081, 0.0095, 0.008700000000000001, 0.0089, 0.008700000000000001, 0.0089, 0.0081, 0.0095], [0.0, 0.0, 0.0, 0.0, 0.0039000000000000003, 0.0039000000000000003, 0.0, 0.0, 0.0, 0.0, 0.0, 0.0, 0.0, 0.0], [0.0, 0.0, 0.0, 0.0, 0.0016, 0.0016, 0.0, 0.0, 0.0, 0.0, 0.0, 0.0, 0.0, 0.0], [0.0, 0.0, 0.0, 0.0, 0.0, 0.0, 0.0, 0.0, 0.0, 0.0, 0.0, 0.0, 0.0, 0.0], [0.0, 0.0, 0.0, 0.0, 0.007200000000000001, 0.007200000000000001, 0.0, 0.0, 0.0, 0.0, 0.0, 0.0, 0.0, 0.0], [0.0, 0.0, 0.0, 0.0, 0.0, 0.0, 0.0, 0.0, 0.0, 0.0, 0.0, 0.0, 0.0, 0.0]]}}
bs_hinuma_efermi: 2.77687705
bs_latimer_munro_task_id: mp-2447279
bs_latimer_munro_band_gap: 0.9585999999999991
bs_latimer_munro_cbm: {'band_index': {'1': [58]}, 'kpoint_index': [19, 20, 79, 80, 92], 'kpoint': <pymatgen.electronic_structure.bandstructure.Kpoint object at 0x7fc5d4b59e80>, 'energy': 3.5193, 'projections': {'1': [[0.0002, 0.0002, 0.0002, 0.0002, 0.0868, 0.0868, 0.0032, 0.0032, 0.0032, 0.0032, 0.0032, 0.0032, 0.0032, 0.0032], [0.0, 0.0, 0.0, 0.0, 0.0, 0.0, 0.0, 0.0, 0.0, 0.0, 0.0, 0.0, 0.0, 0.0], [0.0, 0.0, 0.0, 0.0, 0.0, 0.0, 0.0, 0.0, 0.0, 0.0, 0.0, 0.0, 0.0, 0.0], [0.0, 0.0, 0.0, 0.0, 0.0, 0.0, 0.0, 0.0, 0.0, 0.0, 0.0, 0.0, 0.0, 0.0], [0.031400000000000004, 0.031400000000000004, 0.031400000000000004, 0.031400000000000004, 0.0, 0.0, 0.0, 0.0, 0.0, 0.0, 0.0, 0.0, 0.0, 0.0], [0.031400000000000004, 0.031400000000000004, 0.031400000000000004, 0.031400000000000004, 0.0, 0.0, 0.0, 0.0, 0.0, 0.0, 0.0, 0.0, 0.0, 0.0], [0.0, 0.0, 0.0, 0.0, 0.0, 0.0, 0.0, 0.0, 0.0, 0.0, 0.0, 0.0, 0.0, 0.0], [0.031400000000000004, 0.031400000000000004, 0.031400000000000004, 0.031400000000000004, 0.0, 0.0, 0.0, 0.0, 0.0, 0.0, 0.0, 0.0, 0.0, 0.0], [0.0, 0.0, 0.0, 0.0, 0.0, 0.0, 0.0, 0.0, 0.0, 0.0, 0.0, 0.0, 0.0, 0.0]]}}
bs_latimer_munro_vbm: {'band_index': {'1': [55, 56, 57]}, 'kpoint_index': [19, 20, 79, 80, 92], 'kpoint': <pymatgen.electronic_structure.bandstructure.Kpoint object at 0x7fc5d4b5a190>, 'energy': 2.560699999999999, 'projections': {'1': [[0.0, 0.0, 0.0, 0.0, 0.0, 0.0, 0.0005, 0.0, 0.0, 0.0002, 0.0, 0.0002, 0.0005, 0.0], [0.0008, 0.0002, 0.0007, 0.0021000000000000003, 0.0006000000000000001, 0.0006000000000000001, 0.012700000000000001, 0.0135, 0.0134, 0.0143, 0.0134, 0.0143, 0.012700000000000001, 0.0135], [0.0006000000000000001, 0.0019, 0.0012000000000000001, 0.0031000000000000003, 0.0014, 0.0014, 0.0275, 0.028900000000000002, 0.0297, 0.028300000000000002, 0.0297, 0.028300000000000002, 0.0275, 0.028900000000000002], [0.0013000000000000002, 0.0019, 0.0005, 0.0031000000000000003, 0.0014, 0.0014, 0.0279, 0.0302, 0.029300000000000003, 0.028800000000000003, 0.029300000000000003, 0.028800000000000003, 0.0279, 0.0302], [0.0, 0.0, 0.0, 0.0, 0.0051, 0.0051, 0.0, 0.0, 0.0, 0.0, 0.0, 0.0, 0.0, 0.0], [0.0, 0.0, 0.0, 0.0, 0.005200000000000001, 0.005200000000000001, 0.0, 0.0, 0.0, 0.0, 0.0, 0.0, 0.0, 0.0], [0.0, 0.0, 0.0, 0.0, 0.0, 0.0, 0.0, 0.0, 0.0, 0.0, 0.0, 0.0, 0.0, 0.0], [0.0, 0.0, 0.0, 0.0, 0.0024000000000000002, 0.0024000000000000002, 0.0, 0.0, 0.0, 0.0, 0.0, 0.0, 0.0, 0.0], [0.0, 0.0, 0.0, 0.0, 0.0, 0.0, 0.0, 0.0, 0.0, 0.0, 0.0, 0.0, 0.0, 0.0]]}}
bs_latimer_munro_efermi: 2.64387858