material_id: mp-15567
band_gap: 2.3085
efermi: 1.05137044
dos_magnetic_ordering: NM
dos_total_task_id: mp-1670303
dos_total_band_gap: 2.5717
dos_total_cbm: 3.5095
dos_total_vbm: 0.9378000000000001
dos_total_efermi: 0.92822992
bs_setyawan_curtarolo_task_id: mp-1603937
bs_setyawan_curtarolo_band_gap: 2.3085
bs_setyawan_curtarolo_cbm: {'band_index': {'1': [44]}, 'kpoint_index': [0, 43, 44], 'kpoint': <pymatgen.electronic_structure.bandstructure.Kpoint object at 0x7fc699d63930>, 'energy': 3.2199, 'projections': {'1': [[0.0143, 0.0143, 0.0143, 0.0143, 0.0143, 0.0143, 0.010400000000000001, 0.010400000000000001, 0.0323, 0.0323, 0.0323, 0.0323], [0.0008, 0.0002, 0.0002, 0.0008, 0.0002, 0.0002, 0.0, 0.0, 0.0, 0.0, 0.0, 0.0], [0.0, 0.0005, 0.0005, 0.0, 0.0005, 0.0005, 0.0, 0.0, 0.0022, 0.0022, 0.0022, 0.0022], [0.0, 0.0001, 0.0001, 0.0, 0.0001, 0.0001, 0.0, 0.0, 0.013900000000000001, 0.013900000000000001, 0.013900000000000001, 0.013900000000000001], [0.0, 0.0, 0.0, 0.0, 0.0, 0.0, 0.0, 0.0, 0.0, 0.0, 0.0, 0.0], [0.0, 0.0, 0.0, 0.0, 0.0, 0.0, 0.0, 0.0, 0.0, 0.0, 0.0, 0.0], [0.0, 0.0, 0.0, 0.0, 0.0, 0.0, 0.0083, 0.0083, 0.0, 0.0, 0.0, 0.0], [0.0, 0.0, 0.0, 0.0, 0.0, 0.0, 0.033800000000000004, 0.033800000000000004, 0.0, 0.0, 0.0, 0.0], [0.0, 0.0, 0.0, 0.0, 0.0, 0.0, 0.053200000000000004, 0.053200000000000004, 0.0, 0.0, 0.0, 0.0]]}}
bs_setyawan_curtarolo_vbm: {'band_index': {'1': [43]}, 'kpoint_index': [62, 63], 'kpoint': <pymatgen.electronic_structure.bandstructure.Kpoint object at 0x7fc5d4b5a190>, 'energy': 0.9114000000000001, 'projections': {'1': [[0.0, 0.0002, 0.0002, 0.0, 0.0002, 0.0002, 0.0, 0.0, 0.0, 0.0, 0.0, 0.0], [0.0, 0.0004, 0.0004, 0.0, 0.0004, 0.0004, 0.0, 0.0, 0.10540000000000001, 0.10540000000000001, 0.10540000000000001, 0.10540000000000001], [0.0002, 0.0, 0.0, 0.0002, 0.0, 0.0, 0.0, 0.0, 0.0, 0.0, 0.0, 0.0], [0.001, 0.0, 0.0, 0.001, 0.0, 0.0, 0.0, 0.0, 0.0, 0.0, 0.0, 0.0], [0.0, 0.0, 0.0, 0.0, 0.0, 0.0, 0.0834, 0.0834, 0.0, 0.0, 0.0, 0.0], [0.0, 0.0, 0.0, 0.0, 0.0, 0.0, 0.0038, 0.0038, 0.0, 0.0, 0.0, 0.0], [0.0, 0.0, 0.0, 0.0, 0.0, 0.0, 0.0, 0.0, 0.0, 0.0, 0.0, 0.0], [0.0, 0.0, 0.0, 0.0, 0.0, 0.0, 0.0, 0.0, 0.0, 0.0, 0.0, 0.0], [0.0, 0.0, 0.0, 0.0, 0.0, 0.0, 0.0, 0.0, 0.0, 0.0, 0.0, 0.0]]}}
bs_setyawan_curtarolo_efermi: 1.05137044
bs_hinuma_task_id: mp-2071130
bs_hinuma_band_gap: 2.3085
bs_hinuma_cbm: {'band_index': {'1': [44]}, 'kpoint_index': [0, 43, 44, 76], 'kpoint': <pymatgen.electronic_structure.bandstructure.Kpoint object at 0x7fc5d4b5a350>, 'energy': 3.2199, 'projections': {'1': [[0.0143, 0.0143, 0.0143, 0.0143, 0.0143, 0.0143, 0.010400000000000001, 0.010400000000000001, 0.0323, 0.0323, 0.0323, 0.0323], [0.0008, 0.0002, 0.0002, 0.0008, 0.0002, 0.0002, 0.0, 0.0, 0.0, 0.0, 0.0, 0.0], [0.0, 0.0005, 0.0005, 0.0, 0.0005, 0.0005, 0.0, 0.0, 0.0022, 0.0022, 0.0022, 0.0022], [0.0, 0.0001, 0.0001, 0.0, 0.0001, 0.0001, 0.0, 0.0, 0.013900000000000001, 0.013900000000000001, 0.013900000000000001, 0.013900000000000001], [0.0, 0.0, 0.0, 0.0, 0.0, 0.0, 0.0, 0.0, 0.0, 0.0, 0.0, 0.0], [0.0, 0.0, 0.0, 0.0, 0.0, 0.0, 0.0, 0.0, 0.0, 0.0, 0.0, 0.0], [0.0, 0.0, 0.0, 0.0, 0.0, 0.0, 0.0083, 0.0083, 0.0, 0.0, 0.0, 0.0], [0.0, 0.0, 0.0, 0.0, 0.0, 0.0, 0.033800000000000004, 0.033800000000000004, 0.0, 0.0, 0.0, 0.0], [0.0, 0.0, 0.0, 0.0, 0.0, 0.0, 0.053200000000000004, 0.053200000000000004, 0.0, 0.0, 0.0, 0.0]]}}
bs_hinuma_vbm: {'band_index': {'1': [43]}, 'kpoint_index': [62, 63], 'kpoint': <pymatgen.electronic_structure.bandstructure.Kpoint object at 0x7fc5d4b59be0>, 'energy': 0.9114000000000001, 'projections': {'1': [[0.0002, 0.0, 0.0002, 0.0002, 0.0, 0.0002, 0.0, 0.0, 0.0, 0.0, 0.0, 0.0], [0.0, 0.0004, 0.0002, 0.0, 0.0004, 0.0002, 0.0, 0.0, 0.0263, 0.0264, 0.0264, 0.0263], [0.00030000000000000003, 0.0004, 0.0002, 0.00030000000000000003, 0.0004, 0.0002, 0.0, 0.0, 0.0684, 0.068, 0.068, 0.0684], [0.0001, 0.0004, 0.0, 0.0001, 0.0004, 0.0, 0.0, 0.0, 0.0106, 0.011, 0.011, 0.0106], [0.0, 0.0, 0.0, 0.0, 0.0, 0.0, 0.021, 0.0207, 0.0, 0.0, 0.0, 0.0], [0.0, 0.0, 0.0, 0.0, 0.0, 0.0, 0.0008, 0.0012000000000000001, 0.0, 0.0, 0.0, 0.0], [0.0, 0.0, 0.0, 0.0, 0.0, 0.0, 0.033100000000000004, 0.0333, 0.0, 0.0, 0.0, 0.0], [0.0, 0.0, 0.0, 0.0, 0.0, 0.0, 0.0281, 0.0285, 0.0, 0.0, 0.0, 0.0], [0.0, 0.0, 0.0, 0.0, 0.0, 0.0, 0.0043, 0.0035, 0.0, 0.0, 0.0, 0.0]]}}
bs_hinuma_efermi: 1.04934705
bs_latimer_munro_task_id: mp-2603715
bs_latimer_munro_band_gap: 2.3085
bs_latimer_munro_cbm: {'band_index': {'1': [44]}, 'kpoint_index': [13, 14, 28, 77, 78, 123, 124], 'kpoint': <pymatgen.electronic_structure.bandstructure.Kpoint object at 0x7fc5d4b5a200>, 'energy': 3.2199, 'projections': {'1': [[0.0143, 0.0143, 0.0143, 0.0143, 0.0143, 0.0143, 0.010400000000000001, 0.010400000000000001, 0.0323, 0.0323, 0.0323, 0.0323], [0.0008, 0.0002, 0.0002, 0.0008, 0.0002, 0.0002, 0.0, 0.0, 0.0, 0.0, 0.0, 0.0], [0.0, 0.0005, 0.0005, 0.0, 0.0005, 0.0005, 0.0, 0.0, 0.0022, 0.0022, 0.0022, 0.0022], [0.0, 0.0001, 0.0001, 0.0, 0.0001, 0.0001, 0.0, 0.0, 0.013900000000000001, 0.013900000000000001, 0.013900000000000001, 0.013900000000000001], [0.0, 0.0, 0.0, 0.0, 0.0, 0.0, 0.0, 0.0, 0.0, 0.0, 0.0, 0.0], [0.0, 0.0, 0.0, 0.0, 0.0, 0.0, 0.0, 0.0, 0.0, 0.0, 0.0, 0.0], [0.0, 0.0, 0.0, 0.0, 0.0, 0.0, 0.0083, 0.0083, 0.0, 0.0, 0.0, 0.0], [0.0, 0.0, 0.0, 0.0, 0.0, 0.0, 0.033800000000000004, 0.033800000000000004, 0.0, 0.0, 0.0, 0.0], [0.0, 0.0, 0.0, 0.0, 0.0, 0.0, 0.053200000000000004, 0.053200000000000004, 0.0, 0.0, 0.0, 0.0]]}}
bs_latimer_munro_vbm: {'band_index': {'1': [43]}, 'kpoint_index': [41, 42, 138], 'kpoint': <pymatgen.electronic_structure.bandstructure.Kpoint object at 0x7fc5d4b59e80>, 'energy': 0.9114000000000001, 'projections': {'1': [[0.0, 0.0002, 0.0002, 0.0, 0.0002, 0.0002, 0.0, 0.0, 0.0, 0.0, 0.0, 0.0], [0.0, 0.0004, 0.0004, 0.0, 0.0004, 0.0004, 0.0, 0.0, 0.10540000000000001, 0.10540000000000001, 0.10540000000000001, 0.10540000000000001], [0.0002, 0.0, 0.0, 0.0002, 0.0, 0.0, 0.0, 0.0, 0.0, 0.0, 0.0, 0.0], [0.001, 0.0, 0.0, 0.001, 0.0, 0.0, 0.0, 0.0, 0.0, 0.0, 0.0, 0.0], [0.0, 0.0, 0.0, 0.0, 0.0, 0.0, 0.0834, 0.0834, 0.0, 0.0, 0.0, 0.0], [0.0, 0.0, 0.0, 0.0, 0.0, 0.0, 0.0038, 0.0038, 0.0, 0.0, 0.0, 0.0], [0.0, 0.0, 0.0, 0.0, 0.0, 0.0, 0.0, 0.0, 0.0, 0.0, 0.0, 0.0], [0.0, 0.0, 0.0, 0.0, 0.0, 0.0, 0.0, 0.0, 0.0, 0.0, 0.0, 0.0], [0.0, 0.0, 0.0, 0.0, 0.0, 0.0, 0.0, 0.0, 0.0, 0.0, 0.0, 0.0]]}}
bs_latimer_munro_efermi: 1.05904353