material_id: mp-15939
band_gap: 4.6521
efermi: 0.389201099999999
dos_magnetic_ordering: NM
dos_total_task_id: mp-1742402
dos_total_band_gap: 4.6394
dos_total_cbm: 4.8552
dos_total_vbm: 0.21580000000000002
dos_total_efermi: 0.2226871
bs_setyawan_curtarolo_task_id: mp-1654778
bs_setyawan_curtarolo_band_gap: 4.6521
bs_setyawan_curtarolo_cbm: {'band_index': {'1': [32]}, 'kpoint_index': [0, 52, 53], 'kpoint': <pymatgen.electronic_structure.bandstructure.Kpoint object at 0x7fc699d63930>, 'energy': 4.8663, 'projections': {'1': [[0.030100000000000002, 0.013800000000000002, 0.013800000000000002, 0.005200000000000001, 0.005200000000000001, 0.0188, 0.0188, 0.0188, 0.0239, 0.0188, 0.0188, 0.0188], [0.0, 0.0, 0.0, 0.0, 0.0, 0.00030000000000000003, 0.0, 0.0004, 0.0, 0.00030000000000000003, 0.0004, 0.0], [0.0, 0.0, 0.0, 0.0, 0.0, 0.0002, 0.0004, 0.0001, 0.0, 0.0002, 0.0001, 0.0004], [0.0, 0.0001, 0.0001, 0.0006000000000000001, 0.0006000000000000001, 0.0, 0.0001, 0.0, 0.0, 0.0, 0.0, 0.0001], [0.0, 0.0, 0.0, 0.0, 0.0, 0.0, 0.0, 0.0, 0.0, 0.0, 0.0, 0.0], [0.0, 0.0, 0.0, 0.0, 0.0, 0.0, 0.0, 0.0, 0.0, 0.0, 0.0, 0.0], [0.0014, 0.0, 0.0, 0.0, 0.0, 0.0, 0.0, 0.0, 0.0, 0.0, 0.0, 0.0], [0.0006000000000000001, 0.0, 0.0, 0.0, 0.0, 0.0, 0.0, 0.0, 0.0, 0.0, 0.0, 0.0], [0.0049, 0.0, 0.0, 0.0, 0.0, 0.0, 0.0, 0.0, 0.0, 0.0, 0.0, 0.0]]}}
bs_setyawan_curtarolo_vbm: {'band_index': {'1': [31]}, 'kpoint_index': [15, 16, 100], 'kpoint': <pymatgen.electronic_structure.bandstructure.Kpoint object at 0x7fc5d4b59d30>, 'energy': 0.2142, 'projections': {'1': [[0.0, 0.0001, 0.0001, 0.0001, 0.0001, 0.0001, 0.0002, 0.0, 0.0, 0.0002, 0.0001, 0.0], [0.0, 0.0, 0.0014, 0.0002, 0.0, 0.0014, 0.0011, 0.0021000000000000003, 0.1233, 0.0037, 0.0026000000000000003, 0.0004], [0.0001, 0.0017000000000000001, 0.0004, 0.0, 0.0004, 0.0053, 0.009300000000000001, 0.0009000000000000001, 0.3587, 0.0039000000000000003, 0.0023, 0.0054], [0.0008, 0.0001, 0.0, 0.0005, 0.0004, 0.037700000000000004, 0.0012000000000000001, 0.0344, 0.0111, 0.0039000000000000003, 0.0393, 0.0317], [0.0001, 0.0, 0.0, 0.0, 0.0, 0.0, 0.0, 0.0, 0.0, 0.0, 0.0, 0.0], [0.0001, 0.0, 0.0, 0.0, 0.0, 0.0, 0.0, 0.0, 0.0, 0.0, 0.0, 0.0], [0.00030000000000000003, 0.0, 0.0, 0.0, 0.0, 0.0, 0.0, 0.0, 0.0, 0.0, 0.0, 0.0], [0.0001, 0.0, 0.0, 0.0, 0.0, 0.0, 0.0, 0.0, 0.0, 0.0, 0.0, 0.0], [0.0, 0.0, 0.0, 0.0, 0.0, 0.0, 0.0, 0.0, 0.0, 0.0, 0.0, 0.0]]}}
bs_setyawan_curtarolo_efermi: 0.389201099999999
bs_hinuma_task_id: mp-2099786
bs_hinuma_band_gap: 4.6521
bs_hinuma_cbm: {'band_index': {'1': [32]}, 'kpoint_index': [0, 52, 53, 97], 'kpoint': <pymatgen.electronic_structure.bandstructure.Kpoint object at 0x7fc5d4b5a350>, 'energy': 4.8663, 'projections': {'1': [[0.030100000000000002, 0.013800000000000002, 0.013800000000000002, 0.005200000000000001, 0.005200000000000001, 0.0188, 0.0188, 0.0188, 0.0239, 0.0188, 0.0188, 0.0188], [0.0, 0.0, 0.0, 0.0, 0.0, 0.00030000000000000003, 0.0, 0.0004, 0.0, 0.00030000000000000003, 0.0004, 0.0], [0.0, 0.0, 0.0, 0.0, 0.0, 0.0002, 0.0004, 0.0001, 0.0, 0.0002, 0.0001, 0.0004], [0.0, 0.0001, 0.0001, 0.0006000000000000001, 0.0006000000000000001, 0.0, 0.0001, 0.0, 0.0, 0.0, 0.0, 0.0001], [0.0, 0.0, 0.0, 0.0, 0.0, 0.0, 0.0, 0.0, 0.0, 0.0, 0.0, 0.0], [0.0, 0.0, 0.0, 0.0, 0.0, 0.0, 0.0, 0.0, 0.0, 0.0, 0.0, 0.0], [0.0014, 0.0, 0.0, 0.0, 0.0, 0.0, 0.0, 0.0, 0.0, 0.0, 0.0, 0.0], [0.0006000000000000001, 0.0, 0.0, 0.0, 0.0, 0.0, 0.0, 0.0, 0.0, 0.0, 0.0, 0.0], [0.0049, 0.0, 0.0, 0.0, 0.0, 0.0, 0.0, 0.0, 0.0, 0.0, 0.0, 0.0]]}}
bs_hinuma_vbm: {'band_index': {'1': [31]}, 'kpoint_index': [36, 37], 'kpoint': <pymatgen.electronic_structure.bandstructure.Kpoint object at 0x7fc5d4b59e80>, 'energy': 0.2142, 'projections': {'1': [[0.0, 0.0001, 0.0001, 0.0001, 0.0001, 0.0001, 0.0002, 0.0, 0.0, 0.0002, 0.0001, 0.0], [0.0, 0.0, 0.0014, 0.0002, 0.0, 0.0014, 0.0011, 0.0021000000000000003, 0.1233, 0.0037, 0.0026000000000000003, 0.0004], [0.0001, 0.0017000000000000001, 0.0004, 0.0, 0.0004, 0.0053, 0.009300000000000001, 0.0009000000000000001, 0.3587, 0.0039000000000000003, 0.0023, 0.0054], [0.0008, 0.0001, 0.0, 0.0005, 0.0004, 0.037700000000000004, 0.0012000000000000001, 0.0344, 0.0111, 0.0039000000000000003, 0.0393, 0.0317], [0.0001, 0.0, 0.0, 0.0, 0.0, 0.0, 0.0, 0.0, 0.0, 0.0, 0.0, 0.0], [0.0001, 0.0, 0.0, 0.0, 0.0, 0.0, 0.0, 0.0, 0.0, 0.0, 0.0, 0.0], [0.00030000000000000003, 0.0, 0.0, 0.0, 0.0, 0.0, 0.0, 0.0, 0.0, 0.0, 0.0, 0.0], [0.0001, 0.0, 0.0, 0.0, 0.0, 0.0, 0.0, 0.0, 0.0, 0.0, 0.0, 0.0], [0.0, 0.0, 0.0, 0.0, 0.0, 0.0, 0.0, 0.0, 0.0, 0.0, 0.0, 0.0]]}}
bs_hinuma_efermi: 0.38871076
bs_latimer_munro_task_id: mp-2301348
bs_latimer_munro_band_gap: 4.6521
bs_latimer_munro_cbm: {'band_index': {'1': [32]}, 'kpoint_index': [18, 19, 69, 70, 87, 133, 134], 'kpoint': <pymatgen.electronic_structure.bandstructure.Kpoint object at 0x7fc5d4b59c50>, 'energy': 4.8663, 'projections': {'1': [[0.030100000000000002, 0.013800000000000002, 0.013800000000000002, 0.005200000000000001, 0.005200000000000001, 0.0188, 0.0188, 0.0188, 0.0239, 0.0188, 0.0188, 0.0188], [0.0, 0.0, 0.0, 0.0, 0.0, 0.00030000000000000003, 0.0, 0.0004, 0.0, 0.00030000000000000003, 0.0004, 0.0], [0.0, 0.0, 0.0, 0.0, 0.0, 0.0002, 0.0004, 0.0001, 0.0, 0.0002, 0.0001, 0.0004], [0.0, 0.0001, 0.0001, 0.0006000000000000001, 0.0006000000000000001, 0.0, 0.0001, 0.0, 0.0, 0.0, 0.0, 0.0001], [0.0, 0.0, 0.0, 0.0, 0.0, 0.0, 0.0, 0.0, 0.0, 0.0, 0.0, 0.0], [0.0, 0.0, 0.0, 0.0, 0.0, 0.0, 0.0, 0.0, 0.0, 0.0, 0.0, 0.0], [0.0014, 0.0, 0.0, 0.0, 0.0, 0.0, 0.0, 0.0, 0.0, 0.0, 0.0, 0.0], [0.0006000000000000001, 0.0, 0.0, 0.0, 0.0, 0.0, 0.0, 0.0, 0.0, 0.0, 0.0, 0.0], [0.0049, 0.0, 0.0, 0.0, 0.0, 0.0, 0.0, 0.0, 0.0, 0.0, 0.0, 0.0]]}}
bs_latimer_munro_vbm: {'band_index': {'1': [31]}, 'kpoint_index': [42, 43, 54], 'kpoint': <pymatgen.electronic_structure.bandstructure.Kpoint object at 0x7fc5d4b5a3c0>, 'energy': 0.2142, 'projections': {'1': [[0.0, 0.0001, 0.0001, 0.0001, 0.0001, 0.0002, 0.0, 0.0001, 0.0, 0.0001, 0.0, 0.0002], [0.0, 0.0014, 0.0, 0.0, 0.0002, 0.0037, 0.0004, 0.0026000000000000003, 0.1233, 0.0014, 0.0021000000000000003, 0.0011], [0.0001, 0.0004, 0.0017000000000000001, 0.0004, 0.0, 0.0039000000000000003, 0.0054, 0.0023, 0.3587, 0.0053, 0.0009000000000000001, 0.009300000000000001], [0.0008, 0.0, 0.0001, 0.0004, 0.0005, 0.0039000000000000003, 0.0317, 0.0393, 0.0111, 0.037700000000000004, 0.0344, 0.0012000000000000001], [0.0001, 0.0, 0.0, 0.0, 0.0, 0.0, 0.0, 0.0, 0.0, 0.0, 0.0, 0.0], [0.0001, 0.0, 0.0, 0.0, 0.0, 0.0, 0.0, 0.0, 0.0, 0.0, 0.0, 0.0], [0.00030000000000000003, 0.0, 0.0, 0.0, 0.0, 0.0, 0.0, 0.0, 0.0, 0.0, 0.0, 0.0], [0.0001, 0.0, 0.0, 0.0, 0.0, 0.0, 0.0, 0.0, 0.0, 0.0, 0.0, 0.0], [0.0, 0.0, 0.0, 0.0, 0.0, 0.0, 0.0, 0.0, 0.0, 0.0, 0.0, 0.0]]}}
bs_latimer_munro_efermi: 0.27950046