material_id: mp-1190335
band_gap: 2.5654
efermi: 0.72859186
dos_magnetic_ordering: NM
dos_total_task_id: mp-1674192
dos_total_band_gap: 2.5819
dos_total_cbm: 3.1886
dos_total_vbm: 0.6067
dos_total_efermi: 0.61228606
bs_setyawan_curtarolo_task_id: mp-1607011
bs_setyawan_curtarolo_band_gap: 2.5654
bs_setyawan_curtarolo_cbm: {'band_index': {'1': [74]}, 'kpoint_index': [9, 10, 35, 36, 67, 68, 89], 'kpoint': <pymatgen.electronic_structure.bandstructure.Kpoint object at 0x7fc699d63930>, 'energy': 3.1706, 'projections': {'1': [[0.0089, 0.0089, 0.0688, 0.0688, 0.0187, 0.0187, 0.028200000000000003, 0.028200000000000003, 0.0115, 0.0115, 0.0051, 0.0051, 0.008400000000000001, 0.008400000000000001, 0.0103, 0.0103, 0.017400000000000002, 0.017400000000000002, 0.009000000000000001, 0.009000000000000001, 0.01, 0.01], [0.0, 0.0, 0.0, 0.0, 0.0002, 0.0002, 0.0009000000000000001, 0.0009000000000000001, 0.0019, 0.0019, 0.009600000000000001, 0.009600000000000001, 0.0061, 0.0061, 0.0032, 0.0032, 0.0014, 0.0014, 0.0099, 0.0099, 0.0024000000000000002, 0.0024000000000000002], [0.0, 0.0, 0.0002, 0.0002, 0.0, 0.0, 0.0007, 0.0007, 0.0064, 0.0064, 0.0032, 0.0032, 0.0, 0.0, 0.0063, 0.0063, 0.0033, 0.0033, 0.0085, 0.0085, 0.0053, 0.0053], [0.0, 0.0, 0.0001, 0.0001, 0.0, 0.0, 0.00030000000000000003, 0.00030000000000000003, 0.005200000000000001, 0.005200000000000001, 0.0, 0.0, 0.0001, 0.0001, 0.0011, 0.0011, 0.0039000000000000003, 0.0039000000000000003, 0.0002, 0.0002, 0.0022, 0.0022], [0.0, 0.0, 0.0, 0.0, 0.0, 0.0, 0.0, 0.0, 0.0, 0.0, 0.0, 0.0, 0.0, 0.0, 0.0, 0.0, 0.0, 0.0, 0.0, 0.0, 0.0, 0.0], [0.0, 0.0, 0.0, 0.0, 0.0015, 0.0015, 0.0018000000000000002, 0.0018000000000000002, 0.0, 0.0, 0.0, 0.0, 0.0, 0.0, 0.0, 0.0, 0.0, 0.0, 0.0, 0.0, 0.0, 0.0], [0.0002, 0.0002, 0.0, 0.0, 0.0001, 0.0001, 0.0015, 0.0015, 0.0, 0.0, 0.0, 0.0, 0.0, 0.0, 0.0, 0.0, 0.0, 0.0, 0.0, 0.0, 0.0, 0.0], [0.0, 0.0, 0.0001, 0.0001, 0.0, 0.0, 0.0, 0.0, 0.0, 0.0, 0.0, 0.0, 0.0, 0.0, 0.0, 0.0, 0.0, 0.0, 0.0, 0.0, 0.0, 0.0], [0.0001, 0.0001, 0.0017000000000000001, 0.0017000000000000001, 0.00030000000000000003, 0.00030000000000000003, 0.0, 0.0, 0.0, 0.0, 0.0, 0.0, 0.0, 0.0, 0.0, 0.0, 0.0, 0.0, 0.0, 0.0, 0.0, 0.0]]}}
bs_setyawan_curtarolo_vbm: {'band_index': {'1': [73]}, 'kpoint_index': [78], 'kpoint': <pymatgen.electronic_structure.bandstructure.Kpoint object at 0x7fc5d4b5a430>, 'energy': 0.6052000000000001, 'projections': {'1': [[0.0, 0.0, 0.0001, 0.0001, 0.0, 0.0, 0.0, 0.0, 0.0001, 0.0001, 0.0, 0.0, 0.0001, 0.0001, 0.0001, 0.0001, 0.0004, 0.0004, 0.0, 0.0, 0.0, 0.0], [0.00030000000000000003, 0.00030000000000000003, 0.0001, 0.0001, 0.0002, 0.0002, 0.0, 0.0, 0.0417, 0.0417, 0.0, 0.0, 0.0001, 0.0001, 0.004200000000000001, 0.004200000000000001, 0.0286, 0.0286, 0.0028, 0.0028, 0.0275, 0.0275], [0.0001, 0.0001, 0.0002, 0.0002, 0.0004, 0.0004, 0.0, 0.0, 0.0122, 0.0122, 0.0, 0.0, 0.0005, 0.0005, 0.010700000000000001, 0.010700000000000001, 0.0036000000000000003, 0.0036000000000000003, 0.0, 0.0, 0.0391, 0.0391], [0.0, 0.0, 0.0002, 0.0002, 0.0, 0.0, 0.0004, 0.0004, 0.0229, 0.0229, 0.0028, 0.0028, 0.0, 0.0, 0.0178, 0.0178, 0.0391, 0.0391, 0.0502, 0.0502, 0.0386, 0.0386], [0.0, 0.0, 0.0008, 0.0008, 0.002, 0.002, 0.0, 0.0, 0.0, 0.0, 0.0, 0.0, 0.0, 0.0, 0.0, 0.0, 0.0, 0.0, 0.0, 0.0, 0.0, 0.0], [0.0002, 0.0002, 0.0006000000000000001, 0.0006000000000000001, 0.0002, 0.0002, 0.0, 0.0, 0.0, 0.0, 0.0, 0.0, 0.0, 0.0, 0.0, 0.0, 0.0, 0.0, 0.0, 0.0, 0.0, 0.0], [0.0, 0.0, 0.0006000000000000001, 0.0006000000000000001, 0.0, 0.0, 0.0, 0.0, 0.0, 0.0, 0.0, 0.0, 0.0, 0.0, 0.0, 0.0, 0.0, 0.0, 0.0, 0.0, 0.0, 0.0], [0.0001, 0.0001, 0.030100000000000002, 0.030100000000000002, 0.0009000000000000001, 0.0009000000000000001, 0.0013000000000000002, 0.0013000000000000002, 0.0, 0.0, 0.0, 0.0, 0.0, 0.0, 0.0, 0.0, 0.0, 0.0, 0.0, 0.0, 0.0, 0.0], [0.0002, 0.0002, 0.0029000000000000002, 0.0029000000000000002, 0.0002, 0.0002, 0.0, 0.0, 0.0, 0.0, 0.0, 0.0, 0.0, 0.0, 0.0, 0.0, 0.0, 0.0, 0.0, 0.0, 0.0, 0.0]]}}
bs_setyawan_curtarolo_efermi: 0.72859186
bs_hinuma_task_id: mp-2169545
bs_hinuma_band_gap: 2.5654
bs_hinuma_cbm: {'band_index': {'1': [74]}, 'kpoint_index': [0, 21, 22, 48, 49, 75, 76], 'kpoint': <pymatgen.electronic_structure.bandstructure.Kpoint object at 0x7fc5d4b5a190>, 'energy': 3.1706, 'projections': {'1': [[0.0089, 0.0089, 0.0688, 0.0688, 0.0187, 0.0187, 0.028200000000000003, 0.028200000000000003, 0.0115, 0.0115, 0.0051, 0.0051, 0.008400000000000001, 0.008400000000000001, 0.0103, 0.0103, 0.017400000000000002, 0.017400000000000002, 0.009000000000000001, 0.009000000000000001, 0.01, 0.01], [0.0, 0.0, 0.0, 0.0, 0.0002, 0.0002, 0.0009000000000000001, 0.0009000000000000001, 0.0019, 0.0019, 0.009600000000000001, 0.009600000000000001, 0.0061, 0.0061, 0.0032, 0.0032, 0.0014, 0.0014, 0.0099, 0.0099, 0.0024000000000000002, 0.0024000000000000002], [0.0, 0.0, 0.0002, 0.0002, 0.0, 0.0, 0.0007, 0.0007, 0.0064, 0.0064, 0.0032, 0.0032, 0.0, 0.0, 0.0063, 0.0063, 0.0033, 0.0033, 0.0085, 0.0085, 0.0053, 0.0053], [0.0, 0.0, 0.0001, 0.0001, 0.0, 0.0, 0.00030000000000000003, 0.00030000000000000003, 0.005200000000000001, 0.005200000000000001, 0.0, 0.0, 0.0001, 0.0001, 0.0011, 0.0011, 0.0039000000000000003, 0.0039000000000000003, 0.0002, 0.0002, 0.0022, 0.0022], [0.0, 0.0, 0.0, 0.0, 0.0, 0.0, 0.0, 0.0, 0.0, 0.0, 0.0, 0.0, 0.0, 0.0, 0.0, 0.0, 0.0, 0.0, 0.0, 0.0, 0.0, 0.0], [0.0, 0.0, 0.0, 0.0, 0.0015, 0.0015, 0.0018000000000000002, 0.0018000000000000002, 0.0, 0.0, 0.0, 0.0, 0.0, 0.0, 0.0, 0.0, 0.0, 0.0, 0.0, 0.0, 0.0, 0.0], [0.0002, 0.0002, 0.0, 0.0, 0.0001, 0.0001, 0.0015, 0.0015, 0.0, 0.0, 0.0, 0.0, 0.0, 0.0, 0.0, 0.0, 0.0, 0.0, 0.0, 0.0, 0.0, 0.0], [0.0, 0.0, 0.0001, 0.0001, 0.0, 0.0, 0.0, 0.0, 0.0, 0.0, 0.0, 0.0, 0.0, 0.0, 0.0, 0.0, 0.0, 0.0, 0.0, 0.0, 0.0, 0.0], [0.0001, 0.0001, 0.0017000000000000001, 0.0017000000000000001, 0.00030000000000000003, 0.00030000000000000003, 0.0, 0.0, 0.0, 0.0, 0.0, 0.0, 0.0, 0.0, 0.0, 0.0, 0.0, 0.0, 0.0, 0.0, 0.0, 0.0]]}}
bs_hinuma_vbm: {'band_index': {'1': [73]}, 'kpoint_index': [60], 'kpoint': <pymatgen.electronic_structure.bandstructure.Kpoint object at 0x7fc5d4b5a200>, 'energy': 0.6052000000000001, 'projections': {'1': [[0.0, 0.0, 0.0001, 0.0001, 0.0, 0.0, 0.0, 0.0, 0.0001, 0.0001, 0.0, 0.0, 0.0001, 0.0001, 0.0001, 0.0001, 0.0004, 0.0004, 0.0, 0.0, 0.0, 0.0], [0.00030000000000000003, 0.00030000000000000003, 0.0001, 0.0001, 0.0002, 0.0002, 0.0, 0.0, 0.0417, 0.0417, 0.0, 0.0, 0.0001, 0.0001, 0.004200000000000001, 0.004200000000000001, 0.0286, 0.0286, 0.0028, 0.0028, 0.0275, 0.0275], [0.0001, 0.0001, 0.0002, 0.0002, 0.0004, 0.0004, 0.0, 0.0, 0.0122, 0.0122, 0.0, 0.0, 0.0005, 0.0005, 0.010700000000000001, 0.010700000000000001, 0.0036000000000000003, 0.0036000000000000003, 0.0, 0.0, 0.0391, 0.0391], [0.0, 0.0, 0.0002, 0.0002, 0.0, 0.0, 0.0004, 0.0004, 0.0229, 0.0229, 0.0028, 0.0028, 0.0, 0.0, 0.0178, 0.0178, 0.0391, 0.0391, 0.0502, 0.0502, 0.0386, 0.0386], [0.0, 0.0, 0.0008, 0.0008, 0.002, 0.002, 0.0, 0.0, 0.0, 0.0, 0.0, 0.0, 0.0, 0.0, 0.0, 0.0, 0.0, 0.0, 0.0, 0.0, 0.0, 0.0], [0.0002, 0.0002, 0.0006000000000000001, 0.0006000000000000001, 0.0002, 0.0002, 0.0, 0.0, 0.0, 0.0, 0.0, 0.0, 0.0, 0.0, 0.0, 0.0, 0.0, 0.0, 0.0, 0.0, 0.0, 0.0], [0.0, 0.0, 0.0006000000000000001, 0.0006000000000000001, 0.0, 0.0, 0.0, 0.0, 0.0, 0.0, 0.0, 0.0, 0.0, 0.0, 0.0, 0.0, 0.0, 0.0, 0.0, 0.0, 0.0, 0.0], [0.0001, 0.0001, 0.030100000000000002, 0.030100000000000002, 0.0009000000000000001, 0.0009000000000000001, 0.0013000000000000002, 0.0013000000000000002, 0.0, 0.0, 0.0, 0.0, 0.0, 0.0, 0.0, 0.0, 0.0, 0.0, 0.0, 0.0, 0.0, 0.0], [0.0002, 0.0002, 0.0029000000000000002, 0.0029000000000000002, 0.0002, 0.0002, 0.0, 0.0, 0.0, 0.0, 0.0, 0.0, 0.0, 0.0, 0.0, 0.0, 0.0, 0.0, 0.0, 0.0, 0.0, 0.0]]}}
bs_hinuma_efermi: 0.74490618
bs_latimer_munro_task_id: mp-2711526
bs_latimer_munro_band_gap: 2.5654
bs_latimer_munro_cbm: {'band_index': {'1': [74]}, 'kpoint_index': [11, 12, 24, 40, 54, 64, 79], 'kpoint': <pymatgen.electronic_structure.bandstructure.Kpoint object at 0x7fc5d4b59d30>, 'energy': 3.1706, 'projections': {'1': [[0.0088, 0.0088, 0.0688, 0.0688, 0.0187, 0.0187, 0.028200000000000003, 0.028200000000000003, 0.0115, 0.0115, 0.0051, 0.0051, 0.008400000000000001, 0.008400000000000001, 0.0103, 0.0103, 0.017400000000000002, 0.017400000000000002, 0.009000000000000001, 0.009000000000000001, 0.01, 0.01], [0.0, 0.0, 0.0, 0.0, 0.0002, 0.0002, 0.0009000000000000001, 0.0009000000000000001, 0.0019, 0.0019, 0.009600000000000001, 0.009600000000000001, 0.0061, 0.0061, 0.0032, 0.0032, 0.0014, 0.0014, 0.0099, 0.0099, 0.0024000000000000002, 0.0024000000000000002], [0.0, 0.0, 0.0002, 0.0002, 0.0, 0.0, 0.0007, 0.0007, 0.0064, 0.006500000000000001, 0.0032, 0.0032, 0.0, 0.0, 0.0063, 0.0063, 0.0033, 0.0033, 0.0085, 0.0085, 0.0053, 0.0053], [0.0, 0.0, 0.0001, 0.0001, 0.0, 0.0, 0.00030000000000000003, 0.00030000000000000003, 0.005200000000000001, 0.005200000000000001, 0.0, 0.0, 0.0001, 0.0001, 0.0011, 0.0011, 0.0039000000000000003, 0.0039000000000000003, 0.0002, 0.0002, 0.0022, 0.0022], [0.0, 0.0, 0.0, 0.0, 0.0, 0.0, 0.0, 0.0, 0.0, 0.0, 0.0, 0.0, 0.0, 0.0, 0.0, 0.0, 0.0, 0.0, 0.0, 0.0, 0.0, 0.0], [0.0, 0.0, 0.0, 0.0, 0.0015, 0.0015, 0.0018000000000000002, 0.0018000000000000002, 0.0, 0.0, 0.0, 0.0, 0.0, 0.0, 0.0, 0.0, 0.0, 0.0, 0.0, 0.0, 0.0, 0.0], [0.0002, 0.0002, 0.0, 0.0, 0.0001, 0.0001, 0.0015, 0.0015, 0.0, 0.0, 0.0, 0.0, 0.0, 0.0, 0.0, 0.0, 0.0, 0.0, 0.0, 0.0, 0.0, 0.0], [0.0, 0.0, 0.0001, 0.0001, 0.0, 0.0, 0.0, 0.0, 0.0, 0.0, 0.0, 0.0, 0.0, 0.0, 0.0, 0.0, 0.0, 0.0, 0.0, 0.0, 0.0, 0.0], [0.0001, 0.0001, 0.0017000000000000001, 0.0017000000000000001, 0.00030000000000000003, 0.00030000000000000003, 0.0, 0.0, 0.0, 0.0, 0.0, 0.0, 0.0, 0.0, 0.0, 0.0, 0.0, 0.0, 0.0, 0.0, 0.0, 0.0]]}}
bs_latimer_munro_vbm: {'band_index': {'1': [73]}, 'kpoint_index': [0], 'kpoint': <pymatgen.electronic_structure.bandstructure.Kpoint object at 0x7fc5d4b59c50>, 'energy': 0.6052000000000001, 'projections': {'1': [[0.0, 0.0, 0.0001, 0.0001, 0.0, 0.0, 0.0, 0.0, 0.0001, 0.0001, 0.0, 0.0, 0.0001, 0.0001, 0.0001, 0.0001, 0.0004, 0.0004, 0.0, 0.0, 0.0, 0.0], [0.00030000000000000003, 0.00030000000000000003, 0.0001, 0.0001, 0.0002, 0.0002, 0.0, 0.0, 0.0417, 0.0417, 0.0, 0.0, 0.0001, 0.0001, 0.004200000000000001, 0.004200000000000001, 0.0286, 0.0286, 0.0028, 0.0028, 0.0275, 0.0275], [0.0001, 0.0001, 0.0002, 0.0002, 0.0004, 0.0004, 0.0, 0.0, 0.0122, 0.0122, 0.0, 0.0, 0.0005, 0.0005, 0.010700000000000001, 0.010700000000000001, 0.0036000000000000003, 0.0036000000000000003, 0.0, 0.0, 0.0391, 0.0391], [0.0, 0.0, 0.0002, 0.0002, 0.0, 0.0, 0.0004, 0.0004, 0.0229, 0.0229, 0.0028, 0.0028, 0.0, 0.0, 0.0178, 0.0178, 0.0391, 0.0391, 0.0502, 0.0502, 0.0386, 0.0386], [0.0, 0.0, 0.0008, 0.0008, 0.002, 0.002, 0.0, 0.0, 0.0, 0.0, 0.0, 0.0, 0.0, 0.0, 0.0, 0.0, 0.0, 0.0, 0.0, 0.0, 0.0, 0.0], [0.0002, 0.0002, 0.0006000000000000001, 0.0006000000000000001, 0.0002, 0.0002, 0.0, 0.0, 0.0, 0.0, 0.0, 0.0, 0.0, 0.0, 0.0, 0.0, 0.0, 0.0, 0.0, 0.0, 0.0, 0.0], [0.0, 0.0, 0.0006000000000000001, 0.0006000000000000001, 0.0, 0.0, 0.0, 0.0, 0.0, 0.0, 0.0, 0.0, 0.0, 0.0, 0.0, 0.0, 0.0, 0.0, 0.0, 0.0, 0.0, 0.0], [0.0001, 0.0001, 0.030100000000000002, 0.030100000000000002, 0.0009000000000000001, 0.0009000000000000001, 0.0013000000000000002, 0.0013000000000000002, 0.0, 0.0, 0.0, 0.0, 0.0, 0.0, 0.0, 0.0, 0.0, 0.0, 0.0, 0.0, 0.0, 0.0], [0.0002, 0.0002, 0.0029000000000000002, 0.0029000000000000002, 0.0002, 0.0002, 0.0, 0.0, 0.0, 0.0, 0.0, 0.0, 0.0, 0.0, 0.0, 0.0, 0.0, 0.0, 0.0, 0.0, 0.0, 0.0]]}}
bs_latimer_munro_efermi: 0.7358054900000001