material_id: mp-1044403
band_gap: 0.0
efermi: 2.62336788
dos_magnetic_ordering: NM
dos_total_task_id: mp-1737217
dos_total_band_gap: 0.0
dos_total_cbm: 2.6017
dos_total_vbm: 2.6449
dos_total_efermi: 2.62336788
bs_setyawan_curtarolo_task_id: mp-1044411
bs_setyawan_curtarolo_band_gap: 1.5779
bs_setyawan_curtarolo_cbm: {'band_index': {'-1': [53], '1': []}, 'kpoint_index': ['35'], 'kpoint': <pymatgen.electronic_structure.bandstructure.Kpoint object at 0x7fc699d63930>, 'energy': 3.3751, 'projections': {'-1': [[0.0, 0.0105, 0.0, 0.0, 0.0, 0.0, 0.0011, 0.0008, 0.0008, 0.0011, 0.0008, 0.0008, 0.0, 0.0], [0.0012000000000000001, 0.0001, 0.00030000000000000003, 0.0026000000000000003, 0.0026000000000000003, 0.00030000000000000003, 0.0005, 0.0008, 0.0011, 0.0005, 0.0011, 0.0008, 0.002, 0.002], [0.0, 0.0, 0.0001, 0.0001, 0.0001, 0.0001, 0.0011, 0.0002, 0.0002, 0.0011, 0.0002, 0.0002, 0.0, 0.0], [0.0004, 0.0, 0.0044, 0.002, 0.002, 0.0044, 0.0002, 0.0009000000000000001, 0.0006000000000000001, 0.0002, 0.0006000000000000001, 0.0009000000000000001, 0.0009000000000000001, 0.0009000000000000001], [0.0001, 0.0, 0.0041, 0.0722, 0.0722, 0.0041, 0.0, 0.0, 0.0, 0.0, 0.0, 0.0, 0.0, 0.0], [0.001, 0.0, 0.0188, 0.0188, 0.0188, 0.0188, 0.0, 0.0, 0.0, 0.0, 0.0, 0.0, 0.0, 0.0], [0.0, 0.0, 0.0036000000000000003, 0.0036000000000000003, 0.0036000000000000003, 0.0036000000000000003, 0.0, 0.0, 0.0, 0.0, 0.0, 0.0, 0.0, 0.0], [0.00030000000000000003, 0.0, 0.0471, 0.0471, 0.0471, 0.0471, 0.0, 0.0, 0.0, 0.0, 0.0, 0.0, 0.0, 0.0], [0.0, 0.0, 0.1199, 0.0519, 0.0519, 0.1199, 0.0, 0.0, 0.0, 0.0, 0.0, 0.0, 0.0, 0.0]]}}
bs_setyawan_curtarolo_vbm: {'band_index': {'1': [72], '-1': []}, 'kpoint_index': [14, 15, 101], 'kpoint': <pymatgen.electronic_structure.bandstructure.Kpoint object at 0x7fc5d4b5a350>, 'energy': 1.7972000000000001, 'projections': {'1': [[0.0, 0.0, 0.0, 0.0, 0.0, 0.0, 0.0001, 0.0001, 0.0, 0.0001, 0.0, 0.0001, 0.0, 0.0], [0.0, 0.0, 0.0006000000000000001, 0.0007, 0.0007, 0.0006000000000000001, 0.034300000000000004, 0.0135, 0.0005, 0.034300000000000004, 0.0005, 0.0135, 0.0159, 0.0159], [0.0, 0.0, 0.0057, 0.0057, 0.0057, 0.0057, 0.06910000000000001, 0.06910000000000001, 0.0, 0.06910000000000001, 0.0, 0.06910000000000001, 0.07740000000000001, 0.07740000000000001], [0.0, 0.0, 0.00030000000000000003, 0.0002, 0.0002, 0.00030000000000000003, 0.0007, 0.0216, 0.0015, 0.0007, 0.0015, 0.0216, 0.0053, 0.0053], [0.0, 0.0061, 0.0038, 0.0068000000000000005, 0.0068000000000000005, 0.0038, 0.0, 0.0, 0.0, 0.0, 0.0, 0.0, 0.0, 0.0], [0.0002, 0.011600000000000001, 0.0017000000000000001, 0.0001, 0.0001, 0.0017000000000000001, 0.0, 0.0, 0.0, 0.0, 0.0, 0.0, 0.0, 0.0], [0.0, 0.0, 0.0297, 0.0297, 0.0297, 0.0297, 0.0, 0.0, 0.0, 0.0, 0.0, 0.0, 0.0, 0.0], [0.0005, 0.0349, 0.0002, 0.0018000000000000002, 0.0018000000000000002, 0.0002, 0.0, 0.0, 0.0, 0.0, 0.0, 0.0, 0.0, 0.0], [0.0001, 0.0183, 0.0036000000000000003, 0.0005, 0.0005, 0.0036000000000000003, 0.0, 0.0, 0.0, 0.0, 0.0, 0.0, 0.0, 0.0]]}}
bs_setyawan_curtarolo_efermi: 1.9272212400000002