material_id: mp-1043628
band_gap: 0.43809999999999905
efermi: 5.24238194
dos_magnetic_ordering: NM
dos_total_task_id: mp-1733114
dos_total_band_gap: 0.4621
dos_total_cbm: 5.5944
dos_total_vbm: 5.1323
dos_total_efermi: 5.13507319
bs_setyawan_curtarolo_task_id: mp-1043639
bs_setyawan_curtarolo_band_gap: 0.43809999999999905
bs_setyawan_curtarolo_cbm: {'band_index': {'1': [58]}, 'kpoint_index': [0, 219, 220], 'kpoint': <pymatgen.electronic_structure.bandstructure.Kpoint object at 0x7fc699d63930>, 'energy': 5.5825, 'projections': {'1': [[0.0031000000000000003, 0.09280000000000001, 0.09280000000000001, 0.09280000000000001, 0.1107, 0.0034000000000000002, 0.0034000000000000002, 0.0034000000000000002, 0.0034000000000000002, 0.0175, 0.0175, 0.0034000000000000002, 0.0034000000000000002], [0.0, 0.0, 0.0, 0.0, 0.0, 0.034800000000000005, 0.0022, 0.034800000000000005, 0.0022, 0.0006000000000000001, 0.0006000000000000001, 0.0022, 0.0022], [0.0, 0.0, 0.0, 0.0, 0.0, 0.0027, 0.031200000000000002, 0.0027, 0.0027, 0.005200000000000001, 0.005200000000000001, 0.0027, 0.031200000000000002], [0.0, 0.0, 0.0, 0.0, 0.0, 0.0007, 0.0048000000000000004, 0.0007, 0.0333, 0.0013000000000000002, 0.0013000000000000002, 0.0333, 0.0048000000000000004], [0.0005, 0.0001, 0.0021000000000000003, 0.0, 0.0, 0.0, 0.0, 0.0, 0.0, 0.0, 0.0, 0.0, 0.0], [0.0021000000000000003, 0.0002, 0.0012000000000000001, 0.0032, 0.0, 0.0, 0.0, 0.0, 0.0, 0.0, 0.0, 0.0, 0.0], [0.0044, 0.0048000000000000004, 0.0048000000000000004, 0.0008, 0.0, 0.0, 0.0, 0.0, 0.0, 0.0, 0.0, 0.0, 0.0], [0.0047, 0.001, 0.0, 0.007200000000000001, 0.0, 0.0, 0.0, 0.0, 0.0, 0.0, 0.0, 0.0, 0.0], [0.0001, 0.005200000000000001, 0.0032, 0.0, 0.0, 0.0, 0.0, 0.0, 0.0, 0.0, 0.0, 0.0, 0.0]]}}
bs_setyawan_curtarolo_vbm: {'band_index': {'1': [57]}, 'kpoint_index': ['299'], 'kpoint': <pymatgen.electronic_structure.bandstructure.Kpoint object at 0x7fc5d4b5a430>, 'energy': 5.1444, 'projections': {'1': [[0.0053, 0.0, 0.0, 0.0012000000000000001, 0.27440000000000003, 0.0035, 0.0008, 0.0035, 0.0035, 0.0, 0.0, 0.0035, 0.0008], [0.003, 0.0, 0.0, 0.0001, 0.0, 0.040600000000000004, 0.0417, 0.040600000000000004, 0.0112, 0.0009000000000000001, 0.0009000000000000001, 0.0112, 0.0417], [0.0, 0.0, 0.0, 0.0, 0.0, 0.0194, 0.0014, 0.0194, 0.0194, 0.0002, 0.0002, 0.0194, 0.0014], [0.0013000000000000002, 0.0, 0.0, 0.0001, 0.0, 0.0012000000000000001, 0.0918, 0.0012000000000000001, 0.030600000000000002, 0.0019, 0.0019, 0.030600000000000002, 0.0918], [0.0193, 0.0001, 0.0, 0.0001, 0.00030000000000000003, 0.0, 0.0, 0.0, 0.0, 0.0, 0.0, 0.0, 0.0], [0.0005, 0.0, 0.0, 0.0001, 0.0002, 0.0, 0.0, 0.0, 0.0, 0.0, 0.0, 0.0, 0.0], [0.0143, 0.0, 0.0, 0.002, 0.0011, 0.0, 0.0, 0.0, 0.0, 0.0, 0.0, 0.0, 0.0], [0.001, 0.0001, 0.0001, 0.0002, 0.0004, 0.0, 0.0, 0.0, 0.0, 0.0, 0.0, 0.0, 0.0], [0.0032, 0.0004, 0.0004, 0.0, 0.0, 0.0, 0.0, 0.0, 0.0, 0.0, 0.0, 0.0, 0.0]]}}
bs_setyawan_curtarolo_efermi: 5.24238194