material_id: mp-1019535
band_gap: 4.9116
efermi: 0.9261606
dos_magnetic_ordering: NM
dos_total_task_id: mp-1698977
dos_total_band_gap: 4.9426
dos_total_cbm: 5.686
dos_total_vbm: 0.7434000000000001
dos_total_efermi: 0.749576
bs_setyawan_curtarolo_task_id: mp-1602021
bs_setyawan_curtarolo_band_gap: 4.9116
bs_setyawan_curtarolo_cbm: {'band_index': {'1': [36]}, 'kpoint_index': [0, 40, 41], 'kpoint': <pymatgen.electronic_structure.bandstructure.Kpoint object at 0x7fc699d63930>, 'energy': 5.6795, 'projections': {'1': [[0.0427, 0.0154, 0.0154, 0.0135, 0.0135, 0.019, 0.019, 0.019700000000000002, 0.019700000000000002, 0.019700000000000002, 0.019700000000000002, 0.019700000000000002, 0.019700000000000002], [0.0, 0.0, 0.0, 0.0, 0.0, 0.0, 0.0, 0.0, 0.0, 0.0, 0.0, 0.0, 0.0], [0.0, 0.0, 0.0, 0.0, 0.0, 0.0, 0.0, 0.0013000000000000002, 0.0013000000000000002, 0.0013000000000000002, 0.0013000000000000002, 0.0013000000000000002, 0.0013000000000000002], [0.0, 0.0, 0.0, 0.0, 0.0, 0.0, 0.0, 0.0, 0.0, 0.0, 0.0, 0.0, 0.0], [0.0, 0.0, 0.0, 0.0, 0.0, 0.0, 0.0, 0.0, 0.0, 0.0, 0.0, 0.0, 0.0], [0.0, 0.0, 0.0, 0.0, 0.0, 0.0, 0.0, 0.0, 0.0, 0.0, 0.0, 0.0, 0.0], [0.0036000000000000003, 0.0, 0.0, 0.0, 0.0, 0.0, 0.0, 0.0, 0.0, 0.0, 0.0, 0.0, 0.0], [0.0, 0.0, 0.0, 0.0, 0.0, 0.0, 0.0, 0.0, 0.0, 0.0, 0.0, 0.0, 0.0], [0.0, 0.0, 0.0, 0.0, 0.0, 0.0, 0.0, 0.0, 0.0, 0.0, 0.0, 0.0, 0.0]]}}
bs_setyawan_curtarolo_vbm: {'band_index': {'1': [34, 35]}, 'kpoint_index': [49, 50, 90], 'kpoint': <pymatgen.electronic_structure.bandstructure.Kpoint object at 0x7fc5d4b59d30>, 'energy': 0.7679, 'projections': {'1': [[0.0, 0.0, 0.0, 0.0, 0.0, 0.0, 0.0, 0.00030000000000000003, 0.0, 0.00030000000000000003, 0.00030000000000000003, 0.0, 0.00030000000000000003], [0.0025, 0.0001, 0.0001, 0.0, 0.0, 0.00030000000000000003, 0.00030000000000000003, 0.0011, 0.0023, 0.0009000000000000001, 0.0011, 0.0023, 0.0009000000000000001], [0.0, 0.0, 0.0, 0.0, 0.0, 0.0, 0.0, 0.10890000000000001, 0.0001, 0.1017, 0.10890000000000001, 0.0001, 0.1017], [0.0, 0.0007, 0.0007, 0.00030000000000000003, 0.00030000000000000003, 0.14120000000000002, 0.14120000000000002, 0.0009000000000000001, 0.0018000000000000002, 0.0024000000000000002, 0.0009000000000000001, 0.0018000000000000002, 0.0024000000000000002], [0.0, 0.0, 0.0, 0.0, 0.0, 0.0, 0.0, 0.0, 0.0, 0.0, 0.0, 0.0, 0.0], [0.0, 0.0, 0.0, 0.0, 0.0, 0.0, 0.0, 0.0, 0.0, 0.0, 0.0, 0.0, 0.0], [0.0, 0.0, 0.0, 0.0, 0.0, 0.0, 0.0, 0.0, 0.0, 0.0, 0.0, 0.0, 0.0], [0.0, 0.0, 0.0, 0.0, 0.0, 0.0, 0.0, 0.0, 0.0, 0.0, 0.0, 0.0, 0.0], [0.0, 0.0, 0.0, 0.0, 0.0, 0.0, 0.0, 0.0, 0.0, 0.0, 0.0, 0.0, 0.0]]}}
bs_setyawan_curtarolo_efermi: 0.9261606
bs_hinuma_task_id: mp-2067166
bs_hinuma_band_gap: 4.9116
bs_hinuma_cbm: {'band_index': {'1': [36]}, 'kpoint_index': [0, 40, 41], 'kpoint': <pymatgen.electronic_structure.bandstructure.Kpoint object at 0x7fc5d4b59c50>, 'energy': 5.6795, 'projections': {'1': [[0.0427, 0.0154, 0.0154, 0.0135, 0.0135, 0.019, 0.019, 0.019700000000000002, 0.019700000000000002, 0.019700000000000002, 0.019700000000000002, 0.019700000000000002, 0.019700000000000002], [0.0, 0.0, 0.0, 0.0, 0.0, 0.0, 0.0, 0.0, 0.0, 0.0, 0.0, 0.0, 0.0], [0.0, 0.0, 0.0, 0.0, 0.0, 0.0, 0.0, 0.0013000000000000002, 0.0013000000000000002, 0.0013000000000000002, 0.0013000000000000002, 0.0013000000000000002, 0.0013000000000000002], [0.0, 0.0, 0.0, 0.0, 0.0, 0.0, 0.0, 0.0, 0.0, 0.0, 0.0, 0.0, 0.0], [0.0, 0.0, 0.0, 0.0, 0.0, 0.0, 0.0, 0.0, 0.0, 0.0, 0.0, 0.0, 0.0], [0.0, 0.0, 0.0, 0.0, 0.0, 0.0, 0.0, 0.0, 0.0, 0.0, 0.0, 0.0, 0.0], [0.0036000000000000003, 0.0, 0.0, 0.0, 0.0, 0.0, 0.0, 0.0, 0.0, 0.0, 0.0, 0.0, 0.0], [0.0, 0.0, 0.0, 0.0, 0.0, 0.0, 0.0, 0.0, 0.0, 0.0, 0.0, 0.0, 0.0], [0.0, 0.0, 0.0, 0.0, 0.0, 0.0, 0.0, 0.0, 0.0, 0.0, 0.0, 0.0, 0.0]]}}
bs_hinuma_vbm: {'band_index': {'1': [34, 35]}, 'kpoint_index': [49, 50, 90], 'kpoint': <pymatgen.electronic_structure.bandstructure.Kpoint object at 0x7fc5d4b5a190>, 'energy': 0.7679, 'projections': {'1': [[0.0, 0.0, 0.0, 0.0, 0.0, 0.0, 0.0, 0.00030000000000000003, 0.0, 0.00030000000000000003, 0.00030000000000000003, 0.0, 0.00030000000000000003], [0.0025, 0.0001, 0.0001, 0.0, 0.0, 0.00030000000000000003, 0.00030000000000000003, 0.0011, 0.0023, 0.0009000000000000001, 0.0011, 0.0023, 0.0009000000000000001], [0.0, 0.0, 0.0, 0.0, 0.0, 0.0, 0.0, 0.10890000000000001, 0.0001, 0.1017, 0.10890000000000001, 0.0001, 0.1017], [0.0, 0.0007, 0.0007, 0.00030000000000000003, 0.00030000000000000003, 0.14120000000000002, 0.14120000000000002, 0.0009000000000000001, 0.0018000000000000002, 0.0024000000000000002, 0.0009000000000000001, 0.0018000000000000002, 0.0024000000000000002], [0.0, 0.0, 0.0, 0.0, 0.0, 0.0, 0.0, 0.0, 0.0, 0.0, 0.0, 0.0, 0.0], [0.0, 0.0, 0.0, 0.0, 0.0, 0.0, 0.0, 0.0, 0.0, 0.0, 0.0, 0.0, 0.0], [0.0, 0.0, 0.0, 0.0, 0.0, 0.0, 0.0, 0.0, 0.0, 0.0, 0.0, 0.0, 0.0], [0.0, 0.0, 0.0, 0.0, 0.0, 0.0, 0.0, 0.0, 0.0, 0.0, 0.0, 0.0, 0.0], [0.0, 0.0, 0.0, 0.0, 0.0, 0.0, 0.0, 0.0, 0.0, 0.0, 0.0, 0.0, 0.0]]}}
bs_hinuma_efermi: 0.94138021
bs_latimer_munro_task_id: mp-2428701
bs_latimer_munro_band_gap: 4.9116
bs_latimer_munro_cbm: {'band_index': {'1': [36]}, 'kpoint_index': [8, 9, 26], 'kpoint': <pymatgen.electronic_structure.bandstructure.Kpoint object at 0x7fc5d4b5a200>, 'energy': 5.6795, 'projections': {'1': [[0.0427, 0.0154, 0.0154, 0.0135, 0.0135, 0.019, 0.019, 0.019700000000000002, 0.019700000000000002, 0.019700000000000002, 0.019700000000000002, 0.019700000000000002, 0.019700000000000002], [0.0, 0.0, 0.0, 0.0, 0.0, 0.0, 0.0, 0.0, 0.0, 0.0, 0.0, 0.0, 0.0], [0.0, 0.0, 0.0, 0.0, 0.0, 0.0, 0.0, 0.0013000000000000002, 0.0013000000000000002, 0.0013000000000000002, 0.0013000000000000002, 0.0013000000000000002, 0.0013000000000000002], [0.0, 0.0, 0.0, 0.0, 0.0, 0.0, 0.0, 0.0, 0.0, 0.0, 0.0, 0.0, 0.0], [0.0, 0.0, 0.0, 0.0, 0.0, 0.0, 0.0, 0.0, 0.0, 0.0, 0.0, 0.0, 0.0], [0.0, 0.0, 0.0, 0.0, 0.0, 0.0, 0.0, 0.0, 0.0, 0.0, 0.0, 0.0, 0.0], [0.0036000000000000003, 0.0, 0.0, 0.0, 0.0, 0.0, 0.0, 0.0, 0.0, 0.0, 0.0, 0.0, 0.0], [0.0, 0.0, 0.0, 0.0, 0.0, 0.0, 0.0, 0.0, 0.0, 0.0, 0.0, 0.0, 0.0], [0.0, 0.0, 0.0, 0.0, 0.0, 0.0, 0.0, 0.0, 0.0, 0.0, 0.0, 0.0, 0.0]]}}
bs_latimer_munro_vbm: {'band_index': {'1': [34, 35]}, 'kpoint_index': [0], 'kpoint': <pymatgen.electronic_structure.bandstructure.Kpoint object at 0x7fc5d4b5a3c0>, 'energy': 0.7679, 'projections': {'1': [[0.0, 0.0, 0.0, 0.0, 0.0, 0.0, 0.0, 0.00030000000000000003, 0.0, 0.00030000000000000003, 0.00030000000000000003, 0.0, 0.00030000000000000003], [0.0025, 0.0001, 0.0001, 0.0, 0.0, 0.0002, 0.0002, 0.0011, 0.0023, 0.0009000000000000001, 0.0011, 0.0023, 0.0009000000000000001], [0.0, 0.0, 0.0, 0.0, 0.0, 0.0, 0.0, 0.109, 0.0001, 0.1015, 0.109, 0.0001, 0.1015], [0.0, 0.0007, 0.0007, 0.00030000000000000003, 0.00030000000000000003, 0.14120000000000002, 0.14120000000000002, 0.0009000000000000001, 0.0018000000000000002, 0.0024000000000000002, 0.0009000000000000001, 0.0018000000000000002, 0.0024000000000000002], [0.0, 0.0, 0.0, 0.0, 0.0, 0.0, 0.0, 0.0, 0.0, 0.0, 0.0, 0.0, 0.0], [0.0, 0.0, 0.0, 0.0, 0.0, 0.0, 0.0, 0.0, 0.0, 0.0, 0.0, 0.0, 0.0], [0.0, 0.0, 0.0, 0.0, 0.0, 0.0, 0.0, 0.0, 0.0, 0.0, 0.0, 0.0, 0.0], [0.0, 0.0, 0.0, 0.0, 0.0, 0.0, 0.0, 0.0, 0.0, 0.0, 0.0, 0.0, 0.0], [0.0, 0.0, 0.0, 0.0, 0.0, 0.0, 0.0, 0.0, 0.0, 0.0, 0.0, 0.0, 0.0]]}}
bs_latimer_munro_efermi: 0.94202476