material_id: mp-1225301
band_gap: 1.071199999999999
efermi: 3.698703489999999
dos_magnetic_ordering: NM
dos_total_task_id: mp-1759502
dos_total_band_gap: 1.063699999999999
dos_total_cbm: 4.6297
dos_total_vbm: 3.566
dos_total_efermi: 3.56640545
bs_setyawan_curtarolo_task_id: mp-1624065
bs_setyawan_curtarolo_band_gap: 1.071199999999999
bs_setyawan_curtarolo_cbm: {'band_index': {'1': [16]}, 'kpoint_index': [76, 77, 108], 'kpoint': <pymatgen.electronic_structure.bandstructure.Kpoint object at 0x7fc699d63930>, 'energy': 4.6362, 'projections': {'1': [[0.0216, 0.0085, 0.0004, 0.0018000000000000002], [0.00030000000000000003, 0.0, 0.001, 0.00030000000000000003], [0.0004, 0.012100000000000001, 0.0067, 0.009600000000000001], [0.0009000000000000001, 0.0001, 0.003, 0.0008], [0.105, 0.01, 0.0048000000000000004, 0.0051], [0.0405, 0.0022, 0.00030000000000000003, 0.0008], [0.1542, 0.0046, 0.0092, 0.0037], [0.12150000000000001, 0.0066, 0.001, 0.0023], [0.035, 0.0033, 0.0016, 0.0017000000000000001]]}}
bs_setyawan_curtarolo_vbm: {'band_index': {'1': [14, 15]}, 'kpoint_index': [0, 48, 49], 'kpoint': <pymatgen.electronic_structure.bandstructure.Kpoint object at 0x7fc5d4b5a190>, 'energy': 3.565, 'projections': {'1': [[0.0, 0.0, 0.0, 0.0], [0.048600000000000004, 0.0041, 0.1962, 0.2394], [0.0, 0.0, 0.0, 0.0], [0.0033, 0.00030000000000000003, 0.013300000000000001, 0.0162], [0.0001, 0.0054, 0.0, 0.0], [0.0004, 0.0459, 0.0004, 0.0006000000000000001], [0.0, 0.0, 0.0, 0.0], [0.0, 0.0031000000000000003, 0.0, 0.0], [0.0013000000000000002, 0.0792, 0.0001, 0.0005]]}}
bs_setyawan_curtarolo_efermi: 3.698703489999999
bs_hinuma_task_id: mp-2092336
bs_hinuma_band_gap: 1.071199999999999
bs_hinuma_cbm: {'band_index': {'1': [16]}, 'kpoint_index': [76, 77, 108], 'kpoint': <pymatgen.electronic_structure.bandstructure.Kpoint object at 0x7fc5d4b59e80>, 'energy': 4.6362, 'projections': {'1': [[0.0216, 0.0085, 0.0004, 0.0018000000000000002], [0.00030000000000000003, 0.0, 0.001, 0.00030000000000000003], [0.0004, 0.012100000000000001, 0.0067, 0.009600000000000001], [0.0009000000000000001, 0.0001, 0.003, 0.0008], [0.105, 0.01, 0.0048000000000000004, 0.0051], [0.0405, 0.0022, 0.00030000000000000003, 0.0008], [0.1542, 0.0046, 0.0092, 0.0037], [0.12150000000000001, 0.0066, 0.001, 0.0023], [0.035, 0.0033, 0.0016, 0.0017000000000000001]]}}
bs_hinuma_vbm: {'band_index': {'1': [14, 15]}, 'kpoint_index': [0, 48, 49], 'kpoint': <pymatgen.electronic_structure.bandstructure.Kpoint object at 0x7fc5d4b5a200>, 'energy': 3.565, 'projections': {'1': [[0.0, 0.0, 0.0, 0.0], [0.048600000000000004, 0.0041, 0.1962, 0.2394], [0.0, 0.0, 0.0, 0.0], [0.0033, 0.00030000000000000003, 0.013300000000000001, 0.0162], [0.0001, 0.0054, 0.0, 0.0], [0.0004, 0.0459, 0.0004, 0.0006000000000000001], [0.0, 0.0, 0.0, 0.0], [0.0, 0.0031000000000000003, 0.0, 0.0], [0.0013000000000000002, 0.0792, 0.0001, 0.0005]]}}
bs_hinuma_efermi: 3.698703489999999
bs_latimer_munro_task_id: mp-2310369
bs_latimer_munro_band_gap: 1.071199999999999
bs_latimer_munro_cbm: {'band_index': {'1': [16]}, 'kpoint_index': [0, 48, 49, 149], 'kpoint': <pymatgen.electronic_structure.bandstructure.Kpoint object at 0x7fc5d4b59d30>, 'energy': 4.6362, 'projections': {'1': [[0.0217, 0.0085, 0.0004, 0.0018000000000000002], [0.00030000000000000003, 0.0, 0.001, 0.00030000000000000003], [0.0004, 0.012100000000000001, 0.0067, 0.009600000000000001], [0.0009000000000000001, 0.0001, 0.003, 0.0008], [0.105, 0.01, 0.0048000000000000004, 0.0051], [0.0405, 0.0022, 0.00030000000000000003, 0.0008], [0.1542, 0.0046, 0.0092, 0.0037], [0.12150000000000001, 0.0066, 0.001, 0.0023], [0.035, 0.0033, 0.0016, 0.0017000000000000001]]}}
bs_latimer_munro_vbm: {'band_index': {'1': [14, 15]}, 'kpoint_index': [68, 69, 89, 99, 167], 'kpoint': <pymatgen.electronic_structure.bandstructure.Kpoint object at 0x7fc5d4b5a3c0>, 'energy': 3.565, 'projections': {'1': [[0.0, 0.0, 0.0, 0.0], [0.0519, 0.0043, 0.2094, 0.2556], [0.0, 0.0, 0.0, 0.0], [0.0, 0.0, 0.0, 0.0], [0.0, 0.0, 0.0, 0.0], [0.0004, 0.049, 0.0005, 0.0007], [0.0, 0.0, 0.0, 0.0], [0.0, 0.0, 0.0, 0.0], [0.0014, 0.08460000000000001, 0.0001, 0.0005]]}}
bs_latimer_munro_efermi: 3.64415084