material_id: mp-15784
band_gap: 1.8308
efermi: 1.79235657
dos_magnetic_ordering: FM
dos_total_task_id: mp-2291682
dos_total_band_gap: 2.0746
dos_total_cbm: 3.7201
dos_total_vbm: 1.6455000000000002
dos_total_efermi: 1.647369219999999
bs_setyawan_curtarolo_task_id: mp-1067705
bs_setyawan_curtarolo_band_gap: 1.8308
bs_setyawan_curtarolo_cbm: {'band_index': {'-1': [16], '1': []}, 'kpoint_index': [0, 62, 63], 'kpoint': <pymatgen.electronic_structure.bandstructure.Kpoint object at 0x7fc699d63930>, 'energy': 3.4808, 'projections': {'-1': [[0.0, 0.0, 0.0001, 0.0001], [0.0, 0.0, 0.0, 0.0], [0.0, 0.0002, 0.00030000000000000003, 0.00030000000000000003], [0.0, 0.0, 0.0, 0.0], [0.0, 0.0, 0.0, 0.0], [0.0, 0.0, 0.0, 0.0], [0.0, 0.0, 0.0, 0.0], [0.0, 0.0, 0.0, 0.0], [0.0, 0.0, 0.0, 0.0], [0.0, 0.4147, 0.0, 0.0], [0.0, 0.0, 0.0, 0.0], [0.0, 0.0, 0.0, 0.0], [0.0, 0.5629000000000001, 0.0, 0.0], [0.0, 0.0, 0.0, 0.0], [0.0, 0.0, 0.0, 0.0], [0.0, 0.0, 0.0, 0.0]]}}
bs_setyawan_curtarolo_vbm: {'band_index': {'1': [21, 22], '-1': []}, 'kpoint_index': [0, 62, 63], 'kpoint': <pymatgen.electronic_structure.bandstructure.Kpoint object at 0x7fc5d4b59be0>, 'energy': 1.65, 'projections': {'1': [[0.0, 0.0, 0.0, 0.0], [0.0018000000000000002, 0.0105, 0.26530000000000004, 0.26530000000000004], [0.0, 0.0, 0.0, 0.0], [0.0, 0.0, 0.0006000000000000001, 0.0006000000000000001], [0.0, 0.0, 0.0, 0.0], [0.0, 0.0, 0.0, 0.0], [0.0, 0.0, 0.0, 0.0], [0.0, 0.0, 0.0, 0.0], [0.0, 0.0, 0.0, 0.0], [0.0, 0.0, 0.0, 0.0], [0.0, 0.0001, 0.0, 0.0], [0.0, 0.0077, 0.0, 0.0], [0.0, 0.0, 0.0, 0.0], [0.0, 0.0, 0.0, 0.0], [0.0, 0.053700000000000005, 0.0, 0.0], [0.0, 0.0, 0.0, 0.0]]}}
bs_setyawan_curtarolo_efermi: 1.79235657
bs_hinuma_task_id: mp-2185378
bs_hinuma_band_gap: 1.8137
bs_hinuma_cbm: {'band_index': {'-1': [16], '1': []}, 'kpoint_index': [9, 10], 'kpoint': <pymatgen.electronic_structure.bandstructure.Kpoint object at 0x7fc5d4b59e80>, 'energy': 3.4639, 'projections': {'-1': [[0.0002, 0.0, 0.0, 0.0], [0.0, 0.0, 0.0, 0.0], [0.0, 0.0, 0.0, 0.0], [0.0, 0.00030000000000000003, 0.0, 0.0], [0.0, 0.0, 0.0, 0.0], [0.0, 0.0, 0.0, 0.0], [0.0001, 0.0, 0.0, 0.0], [0.0, 0.0, 0.0, 0.0], [0.0005, 0.0, 0.0, 0.0], [0.0, 0.0, 0.0, 0.0], [0.0, 0.0, 0.0, 0.0], [0.0, 0.0, 0.0, 0.0], [0.0, 0.1564, 0.0, 0.0], [0.0, 0.213, 0.0, 0.0], [0.0, 0.4194, 0.0, 0.0], [0.0, 0.1784, 0.0, 0.0]]}}
bs_hinuma_vbm: {'band_index': {'1': [21, 22], '-1': []}, 'kpoint_index': [0, 62, 63, 115], 'kpoint': <pymatgen.electronic_structure.bandstructure.Kpoint object at 0x7fc5d4b5a190>, 'energy': 1.6502, 'projections': {'1': [[0.0, 0.0, 0.0, 0.0], [0.0018000000000000002, 0.010100000000000001, 0.25570000000000004, 0.25570000000000004], [0.0001, 0.0004, 0.01, 0.01], [0.0, 0.0, 0.00030000000000000003, 0.00030000000000000003], [0.0, 0.0, 0.0, 0.0], [0.0, 0.0, 0.0, 0.0], [0.0, 0.0, 0.0, 0.0], [0.0, 0.0, 0.0, 0.0], [0.0, 0.0, 0.0, 0.0], [0.0, 0.015600000000000001, 0.0, 0.0], [0.0, 0.0378, 0.0, 0.0], [0.0, 0.0057, 0.0, 0.0], [0.0, 0.0, 0.0, 0.0], [0.0, 0.0016, 0.0, 0.0], [0.0, 0.0001, 0.0, 0.0], [0.0, 0.0007, 0.0, 0.0]]}}
bs_hinuma_efermi: 1.726277249999999
bs_latimer_munro_task_id: mp-2433060
bs_latimer_munro_band_gap: 1.8137
bs_latimer_munro_cbm: {'band_index': {'-1': [16], '1': []}, 'kpoint_index': [112, 113, 134], 'kpoint': <pymatgen.electronic_structure.bandstructure.Kpoint object at 0x7fc5d4b5a200>, 'energy': 3.4639, 'projections': {'-1': [[0.0002, 0.0, 0.0, 0.0], [0.0, 0.0, 0.0, 0.0], [0.0, 0.0, 0.0, 0.0], [0.0, 0.00030000000000000003, 0.0, 0.0], [0.0, 0.0, 0.0, 0.0], [0.0, 0.0, 0.0, 0.0], [0.0001, 0.0, 0.0, 0.0], [0.0, 0.0, 0.0, 0.0], [0.0005, 0.0, 0.0, 0.0], [0.0, 0.0, 0.0, 0.0], [0.0, 0.0, 0.0, 0.0], [0.0, 0.0, 0.0, 0.0], [0.0, 0.1564, 0.0, 0.0], [0.0, 0.213, 0.0, 0.0], [0.0, 0.41950000000000004, 0.0, 0.0], [0.0, 0.1784, 0.0, 0.0]]}}
bs_latimer_munro_vbm: {'band_index': {'1': [21, 22], '-1': []}, 'kpoint_index': [19, 20, 40, 75, 143, 144, 166], 'kpoint': <pymatgen.electronic_structure.bandstructure.Kpoint object at 0x7fc5d4b59d30>, 'energy': 1.6502, 'projections': {'1': [[0.0, 0.0, 0.0, 0.0], [0.0018000000000000002, 0.010400000000000001, 0.26430000000000003, 0.26430000000000003], [0.0, 0.0001, 0.0016, 0.0016], [0.0, 0.0, 0.0, 0.0], [0.0, 0.0, 0.0, 0.0], [0.0, 0.0, 0.0, 0.0], [0.0, 0.0, 0.0, 0.0], [0.0, 0.0, 0.0, 0.0], [0.0, 0.0, 0.0, 0.0], [0.0, 0.0161, 0.0, 0.0], [0.0, 0.0391, 0.0, 0.0], [0.0, 0.0058000000000000005, 0.0, 0.0], [0.0, 0.0, 0.0, 0.0], [0.0, 0.00030000000000000003, 0.0, 0.0], [0.0, 0.0, 0.0, 0.0], [0.0, 0.0001, 0.0, 0.0]]}}
bs_latimer_munro_efermi: 1.69418329