material_id: mp-1205356
band_gap: 2.4802
efermi: 2.02894666
dos_magnetic_ordering: NM
dos_total_task_id: mp-1735030
dos_total_band_gap: 2.462999999999999
dos_total_cbm: 4.4106
dos_total_vbm: 1.9476
dos_total_efermi: 1.952171729999999
bs_setyawan_curtarolo_task_id: mp-1622844
bs_setyawan_curtarolo_band_gap: 2.4802
bs_setyawan_curtarolo_cbm: {'band_index': {'1': [48]}, 'kpoint_index': [0, 51, 52], 'kpoint': <pymatgen.electronic_structure.bandstructure.Kpoint object at 0x7fc699d63930>, 'energy': 4.4147, 'projections': {'1': [[0.0891, 0.0891, 0.0022, 0.0022, 0.0, 0.0, 0.0, 0.0, 0.0, 0.0, 0.0, 0.0], [0.0, 0.0, 0.0, 0.0, 0.0002, 0.0002, 0.0002, 0.0002, 0.0049, 0.0049, 0.0049, 0.0049], [0.0, 0.0, 0.0, 0.0, 0.0011, 0.0011, 0.0011, 0.0011, 0.0011, 0.0011, 0.0011, 0.0011], [0.0, 0.0, 0.0, 0.0, 0.0049, 0.0049, 0.0049, 0.0049, 0.0002, 0.0002, 0.0002, 0.0002], [0.0, 0.0, 0.0, 0.0, 0.0, 0.0, 0.0, 0.0, 0.0, 0.0, 0.0, 0.0], [0.0, 0.0, 0.0, 0.0, 0.0, 0.0, 0.0, 0.0, 0.0, 0.0, 0.0, 0.0], [0.0005, 0.0005, 0.2667, 0.2667, 0.0, 0.0, 0.0, 0.0, 0.0, 0.0, 0.0, 0.0], [0.0, 0.0, 0.0, 0.0, 0.0, 0.0, 0.0, 0.0, 0.0, 0.0, 0.0, 0.0], [0.0, 0.0, 0.0, 0.0, 0.0, 0.0, 0.0, 0.0, 0.0, 0.0, 0.0, 0.0]]}}
bs_setyawan_curtarolo_vbm: {'band_index': {'1': [47]}, 'kpoint_index': ['69'], 'kpoint': <pymatgen.electronic_structure.bandstructure.Kpoint object at 0x7fc5d4b5a190>, 'energy': 1.934499999999999, 'projections': {'1': [[0.0002, 0.0002, 0.0, 0.0, 0.0001, 0.0001, 0.0001, 0.0001, 0.0001, 0.0001, 0.0001, 0.0001], [0.0007, 0.0007, 0.0034000000000000002, 0.0034000000000000002, 0.0001, 0.0001, 0.0001, 0.0001, 0.0441, 0.0441, 0.0441, 0.0441], [0.0, 0.0, 0.0018000000000000002, 0.0018000000000000002, 0.0182, 0.0182, 0.0182, 0.0182, 0.030500000000000003, 0.030500000000000003, 0.030500000000000003, 0.030500000000000003], [0.0, 0.0, 0.0015, 0.0015, 0.0165, 0.0165, 0.0165, 0.0165, 0.0794, 0.0794, 0.0794, 0.0794], [0.0099, 0.0099, 0.0, 0.0, 0.0, 0.0, 0.0, 0.0, 0.0, 0.0, 0.0, 0.0], [0.0008, 0.0008, 0.0004, 0.0004, 0.0, 0.0, 0.0, 0.0, 0.0, 0.0, 0.0, 0.0], [0.0, 0.0, 0.0, 0.0, 0.0, 0.0, 0.0, 0.0, 0.0, 0.0, 0.0, 0.0], [0.001, 0.001, 0.0002, 0.0002, 0.0, 0.0, 0.0, 0.0, 0.0, 0.0, 0.0, 0.0], [0.0002, 0.0002, 0.0004, 0.0004, 0.0, 0.0, 0.0, 0.0, 0.0, 0.0, 0.0, 0.0]]}}
bs_setyawan_curtarolo_efermi: 2.02894666
bs_hinuma_task_id: mp-2098150
bs_hinuma_band_gap: 2.4802
bs_hinuma_cbm: {'band_index': {'1': [48]}, 'kpoint_index': [0, 54, 55, 95], 'kpoint': <pymatgen.electronic_structure.bandstructure.Kpoint object at 0x7fc5d4b5a430>, 'energy': 4.4147, 'projections': {'1': [[0.0891, 0.0891, 0.0022, 0.0022, 0.0, 0.0, 0.0, 0.0, 0.0, 0.0, 0.0, 0.0], [0.0, 0.0, 0.0, 0.0, 0.0002, 0.0002, 0.0002, 0.0002, 0.0049, 0.0049, 0.0049, 0.0049], [0.0, 0.0, 0.0, 0.0, 0.0011, 0.0011, 0.0011, 0.0011, 0.0011, 0.0011, 0.0011, 0.0011], [0.0, 0.0, 0.0, 0.0, 0.0049, 0.0049, 0.0049, 0.0049, 0.0002, 0.0002, 0.0002, 0.0002], [0.0, 0.0, 0.0, 0.0, 0.0, 0.0, 0.0, 0.0, 0.0, 0.0, 0.0, 0.0], [0.0, 0.0, 0.0, 0.0, 0.0, 0.0, 0.0, 0.0, 0.0, 0.0, 0.0, 0.0], [0.0005, 0.0005, 0.2667, 0.2667, 0.0, 0.0, 0.0, 0.0, 0.0, 0.0, 0.0, 0.0], [0.0, 0.0, 0.0, 0.0, 0.0, 0.0, 0.0, 0.0, 0.0, 0.0, 0.0, 0.0], [0.0, 0.0, 0.0, 0.0, 0.0, 0.0, 0.0, 0.0, 0.0, 0.0, 0.0, 0.0]]}}
bs_hinuma_vbm: {'band_index': {'1': [47]}, 'kpoint_index': ['72'], 'kpoint': <pymatgen.electronic_structure.bandstructure.Kpoint object at 0x7fc5d4b59c50>, 'energy': 1.934499999999999, 'projections': {'1': [[0.0002, 0.0002, 0.0, 0.0, 0.0001, 0.0001, 0.0001, 0.0001, 0.0001, 0.0001, 0.0001, 0.0001], [0.0007, 0.0007, 0.0034000000000000002, 0.0034000000000000002, 0.0001, 0.0001, 0.0001, 0.0001, 0.0441, 0.0441, 0.0441, 0.0441], [0.0, 0.0, 0.0018000000000000002, 0.0018000000000000002, 0.0182, 0.0182, 0.0182, 0.0182, 0.030500000000000003, 0.030500000000000003, 0.030500000000000003, 0.030500000000000003], [0.0, 0.0, 0.0015, 0.0015, 0.0165, 0.0165, 0.0165, 0.0165, 0.0794, 0.0794, 0.0794, 0.0794], [0.0099, 0.0099, 0.0, 0.0, 0.0, 0.0, 0.0, 0.0, 0.0, 0.0, 0.0, 0.0], [0.0008, 0.0008, 0.0004, 0.0004, 0.0, 0.0, 0.0, 0.0, 0.0, 0.0, 0.0, 0.0], [0.0, 0.0, 0.0, 0.0, 0.0, 0.0, 0.0, 0.0, 0.0, 0.0, 0.0, 0.0], [0.001, 0.001, 0.0002, 0.0002, 0.0, 0.0, 0.0, 0.0, 0.0, 0.0, 0.0, 0.0], [0.0002, 0.0002, 0.0004, 0.0004, 0.0, 0.0, 0.0, 0.0, 0.0, 0.0, 0.0, 0.0]]}}
bs_hinuma_efermi: 1.99990515
bs_latimer_munro_task_id: mp-2307513
bs_latimer_munro_band_gap: 2.4802
bs_latimer_munro_cbm: {'band_index': {'1': [48]}, 'kpoint_index': [41, 42, 92, 93, 110, 149], 'kpoint': <pymatgen.electronic_structure.bandstructure.Kpoint object at 0x7fc5d4b5a3c0>, 'energy': 4.4147, 'projections': {'1': [[0.0891, 0.0891, 0.0022, 0.0022, 0.0, 0.0, 0.0, 0.0, 0.0, 0.0, 0.0, 0.0], [0.0, 0.0, 0.0, 0.0, 0.0002, 0.0002, 0.0002, 0.0002, 0.0049, 0.0049, 0.0049, 0.0049], [0.0, 0.0, 0.0, 0.0, 0.0011, 0.0011, 0.0011, 0.0011, 0.0011, 0.0011, 0.0011, 0.0011], [0.0, 0.0, 0.0, 0.0, 0.0049, 0.0049, 0.0049, 0.0049, 0.0002, 0.0002, 0.0002, 0.0002], [0.0, 0.0, 0.0, 0.0, 0.0, 0.0, 0.0, 0.0, 0.0, 0.0, 0.0, 0.0], [0.0, 0.0, 0.0, 0.0, 0.0, 0.0, 0.0, 0.0, 0.0, 0.0, 0.0, 0.0], [0.0005, 0.0005, 0.2667, 0.2667, 0.0, 0.0, 0.0, 0.0, 0.0, 0.0, 0.0, 0.0], [0.0, 0.0, 0.0, 0.0, 0.0, 0.0, 0.0, 0.0, 0.0, 0.0, 0.0, 0.0], [0.0, 0.0, 0.0, 0.0, 0.0, 0.0, 0.0, 0.0, 0.0, 0.0, 0.0, 0.0]]}}
bs_latimer_munro_vbm: {'band_index': {'1': [47]}, 'kpoint_index': ['142'], 'kpoint': <pymatgen.electronic_structure.bandstructure.Kpoint object at 0x7fc5d4b59be0>, 'energy': 1.934499999999999, 'projections': {'1': [[0.0002, 0.0002, 0.0, 0.0, 0.0001, 0.0001, 0.0001, 0.0001, 0.0001, 0.0001, 0.0001, 0.0001], [0.0007, 0.0007, 0.0034000000000000002, 0.0034000000000000002, 0.0001, 0.0001, 0.0001, 0.0001, 0.0441, 0.0441, 0.0441, 0.0441], [0.0, 0.0, 0.0018000000000000002, 0.0018000000000000002, 0.0182, 0.0182, 0.0182, 0.0182, 0.030500000000000003, 0.030500000000000003, 0.030500000000000003, 0.030500000000000003], [0.0, 0.0, 0.0015, 0.0015, 0.0165, 0.0165, 0.0165, 0.0165, 0.0794, 0.0794, 0.0794, 0.0794], [0.0099, 0.0099, 0.0, 0.0, 0.0, 0.0, 0.0, 0.0, 0.0, 0.0, 0.0, 0.0], [0.0008, 0.0008, 0.0004, 0.0004, 0.0, 0.0, 0.0, 0.0, 0.0, 0.0, 0.0, 0.0], [0.0, 0.0, 0.0, 0.0, 0.0, 0.0, 0.0, 0.0, 0.0, 0.0, 0.0, 0.0], [0.001, 0.001, 0.0002, 0.0002, 0.0, 0.0, 0.0, 0.0, 0.0, 0.0, 0.0, 0.0], [0.0002, 0.0002, 0.0004, 0.0004, 0.0, 0.0, 0.0, 0.0, 0.0, 0.0, 0.0, 0.0]]}}
bs_latimer_munro_efermi: 2.01017697