material_id: mp-1111379
band_gap: 4.7049
efermi: -0.17493651000000002
dos_magnetic_ordering: NM
dos_total_task_id: mp-1732540
dos_total_band_gap: 4.7049
dos_total_cbm: 4.4804
dos_total_vbm: -0.2245
dos_total_efermi: -0.17493651000000002
bs_setyawan_curtarolo_task_id: mp-1621086
bs_setyawan_curtarolo_band_gap: 5.0039
bs_setyawan_curtarolo_cbm: {'band_index': {'1': [38]}, 'kpoint_index': [60, 61, 87, 88], 'kpoint': <pymatgen.electronic_structure.bandstructure.Kpoint object at 0x7fc699d63930>, 'energy': 4.604, 'projections': {'1': [[0.0162, 0.0162, 0.026600000000000002, 0.0, 0.0089, 0.0089, 0.0089, 0.0089, 0.0089, 0.0089], [0.0023, 0.0023, 0.0, 0.057, 0.0033, 0.0033, 0.0033, 0.0002, 0.0002, 0.0033], [0.0023, 0.0023, 0.0, 0.057, 0.0033, 0.0002, 0.0033, 0.0033, 0.0033, 0.0002], [0.0023, 0.0023, 0.0, 0.057, 0.0002, 0.0033, 0.0002, 0.0033, 0.0033, 0.0033], [0.0001, 0.0001, 0.0, 0.0, 0.0, 0.0, 0.0, 0.0, 0.0, 0.0], [0.0001, 0.0001, 0.0, 0.0, 0.0, 0.0, 0.0, 0.0, 0.0, 0.0], [0.0, 0.0, 0.0, 0.0, 0.0, 0.0, 0.0, 0.0, 0.0, 0.0], [0.0001, 0.0001, 0.0, 0.0, 0.0, 0.0, 0.0, 0.0, 0.0, 0.0], [0.0, 0.0, 0.0, 0.0, 0.0, 0.0, 0.0, 0.0, 0.0, 0.0]]}}
bs_setyawan_curtarolo_vbm: {'band_index': {'1': [37]}, 'kpoint_index': [24, 25, 76, 77], 'kpoint': <pymatgen.electronic_structure.bandstructure.Kpoint object at 0x7fc5d4b59d30>, 'energy': -0.39990000000000003, 'projections': {'1': [[0.0, 0.0, 0.0, 0.3932, 0.0022, 0.0019, 0.0022, 0.0019, 0.0019, 0.0019], [0.0001, 0.0001, 0.0, 0.0, 0.0, 0.0, 0.0, 0.0738, 0.0738, 0.0], [0.0001, 0.0001, 0.0, 0.0, 0.0, 0.0738, 0.0, 0.0, 0.0, 0.0738], [0.0, 0.0, 0.0064, 0.0, 0.0506, 0.004200000000000001, 0.0506, 0.004200000000000001, 0.004200000000000001, 0.004200000000000001], [0.0002, 0.0002, 0.0, 0.0, 0.0, 0.0, 0.0, 0.0, 0.0, 0.0], [0.0, 0.0, 0.0, 0.0, 0.0, 0.0, 0.0, 0.0, 0.0, 0.0], [0.0, 0.0, 0.0, 0.0, 0.0, 0.0, 0.0, 0.0, 0.0, 0.0], [0.0002, 0.0002, 0.0, 0.0, 0.0, 0.0, 0.0, 0.0, 0.0, 0.0], [0.0, 0.0, 0.0, 0.0001, 0.0, 0.0, 0.0, 0.0, 0.0, 0.0]]}}
bs_setyawan_curtarolo_efermi: -0.32195555
bs_hinuma_task_id: mp-2096595
bs_hinuma_band_gap: 5.0039
bs_hinuma_cbm: {'band_index': {'1': [38]}, 'kpoint_index': [51, 52], 'kpoint': <pymatgen.electronic_structure.bandstructure.Kpoint object at 0x7fc5d4b59e80>, 'energy': 4.604, 'projections': {'1': [[0.0161, 0.0161, 0.026600000000000002, 0.0, 0.0089, 0.0089, 0.0089, 0.0089, 0.0089, 0.0089], [0.0023, 0.0023, 0.0, 0.057100000000000005, 0.0033, 0.0033, 0.0033, 0.0002, 0.0002, 0.0033], [0.0023, 0.0023, 0.0, 0.057100000000000005, 0.0033, 0.0002, 0.0033, 0.0033, 0.0033, 0.0002], [0.0023, 0.0023, 0.0, 0.057, 0.0002, 0.0033, 0.0002, 0.0033, 0.0033, 0.0033], [0.0001, 0.0001, 0.0, 0.0, 0.0, 0.0, 0.0, 0.0, 0.0, 0.0], [0.0001, 0.0001, 0.0, 0.0, 0.0, 0.0, 0.0, 0.0, 0.0, 0.0], [0.0, 0.0, 0.0, 0.0, 0.0, 0.0, 0.0, 0.0, 0.0, 0.0], [0.0001, 0.0001, 0.0, 0.0, 0.0, 0.0, 0.0, 0.0, 0.0, 0.0], [0.0, 0.0, 0.0, 0.0, 0.0, 0.0, 0.0, 0.0, 0.0, 0.0]]}}
bs_hinuma_vbm: {'band_index': {'1': [37]}, 'kpoint_index': [62, 63], 'kpoint': <pymatgen.electronic_structure.bandstructure.Kpoint object at 0x7fc5d4b5a3c0>, 'energy': -0.39990000000000003, 'projections': {'1': [[0.0, 0.0, 0.0, 0.3932, 0.0022, 0.0019, 0.0022, 0.0019, 0.0019, 0.0019], [0.0001, 0.0001, 0.0, 0.0, 0.0, 0.0, 0.0, 0.0738, 0.0738, 0.0], [0.0001, 0.0001, 0.0, 0.0, 0.0, 0.0738, 0.0, 0.0, 0.0, 0.0738], [0.0, 0.0, 0.0064, 0.0, 0.0506, 0.004200000000000001, 0.0506, 0.004200000000000001, 0.004200000000000001, 0.004200000000000001], [0.0002, 0.0002, 0.0, 0.0, 0.0, 0.0, 0.0, 0.0, 0.0, 0.0], [0.0, 0.0, 0.0, 0.0, 0.0, 0.0, 0.0, 0.0, 0.0, 0.0], [0.0, 0.0, 0.0, 0.0, 0.0, 0.0, 0.0, 0.0, 0.0, 0.0], [0.0002, 0.0002, 0.0, 0.0, 0.0, 0.0, 0.0, 0.0, 0.0, 0.0], [0.0, 0.0, 0.0, 0.0001, 0.0, 0.0, 0.0, 0.0, 0.0, 0.0]]}}
bs_hinuma_efermi: -0.31181693
bs_latimer_munro_task_id: mp-2306233
bs_latimer_munro_band_gap: 5.0039
bs_latimer_munro_cbm: {'band_index': {'1': [38]}, 'kpoint_index': [48, 49, 120], 'kpoint': <pymatgen.electronic_structure.bandstructure.Kpoint object at 0x7fc5d4b5a190>, 'energy': 4.604, 'projections': {'1': [[0.016, 0.016, 0.026600000000000002, 0.0, 0.0089, 0.0089, 0.0089, 0.0089, 0.0089, 0.0089], [0.0023, 0.0023, 0.0, 0.057100000000000005, 0.0033, 0.0033, 0.0033, 0.0002, 0.0002, 0.0033], [0.0023, 0.0023, 0.0, 0.057100000000000005, 0.0033, 0.0002, 0.0033, 0.0033, 0.0033, 0.0002], [0.0023, 0.0023, 0.0, 0.057100000000000005, 0.0002, 0.0033, 0.0002, 0.0033, 0.0033, 0.0033], [0.0001, 0.0001, 0.0, 0.0, 0.0, 0.0, 0.0, 0.0, 0.0, 0.0], [0.0001, 0.0001, 0.0, 0.0, 0.0, 0.0, 0.0, 0.0, 0.0, 0.0], [0.0, 0.0, 0.0, 0.0, 0.0, 0.0, 0.0, 0.0, 0.0, 0.0], [0.0001, 0.0001, 0.0, 0.0, 0.0, 0.0, 0.0, 0.0, 0.0, 0.0], [0.0, 0.0, 0.0, 0.0, 0.0, 0.0, 0.0, 0.0, 0.0, 0.0]]}}
bs_latimer_munro_vbm: {'band_index': {'1': [37]}, 'kpoint_index': [5, 6, 59, 60], 'kpoint': <pymatgen.electronic_structure.bandstructure.Kpoint object at 0x7fc5d4b59c50>, 'energy': -0.39990000000000003, 'projections': {'1': [[0.0, 0.0, 0.0, 0.3932, 0.0022, 0.0019, 0.0022, 0.0019, 0.0019, 0.0019], [0.0001, 0.0001, 0.0, 0.0, 0.0, 0.0, 0.0, 0.0738, 0.0738, 0.0], [0.0001, 0.0001, 0.0, 0.0, 0.0, 0.0738, 0.0, 0.0, 0.0, 0.0738], [0.0, 0.0, 0.0064, 0.0, 0.0506, 0.004200000000000001, 0.0506, 0.004200000000000001, 0.004200000000000001, 0.004200000000000001], [0.0002, 0.0002, 0.0, 0.0, 0.0, 0.0, 0.0, 0.0, 0.0, 0.0], [0.0, 0.0, 0.0, 0.0, 0.0, 0.0, 0.0, 0.0, 0.0, 0.0], [0.0, 0.0, 0.0, 0.0, 0.0, 0.0, 0.0, 0.0, 0.0, 0.0], [0.0002, 0.0002, 0.0, 0.0, 0.0, 0.0, 0.0, 0.0, 0.0, 0.0], [0.0, 0.0, 0.0, 0.0001, 0.0, 0.0, 0.0, 0.0, 0.0, 0.0]]}}
bs_latimer_munro_efermi: -0.33853772