material_id: mp-1190574
band_gap: 0.29399999999999904
efermi: 5.38566451
dos_magnetic_ordering: NM
dos_total_task_id: mp-1763773
dos_total_band_gap: 0.5438000000000001
dos_total_cbm: 5.8452
dos_total_vbm: 5.3014
dos_total_efermi: 5.30590395
bs_setyawan_curtarolo_task_id: mp-1612223
bs_setyawan_curtarolo_band_gap: 0.29399999999999904
bs_setyawan_curtarolo_cbm: {'band_index': {'1': [80, 81]}, 'kpoint_index': [38, 39, 109], 'kpoint': <pymatgen.electronic_structure.bandstructure.Kpoint object at 0x7fc699d63930>, 'energy': 5.6347000000000005, 'projections': {'1': [[0.0043, 0.0022, 0.0043, 0.0022, 0.0002, 0.0001, 0.0001, 0.0001, 0.0051, 0.0108, 0.0057, 0.0102, 0.0057, 0.0102, 0.0051, 0.0108, 0.0007, 0.00030000000000000003, 0.0006000000000000001, 0.0004, 0.0002, 0.0004, 0.0002, 0.0004], [0.0005, 0.00030000000000000003, 0.00030000000000000003, 0.0005, 0.0027, 0.0016, 0.003, 0.0013000000000000002, 0.0152, 0.029900000000000003, 0.0154, 0.0297, 0.0154, 0.0297, 0.0152, 0.029900000000000003, 0.0011, 0.0024000000000000002, 0.0012000000000000001, 0.0022, 0.0002, 0.00030000000000000003, 0.0004, 0.0002], [0.0064, 0.0043, 0.0076, 0.0032, 0.0015, 0.0007, 0.0014, 0.0008, 0.0004, 0.001, 0.0008, 0.0007, 0.0008, 0.0007, 0.0004, 0.001, 0.0041, 0.0036000000000000003, 0.0056, 0.0021000000000000003, 0.0007, 0.0013000000000000002, 0.0014, 0.0006000000000000001], [0.0, 0.0, 0.0, 0.0, 0.0, 0.0, 0.0, 0.0, 0.001, 0.0022, 0.0012000000000000001, 0.0021000000000000003, 0.0012000000000000001, 0.0021000000000000003, 0.001, 0.0022, 0.0, 0.0, 0.0, 0.0, 0.0, 0.0, 0.0, 0.0], [0.0, 0.0, 0.0, 0.0, 0.0, 0.0, 0.0, 0.0, 0.0, 0.0, 0.0, 0.0, 0.0, 0.0, 0.0, 0.0, 0.0, 0.0, 0.0, 0.0, 0.0, 0.0, 0.0, 0.0], [0.0019, 0.0007, 0.0012000000000000001, 0.0013000000000000002, 0.02, 0.0111, 0.0211, 0.010100000000000001, 0.0, 0.0, 0.0, 0.0, 0.0, 0.0, 0.0, 0.0, 0.0, 0.0, 0.0, 0.0, 0.0, 0.0, 0.0, 0.0], [0.0115, 0.0056, 0.0111, 0.006, 0.0002, 0.0002, 0.0004, 0.0001, 0.0, 0.0, 0.0, 0.0, 0.0, 0.0, 0.0, 0.0, 0.0, 0.0, 0.0, 0.0, 0.0, 0.0, 0.0, 0.0], [0.0, 0.0, 0.0, 0.0, 0.0, 0.0, 0.0, 0.0, 0.0, 0.0, 0.0, 0.0, 0.0, 0.0, 0.0, 0.0, 0.0, 0.0, 0.0, 0.0, 0.0, 0.0, 0.0, 0.0], [0.0006000000000000001, 0.0002, 0.00030000000000000003, 0.0004, 0.0006000000000000001, 0.0011, 0.0006000000000000001, 0.0011, 0.0, 0.0, 0.0, 0.0, 0.0, 0.0, 0.0, 0.0, 0.0, 0.0, 0.0, 0.0, 0.0, 0.0, 0.0, 0.0]]}}
bs_setyawan_curtarolo_vbm: {'band_index': {'1': [79]}, 'kpoint_index': ['44'], 'kpoint': <pymatgen.electronic_structure.bandstructure.Kpoint object at 0x7fc5d4b59d30>, 'energy': 5.3407, 'projections': {'1': [[0.0, 0.0, 0.0, 0.0, 0.0, 0.0, 0.0, 0.0, 0.0001, 0.0001, 0.0001, 0.0001, 0.0001, 0.0001, 0.0001, 0.0001, 0.0, 0.0, 0.0, 0.0, 0.0, 0.0, 0.0, 0.0], [0.0, 0.0, 0.0, 0.0, 0.0, 0.0, 0.0, 0.0, 0.0002, 0.0002, 0.0002, 0.0002, 0.0002, 0.0002, 0.0002, 0.0002, 0.0, 0.0, 0.0, 0.0, 0.0, 0.0, 0.0, 0.0], [0.0, 0.0, 0.0, 0.0, 0.0, 0.0, 0.0, 0.0, 0.0252, 0.0252, 0.0252, 0.0252, 0.0252, 0.0252, 0.0252, 0.0252, 0.0, 0.0, 0.0, 0.0, 0.0, 0.0, 0.0, 0.0], [0.0013000000000000002, 0.0013000000000000002, 0.0013000000000000002, 0.0013000000000000002, 0.0016, 0.0016, 0.0016, 0.0016, 0.0001, 0.0001, 0.0001, 0.0001, 0.0001, 0.0001, 0.0001, 0.0001, 0.0171, 0.0171, 0.0171, 0.0171, 0.015, 0.015, 0.015, 0.015], [0.0106, 0.0106, 0.0106, 0.0106, 0.019100000000000002, 0.019200000000000002, 0.019100000000000002, 0.019200000000000002, 0.0, 0.0, 0.0, 0.0, 0.0, 0.0, 0.0, 0.0, 0.0, 0.0, 0.0, 0.0, 0.0, 0.0, 0.0, 0.0], [0.0, 0.0, 0.0, 0.0, 0.0, 0.0, 0.0, 0.0, 0.0, 0.0, 0.0, 0.0, 0.0, 0.0, 0.0, 0.0, 0.0, 0.0, 0.0, 0.0, 0.0, 0.0, 0.0, 0.0], [0.0, 0.0, 0.0, 0.0, 0.0, 0.0, 0.0, 0.0, 0.0, 0.0, 0.0, 0.0, 0.0, 0.0, 0.0, 0.0, 0.0, 0.0, 0.0, 0.0, 0.0, 0.0, 0.0, 0.0], [0.027100000000000003, 0.027100000000000003, 0.027100000000000003, 0.027100000000000003, 0.004, 0.004, 0.004, 0.004, 0.0, 0.0, 0.0, 0.0, 0.0, 0.0, 0.0, 0.0, 0.0, 0.0, 0.0, 0.0, 0.0, 0.0, 0.0, 0.0], [0.0, 0.0, 0.0, 0.0, 0.0, 0.0, 0.0, 0.0, 0.0, 0.0, 0.0, 0.0, 0.0, 0.0, 0.0, 0.0, 0.0, 0.0, 0.0, 0.0, 0.0, 0.0, 0.0, 0.0]]}}
bs_setyawan_curtarolo_efermi: 5.38566451
bs_hinuma_task_id: mp-2173990
bs_hinuma_band_gap: 0.29399999999999904
bs_hinuma_cbm: {'band_index': {'1': [80, 81]}, 'kpoint_index': [38, 39, 114], 'kpoint': <pymatgen.electronic_structure.bandstructure.Kpoint object at 0x7fc5d4b59c50>, 'energy': 5.6347000000000005, 'projections': {'1': [[0.0043, 0.0022, 0.0043, 0.0022, 0.0002, 0.0001, 0.0001, 0.0001, 0.0051, 0.0108, 0.0057, 0.0102, 0.0057, 0.0102, 0.0051, 0.0108, 0.0007, 0.00030000000000000003, 0.0006000000000000001, 0.0004, 0.0002, 0.0004, 0.0002, 0.0004], [0.0005, 0.00030000000000000003, 0.00030000000000000003, 0.0005, 0.0027, 0.0016, 0.003, 0.0013000000000000002, 0.0152, 0.029900000000000003, 0.0154, 0.0297, 0.0154, 0.0297, 0.0152, 0.029900000000000003, 0.0011, 0.0024000000000000002, 0.0012000000000000001, 0.0022, 0.0002, 0.00030000000000000003, 0.0004, 0.0002], [0.0064, 0.0043, 0.0076, 0.0032, 0.0015, 0.0007, 0.0014, 0.0008, 0.0004, 0.001, 0.0008, 0.0007, 0.0008, 0.0007, 0.0004, 0.001, 0.0041, 0.0036000000000000003, 0.0056, 0.0021000000000000003, 0.0007, 0.0013000000000000002, 0.0014, 0.0006000000000000001], [0.0, 0.0, 0.0, 0.0, 0.0, 0.0, 0.0, 0.0, 0.001, 0.0022, 0.0012000000000000001, 0.0021000000000000003, 0.0012000000000000001, 0.0021000000000000003, 0.001, 0.0022, 0.0, 0.0, 0.0, 0.0, 0.0, 0.0, 0.0, 0.0], [0.0, 0.0, 0.0, 0.0, 0.0, 0.0, 0.0, 0.0, 0.0, 0.0, 0.0, 0.0, 0.0, 0.0, 0.0, 0.0, 0.0, 0.0, 0.0, 0.0, 0.0, 0.0, 0.0, 0.0], [0.0019, 0.0007, 0.0012000000000000001, 0.0013000000000000002, 0.02, 0.0111, 0.0211, 0.010100000000000001, 0.0, 0.0, 0.0, 0.0, 0.0, 0.0, 0.0, 0.0, 0.0, 0.0, 0.0, 0.0, 0.0, 0.0, 0.0, 0.0], [0.0115, 0.0056, 0.0111, 0.006, 0.0002, 0.0002, 0.0004, 0.0001, 0.0, 0.0, 0.0, 0.0, 0.0, 0.0, 0.0, 0.0, 0.0, 0.0, 0.0, 0.0, 0.0, 0.0, 0.0, 0.0], [0.0, 0.0, 0.0, 0.0, 0.0, 0.0, 0.0, 0.0, 0.0, 0.0, 0.0, 0.0, 0.0, 0.0, 0.0, 0.0, 0.0, 0.0, 0.0, 0.0, 0.0, 0.0, 0.0, 0.0], [0.0006000000000000001, 0.0002, 0.00030000000000000003, 0.0004, 0.0006000000000000001, 0.0011, 0.0006000000000000001, 0.0011, 0.0, 0.0, 0.0, 0.0, 0.0, 0.0, 0.0, 0.0, 0.0, 0.0, 0.0, 0.0, 0.0, 0.0, 0.0, 0.0]]}}
bs_hinuma_vbm: {'band_index': {'1': [79]}, 'kpoint_index': ['44'], 'kpoint': <pymatgen.electronic_structure.bandstructure.Kpoint object at 0x7fc5d4b5a190>, 'energy': 5.3407, 'projections': {'1': [[0.0, 0.0, 0.0, 0.0, 0.0, 0.0, 0.0, 0.0, 0.0001, 0.0001, 0.0001, 0.0001, 0.0001, 0.0001, 0.0001, 0.0001, 0.0, 0.0, 0.0, 0.0, 0.0, 0.0, 0.0, 0.0], [0.0, 0.0, 0.0, 0.0, 0.0, 0.0, 0.0, 0.0, 0.0002, 0.0002, 0.0002, 0.0002, 0.0002, 0.0002, 0.0002, 0.0002, 0.0, 0.0, 0.0, 0.0, 0.0, 0.0, 0.0, 0.0], [0.0, 0.0, 0.0, 0.0, 0.0, 0.0, 0.0, 0.0, 0.0252, 0.0252, 0.0252, 0.0252, 0.0252, 0.0252, 0.0252, 0.0252, 0.0, 0.0, 0.0, 0.0, 0.0, 0.0, 0.0, 0.0], [0.0013000000000000002, 0.0013000000000000002, 0.0013000000000000002, 0.0013000000000000002, 0.0016, 0.0016, 0.0016, 0.0016, 0.0001, 0.0001, 0.0001, 0.0001, 0.0001, 0.0001, 0.0001, 0.0001, 0.0171, 0.0171, 0.0171, 0.0171, 0.015, 0.015, 0.015, 0.015], [0.0106, 0.0106, 0.0106, 0.0106, 0.019100000000000002, 0.019200000000000002, 0.019100000000000002, 0.019200000000000002, 0.0, 0.0, 0.0, 0.0, 0.0, 0.0, 0.0, 0.0, 0.0, 0.0, 0.0, 0.0, 0.0, 0.0, 0.0, 0.0], [0.0, 0.0, 0.0, 0.0, 0.0, 0.0, 0.0, 0.0, 0.0, 0.0, 0.0, 0.0, 0.0, 0.0, 0.0, 0.0, 0.0, 0.0, 0.0, 0.0, 0.0, 0.0, 0.0, 0.0], [0.0, 0.0, 0.0, 0.0, 0.0, 0.0, 0.0, 0.0, 0.0, 0.0, 0.0, 0.0, 0.0, 0.0, 0.0, 0.0, 0.0, 0.0, 0.0, 0.0, 0.0, 0.0, 0.0, 0.0], [0.027100000000000003, 0.027100000000000003, 0.027100000000000003, 0.027100000000000003, 0.004, 0.004, 0.004, 0.004, 0.0, 0.0, 0.0, 0.0, 0.0, 0.0, 0.0, 0.0, 0.0, 0.0, 0.0, 0.0, 0.0, 0.0, 0.0, 0.0], [0.0, 0.0, 0.0, 0.0, 0.0, 0.0, 0.0, 0.0, 0.0, 0.0, 0.0, 0.0, 0.0, 0.0, 0.0, 0.0, 0.0, 0.0, 0.0, 0.0, 0.0, 0.0, 0.0, 0.0]]}}
bs_hinuma_efermi: 5.38566451
bs_latimer_munro_task_id: mp-2690769
bs_latimer_munro_band_gap: 0.29399999999999904
bs_latimer_munro_cbm: {'band_index': {'1': [80, 81]}, 'kpoint_index': [89, 90, 189, 190], 'kpoint': <pymatgen.electronic_structure.bandstructure.Kpoint object at 0x7fc5d4b59e80>, 'energy': 5.6347000000000005, 'projections': {'1': [[0.0025, 0.004, 0.0024000000000000002, 0.004200000000000001, 0.0, 0.0002, 0.0001, 0.0001, 0.0108, 0.005, 0.0091, 0.0068000000000000005, 0.0091, 0.0068000000000000005, 0.0108, 0.005, 0.0002, 0.0008, 0.0006000000000000001, 0.0004, 0.00030000000000000003, 0.0002, 0.0004, 0.0002], [0.0, 0.0008, 0.0008, 0.0, 0.0021000000000000003, 0.0022, 0.0011, 0.0031000000000000003, 0.0285, 0.0166, 0.0281, 0.017, 0.0281, 0.017, 0.0285, 0.0166, 0.0023, 0.0011, 0.002, 0.0015, 0.0005, 0.0001, 0.0, 0.0006000000000000001], [0.0057, 0.0051, 0.0025, 0.0083, 0.0006000000000000001, 0.0015, 0.0009000000000000001, 0.0012000000000000001, 0.0014, 0.0001, 0.00030000000000000003, 0.0012000000000000001, 0.00030000000000000003, 0.0012000000000000001, 0.0014, 0.0001, 0.0053, 0.0024000000000000002, 0.0009000000000000001, 0.0068000000000000005, 0.0019, 0.0001, 0.0, 0.002], [0.0, 0.0, 0.0, 0.0, 0.0, 0.0, 0.0, 0.0, 0.0023, 0.0009000000000000001, 0.0018000000000000002, 0.0015, 0.0018000000000000002, 0.0015, 0.0023, 0.0009000000000000001, 0.0, 0.0, 0.0, 0.0, 0.0, 0.0, 0.0, 0.0], [0.0, 0.0, 0.0, 0.0, 0.0, 0.0, 0.0, 0.0, 0.0, 0.0, 0.0, 0.0, 0.0, 0.0, 0.0, 0.0, 0.0, 0.0, 0.0, 0.0, 0.0, 0.0, 0.0, 0.0], [0.0001, 0.0024000000000000002, 0.002, 0.0006000000000000001, 0.0131, 0.018000000000000002, 0.010100000000000001, 0.021, 0.0, 0.0, 0.0, 0.0, 0.0, 0.0, 0.0, 0.0, 0.0, 0.0, 0.0, 0.0, 0.0, 0.0, 0.0, 0.0], [0.0058000000000000005, 0.011300000000000001, 0.007, 0.010100000000000001, 0.0004, 0.0001, 0.0, 0.0005, 0.0, 0.0, 0.0, 0.0, 0.0, 0.0, 0.0, 0.0, 0.0, 0.0, 0.0, 0.0, 0.0, 0.0, 0.0, 0.0], [0.0, 0.0, 0.0, 0.0, 0.0, 0.0, 0.0, 0.0, 0.0, 0.0, 0.0, 0.0, 0.0, 0.0, 0.0, 0.0, 0.0, 0.0, 0.0, 0.0, 0.0, 0.0, 0.0, 0.0], [0.0, 0.0007, 0.0006000000000000001, 0.0001, 0.001, 0.0007, 0.0011, 0.0006000000000000001, 0.0, 0.0, 0.0, 0.0, 0.0, 0.0, 0.0, 0.0, 0.0, 0.0, 0.0, 0.0, 0.0, 0.0, 0.0, 0.0]]}}
bs_latimer_munro_vbm: {'band_index': {'1': [79]}, 'kpoint_index': ['195'], 'kpoint': <pymatgen.electronic_structure.bandstructure.Kpoint object at 0x7fc5d4b5a350>, 'energy': 5.3407, 'projections': {'1': [[0.0, 0.0, 0.0, 0.0, 0.0, 0.0, 0.0, 0.0, 0.0001, 0.0001, 0.0001, 0.0001, 0.0001, 0.0001, 0.0001, 0.0001, 0.0, 0.0, 0.0, 0.0, 0.0, 0.0, 0.0, 0.0], [0.0, 0.0, 0.0, 0.0, 0.0, 0.0, 0.0, 0.0, 0.0002, 0.0002, 0.0002, 0.0002, 0.0002, 0.0002, 0.0002, 0.0002, 0.0, 0.0, 0.0, 0.0, 0.0, 0.0, 0.0, 0.0], [0.0, 0.0, 0.0, 0.0, 0.0, 0.0, 0.0, 0.0, 0.0252, 0.0253, 0.0252, 0.0252, 0.0252, 0.0253, 0.0252, 0.0252, 0.0, 0.0, 0.0, 0.0, 0.0, 0.0, 0.0, 0.0], [0.0013000000000000002, 0.0013000000000000002, 0.0013000000000000002, 0.0013000000000000002, 0.0016, 0.0016, 0.0016, 0.0016, 0.0001, 0.0001, 0.0001, 0.0001, 0.0001, 0.0001, 0.0001, 0.0001, 0.0171, 0.0171, 0.0171, 0.0171, 0.015, 0.015, 0.015, 0.015], [0.0106, 0.0106, 0.0106, 0.0106, 0.019200000000000002, 0.019100000000000002, 0.019100000000000002, 0.019100000000000002, 0.0, 0.0, 0.0, 0.0, 0.0, 0.0, 0.0, 0.0, 0.0, 0.0, 0.0, 0.0, 0.0, 0.0, 0.0, 0.0], [0.0, 0.0, 0.0, 0.0, 0.0, 0.0, 0.0, 0.0, 0.0, 0.0, 0.0, 0.0, 0.0, 0.0, 0.0, 0.0, 0.0, 0.0, 0.0, 0.0, 0.0, 0.0, 0.0, 0.0], [0.0, 0.0, 0.0, 0.0, 0.0, 0.0, 0.0, 0.0, 0.0, 0.0, 0.0, 0.0, 0.0, 0.0, 0.0, 0.0, 0.0, 0.0, 0.0, 0.0, 0.0, 0.0, 0.0, 0.0], [0.027100000000000003, 0.027100000000000003, 0.027200000000000002, 0.027100000000000003, 0.004, 0.004, 0.004, 0.004, 0.0, 0.0, 0.0, 0.0, 0.0, 0.0, 0.0, 0.0, 0.0, 0.0, 0.0, 0.0, 0.0, 0.0, 0.0, 0.0], [0.0, 0.0, 0.0, 0.0, 0.0, 0.0, 0.0, 0.0, 0.0, 0.0, 0.0, 0.0, 0.0, 0.0, 0.0, 0.0, 0.0, 0.0, 0.0, 0.0, 0.0, 0.0, 0.0, 0.0]]}}
bs_latimer_munro_efermi: 5.46010933