material_id: mp-1101873
band_gap: 0.3512
efermi: 5.51392759
dos_magnetic_ordering: NM
dos_total_task_id: mp-2277299
dos_total_band_gap: 0.34339999999999904
dos_total_cbm: 5.7818000000000005
dos_total_vbm: 5.4384
dos_total_efermi: 5.43863128
bs_setyawan_curtarolo_task_id: mp-1602534
bs_setyawan_curtarolo_band_gap: 0.3512
bs_setyawan_curtarolo_cbm: {'band_index': {'1': [42]}, 'kpoint_index': [0], 'kpoint': <pymatgen.electronic_structure.bandstructure.Kpoint object at 0x7fc699d63930>, 'energy': 5.7838, 'projections': {'1': [[0.0, 0.0, 0.0, 0.0, 0.0, 0.0, 0.0, 0.0, 0.0058000000000000005, 0.0058000000000000005, 0.0058000000000000005, 0.0058000000000000005], [0.0002, 0.0002, 0.0002, 0.0002, 0.0006000000000000001, 0.0006000000000000001, 0.0006000000000000001, 0.0006000000000000001, 0.0002, 0.0002, 0.0002, 0.0002], [0.0002, 0.0002, 0.0002, 0.0002, 0.00030000000000000003, 0.00030000000000000003, 0.00030000000000000003, 0.00030000000000000003, 0.0001, 0.0001, 0.0001, 0.0001], [0.0001, 0.0001, 0.0001, 0.0001, 0.0, 0.0, 0.0, 0.0, 0.0006000000000000001, 0.0006000000000000001, 0.0006000000000000001, 0.0006000000000000001], [0.00030000000000000003, 0.00030000000000000003, 0.00030000000000000003, 0.00030000000000000003, 0.0, 0.0, 0.0, 0.0, 0.0, 0.0, 0.0, 0.0], [0.0004, 0.0004, 0.0004, 0.0004, 0.0, 0.0, 0.0, 0.0, 0.0, 0.0, 0.0, 0.0], [0.0, 0.0, 0.0, 0.0, 0.0, 0.0, 0.0, 0.0, 0.0, 0.0, 0.0, 0.0], [0.00030000000000000003, 0.00030000000000000003, 0.00030000000000000003, 0.00030000000000000003, 0.0, 0.0, 0.0, 0.0, 0.0, 0.0, 0.0, 0.0], [0.13620000000000002, 0.13620000000000002, 0.13620000000000002, 0.13620000000000002, 0.0, 0.0, 0.0, 0.0, 0.0, 0.0, 0.0, 0.0]]}}
bs_setyawan_curtarolo_vbm: {'band_index': {'1': [40, 41]}, 'kpoint_index': [167, 168], 'kpoint': <pymatgen.electronic_structure.bandstructure.Kpoint object at 0x7fc5d4b5a200>, 'energy': 5.4326, 'projections': {'1': [[0.0025, 0.0004, 0.0025, 0.0004, 0.0001, 0.0004, 0.0001, 0.0004, 0.0015, 0.01, 0.0015, 0.01], [0.0014, 0.0002, 0.0014, 0.0002, 0.0004, 0.0001, 0.0004, 0.0001, 0.1003, 0.0039000000000000003, 0.1003, 0.0039000000000000003], [0.006900000000000001, 0.0009000000000000001, 0.006900000000000001, 0.0009000000000000001, 0.0048000000000000004, 0.0007, 0.0048000000000000004, 0.0007, 0.0002, 0.0006000000000000001, 0.0002, 0.0006000000000000001], [0.0, 0.0007, 0.0, 0.0007, 0.0001, 0.0021000000000000003, 0.0001, 0.0021000000000000003, 0.0661, 0.1073, 0.0661, 0.1073], [0.0029000000000000002, 0.0002, 0.0029000000000000002, 0.0002, 0.0, 0.0, 0.0, 0.0, 0.0, 0.0, 0.0, 0.0], [0.0012000000000000001, 0.0001, 0.0012000000000000001, 0.0001, 0.0, 0.0, 0.0, 0.0, 0.0, 0.0, 0.0, 0.0], [0.0012000000000000001, 0.001, 0.0012000000000000001, 0.001, 0.0, 0.0, 0.0, 0.0, 0.0, 0.0, 0.0, 0.0], [0.0001, 0.0012000000000000001, 0.0001, 0.0012000000000000001, 0.0, 0.0, 0.0, 0.0, 0.0, 0.0, 0.0, 0.0], [0.0048000000000000004, 0.0077, 0.0048000000000000004, 0.0077, 0.0, 0.0, 0.0, 0.0, 0.0, 0.0, 0.0, 0.0]]}}
bs_setyawan_curtarolo_efermi: 5.51392759
bs_latimer_munro_task_id: mp-2435478
bs_latimer_munro_band_gap: 0.3512
bs_latimer_munro_cbm: {'band_index': {'1': [42]}, 'kpoint_index': [222, 223, 281, 323, 947, 948, 989], 'kpoint': <pymatgen.electronic_structure.bandstructure.Kpoint object at 0x7fc5d4b59be0>, 'energy': 5.7838, 'projections': {'1': [[0.0, 0.0, 0.0, 0.0, 0.0, 0.0, 0.0, 0.0, 0.0058000000000000005, 0.0058000000000000005, 0.0058000000000000005, 0.0058000000000000005], [0.0002, 0.0002, 0.0002, 0.0002, 0.0006000000000000001, 0.0006000000000000001, 0.0006000000000000001, 0.0006000000000000001, 0.0002, 0.0002, 0.0002, 0.0002], [0.0002, 0.0002, 0.0002, 0.0002, 0.00030000000000000003, 0.00030000000000000003, 0.00030000000000000003, 0.00030000000000000003, 0.0001, 0.0001, 0.0001, 0.0001], [0.0001, 0.0001, 0.0001, 0.0001, 0.0, 0.0, 0.0, 0.0, 0.0006000000000000001, 0.0006000000000000001, 0.0006000000000000001, 0.0006000000000000001], [0.00030000000000000003, 0.00030000000000000003, 0.00030000000000000003, 0.00030000000000000003, 0.0, 0.0, 0.0, 0.0, 0.0, 0.0, 0.0, 0.0], [0.0004, 0.0004, 0.0004, 0.0004, 0.0, 0.0, 0.0, 0.0, 0.0, 0.0, 0.0, 0.0], [0.0, 0.0, 0.0, 0.0, 0.0, 0.0, 0.0, 0.0, 0.0, 0.0, 0.0, 0.0], [0.00030000000000000003, 0.00030000000000000003, 0.00030000000000000003, 0.00030000000000000003, 0.0, 0.0, 0.0, 0.0, 0.0, 0.0, 0.0, 0.0], [0.13620000000000002, 0.13620000000000002, 0.13620000000000002, 0.13620000000000002, 0.0, 0.0, 0.0, 0.0, 0.0, 0.0, 0.0, 0.0]]}}
bs_latimer_munro_vbm: {'band_index': {'1': [40, 41]}, 'kpoint_index': [0, 665, 666], 'kpoint': <pymatgen.electronic_structure.bandstructure.Kpoint object at 0x7fc5d4b59d30>, 'energy': 5.4326, 'projections': {'1': [[0.0006000000000000001, 0.0023, 0.0006000000000000001, 0.0023, 0.0002, 0.00030000000000000003, 0.0002, 0.00030000000000000003, 0.009300000000000001, 0.0022, 0.0092, 0.0023], [0.0008, 0.0008, 0.0009000000000000001, 0.0007, 0.0001, 0.0004, 0.0001, 0.0004, 0.0297, 0.0745, 0.029300000000000003, 0.07490000000000001], [0.0016, 0.006200000000000001, 0.0016, 0.0061, 0.0011, 0.0045000000000000005, 0.0011, 0.0044, 0.0007, 0.0001, 0.0007, 0.0001], [0.0005, 0.0002, 0.0005, 0.0002, 0.0015, 0.0006000000000000001, 0.0015, 0.0006000000000000001, 0.0438, 0.1296, 0.0442, 0.1292], [0.0007, 0.0024000000000000002, 0.0007, 0.0024000000000000002, 0.0, 0.0, 0.0, 0.0, 0.0, 0.0, 0.0, 0.0], [0.0007, 0.0006000000000000001, 0.0007, 0.0006000000000000001, 0.0, 0.0, 0.0, 0.0, 0.0, 0.0, 0.0, 0.0], [0.0004, 0.0018000000000000002, 0.0004, 0.0018000000000000002, 0.0, 0.0, 0.0, 0.0, 0.0, 0.0, 0.0, 0.0], [0.001, 0.00030000000000000003, 0.001, 0.00030000000000000003, 0.0, 0.0, 0.0, 0.0, 0.0, 0.0, 0.0, 0.0], [0.0032, 0.0094, 0.0032, 0.0094, 0.0, 0.0, 0.0, 0.0, 0.0, 0.0, 0.0, 0.0]]}}
bs_latimer_munro_efermi: 5.55756972