material_id: mp-1096845
band_gap: 0.7334
efermi: 1.46773024
dos_magnetic_ordering: NM
dos_total_task_id: mp-1730318
dos_total_band_gap: 0.7754000000000001
dos_total_cbm: 2.1194
dos_total_vbm: 1.344
dos_total_efermi: 1.34555473
bs_setyawan_curtarolo_task_id: mp-1619706
bs_setyawan_curtarolo_band_gap: 0.7334
bs_setyawan_curtarolo_cbm: {'band_index': {'1': [33]}, 'kpoint_index': ['94'], 'kpoint': <pymatgen.electronic_structure.bandstructure.Kpoint object at 0x7fc699d63930>, 'energy': 2.1088, 'projections': {'1': [[0.0001, 0.0001, 0.016300000000000002, 0.0022, 0.0018000000000000002, 0.0018000000000000002, 0.0089, 0.0089], [0.0015, 0.0015, 0.0, 0.0, 0.0, 0.0, 0.021400000000000002, 0.021400000000000002], [0.0, 0.0, 0.0, 0.0, 0.0, 0.0, 0.11570000000000001, 0.11570000000000001], [0.0063, 0.0063, 0.0032, 0.0, 0.058, 0.058, 0.0, 0.0], [0.00030000000000000003, 0.00030000000000000003, 0.0, 0.0, 0.0, 0.0, 0.0, 0.0], [0.0, 0.0, 0.0001, 0.029500000000000002, 0.0, 0.0, 0.0, 0.0], [0.0035, 0.0035, 0.0448, 0.0021000000000000003, 0.0, 0.0, 0.0, 0.0], [0.0, 0.0, 0.0, 0.0, 0.0, 0.0, 0.0, 0.0], [0.0021000000000000003, 0.0021000000000000003, 0.0269, 0.2283, 0.0, 0.0, 0.0, 0.0]]}}
bs_setyawan_curtarolo_vbm: {'band_index': {'1': [32]}, 'kpoint_index': [47, 48], 'kpoint': <pymatgen.electronic_structure.bandstructure.Kpoint object at 0x7fc5d4b5a200>, 'energy': 1.3754, 'projections': {'1': [[0.0, 0.0, 0.0, 0.0, 0.0, 0.0, 0.0, 0.0], [0.005, 0.005, 0.0, 0.0, 0.1115, 0.1115, 0.0, 0.0], [0.023200000000000002, 0.023200000000000002, 0.0, 0.0, 0.0499, 0.0499, 0.0, 0.0], [0.007200000000000001, 0.007200000000000001, 0.0, 0.0, 0.0, 0.0, 0.1096, 0.1096], [0.0, 0.0, 0.054, 0.1023, 0.0, 0.0, 0.0, 0.0], [0.0, 0.0, 0.0, 0.0, 0.0, 0.0, 0.0, 0.0], [0.0, 0.0, 0.0, 0.0, 0.0, 0.0, 0.0, 0.0], [0.0, 0.0, 0.0044, 0.0328, 0.0, 0.0, 0.0, 0.0], [0.0, 0.0, 0.0, 0.0, 0.0, 0.0, 0.0, 0.0]]}}
bs_setyawan_curtarolo_efermi: 1.46773024
bs_latimer_munro_task_id: mp-2304090
bs_latimer_munro_band_gap: 0.7334
bs_latimer_munro_cbm: {'band_index': {'1': [33]}, 'kpoint_index': ['239'], 'kpoint': <pymatgen.electronic_structure.bandstructure.Kpoint object at 0x7fc5d4b59e80>, 'energy': 2.1088, 'projections': {'1': [[0.0001, 0.0001, 0.016300000000000002, 0.0022, 0.0018000000000000002, 0.0018000000000000002, 0.0089, 0.0089], [0.0015, 0.0015, 0.0, 0.0, 0.0, 0.0, 0.021400000000000002, 0.021400000000000002], [0.0, 0.0, 0.0, 0.0, 0.0, 0.0, 0.11570000000000001, 0.11570000000000001], [0.0063, 0.0063, 0.0032, 0.0, 0.058, 0.058, 0.0, 0.0], [0.00030000000000000003, 0.00030000000000000003, 0.0, 0.0, 0.0, 0.0, 0.0, 0.0], [0.0, 0.0, 0.0001, 0.029500000000000002, 0.0, 0.0, 0.0, 0.0], [0.0035, 0.0035, 0.0448, 0.0021000000000000003, 0.0, 0.0, 0.0, 0.0], [0.0, 0.0, 0.0, 0.0, 0.0, 0.0, 0.0, 0.0], [0.0021000000000000003, 0.0021000000000000003, 0.0269, 0.2283, 0.0, 0.0, 0.0, 0.0]]}}
bs_latimer_munro_vbm: {'band_index': {'1': [32]}, 'kpoint_index': [96, 97, 300], 'kpoint': <pymatgen.electronic_structure.bandstructure.Kpoint object at 0x7fc5d4b59d30>, 'energy': 1.3754, 'projections': {'1': [[0.0, 0.0, 0.0, 0.0, 0.0, 0.0, 0.0, 0.0], [0.005, 0.005, 0.0, 0.0, 0.1115, 0.1115, 0.0, 0.0], [0.023200000000000002, 0.023200000000000002, 0.0, 0.0, 0.0499, 0.0499, 0.0, 0.0], [0.007200000000000001, 0.007200000000000001, 0.0, 0.0, 0.0, 0.0, 0.1096, 0.1096], [0.0, 0.0, 0.054, 0.1023, 0.0, 0.0, 0.0, 0.0], [0.0, 0.0, 0.0, 0.0, 0.0, 0.0, 0.0, 0.0], [0.0, 0.0, 0.0, 0.0, 0.0, 0.0, 0.0, 0.0], [0.0, 0.0, 0.0044, 0.0328, 0.0, 0.0, 0.0, 0.0], [0.0, 0.0, 0.0, 0.0, 0.0, 0.0, 0.0, 0.0]]}}
bs_latimer_munro_efermi: 1.46576906