material_id: mp-17149
band_gap: 2.192
efermi: 3.40980133
dos_magnetic_ordering: NM
dos_total_task_id: mp-1709033
dos_total_band_gap: 2.1816
dos_total_cbm: 5.5044
dos_total_vbm: 3.3228
dos_total_efermi: 3.33134541
bs_setyawan_curtarolo_task_id: mp-748842
bs_setyawan_curtarolo_band_gap: 2.192
bs_setyawan_curtarolo_cbm: {'band_index': {'1': [90]}, 'kpoint_index': ['92'], 'kpoint': <pymatgen.electronic_structure.bandstructure.Kpoint object at 0x7fc699d63930>, 'energy': 5.5278, 'projections': {}}
bs_setyawan_curtarolo_vbm: {'band_index': {'1': [89]}, 'kpoint_index': [68, 69], 'kpoint': <pymatgen.electronic_structure.bandstructure.Kpoint object at 0x7fc5d4b59e80>, 'energy': 3.3358, 'projections': {}}
bs_setyawan_curtarolo_efermi: 3.40980133
bs_hinuma_task_id: mp-2171078
bs_hinuma_band_gap: 2.187599999999999
bs_hinuma_cbm: {'band_index': {'1': [90]}, 'kpoint_index': ['50'], 'kpoint': <pymatgen.electronic_structure.bandstructure.Kpoint object at 0x7fc5d4b5a200>, 'energy': 5.5313, 'projections': {'1': [[0.0027, 0.0012000000000000001, 0.0012000000000000001, 0.0027, 0.0012000000000000001, 0.0012000000000000001, 0.00030000000000000003, 0.00030000000000000003, 0.0001, 0.0001, 0.0006000000000000001, 0.0032, 0.0033, 0.0032, 0.0006000000000000001, 0.0033, 0.0006000000000000001, 0.0032, 0.0033, 0.0032, 0.0033, 0.0006000000000000001], [0.0023, 0.0002, 0.0002, 0.0023, 0.0002, 0.0002, 0.0001, 0.0001, 0.0, 0.0, 0.0002, 0.0031000000000000003, 0.0213, 0.0031000000000000003, 0.0002, 0.0213, 0.0002, 0.0031000000000000003, 0.0213, 0.0032, 0.0213, 0.0002], [0.0, 0.00030000000000000003, 0.00030000000000000003, 0.0, 0.00030000000000000003, 0.00030000000000000003, 0.0, 0.0, 0.0, 0.0, 0.0002, 0.015700000000000002, 0.0028, 0.015700000000000002, 0.0002, 0.0028, 0.0002, 0.015700000000000002, 0.0028, 0.015700000000000002, 0.0028, 0.0002], [0.0, 0.00030000000000000003, 0.00030000000000000003, 0.0, 0.00030000000000000003, 0.00030000000000000003, 0.0, 0.0, 0.0, 0.0, 0.0011, 0.0014, 0.0089, 0.0014, 0.0011, 0.0089, 0.0011, 0.0014, 0.0089, 0.0014, 0.0089, 0.0011], [0.0, 0.0005, 0.0005, 0.0, 0.0005, 0.0005, 0.0, 0.0, 0.08410000000000001, 0.084, 0.0, 0.0, 0.0, 0.0, 0.0, 0.0, 0.0, 0.0, 0.0, 0.0, 0.0, 0.0], [0.0, 0.0019, 0.0019, 0.0, 0.0019, 0.0019, 0.0, 0.0, 0.0664, 0.0664, 0.0, 0.0, 0.0, 0.0, 0.0, 0.0, 0.0, 0.0, 0.0, 0.0, 0.0, 0.0], [0.0005, 0.0011, 0.0011, 0.0005, 0.0011, 0.0011, 0.0027, 0.0027, 0.1015, 0.10160000000000001, 0.0, 0.0, 0.0, 0.0, 0.0, 0.0, 0.0, 0.0, 0.0, 0.0, 0.0, 0.0], [0.0023, 0.0002, 0.0002, 0.0023, 0.0002, 0.0002, 0.002, 0.002, 0.0067, 0.0067, 0.0, 0.0, 0.0, 0.0, 0.0, 0.0, 0.0, 0.0, 0.0, 0.0, 0.0, 0.0], [0.0026000000000000003, 0.0004, 0.0004, 0.0026000000000000003, 0.0004, 0.0004, 0.0015, 0.0015, 0.0106, 0.0106, 0.0, 0.0, 0.0, 0.0, 0.0, 0.0, 0.0, 0.0, 0.0, 0.0, 0.0, 0.0]]}}
bs_hinuma_vbm: {'band_index': {'1': [89]}, 'kpoint_index': [0, 44, 45], 'kpoint': <pymatgen.electronic_structure.bandstructure.Kpoint object at 0x7fc5d4b59be0>, 'energy': 3.3437, 'projections': {'1': [[0.0, 0.0, 0.0, 0.0, 0.0, 0.0, 0.0, 0.0, 0.0001, 0.0001, 0.0, 0.0, 0.0, 0.0, 0.0, 0.0, 0.0, 0.0, 0.0, 0.0, 0.0, 0.0], [0.0, 0.0, 0.0, 0.0, 0.0, 0.0, 0.0, 0.0, 0.0, 0.0, 0.0014, 0.006200000000000001, 0.013600000000000001, 0.006200000000000001, 0.0014, 0.013600000000000001, 0.0014, 0.006200000000000001, 0.013600000000000001, 0.006200000000000001, 0.013600000000000001, 0.0014], [0.0001, 0.0002, 0.0002, 0.0001, 0.0002, 0.0002, 0.0046, 0.0046, 0.0, 0.0, 0.0279, 0.0, 0.0033, 0.0, 0.0279, 0.0033, 0.0279, 0.0, 0.0033, 0.0, 0.0033, 0.0279], [0.0004, 0.00030000000000000003, 0.00030000000000000003, 0.0004, 0.00030000000000000003, 0.00030000000000000003, 0.0081, 0.0081, 0.0, 0.0, 0.0012000000000000001, 0.024200000000000003, 0.0135, 0.024200000000000003, 0.0012000000000000001, 0.0135, 0.0012000000000000001, 0.024200000000000003, 0.0135, 0.024200000000000003, 0.0135, 0.0012000000000000001], [0.00030000000000000003, 0.0001, 0.0001, 0.00030000000000000003, 0.0001, 0.0001, 0.0, 0.0, 0.0, 0.0, 0.0, 0.0, 0.0, 0.0, 0.0, 0.0, 0.0, 0.0, 0.0, 0.0, 0.0, 0.0], [0.0005, 0.0001, 0.0001, 0.0005, 0.0001, 0.0001, 0.0, 0.0, 0.0, 0.0, 0.0, 0.0, 0.0, 0.0, 0.0, 0.0, 0.0, 0.0, 0.0, 0.0, 0.0, 0.0], [0.0, 0.00030000000000000003, 0.00030000000000000003, 0.0, 0.00030000000000000003, 0.00030000000000000003, 0.0, 0.0, 0.0004, 0.0004, 0.0, 0.0, 0.0, 0.0, 0.0, 0.0, 0.0, 0.0, 0.0, 0.0, 0.0, 0.0], [0.0, 0.0001, 0.0001, 0.0, 0.0001, 0.0001, 0.0, 0.0, 0.16390000000000002, 0.16390000000000002, 0.0, 0.0, 0.0, 0.0, 0.0, 0.0, 0.0, 0.0, 0.0, 0.0, 0.0, 0.0], [0.0, 0.0002, 0.0002, 0.0, 0.0002, 0.0002, 0.0, 0.0, 0.0728, 0.0728, 0.0, 0.0, 0.0, 0.0, 0.0, 0.0, 0.0, 0.0, 0.0, 0.0, 0.0, 0.0]]}}
bs_hinuma_efermi: 3.52810886
bs_latimer_munro_task_id: mp-2686473
bs_latimer_munro_band_gap: 2.1834
bs_latimer_munro_cbm: {'band_index': {'1': [90]}, 'kpoint_index': ['70'], 'kpoint': <pymatgen.electronic_structure.bandstructure.Kpoint object at 0x7fc5d4b5a190>, 'energy': 5.5271, 'projections': {'1': [[0.0018000000000000002, 0.0018000000000000002, 0.0002, 0.0018000000000000002, 0.0002, 0.0018000000000000002, 0.0002, 0.0002, 0.0, 0.0, 0.0009000000000000001, 0.0053, 0.0006000000000000001, 0.0009000000000000001, 0.0006000000000000001, 0.0053, 0.0009000000000000001, 0.0053, 0.0006000000000000001, 0.0009000000000000001, 0.0053, 0.0006000000000000001], [0.0008, 0.0004, 0.0001, 0.0008, 0.0001, 0.0004, 0.0, 0.0, 0.0, 0.0, 0.0012000000000000001, 0.0055000000000000005, 0.0028, 0.0034000000000000002, 0.0016, 0.0183, 0.0012000000000000001, 0.0055000000000000005, 0.0028, 0.0034000000000000002, 0.0183, 0.0016], [0.00030000000000000003, 0.0008, 0.0002, 0.00030000000000000003, 0.0002, 0.0008, 0.0002, 0.0002, 0.0, 0.0, 0.0004, 0.0263, 0.0009000000000000001, 0.0106, 0.0002, 0.006, 0.0004, 0.0263, 0.0009000000000000001, 0.0105, 0.006, 0.0002], [0.0001, 0.0, 0.0001, 0.0001, 0.0001, 0.0, 0.0002, 0.0002, 0.0, 0.0, 0.013000000000000001, 0.0011, 0.0026000000000000003, 0.0006000000000000001, 0.0045000000000000005, 0.008700000000000001, 0.013000000000000001, 0.0011, 0.0026000000000000003, 0.0006000000000000001, 0.0086, 0.0045000000000000005], [0.0016, 0.0002, 0.0008, 0.0016, 0.0008, 0.0002, 0.001, 0.001, 0.004200000000000001, 0.1208, 0.0, 0.0, 0.0, 0.0, 0.0, 0.0, 0.0, 0.0, 0.0, 0.0, 0.0, 0.0], [0.0014, 0.0025, 0.0017000000000000001, 0.0014, 0.0017000000000000001, 0.0025, 0.00030000000000000003, 0.00030000000000000003, 0.0653, 0.041800000000000004, 0.0, 0.0, 0.0, 0.0, 0.0, 0.0, 0.0, 0.0, 0.0, 0.0, 0.0, 0.0], [0.0004, 0.0018000000000000002, 0.0021000000000000003, 0.0004, 0.0021000000000000003, 0.0018000000000000002, 0.0029000000000000002, 0.0029000000000000002, 0.1963, 0.0699, 0.0, 0.0, 0.0, 0.0, 0.0, 0.0, 0.0, 0.0, 0.0, 0.0, 0.0, 0.0], [0.0014, 0.0002, 0.0006000000000000001, 0.0014, 0.0006000000000000001, 0.0002, 0.0014, 0.0014, 0.001, 0.0161, 0.0, 0.0, 0.0, 0.0, 0.0, 0.0, 0.0, 0.0, 0.0, 0.0, 0.0, 0.0], [0.0008, 0.0008, 0.0021000000000000003, 0.0008, 0.0021000000000000003, 0.0008, 0.0013000000000000002, 0.0013000000000000002, 0.0031000000000000003, 0.021500000000000002, 0.0, 0.0, 0.0, 0.0, 0.0, 0.0, 0.0, 0.0, 0.0, 0.0, 0.0, 0.0]]}}
bs_latimer_munro_vbm: {'band_index': {'1': [89]}, 'kpoint_index': [36, 37, 92, 93, 107, 177, 178], 'kpoint': <pymatgen.electronic_structure.bandstructure.Kpoint object at 0x7fc5d4b59c50>, 'energy': 3.3437, 'projections': {'1': [[0.0, 0.0, 0.0, 0.0, 0.0, 0.0, 0.0, 0.0, 0.0001, 0.0001, 0.0, 0.0, 0.0, 0.0, 0.0, 0.0, 0.0, 0.0, 0.0, 0.0, 0.0, 0.0], [0.0, 0.0, 0.0, 0.0, 0.0, 0.0, 0.0, 0.0, 0.0, 0.0, 0.0014, 0.006200000000000001, 0.0137, 0.006200000000000001, 0.0014, 0.0137, 0.0014, 0.006200000000000001, 0.0137, 0.006200000000000001, 0.0137, 0.0014], [0.0001, 0.0002, 0.0002, 0.0001, 0.0002, 0.0002, 0.0046, 0.0046, 0.0, 0.0, 0.0279, 0.0, 0.0033, 0.0, 0.0279, 0.0033, 0.0279, 0.0, 0.0033, 0.0, 0.0033, 0.0279], [0.0004, 0.00030000000000000003, 0.00030000000000000003, 0.0004, 0.00030000000000000003, 0.00030000000000000003, 0.0081, 0.0081, 0.0, 0.0, 0.0012000000000000001, 0.024200000000000003, 0.0135, 0.024200000000000003, 0.0012000000000000001, 0.0135, 0.0012000000000000001, 0.024200000000000003, 0.0135, 0.024200000000000003, 0.0135, 0.0012000000000000001], [0.00030000000000000003, 0.0001, 0.0001, 0.00030000000000000003, 0.0001, 0.0001, 0.0, 0.0, 0.0, 0.0, 0.0, 0.0, 0.0, 0.0, 0.0, 0.0, 0.0, 0.0, 0.0, 0.0, 0.0, 0.0], [0.0005, 0.0001, 0.0001, 0.0005, 0.0001, 0.0001, 0.0, 0.0, 0.0, 0.0, 0.0, 0.0, 0.0, 0.0, 0.0, 0.0, 0.0, 0.0, 0.0, 0.0, 0.0, 0.0], [0.0, 0.00030000000000000003, 0.00030000000000000003, 0.0, 0.00030000000000000003, 0.00030000000000000003, 0.0, 0.0, 0.0004, 0.0004, 0.0, 0.0, 0.0, 0.0, 0.0, 0.0, 0.0, 0.0, 0.0, 0.0, 0.0, 0.0], [0.0, 0.0001, 0.0001, 0.0, 0.0001, 0.0001, 0.0, 0.0, 0.16390000000000002, 0.16390000000000002, 0.0, 0.0, 0.0, 0.0, 0.0, 0.0, 0.0, 0.0, 0.0, 0.0, 0.0, 0.0], [0.0, 0.0002, 0.0002, 0.0, 0.0002, 0.0002, 0.0, 0.0, 0.0728, 0.0728, 0.0, 0.0, 0.0, 0.0, 0.0, 0.0, 0.0, 0.0, 0.0, 0.0, 0.0, 0.0]]}}
bs_latimer_munro_efermi: 3.38893057