material_id: mp-19412
band_gap: 0.5826
efermi: 0.89959476
dos_magnetic_ordering: NM
dos_total_task_id: mp-2282799
dos_total_band_gap: 0.5624
dos_total_cbm: 1.3807
dos_total_vbm: 0.8183
dos_total_efermi: 0.82184068
bs_setyawan_curtarolo_task_id: mp-1593812
bs_setyawan_curtarolo_band_gap: 0.5826
bs_setyawan_curtarolo_cbm: {'band_index': {'1': [34]}, 'kpoint_index': [0, 52, 53], 'kpoint': <pymatgen.electronic_structure.bandstructure.Kpoint object at 0x7fc699d63930>, 'energy': 1.3831, 'projections': {'1': [[0.0334, 0.0737, 0.0659, 0.0659, 0.0263, 0.0263, 0.0263, 0.0263], [0.0, 0.0, 0.0, 0.0, 0.0059, 0.0059, 0.0059, 0.0059], [0.0, 0.0, 0.0, 0.0, 0.0053, 0.0053, 0.0053, 0.0053], [0.0, 0.0, 0.0, 0.0, 0.0059, 0.0059, 0.0059, 0.0059], [0.0, 0.0, 0.0, 0.0, 0.0, 0.0, 0.0, 0.0], [0.0, 0.0, 0.0, 0.0, 0.0, 0.0, 0.0, 0.0], [0.001, 0.0073, 0.0009000000000000001, 0.0009000000000000001, 0.0, 0.0, 0.0, 0.0], [0.0, 0.0, 0.0, 0.0, 0.0, 0.0, 0.0, 0.0], [0.0, 0.0, 0.0, 0.0, 0.0, 0.0, 0.0, 0.0]]}}
bs_setyawan_curtarolo_vbm: {'band_index': {'1': [33]}, 'kpoint_index': ['40'], 'kpoint': <pymatgen.electronic_structure.bandstructure.Kpoint object at 0x7fc5d4b59d30>, 'energy': 0.8005, 'projections': {'1': [[0.0, 0.0, 0.0002, 0.0002, 0.0002, 0.0002, 0.0002, 0.0002], [0.0014, 0.0001, 0.0015, 0.0015, 0.003, 0.003, 0.003, 0.003], [0.0007, 0.0019, 0.0001, 0.0001, 0.054400000000000004, 0.054400000000000004, 0.054400000000000004, 0.054400000000000004], [0.0, 0.0, 0.001, 0.001, 0.0383, 0.0383, 0.0383, 0.0383], [0.0017000000000000001, 0.26890000000000003, 0.0137, 0.0137, 0.0, 0.0, 0.0, 0.0], [0.0, 0.0, 0.060200000000000004, 0.060200000000000004, 0.0, 0.0, 0.0, 0.0], [0.0, 0.0, 0.019100000000000002, 0.019100000000000002, 0.0, 0.0, 0.0, 0.0], [0.0027, 0.0005, 0.0007, 0.0007, 0.0, 0.0, 0.0, 0.0], [0.0, 0.0, 0.0165, 0.0165, 0.0, 0.0, 0.0, 0.0]]}}
bs_setyawan_curtarolo_efermi: 0.89959476
bs_hinuma_task_id: mp-2058666
bs_hinuma_band_gap: 0.5826
bs_hinuma_cbm: {'band_index': {'1': [34]}, 'kpoint_index': [0, 55, 56, 97], 'kpoint': <pymatgen.electronic_structure.bandstructure.Kpoint object at 0x7fc5d4b5a3c0>, 'energy': 1.3831, 'projections': {'1': [[0.0334, 0.0737, 0.0659, 0.0659, 0.0263, 0.0263, 0.0263, 0.0263], [0.0, 0.0, 0.0, 0.0, 0.0059, 0.0059, 0.0059, 0.0059], [0.0, 0.0, 0.0, 0.0, 0.0053, 0.0053, 0.0053, 0.0053], [0.0, 0.0, 0.0, 0.0, 0.0059, 0.0059, 0.0059, 0.0059], [0.0, 0.0, 0.0, 0.0, 0.0, 0.0, 0.0, 0.0], [0.0, 0.0, 0.0, 0.0, 0.0, 0.0, 0.0, 0.0], [0.001, 0.0073, 0.0009000000000000001, 0.0009000000000000001, 0.0, 0.0, 0.0, 0.0], [0.0, 0.0, 0.0, 0.0, 0.0, 0.0, 0.0, 0.0], [0.0, 0.0, 0.0, 0.0, 0.0, 0.0, 0.0, 0.0]]}}
bs_hinuma_vbm: {'band_index': {'1': [33]}, 'kpoint_index': ['85'], 'kpoint': <pymatgen.electronic_structure.bandstructure.Kpoint object at 0x7fc5d4b5a430>, 'energy': 0.8005, 'projections': {'1': [[0.0, 0.0, 0.0002, 0.0002, 0.0002, 0.0002, 0.0002, 0.0002], [0.0014, 0.0001, 0.0015, 0.0015, 0.003, 0.003, 0.003, 0.003], [0.0007, 0.0019, 0.0001, 0.0001, 0.054400000000000004, 0.054400000000000004, 0.054400000000000004, 0.054400000000000004], [0.0, 0.0, 0.001, 0.001, 0.0383, 0.0383, 0.0383, 0.0383], [0.0017000000000000001, 0.26890000000000003, 0.0137, 0.0137, 0.0, 0.0, 0.0, 0.0], [0.0, 0.0, 0.060200000000000004, 0.060200000000000004, 0.0, 0.0, 0.0, 0.0], [0.0, 0.0, 0.019100000000000002, 0.019100000000000002, 0.0, 0.0, 0.0, 0.0], [0.0027, 0.0005, 0.0007, 0.0007, 0.0, 0.0, 0.0, 0.0], [0.0, 0.0, 0.0165, 0.0165, 0.0, 0.0, 0.0, 0.0]]}}
bs_hinuma_efermi: 0.89959476
bs_latimer_munro_task_id: mp-2343787
bs_latimer_munro_band_gap: 0.5826
bs_latimer_munro_cbm: {'band_index': {'1': [34]}, 'kpoint_index': [27, 28, 96, 97, 178, 179, 198, 215, 230], 'kpoint': <pymatgen.electronic_structure.bandstructure.Kpoint object at 0x7fc5d4b5a200>, 'energy': 1.3831, 'projections': {'1': [[0.0334, 0.0737, 0.0659, 0.0659, 0.0263, 0.0263, 0.0263, 0.0263], [0.0, 0.0, 0.0, 0.0, 0.0059, 0.0059, 0.0059, 0.0059], [0.0, 0.0, 0.0, 0.0, 0.0053, 0.0053, 0.0053, 0.0053], [0.0, 0.0, 0.0, 0.0, 0.0059, 0.0059, 0.0059, 0.0059], [0.0, 0.0, 0.0, 0.0, 0.0, 0.0, 0.0, 0.0], [0.0, 0.0, 0.0, 0.0, 0.0, 0.0, 0.0, 0.0], [0.001, 0.0073, 0.0009000000000000001, 0.0009000000000000001, 0.0, 0.0, 0.0, 0.0], [0.0, 0.0, 0.0, 0.0, 0.0, 0.0, 0.0, 0.0], [0.0, 0.0, 0.0, 0.0, 0.0, 0.0, 0.0, 0.0]]}}
bs_latimer_munro_vbm: {'band_index': {'1': [33]}, 'kpoint_index': ['210'], 'kpoint': <pymatgen.electronic_structure.bandstructure.Kpoint object at 0x7fc5d4b5a350>, 'energy': 0.8005, 'projections': {'1': [[0.0, 0.0, 0.0002, 0.0002, 0.0002, 0.0002, 0.0002, 0.0002], [0.0014, 0.0001, 0.0015, 0.0015, 0.003, 0.003, 0.003, 0.003], [0.0007, 0.0019, 0.0001, 0.0001, 0.054400000000000004, 0.054400000000000004, 0.054400000000000004, 0.054400000000000004], [0.0, 0.0, 0.001, 0.001, 0.0383, 0.0383, 0.0383, 0.0383], [0.0017000000000000001, 0.26890000000000003, 0.0137, 0.0137, 0.0, 0.0, 0.0, 0.0], [0.0, 0.0, 0.060200000000000004, 0.060200000000000004, 0.0, 0.0, 0.0, 0.0], [0.0, 0.0, 0.019100000000000002, 0.019100000000000002, 0.0, 0.0, 0.0, 0.0], [0.0027, 0.0005, 0.0007, 0.0007, 0.0, 0.0, 0.0, 0.0], [0.0, 0.0, 0.0165, 0.0165, 0.0, 0.0, 0.0, 0.0]]}}
bs_latimer_munro_efermi: 0.88296459