material_id: mp-1385907
band_gap: 2.8628
efermi: 0.35464527
dos_magnetic_ordering: FM
dos_total_task_id: mp-1741845
dos_total_band_gap: 2.9179
dos_total_cbm: 3.1181
dos_total_vbm: 0.20020000000000002
dos_total_efermi: 0.17063882
bs_setyawan_curtarolo_task_id: mp-1586625
bs_setyawan_curtarolo_band_gap: 2.8628
bs_setyawan_curtarolo_cbm: {'band_index': {'-1': [54], '1': []}, 'kpoint_index': [0, 94, 95, 127], 'kpoint': <pymatgen.electronic_structure.bandstructure.Kpoint object at 0x7fc699d63930>, 'energy': 3.0298, 'projections': {'-1': [[0.0582, 0.0582, 0.1082, 0.12760000000000002, 0.0167, 0.0167, 0.016800000000000002, 0.0167, 0.016300000000000002, 0.0167, 0.016800000000000002, 0.016300000000000002], [0.0, 0.0, 0.0, 0.0, 0.0007, 0.0016, 0.0006000000000000001, 0.0007, 0.0011, 0.0016, 0.0006000000000000001, 0.0011], [0.0, 0.0, 0.0, 0.0, 0.0013000000000000002, 0.0002, 0.0023, 0.0013000000000000002, 0.0001, 0.0002, 0.0023, 0.0001], [0.0, 0.0, 0.0, 0.0, 0.0, 0.001, 0.0002, 0.0, 0.0006000000000000001, 0.001, 0.0002, 0.0006000000000000001], [0.0005, 0.0005, 0.0, 0.0, 0.0, 0.0, 0.0, 0.0, 0.0, 0.0, 0.0, 0.0], [0.0, 0.0, 0.0001, 0.0001, 0.0, 0.0, 0.0, 0.0, 0.0, 0.0, 0.0, 0.0], [0.0005, 0.0005, 0.0, 0.0, 0.0, 0.0, 0.0, 0.0, 0.0, 0.0, 0.0, 0.0], [0.0004, 0.0004, 0.0, 0.0, 0.0, 0.0, 0.0, 0.0, 0.0, 0.0, 0.0, 0.0], [0.0009000000000000001, 0.0009000000000000001, 0.0001, 0.0002, 0.0, 0.0, 0.0, 0.0, 0.0, 0.0, 0.0, 0.0]]}}
bs_setyawan_curtarolo_vbm: {'band_index': {'1': [51], '-1': []}, 'kpoint_index': [110], 'kpoint': <pymatgen.electronic_structure.bandstructure.Kpoint object at 0x7fc5d4b59d30>, 'energy': 0.167, 'projections': {'1': [[0.0, 0.0, 0.0012000000000000001, 0.0012000000000000001, 0.00030000000000000003, 0.0002, 0.00030000000000000003, 0.0002, 0.0002, 0.0005, 0.0002, 0.0004], [0.0, 0.0, 0.0, 0.0, 0.0007, 0.0001, 0.0005, 0.0035, 0.0, 0.031400000000000004, 0.0036000000000000003, 0.0315], [0.0, 0.0, 0.0, 0.0, 0.0086, 0.0017000000000000001, 0.0092, 0.0054, 0.0018000000000000002, 0.0105, 0.0054, 0.0099], [0.0, 0.0, 0.0001, 0.0001, 0.0005, 0.0021000000000000003, 0.0005, 0.0028, 0.0022, 0.014700000000000001, 0.003, 0.015], [0.013300000000000001, 0.0085, 0.0008, 0.0007, 0.0, 0.0, 0.0, 0.0, 0.0, 0.0, 0.0, 0.0], [0.0379, 0.5394, 0.0, 0.0, 0.0, 0.0, 0.0, 0.0, 0.0, 0.0, 0.0, 0.0], [0.024, 0.0137, 0.0005, 0.0004, 0.0, 0.0, 0.0, 0.0, 0.0, 0.0, 0.0, 0.0], [0.0171, 0.003, 0.0001, 0.0001, 0.0, 0.0, 0.0, 0.0, 0.0, 0.0, 0.0, 0.0], [0.11170000000000001, 0.0125, 0.0004, 0.00030000000000000003, 0.0, 0.0, 0.0, 0.0, 0.0, 0.0, 0.0, 0.0]]}}
bs_setyawan_curtarolo_efermi: 0.35464527
bs_latimer_munro_task_id: mp-2302400
bs_latimer_munro_band_gap: 2.8628
bs_latimer_munro_cbm: {'band_index': {'-1': [54], '1': []}, 'kpoint_index': [15, 16, 67, 68, 85, 137, 138, 176, 191], 'kpoint': <pymatgen.electronic_structure.bandstructure.Kpoint object at 0x7fc5d4b59be0>, 'energy': 3.0298, 'projections': {'-1': [[0.0582, 0.0582, 0.1082, 0.12760000000000002, 0.0167, 0.0167, 0.016800000000000002, 0.0167, 0.016300000000000002, 0.0167, 0.016800000000000002, 0.016300000000000002], [0.0, 0.0, 0.0, 0.0, 0.0007, 0.0016, 0.0006000000000000001, 0.0007, 0.0011, 0.0016, 0.0006000000000000001, 0.0011], [0.0, 0.0, 0.0, 0.0, 0.0013000000000000002, 0.0002, 0.0023, 0.0013000000000000002, 0.0001, 0.0002, 0.0023, 0.0001], [0.0, 0.0, 0.0, 0.0, 0.0, 0.001, 0.0002, 0.0, 0.0006000000000000001, 0.001, 0.0002, 0.0006000000000000001], [0.0005, 0.0005, 0.0, 0.0, 0.0, 0.0, 0.0, 0.0, 0.0, 0.0, 0.0, 0.0], [0.0, 0.0, 0.0001, 0.0001, 0.0, 0.0, 0.0, 0.0, 0.0, 0.0, 0.0, 0.0], [0.0005, 0.0005, 0.0, 0.0, 0.0, 0.0, 0.0, 0.0, 0.0, 0.0, 0.0, 0.0], [0.0004, 0.0004, 0.0, 0.0, 0.0, 0.0, 0.0, 0.0, 0.0, 0.0, 0.0, 0.0], [0.0009000000000000001, 0.0009000000000000001, 0.0001, 0.0002, 0.0, 0.0, 0.0, 0.0, 0.0, 0.0, 0.0, 0.0]]}}
bs_latimer_munro_vbm: {'band_index': {'1': [51], '-1': []}, 'kpoint_index': [208], 'kpoint': <pymatgen.electronic_structure.bandstructure.Kpoint object at 0x7fc5d4b5a3c0>, 'energy': 0.167, 'projections': {'1': [[0.0, 0.0, 0.0012000000000000001, 0.0012000000000000001, 0.00030000000000000003, 0.0002, 0.00030000000000000003, 0.0002, 0.0002, 0.0005, 0.0002, 0.0004], [0.0, 0.0, 0.0, 0.0, 0.0007, 0.0001, 0.0005, 0.0035, 0.0, 0.031400000000000004, 0.0036000000000000003, 0.0315], [0.0, 0.0, 0.0, 0.0, 0.0086, 0.0017000000000000001, 0.0092, 0.0054, 0.0018000000000000002, 0.0105, 0.0054, 0.0099], [0.0, 0.0, 0.0001, 0.0001, 0.0005, 0.0021000000000000003, 0.0005, 0.0028, 0.0022, 0.014700000000000001, 0.003, 0.015], [0.013300000000000001, 0.0085, 0.0008, 0.0007, 0.0, 0.0, 0.0, 0.0, 0.0, 0.0, 0.0, 0.0], [0.0379, 0.5394, 0.0, 0.0, 0.0, 0.0, 0.0, 0.0, 0.0, 0.0, 0.0, 0.0], [0.024, 0.0137, 0.0005, 0.0004, 0.0, 0.0, 0.0, 0.0, 0.0, 0.0, 0.0, 0.0], [0.0171, 0.003, 0.0001, 0.0001, 0.0, 0.0, 0.0, 0.0, 0.0, 0.0, 0.0, 0.0], [0.11170000000000001, 0.0125, 0.0004, 0.00030000000000000003, 0.0, 0.0, 0.0, 0.0, 0.0, 0.0, 0.0, 0.0]]}}
bs_latimer_munro_efermi: 0.37459958