material_id: mp-1079871
band_gap: 5.0573
efermi: -1.40693643
dos_magnetic_ordering: NM
dos_total_task_id: mp-2263973
dos_total_band_gap: 5.081099999999999
dos_total_cbm: 3.5561
dos_total_vbm: -1.525
dos_total_efermi: -1.518403779999999
bs_setyawan_curtarolo_task_id: mp-1604006
bs_setyawan_curtarolo_band_gap: 5.0573
bs_setyawan_curtarolo_cbm: {'band_index': {'1': [40]}, 'kpoint_index': [0, 36, 37], 'kpoint': <pymatgen.electronic_structure.bandstructure.Kpoint object at 0x7fc699d63930>, 'energy': 3.5073, 'projections': {'1': [[0.023200000000000002, 0.023200000000000002, 0.0066, 0.0118, 0.013300000000000001, 0.013300000000000001, 0.013300000000000001, 0.013300000000000001, 0.013300000000000001, 0.013300000000000001], [0.0, 0.0, 0.0, 0.0, 0.0, 0.0, 0.0, 0.0, 0.0, 0.0], [0.0, 0.0, 0.0, 0.0, 0.0, 0.0, 0.0, 0.0, 0.0, 0.0], [0.0, 0.0, 0.0, 0.0, 0.0, 0.0, 0.0, 0.0, 0.0, 0.0], [0.0, 0.0, 0.0, 0.0, 0.0, 0.0, 0.0, 0.0, 0.0, 0.0], [0.0, 0.0, 0.0, 0.0, 0.0, 0.0, 0.0, 0.0, 0.0, 0.0], [0.0, 0.0, 0.0, 0.0, 0.0, 0.0, 0.0, 0.0, 0.0, 0.0], [0.0, 0.0, 0.0, 0.0, 0.0, 0.0, 0.0, 0.0, 0.0, 0.0], [0.0, 0.0, 0.0, 0.0, 0.0, 0.0, 0.0, 0.0, 0.0, 0.0]]}}
bs_setyawan_curtarolo_vbm: {'band_index': {'1': [37, 38, 39]}, 'kpoint_index': [0, 36, 37], 'kpoint': <pymatgen.electronic_structure.bandstructure.Kpoint object at 0x7fc5d4b59d30>, 'energy': -1.55, 'projections': {'1': [[0.0, 0.0, 0.0, 0.0, 0.0, 0.0, 0.0, 0.0, 0.0, 0.0], [0.0, 0.0, 0.0, 0.0, 0.0733, 0.034, 0.0733, 0.0, 0.0, 0.034], [0.0, 0.0, 0.0, 0.0, 0.061200000000000004, 0.0, 0.061200000000000004, 0.034, 0.034, 0.0], [0.0, 0.0, 0.0, 0.0, 0.0, 0.061200000000000004, 0.0, 0.0733, 0.0733, 0.061200000000000004], [0.0, 0.0, 0.0, 0.0, 0.0, 0.0, 0.0, 0.0, 0.0, 0.0], [0.0, 0.0, 0.0, 0.0, 0.0, 0.0, 0.0, 0.0, 0.0, 0.0], [0.0, 0.0, 0.0, 0.0, 0.0, 0.0, 0.0, 0.0, 0.0, 0.0], [0.0, 0.0, 0.0, 0.0, 0.0, 0.0, 0.0, 0.0, 0.0, 0.0], [0.0, 0.0, 0.0, 0.0, 0.0, 0.0, 0.0, 0.0, 0.0, 0.0]]}}
bs_setyawan_curtarolo_efermi: -1.40693643
bs_hinuma_task_id: mp-2072305
bs_hinuma_band_gap: 5.0573
bs_hinuma_cbm: {'band_index': {'1': [40]}, 'kpoint_index': [0, 29, 30], 'kpoint': <pymatgen.electronic_structure.bandstructure.Kpoint object at 0x7fc5d4b5a3c0>, 'energy': 3.5073, 'projections': {'1': [[0.023200000000000002, 0.023200000000000002, 0.0066, 0.0118, 0.013300000000000001, 0.013300000000000001, 0.013300000000000001, 0.013300000000000001, 0.013300000000000001, 0.013300000000000001], [0.0, 0.0, 0.0, 0.0, 0.0, 0.0, 0.0, 0.0, 0.0, 0.0], [0.0, 0.0, 0.0, 0.0, 0.0, 0.0, 0.0, 0.0, 0.0, 0.0], [0.0, 0.0, 0.0, 0.0, 0.0, 0.0, 0.0, 0.0, 0.0, 0.0], [0.0, 0.0, 0.0, 0.0, 0.0, 0.0, 0.0, 0.0, 0.0, 0.0], [0.0, 0.0, 0.0, 0.0, 0.0, 0.0, 0.0, 0.0, 0.0, 0.0], [0.0, 0.0, 0.0, 0.0, 0.0, 0.0, 0.0, 0.0, 0.0, 0.0], [0.0, 0.0, 0.0, 0.0, 0.0, 0.0, 0.0, 0.0, 0.0, 0.0], [0.0, 0.0, 0.0, 0.0, 0.0, 0.0, 0.0, 0.0, 0.0, 0.0]]}}
bs_hinuma_vbm: {'band_index': {'1': [37, 38, 39]}, 'kpoint_index': [0, 29, 30], 'kpoint': <pymatgen.electronic_structure.bandstructure.Kpoint object at 0x7fc5d4b5a430>, 'energy': -1.55, 'projections': {'1': [[0.0, 0.0, 0.0, 0.0, 0.0, 0.0, 0.0, 0.0, 0.0, 0.0], [0.0, 0.0, 0.0, 0.0, 0.0733, 0.034, 0.0733, 0.0, 0.0, 0.034], [0.0, 0.0, 0.0, 0.0, 0.061200000000000004, 0.0, 0.061200000000000004, 0.034, 0.034, 0.0], [0.0, 0.0, 0.0, 0.0, 0.0, 0.061200000000000004, 0.0, 0.0733, 0.0733, 0.061200000000000004], [0.0, 0.0, 0.0, 0.0, 0.0, 0.0, 0.0, 0.0, 0.0, 0.0], [0.0, 0.0, 0.0, 0.0, 0.0, 0.0, 0.0, 0.0, 0.0, 0.0], [0.0, 0.0, 0.0, 0.0, 0.0, 0.0, 0.0, 0.0, 0.0, 0.0], [0.0, 0.0, 0.0, 0.0, 0.0, 0.0, 0.0, 0.0, 0.0, 0.0], [0.0, 0.0, 0.0, 0.0, 0.0, 0.0, 0.0, 0.0, 0.0, 0.0]]}}
bs_hinuma_efermi: -1.4485265
bs_latimer_munro_task_id: mp-2446136
bs_latimer_munro_band_gap: 5.0573
bs_latimer_munro_cbm: {'band_index': {'1': [40]}, 'kpoint_index': [18, 19, 73, 74, 86], 'kpoint': <pymatgen.electronic_structure.bandstructure.Kpoint object at 0x7fc5d4b59e80>, 'energy': 3.5073, 'projections': {'1': [[0.023200000000000002, 0.023200000000000002, 0.0066, 0.0118, 0.013300000000000001, 0.013300000000000001, 0.013300000000000001, 0.013300000000000001, 0.013300000000000001, 0.013300000000000001], [0.0, 0.0, 0.0, 0.0, 0.0, 0.0, 0.0, 0.0, 0.0, 0.0], [0.0, 0.0, 0.0, 0.0, 0.0, 0.0, 0.0, 0.0, 0.0, 0.0], [0.0, 0.0, 0.0, 0.0, 0.0, 0.0, 0.0, 0.0, 0.0, 0.0], [0.0, 0.0, 0.0, 0.0, 0.0, 0.0, 0.0, 0.0, 0.0, 0.0], [0.0, 0.0, 0.0, 0.0, 0.0, 0.0, 0.0, 0.0, 0.0, 0.0], [0.0, 0.0, 0.0, 0.0, 0.0, 0.0, 0.0, 0.0, 0.0, 0.0], [0.0, 0.0, 0.0, 0.0, 0.0, 0.0, 0.0, 0.0, 0.0, 0.0], [0.0, 0.0, 0.0, 0.0, 0.0, 0.0, 0.0, 0.0, 0.0, 0.0]]}}
bs_latimer_munro_vbm: {'band_index': {'1': [37, 38, 39]}, 'kpoint_index': [18, 19, 73, 74, 86], 'kpoint': <pymatgen.electronic_structure.bandstructure.Kpoint object at 0x7fc5d4b59c50>, 'energy': -1.55, 'projections': {'1': [[0.0, 0.0, 0.0, 0.0, 0.0, 0.0, 0.0, 0.0, 0.0, 0.0], [0.0, 0.0, 0.0, 0.0, 0.0357, 0.0838, 0.0357, 0.0, 0.0, 0.0838], [0.0, 0.0, 0.0, 0.0, 0.049, 0.0, 0.049, 0.0838, 0.0838, 0.0], [0.0, 0.0, 0.0, 0.0, 0.0, 0.049, 0.0, 0.0357, 0.0357, 0.049], [0.0, 0.0, 0.0, 0.0, 0.0, 0.0, 0.0, 0.0, 0.0, 0.0], [0.0, 0.0, 0.0, 0.0, 0.0, 0.0, 0.0, 0.0, 0.0, 0.0], [0.0, 0.0, 0.0, 0.0, 0.0, 0.0, 0.0, 0.0, 0.0, 0.0], [0.0, 0.0, 0.0, 0.0, 0.0, 0.0, 0.0, 0.0, 0.0, 0.0], [0.0, 0.0, 0.0, 0.0, 0.0, 0.0, 0.0, 0.0, 0.0, 0.0]]}}
bs_latimer_munro_efermi: -1.42005096