material_id: mp-12457
band_gap: 1.693699999999999
efermi: 4.25486089
dos_magnetic_ordering: NM
dos_total_task_id: mp-2282105
dos_total_band_gap: 1.7194
dos_total_cbm: 5.793
dos_total_vbm: 4.0736
dos_total_efermi: 4.08431423
bs_setyawan_curtarolo_task_id: mp-1605088
bs_setyawan_curtarolo_band_gap: 1.693699999999999
bs_setyawan_curtarolo_cbm: {'band_index': {'1': [76]}, 'kpoint_index': ['52'], 'kpoint': <pymatgen.electronic_structure.bandstructure.Kpoint object at 0x7fc699d63930>, 'energy': 5.7896, 'projections': {'1': [[0.0155, 0.0155, 0.0155, 0.0155, 0.0019, 0.0019, 0.0019, 0.0019, 0.0002, 0.0002, 0.0002, 0.0002, 0.002, 0.002, 0.002, 0.002], [0.0019, 0.0019, 0.0019, 0.0019, 0.0034000000000000002, 0.0034000000000000002, 0.0034000000000000002, 0.0034000000000000002, 0.0019, 0.0019, 0.0019, 0.0019, 0.0026000000000000003, 0.0026000000000000003, 0.0026000000000000003, 0.0026000000000000003], [0.0004, 0.0004, 0.0004, 0.0004, 0.0008, 0.0008, 0.0008, 0.0008, 0.001, 0.001, 0.001, 0.001, 0.002, 0.002, 0.002, 0.002], [0.0, 0.0, 0.0, 0.0, 0.0, 0.0, 0.0, 0.0, 0.0, 0.0, 0.0, 0.0, 0.0, 0.0, 0.0, 0.0], [0.0, 0.0, 0.0, 0.0, 0.0, 0.0, 0.0, 0.0, 0.0, 0.0, 0.0, 0.0, 0.0, 0.0, 0.0, 0.0], [0.025500000000000002, 0.025500000000000002, 0.025500000000000002, 0.025500000000000002, 0.0053, 0.0053, 0.0053, 0.0053, 0.0, 0.0, 0.0, 0.0, 0.0, 0.0, 0.0, 0.0], [0.011300000000000001, 0.011300000000000001, 0.011300000000000001, 0.011300000000000001, 0.0017000000000000001, 0.0017000000000000001, 0.0017000000000000001, 0.0017000000000000001, 0.0, 0.0, 0.0, 0.0, 0.0, 0.0, 0.0, 0.0], [0.0, 0.0, 0.0, 0.0, 0.0, 0.0, 0.0, 0.0, 0.0, 0.0, 0.0, 0.0, 0.0, 0.0, 0.0, 0.0], [0.057100000000000005, 0.057100000000000005, 0.057100000000000005, 0.057100000000000005, 0.0176, 0.0176, 0.0176, 0.0176, 0.0, 0.0, 0.0, 0.0, 0.0, 0.0, 0.0, 0.0]]}}
bs_setyawan_curtarolo_vbm: {'band_index': {'1': [75]}, 'kpoint_index': [0, 59, 60], 'kpoint': <pymatgen.electronic_structure.bandstructure.Kpoint object at 0x7fc5d4b59be0>, 'energy': 4.0959, 'projections': {'1': [[0.0, 0.0, 0.0, 0.0, 0.0, 0.0, 0.0, 0.0, 0.0, 0.0, 0.0, 0.0, 0.0, 0.0, 0.0, 0.0], [0.0, 0.0, 0.0, 0.0, 0.0, 0.0, 0.0, 0.0, 0.0, 0.0, 0.0, 0.0, 0.0, 0.0, 0.0, 0.0], [0.0, 0.0, 0.0, 0.0, 0.0, 0.0, 0.0, 0.0, 0.0, 0.0, 0.0, 0.0, 0.0, 0.0, 0.0, 0.0], [0.009000000000000001, 0.009000000000000001, 0.009000000000000001, 0.009000000000000001, 0.0009000000000000001, 0.0009000000000000001, 0.0009000000000000001, 0.0009000000000000001, 0.027800000000000002, 0.027800000000000002, 0.027800000000000002, 0.027800000000000002, 0.057100000000000005, 0.057100000000000005, 0.057100000000000005, 0.057100000000000005], [0.00030000000000000003, 0.00030000000000000003, 0.00030000000000000003, 0.00030000000000000003, 0.0443, 0.0443, 0.0443, 0.0443, 0.0, 0.0, 0.0, 0.0, 0.0, 0.0, 0.0, 0.0], [0.0, 0.0, 0.0, 0.0, 0.0, 0.0, 0.0, 0.0, 0.0, 0.0, 0.0, 0.0, 0.0, 0.0, 0.0, 0.0], [0.0, 0.0, 0.0, 0.0, 0.0, 0.0, 0.0, 0.0, 0.0, 0.0, 0.0, 0.0, 0.0, 0.0, 0.0, 0.0], [0.00030000000000000003, 0.00030000000000000003, 0.00030000000000000003, 0.00030000000000000003, 0.0623, 0.0623, 0.0623, 0.0623, 0.0, 0.0, 0.0, 0.0, 0.0, 0.0, 0.0, 0.0], [0.0, 0.0, 0.0, 0.0, 0.0, 0.0, 0.0, 0.0, 0.0, 0.0, 0.0, 0.0, 0.0, 0.0, 0.0, 0.0]]}}
bs_setyawan_curtarolo_efermi: 4.25486089
bs_hinuma_task_id: mp-2182172
bs_hinuma_band_gap: 1.693699999999999
bs_hinuma_cbm: {'band_index': {'1': [76]}, 'kpoint_index': ['52'], 'kpoint': <pymatgen.electronic_structure.bandstructure.Kpoint object at 0x7fc5d4b59d30>, 'energy': 5.7896, 'projections': {'1': [[0.0155, 0.0155, 0.0155, 0.0155, 0.0019, 0.0019, 0.0019, 0.0019, 0.0002, 0.0002, 0.0002, 0.0002, 0.002, 0.002, 0.002, 0.002], [0.0019, 0.0019, 0.0019, 0.0019, 0.0034000000000000002, 0.0034000000000000002, 0.0034000000000000002, 0.0034000000000000002, 0.0019, 0.0019, 0.0019, 0.0019, 0.0026000000000000003, 0.0026000000000000003, 0.0026000000000000003, 0.0026000000000000003], [0.0004, 0.0004, 0.0004, 0.0004, 0.0008, 0.0008, 0.0008, 0.0008, 0.001, 0.001, 0.001, 0.001, 0.002, 0.002, 0.002, 0.002], [0.0, 0.0, 0.0, 0.0, 0.0, 0.0, 0.0, 0.0, 0.0, 0.0, 0.0, 0.0, 0.0, 0.0, 0.0, 0.0], [0.0, 0.0, 0.0, 0.0, 0.0, 0.0, 0.0, 0.0, 0.0, 0.0, 0.0, 0.0, 0.0, 0.0, 0.0, 0.0], [0.025500000000000002, 0.025500000000000002, 0.025500000000000002, 0.025500000000000002, 0.0053, 0.0053, 0.0053, 0.0053, 0.0, 0.0, 0.0, 0.0, 0.0, 0.0, 0.0, 0.0], [0.011300000000000001, 0.011300000000000001, 0.011300000000000001, 0.011300000000000001, 0.0017000000000000001, 0.0017000000000000001, 0.0017000000000000001, 0.0017000000000000001, 0.0, 0.0, 0.0, 0.0, 0.0, 0.0, 0.0, 0.0], [0.0, 0.0, 0.0, 0.0, 0.0, 0.0, 0.0, 0.0, 0.0, 0.0, 0.0, 0.0, 0.0, 0.0, 0.0, 0.0], [0.057100000000000005, 0.057100000000000005, 0.057100000000000005, 0.057100000000000005, 0.0176, 0.0176, 0.0176, 0.0176, 0.0, 0.0, 0.0, 0.0, 0.0, 0.0, 0.0, 0.0]]}}
bs_hinuma_vbm: {'band_index': {'1': [75]}, 'kpoint_index': [0, 59, 60], 'kpoint': <pymatgen.electronic_structure.bandstructure.Kpoint object at 0x7fc5d4b5a350>, 'energy': 4.0959, 'projections': {'1': [[0.0, 0.0, 0.0, 0.0, 0.0, 0.0, 0.0, 0.0, 0.0, 0.0, 0.0, 0.0, 0.0, 0.0, 0.0, 0.0], [0.0, 0.0, 0.0, 0.0, 0.0, 0.0, 0.0, 0.0, 0.0, 0.0, 0.0, 0.0, 0.0, 0.0, 0.0, 0.0], [0.0, 0.0, 0.0, 0.0, 0.0, 0.0, 0.0, 0.0, 0.0, 0.0, 0.0, 0.0, 0.0, 0.0, 0.0, 0.0], [0.009000000000000001, 0.009000000000000001, 0.009000000000000001, 0.009000000000000001, 0.0009000000000000001, 0.0009000000000000001, 0.0009000000000000001, 0.0009000000000000001, 0.027800000000000002, 0.027800000000000002, 0.027800000000000002, 0.027800000000000002, 0.057100000000000005, 0.057100000000000005, 0.057100000000000005, 0.057100000000000005], [0.00030000000000000003, 0.00030000000000000003, 0.00030000000000000003, 0.00030000000000000003, 0.0443, 0.0443, 0.0443, 0.0443, 0.0, 0.0, 0.0, 0.0, 0.0, 0.0, 0.0, 0.0], [0.0, 0.0, 0.0, 0.0, 0.0, 0.0, 0.0, 0.0, 0.0, 0.0, 0.0, 0.0, 0.0, 0.0, 0.0, 0.0], [0.0, 0.0, 0.0, 0.0, 0.0, 0.0, 0.0, 0.0, 0.0, 0.0, 0.0, 0.0, 0.0, 0.0, 0.0, 0.0], [0.00030000000000000003, 0.00030000000000000003, 0.00030000000000000003, 0.00030000000000000003, 0.0623, 0.0623, 0.0623, 0.0623, 0.0, 0.0, 0.0, 0.0, 0.0, 0.0, 0.0, 0.0], [0.0, 0.0, 0.0, 0.0, 0.0, 0.0, 0.0, 0.0, 0.0, 0.0, 0.0, 0.0, 0.0, 0.0, 0.0, 0.0]]}}
bs_hinuma_efermi: 4.25900989
bs_latimer_munro_task_id: mp-2693025
bs_latimer_munro_band_gap: 1.693699999999999
bs_latimer_munro_cbm: {'band_index': {'1': [76]}, 'kpoint_index': ['222'], 'kpoint': <pymatgen.electronic_structure.bandstructure.Kpoint object at 0x7fc5d4b59c50>, 'energy': 5.7896, 'projections': {'1': [[0.0155, 0.0155, 0.0155, 0.0155, 0.0019, 0.0019, 0.0019, 0.0019, 0.0002, 0.0002, 0.0002, 0.0002, 0.002, 0.002, 0.002, 0.002], [0.0019, 0.0019, 0.0019, 0.0019, 0.0034000000000000002, 0.0034000000000000002, 0.0034000000000000002, 0.0034000000000000002, 0.0018000000000000002, 0.0018000000000000002, 0.0018000000000000002, 0.0018000000000000002, 0.0026000000000000003, 0.0026000000000000003, 0.0026000000000000003, 0.0026000000000000003], [0.0004, 0.0004, 0.0004, 0.0004, 0.0008, 0.0008, 0.0008, 0.0008, 0.001, 0.001, 0.001, 0.001, 0.002, 0.002, 0.002, 0.002], [0.0, 0.0, 0.0, 0.0, 0.0, 0.0, 0.0, 0.0, 0.0, 0.0, 0.0, 0.0, 0.0, 0.0, 0.0, 0.0], [0.0, 0.0, 0.0, 0.0, 0.0, 0.0, 0.0, 0.0, 0.0, 0.0, 0.0, 0.0, 0.0, 0.0, 0.0, 0.0], [0.025400000000000002, 0.025500000000000002, 0.025400000000000002, 0.025500000000000002, 0.0053, 0.0053, 0.0053, 0.0053, 0.0, 0.0, 0.0, 0.0, 0.0, 0.0, 0.0, 0.0], [0.011300000000000001, 0.011300000000000001, 0.011300000000000001, 0.011300000000000001, 0.0017000000000000001, 0.0017000000000000001, 0.0017000000000000001, 0.0017000000000000001, 0.0, 0.0, 0.0, 0.0, 0.0, 0.0, 0.0, 0.0], [0.0, 0.0, 0.0, 0.0, 0.0, 0.0, 0.0, 0.0, 0.0, 0.0, 0.0, 0.0, 0.0, 0.0, 0.0, 0.0], [0.057100000000000005, 0.057100000000000005, 0.057100000000000005, 0.057100000000000005, 0.0176, 0.0176, 0.0176, 0.0176, 0.0, 0.0, 0.0, 0.0, 0.0, 0.0, 0.0, 0.0]]}}
bs_latimer_munro_vbm: {'band_index': {'1': [75]}, 'kpoint_index': [29, 30, 144, 145, 229, 230], 'kpoint': <pymatgen.electronic_structure.bandstructure.Kpoint object at 0x7fc5d4b5a190>, 'energy': 4.0959, 'projections': {'1': [[0.0, 0.0, 0.0, 0.0, 0.0, 0.0, 0.0, 0.0, 0.0, 0.0, 0.0, 0.0, 0.0, 0.0, 0.0, 0.0], [0.0, 0.0, 0.0, 0.0, 0.0, 0.0, 0.0, 0.0, 0.0, 0.0, 0.0, 0.0, 0.0, 0.0, 0.0, 0.0], [0.0, 0.0, 0.0, 0.0, 0.0, 0.0, 0.0, 0.0, 0.0, 0.0, 0.0, 0.0, 0.0, 0.0, 0.0, 0.0], [0.009000000000000001, 0.009000000000000001, 0.009000000000000001, 0.009000000000000001, 0.0009000000000000001, 0.0009000000000000001, 0.0009000000000000001, 0.0009000000000000001, 0.027800000000000002, 0.027800000000000002, 0.027800000000000002, 0.027800000000000002, 0.057100000000000005, 0.057100000000000005, 0.057100000000000005, 0.057100000000000005], [0.00030000000000000003, 0.00030000000000000003, 0.00030000000000000003, 0.00030000000000000003, 0.0443, 0.0443, 0.0443, 0.0443, 0.0, 0.0, 0.0, 0.0, 0.0, 0.0, 0.0, 0.0], [0.0, 0.0, 0.0, 0.0, 0.0, 0.0, 0.0, 0.0, 0.0, 0.0, 0.0, 0.0, 0.0, 0.0, 0.0, 0.0], [0.0, 0.0, 0.0, 0.0, 0.0, 0.0, 0.0, 0.0, 0.0, 0.0, 0.0, 0.0, 0.0, 0.0, 0.0, 0.0], [0.00030000000000000003, 0.00030000000000000003, 0.00030000000000000003, 0.00030000000000000003, 0.0623, 0.0623, 0.0623, 0.0623, 0.0, 0.0, 0.0, 0.0, 0.0, 0.0, 0.0, 0.0], [0.0, 0.0, 0.0, 0.0, 0.0, 0.0, 0.0, 0.0, 0.0, 0.0, 0.0, 0.0, 0.0, 0.0, 0.0, 0.0]]}}
bs_latimer_munro_efermi: 4.15628912