material_id: mp-189
band_gap: 0.22989999999999802
efermi: 9.866581889999999
dos_magnetic_ordering: NM
dos_total_task_id: mp-2281988
dos_total_band_gap: 0.208300000000001
dos_total_cbm: 9.96
dos_total_vbm: 9.7517
dos_total_efermi: 9.75544499
bs_setyawan_curtarolo_task_id: mp-1590695
bs_setyawan_curtarolo_band_gap: 0.22989999999999802
bs_setyawan_curtarolo_cbm: {'band_index': {'1': [36]}, 'kpoint_index': ['181'], 'kpoint': <pymatgen.electronic_structure.bandstructure.Kpoint object at 0x7fc699d63930>, 'energy': 9.9682, 'projections': {'1': [[0.0007, 0.0025, 0.0025, 0.0007, 0.00030000000000000003, 0.0, 0.0, 0.00030000000000000003], [0.0011, 0.0001, 0.0001, 0.0011, 0.0018000000000000002, 0.001, 0.001, 0.0018000000000000002], [0.0009000000000000001, 0.0013000000000000002, 0.0013000000000000002, 0.0009000000000000001, 0.0015, 0.0005, 0.0005, 0.0015], [0.0002, 0.0024000000000000002, 0.0024000000000000002, 0.0002, 0.00030000000000000003, 0.0013000000000000002, 0.0013000000000000002, 0.00030000000000000003], [0.0, 0.0, 0.0, 0.0, 0.12140000000000001, 0.0032, 0.0032, 0.12140000000000001], [0.0, 0.0, 0.0, 0.0, 0.0309, 0.045200000000000004, 0.045200000000000004, 0.0309], [0.0, 0.0, 0.0, 0.0, 0.055600000000000004, 0.0198, 0.0198, 0.055600000000000004], [0.0, 0.0, 0.0, 0.0, 0.025500000000000002, 0.0308, 0.0308, 0.0256], [0.0, 0.0, 0.0, 0.0, 0.0001, 0.1051, 0.1051, 0.0001]]}}
bs_setyawan_curtarolo_vbm: {'band_index': {'1': [35]}, 'kpoint_index': ['30'], 'kpoint': <pymatgen.electronic_structure.bandstructure.Kpoint object at 0x7fc5d4b5a200>, 'energy': 9.7383, 'projections': {'1': [[0.0041, 0.0041, 0.0041, 0.0041, 0.0005, 0.0005, 0.0005, 0.0005], [0.0047, 0.0047, 0.0047, 0.0047, 0.0082, 0.0082, 0.0082, 0.0082], [0.0076, 0.0076, 0.0076, 0.0076, 0.0061, 0.0061, 0.0061, 0.0061], [0.0044, 0.0044, 0.0044, 0.0044, 0.002, 0.002, 0.002, 0.002], [0.0, 0.0, 0.0, 0.0, 0.0417, 0.0417, 0.0417, 0.0417], [0.0, 0.0, 0.0, 0.0, 0.0057, 0.0057, 0.0057, 0.0057], [0.0, 0.0, 0.0, 0.0, 0.0946, 0.0946, 0.0946, 0.0946], [0.0, 0.0, 0.0, 0.0, 0.0212, 0.0212, 0.0212, 0.0212], [0.0, 0.0, 0.0, 0.0, 0.0012000000000000001, 0.0012000000000000001, 0.0012000000000000001, 0.0012000000000000001]]}}
bs_setyawan_curtarolo_efermi: 9.866581889999999
bs_hinuma_task_id: mp-2190179
bs_hinuma_band_gap: 0.22989999999999802
bs_hinuma_cbm: {'band_index': {'1': [36]}, 'kpoint_index': ['181'], 'kpoint': <pymatgen.electronic_structure.bandstructure.Kpoint object at 0x7fc5d4b59c50>, 'energy': 9.9682, 'projections': {'1': [[0.0007, 0.0025, 0.0025, 0.0007, 0.00030000000000000003, 0.0, 0.0, 0.00030000000000000003], [0.0011, 0.0001, 0.0001, 0.0011, 0.0018000000000000002, 0.001, 0.001, 0.0018000000000000002], [0.0009000000000000001, 0.0013000000000000002, 0.0013000000000000002, 0.0009000000000000001, 0.0015, 0.0005, 0.0005, 0.0015], [0.0002, 0.0024000000000000002, 0.0024000000000000002, 0.0002, 0.00030000000000000003, 0.0013000000000000002, 0.0013000000000000002, 0.00030000000000000003], [0.0, 0.0, 0.0, 0.0, 0.12140000000000001, 0.0032, 0.0032, 0.12140000000000001], [0.0, 0.0, 0.0, 0.0, 0.0309, 0.045200000000000004, 0.045200000000000004, 0.0309], [0.0, 0.0, 0.0, 0.0, 0.055600000000000004, 0.0198, 0.0198, 0.055600000000000004], [0.0, 0.0, 0.0, 0.0, 0.025500000000000002, 0.0308, 0.0308, 0.0256], [0.0, 0.0, 0.0, 0.0, 0.0001, 0.1051, 0.1051, 0.0001]]}}
bs_hinuma_vbm: {'band_index': {'1': [35]}, 'kpoint_index': ['30'], 'kpoint': <pymatgen.electronic_structure.bandstructure.Kpoint object at 0x7fc5d4b5a430>, 'energy': 9.7383, 'projections': {'1': [[0.0041, 0.0041, 0.0041, 0.0041, 0.0005, 0.0005, 0.0005, 0.0005], [0.0047, 0.0047, 0.0047, 0.0047, 0.0082, 0.0082, 0.0082, 0.0082], [0.0076, 0.0076, 0.0076, 0.0076, 0.0061, 0.0061, 0.0061, 0.0061], [0.0044, 0.0044, 0.0044, 0.0044, 0.002, 0.002, 0.002, 0.002], [0.0, 0.0, 0.0, 0.0, 0.0417, 0.0417, 0.0417, 0.0417], [0.0, 0.0, 0.0, 0.0, 0.0057, 0.0057, 0.0057, 0.0057], [0.0, 0.0, 0.0, 0.0, 0.0946, 0.0946, 0.0946, 0.0946], [0.0, 0.0, 0.0, 0.0, 0.0212, 0.0212, 0.0212, 0.0212], [0.0, 0.0, 0.0, 0.0, 0.0012000000000000001, 0.0012000000000000001, 0.0012000000000000001, 0.0012000000000000001]]}}
bs_hinuma_efermi: 9.866581889999999
bs_latimer_munro_task_id: mp-2694758
bs_latimer_munro_band_gap: 0.22989999999999802
bs_latimer_munro_cbm: {'band_index': {'1': [36]}, 'kpoint_index': ['113'], 'kpoint': <pymatgen.electronic_structure.bandstructure.Kpoint object at 0x7fc5d4b5a190>, 'energy': 9.9682, 'projections': {'1': [[0.0025, 0.0007, 0.0025, 0.0007, 0.0, 0.00030000000000000003, 0.0, 0.00030000000000000003], [0.0013000000000000002, 0.0009000000000000001, 0.0013000000000000002, 0.0009000000000000001, 0.0005, 0.0015, 0.0005, 0.0015], [0.0024000000000000002, 0.0002, 0.0024000000000000002, 0.0002, 0.0013000000000000002, 0.00030000000000000003, 0.0013000000000000002, 0.00030000000000000003], [0.0001, 0.0011, 0.0001, 0.0011, 0.001, 0.0018000000000000002, 0.001, 0.0018000000000000002], [0.0, 0.0, 0.0, 0.0, 0.045200000000000004, 0.0309, 0.045200000000000004, 0.0309], [0.0, 0.0, 0.0, 0.0, 0.0308, 0.025500000000000002, 0.0308, 0.0256], [0.0, 0.0, 0.0, 0.0, 0.11670000000000001, 0.0122, 0.11670000000000001, 0.0122], [0.0, 0.0, 0.0, 0.0, 0.0032, 0.12140000000000001, 0.0032, 0.12140000000000001], [0.0, 0.0, 0.0, 0.0, 0.0082, 0.0436, 0.0083, 0.0436]]}}
bs_latimer_munro_vbm: {'band_index': {'1': [35]}, 'kpoint_index': ['547'], 'kpoint': <pymatgen.electronic_structure.bandstructure.Kpoint object at 0x7fc5d4b59be0>, 'energy': 9.7383, 'projections': {'1': [[0.0041, 0.0041, 0.0041, 0.0041, 0.0005, 0.0005, 0.0005, 0.0005], [0.0044, 0.0044, 0.0044, 0.0044, 0.002, 0.002, 0.002, 0.002], [0.0047, 0.0047, 0.0047, 0.0047, 0.0082, 0.0082, 0.0082, 0.0082], [0.0076, 0.0076, 0.0076, 0.0076, 0.0061, 0.0061, 0.0061, 0.0061], [0.0, 0.0, 0.0, 0.0, 0.0212, 0.0212, 0.0212, 0.0212], [0.0, 0.0, 0.0, 0.0, 0.0417, 0.0417, 0.0417, 0.0417], [0.0, 0.0, 0.0, 0.0, 0.0218, 0.0218, 0.0218, 0.0218], [0.0, 0.0, 0.0, 0.0, 0.0057, 0.0057, 0.0057, 0.0057], [0.0, 0.0, 0.0, 0.0, 0.07390000000000001, 0.07390000000000001, 0.07390000000000001, 0.07390000000000001]]}}
bs_latimer_munro_efermi: 9.8628499