material_id: mp-18719
band_gap: 3.2486
efermi: 1.07465888
dos_magnetic_ordering: NM
dos_total_task_id: mp-1708899
dos_total_band_gap: 3.2374
dos_total_cbm: 4.2188
dos_total_vbm: 0.9814
dos_total_efermi: 0.9852804900000001
bs_setyawan_curtarolo_task_id: mp-1630122
bs_setyawan_curtarolo_band_gap: 3.2486
bs_setyawan_curtarolo_cbm: {'band_index': {'1': [90]}, 'kpoint_index': [67, 68], 'kpoint': <pymatgen.electronic_structure.bandstructure.Kpoint object at 0x7fc699d63930>, 'energy': 4.2149, 'projections': {'1': [[0.0002, 0.0002, 0.0, 0.0, 0.0, 0.0, 0.0, 0.0, 0.0, 0.0, 0.0, 0.0, 0.0, 0.0, 0.0, 0.0, 0.0, 0.0, 0.0, 0.0, 0.0, 0.0, 0.0, 0.0], [0.0, 0.0, 0.0, 0.0, 0.0001, 0.0001, 0.0001, 0.0001, 0.0043, 0.0043, 0.0043, 0.0043, 0.0, 0.0, 0.0, 0.0, 0.0016, 0.0016, 0.0016, 0.0016, 0.0085, 0.0085, 0.0085, 0.0085], [0.0, 0.0, 0.0, 0.0, 0.0, 0.0, 0.0, 0.0, 0.0125, 0.0125, 0.0125, 0.0125, 0.0053, 0.0053, 0.0053, 0.0053, 0.0002, 0.0002, 0.0002, 0.0002, 0.0047, 0.0047, 0.0047, 0.0047], [0.0, 0.0, 0.0009000000000000001, 0.0009000000000000001, 0.0002, 0.0002, 0.0002, 0.0002, 0.0037, 0.0037, 0.0037, 0.0037, 0.0, 0.0, 0.0, 0.0, 0.0, 0.0, 0.0, 0.0, 0.001, 0.001, 0.001, 0.001], [0.0, 0.0, 0.0, 0.0, 0.0111, 0.0111, 0.0111, 0.0111, 0.0, 0.0, 0.0, 0.0, 0.0, 0.0, 0.0, 0.0, 0.0, 0.0, 0.0, 0.0, 0.0, 0.0, 0.0, 0.0], [0.0, 0.0, 0.0002, 0.0002, 0.001, 0.001, 0.001, 0.001, 0.0, 0.0, 0.0, 0.0, 0.0, 0.0, 0.0, 0.0, 0.0, 0.0, 0.0, 0.0, 0.0, 0.0, 0.0, 0.0], [0.0006000000000000001, 0.0006000000000000001, 0.0025, 0.0025, 0.0932, 0.0932, 0.0932, 0.0932, 0.0, 0.0, 0.0, 0.0, 0.0, 0.0, 0.0, 0.0, 0.0, 0.0, 0.0, 0.0, 0.0, 0.0, 0.0, 0.0], [0.0, 0.0, 0.0, 0.0, 0.0103, 0.0103, 0.0103, 0.0103, 0.0, 0.0, 0.0, 0.0, 0.0, 0.0, 0.0, 0.0, 0.0, 0.0, 0.0, 0.0, 0.0, 0.0, 0.0, 0.0], [0.0, 0.0, 0.0027, 0.0027, 0.041, 0.041, 0.041, 0.041, 0.0, 0.0, 0.0, 0.0, 0.0, 0.0, 0.0, 0.0, 0.0, 0.0, 0.0, 0.0, 0.0, 0.0, 0.0, 0.0]]}}
bs_setyawan_curtarolo_vbm: {'band_index': {'1': [89]}, 'kpoint_index': ['56'], 'kpoint': <pymatgen.electronic_structure.bandstructure.Kpoint object at 0x7fc5d4b5a430>, 'energy': 0.9663, 'projections': {'1': [[0.0, 0.0, 0.00030000000000000003, 0.00030000000000000003, 0.0, 0.0, 0.0, 0.0, 0.0, 0.0, 0.0, 0.0, 0.0, 0.0, 0.0, 0.0, 0.0002, 0.0002, 0.0002, 0.0002, 0.0001, 0.0001, 0.0001, 0.0001], [0.0, 0.0, 0.0002, 0.0002, 0.0001, 0.0001, 0.0001, 0.0001, 0.0102, 0.0102, 0.0102, 0.0102, 0.0287, 0.0287, 0.0287, 0.0287, 0.0264, 0.0264, 0.0264, 0.0264, 0.0033, 0.0033, 0.0033, 0.0033], [0.0, 0.0, 0.0009000000000000001, 0.0009000000000000001, 0.0001, 0.0001, 0.0001, 0.0001, 0.021, 0.021, 0.021, 0.021, 0.0212, 0.0212, 0.0212, 0.0212, 0.016300000000000002, 0.016300000000000002, 0.016300000000000002, 0.016300000000000002, 0.0204, 0.0204, 0.0204, 0.0204], [0.0, 0.0, 0.0007, 0.0007, 0.0001, 0.0001, 0.0001, 0.0001, 0.009300000000000001, 0.009300000000000001, 0.009300000000000001, 0.009300000000000001, 0.0009000000000000001, 0.0009000000000000001, 0.0009000000000000001, 0.0009000000000000001, 0.014700000000000001, 0.014700000000000001, 0.014700000000000001, 0.014700000000000001, 0.0135, 0.0135, 0.0135, 0.0135], [0.0, 0.0, 0.00030000000000000003, 0.00030000000000000003, 0.00030000000000000003, 0.00030000000000000003, 0.00030000000000000003, 0.00030000000000000003, 0.0, 0.0, 0.0, 0.0, 0.0, 0.0, 0.0, 0.0, 0.0, 0.0, 0.0, 0.0, 0.0, 0.0, 0.0, 0.0], [0.0, 0.0, 0.0, 0.0, 0.0002, 0.0002, 0.0002, 0.0002, 0.0, 0.0, 0.0, 0.0, 0.0, 0.0, 0.0, 0.0, 0.0, 0.0, 0.0, 0.0, 0.0, 0.0, 0.0, 0.0], [0.0, 0.0, 0.0002, 0.0002, 0.0001, 0.0001, 0.0001, 0.0001, 0.0, 0.0, 0.0, 0.0, 0.0, 0.0, 0.0, 0.0, 0.0, 0.0, 0.0, 0.0, 0.0, 0.0, 0.0, 0.0], [0.0, 0.0, 0.0041, 0.0041, 0.0002, 0.0002, 0.0002, 0.0002, 0.0, 0.0, 0.0, 0.0, 0.0, 0.0, 0.0, 0.0, 0.0, 0.0, 0.0, 0.0, 0.0, 0.0, 0.0, 0.0], [0.0001, 0.0001, 0.00030000000000000003, 0.00030000000000000003, 0.00030000000000000003, 0.00030000000000000003, 0.00030000000000000003, 0.00030000000000000003, 0.0, 0.0, 0.0, 0.0, 0.0, 0.0, 0.0, 0.0, 0.0, 0.0, 0.0, 0.0, 0.0, 0.0, 0.0, 0.0]]}}
bs_setyawan_curtarolo_efermi: 1.07465888
bs_latimer_munro_task_id: mp-2315814
bs_latimer_munro_band_gap: 3.2486
bs_latimer_munro_cbm: {'band_index': {'1': [90]}, 'kpoint_index': [139, 140, 160, 161, 165], 'kpoint': <pymatgen.electronic_structure.bandstructure.Kpoint object at 0x7fc5d4b59be0>, 'energy': 4.2149, 'projections': {'1': [[0.0002, 0.0002, 0.0, 0.0, 0.0, 0.0, 0.0, 0.0, 0.0, 0.0, 0.0, 0.0, 0.0, 0.0, 0.0, 0.0, 0.0, 0.0, 0.0, 0.0, 0.0, 0.0, 0.0, 0.0], [0.0, 0.0, 0.0, 0.0, 0.0001, 0.0001, 0.0001, 0.0001, 0.0043, 0.0043, 0.0043, 0.0043, 0.0, 0.0, 0.0, 0.0, 0.0016, 0.0016, 0.0016, 0.0016, 0.0085, 0.0085, 0.0085, 0.0085], [0.0, 0.0, 0.0, 0.0, 0.0, 0.0, 0.0, 0.0, 0.0125, 0.0125, 0.0125, 0.0125, 0.0053, 0.0053, 0.0053, 0.0053, 0.0002, 0.0002, 0.0002, 0.0002, 0.0047, 0.0047, 0.0047, 0.0047], [0.0, 0.0, 0.0009000000000000001, 0.0009000000000000001, 0.0002, 0.0002, 0.0002, 0.0002, 0.0037, 0.0037, 0.0037, 0.0037, 0.0, 0.0, 0.0, 0.0, 0.0, 0.0, 0.0, 0.0, 0.001, 0.001, 0.001, 0.001], [0.0, 0.0, 0.0, 0.0, 0.0111, 0.0111, 0.0111, 0.0111, 0.0, 0.0, 0.0, 0.0, 0.0, 0.0, 0.0, 0.0, 0.0, 0.0, 0.0, 0.0, 0.0, 0.0, 0.0, 0.0], [0.0, 0.0, 0.0002, 0.0002, 0.001, 0.001, 0.001, 0.001, 0.0, 0.0, 0.0, 0.0, 0.0, 0.0, 0.0, 0.0, 0.0, 0.0, 0.0, 0.0, 0.0, 0.0, 0.0, 0.0], [0.0006000000000000001, 0.0006000000000000001, 0.0025, 0.0025, 0.0932, 0.0932, 0.0932, 0.0932, 0.0, 0.0, 0.0, 0.0, 0.0, 0.0, 0.0, 0.0, 0.0, 0.0, 0.0, 0.0, 0.0, 0.0, 0.0, 0.0], [0.0, 0.0, 0.0, 0.0, 0.0103, 0.0103, 0.0103, 0.0103, 0.0, 0.0, 0.0, 0.0, 0.0, 0.0, 0.0, 0.0, 0.0, 0.0, 0.0, 0.0, 0.0, 0.0, 0.0, 0.0], [0.0, 0.0, 0.0027, 0.0027, 0.041, 0.041, 0.041, 0.041, 0.0, 0.0, 0.0, 0.0, 0.0, 0.0, 0.0, 0.0, 0.0, 0.0, 0.0, 0.0, 0.0, 0.0, 0.0, 0.0]]}}
bs_latimer_munro_vbm: {'band_index': {'1': [89]}, 'kpoint_index': ['152'], 'kpoint': <pymatgen.electronic_structure.bandstructure.Kpoint object at 0x7fc5d4b59c50>, 'energy': 0.9663, 'projections': {'1': [[0.0, 0.0, 0.00030000000000000003, 0.00030000000000000003, 0.0, 0.0, 0.0, 0.0, 0.0, 0.0, 0.0, 0.0, 0.0, 0.0, 0.0, 0.0, 0.0002, 0.0002, 0.0002, 0.0002, 0.0001, 0.0001, 0.0001, 0.0001], [0.0, 0.0, 0.0002, 0.0002, 0.0001, 0.0001, 0.0001, 0.0001, 0.0102, 0.0102, 0.0102, 0.0102, 0.0287, 0.0287, 0.0287, 0.0287, 0.0264, 0.0264, 0.0264, 0.0264, 0.0033, 0.0033, 0.0033, 0.0033], [0.0, 0.0, 0.0009000000000000001, 0.0009000000000000001, 0.0001, 0.0001, 0.0001, 0.0001, 0.021, 0.021, 0.021, 0.021, 0.0212, 0.0212, 0.0212, 0.0212, 0.016300000000000002, 0.016300000000000002, 0.016300000000000002, 0.016300000000000002, 0.0204, 0.0204, 0.0204, 0.0204], [0.0, 0.0, 0.0007, 0.0007, 0.0001, 0.0001, 0.0001, 0.0001, 0.009300000000000001, 0.009300000000000001, 0.009300000000000001, 0.009300000000000001, 0.0009000000000000001, 0.0009000000000000001, 0.0009000000000000001, 0.0009000000000000001, 0.014700000000000001, 0.014700000000000001, 0.014700000000000001, 0.014700000000000001, 0.0135, 0.0135, 0.0135, 0.0135], [0.0, 0.0, 0.00030000000000000003, 0.00030000000000000003, 0.00030000000000000003, 0.00030000000000000003, 0.00030000000000000003, 0.00030000000000000003, 0.0, 0.0, 0.0, 0.0, 0.0, 0.0, 0.0, 0.0, 0.0, 0.0, 0.0, 0.0, 0.0, 0.0, 0.0, 0.0], [0.0, 0.0, 0.0, 0.0, 0.0002, 0.0002, 0.0002, 0.0002, 0.0, 0.0, 0.0, 0.0, 0.0, 0.0, 0.0, 0.0, 0.0, 0.0, 0.0, 0.0, 0.0, 0.0, 0.0, 0.0], [0.0, 0.0, 0.0002, 0.0002, 0.0001, 0.0001, 0.0001, 0.0001, 0.0, 0.0, 0.0, 0.0, 0.0, 0.0, 0.0, 0.0, 0.0, 0.0, 0.0, 0.0, 0.0, 0.0, 0.0, 0.0], [0.0, 0.0, 0.0041, 0.0041, 0.0002, 0.0002, 0.0002, 0.0002, 0.0, 0.0, 0.0, 0.0, 0.0, 0.0, 0.0, 0.0, 0.0, 0.0, 0.0, 0.0, 0.0, 0.0, 0.0, 0.0], [0.0001, 0.0001, 0.00030000000000000003, 0.00030000000000000003, 0.00030000000000000003, 0.00030000000000000003, 0.00030000000000000003, 0.00030000000000000003, 0.0, 0.0, 0.0, 0.0, 0.0, 0.0, 0.0, 0.0, 0.0, 0.0, 0.0, 0.0, 0.0, 0.0, 0.0, 0.0]]}}
bs_latimer_munro_efermi: 1.12870332