material_id: mp-1180310
band_gap: 0.22210000000000002
efermi: -0.25838037
dos_magnetic_ordering: NM
dos_total_task_id: mp-1669575
dos_total_band_gap: 0.20620000000000002
dos_total_cbm: -0.12710000000000002
dos_total_vbm: -0.33330000000000004
dos_total_efermi: -0.33008583
bs_setyawan_curtarolo_task_id: mp-1604495
bs_setyawan_curtarolo_band_gap: 0.22210000000000002
bs_setyawan_curtarolo_cbm: {'band_index': {'1': [50, 51]}, 'kpoint_index': ['225'], 'kpoint': <pymatgen.electronic_structure.bandstructure.Kpoint object at 0x7fc699d63930>, 'energy': -0.2048, 'projections': {'1': [[0.00030000000000000003, 0.0001, 0.0015, 0.0005, 0.00030000000000000003, 0.0001, 0.0, 0.0, 0.0037, 0.0014, 0.0037, 0.0014, 0.0014, 0.0037, 0.0014, 0.0037], [0.0, 0.0002, 0.0002, 0.0001, 0.0, 0.0, 0.0, 0.0, 0.0, 0.0, 0.0, 0.0, 0.0, 0.0, 0.0, 0.0], [0.0, 0.0001, 0.0, 0.0001, 0.0, 0.0, 0.4419, 0.16440000000000002, 0.021400000000000002, 0.006200000000000001, 0.0286, 0.0135, 0.006200000000000001, 0.0213, 0.0135, 0.0287], [0.0, 0.0, 0.0, 0.0, 0.0, 0.0, 0.0, 0.0, 0.0053, 0.0018000000000000002, 0.0061, 0.0025, 0.0018000000000000002, 0.0053, 0.0025, 0.0061], [0.0, 0.0, 0.0, 0.0, 0.0, 0.0, 0.0, 0.0, 0.0, 0.0, 0.0, 0.0, 0.0, 0.0, 0.0, 0.0], [0.0, 0.0, 0.0, 0.0, 0.0, 0.0, 0.0, 0.0, 0.0, 0.0, 0.0, 0.0, 0.0, 0.0, 0.0, 0.0], [0.0, 0.0, 0.0, 0.0, 0.0, 0.0, 0.0, 0.0, 0.0, 0.0, 0.0, 0.0, 0.0, 0.0, 0.0, 0.0], [0.0, 0.0, 0.0, 0.0, 0.0, 0.0, 0.0, 0.0, 0.0, 0.0, 0.0, 0.0, 0.0, 0.0, 0.0, 0.0], [0.0, 0.0, 0.0, 0.0, 0.0, 0.0, 0.0, 0.0, 0.0, 0.0, 0.0, 0.0, 0.0, 0.0, 0.0, 0.0]]}}
bs_setyawan_curtarolo_vbm: {'band_index': {'1': [49]}, 'kpoint_index': ['327'], 'kpoint': <pymatgen.electronic_structure.bandstructure.Kpoint object at 0x7fc5d4b5a200>, 'energy': -0.4269, 'projections': {'1': [[0.0, 0.0, 0.0, 0.0, 0.0, 0.0, 0.0, 0.0, 0.0029000000000000002, 0.0029000000000000002, 0.0029000000000000002, 0.0029000000000000002, 0.0029000000000000002, 0.0029000000000000002, 0.0029000000000000002, 0.0029000000000000002], [0.0, 0.0, 0.0, 0.0, 0.0, 0.0, 0.0, 0.0, 0.0002, 0.0002, 0.0002, 0.0002, 0.0002, 0.0002, 0.0002, 0.0002], [0.0, 0.0, 0.0, 0.0, 0.0, 0.0, 0.0, 0.0, 0.014400000000000001, 0.014400000000000001, 0.014400000000000001, 0.014400000000000001, 0.014400000000000001, 0.014400000000000001, 0.014400000000000001, 0.014400000000000001], [0.0, 0.0, 0.00030000000000000003, 0.00030000000000000003, 0.0009000000000000001, 0.0009000000000000001, 0.2871, 0.2871, 0.0079, 0.0079, 0.0079, 0.0079, 0.0079, 0.0079, 0.0079, 0.0079], [0.0, 0.0, 0.0, 0.0, 0.0, 0.0, 0.0, 0.0, 0.0, 0.0, 0.0, 0.0, 0.0, 0.0, 0.0, 0.0], [0.0, 0.0, 0.0, 0.0, 0.0, 0.0, 0.0, 0.0, 0.0, 0.0, 0.0, 0.0, 0.0, 0.0, 0.0, 0.0], [0.0, 0.0, 0.0, 0.0, 0.0, 0.0, 0.0, 0.0, 0.0, 0.0, 0.0, 0.0, 0.0, 0.0, 0.0, 0.0], [0.0, 0.0, 0.0, 0.0, 0.0, 0.0, 0.0, 0.0, 0.0, 0.0, 0.0, 0.0, 0.0, 0.0, 0.0, 0.0], [0.0, 0.0, 0.0, 0.0, 0.0, 0.0, 0.0, 0.0, 0.0, 0.0, 0.0, 0.0, 0.0, 0.0, 0.0, 0.0]]}}
bs_setyawan_curtarolo_efermi: -0.25838037
bs_hinuma_task_id: mp-2177095
bs_hinuma_band_gap: 0.22210000000000002
bs_hinuma_cbm: {'band_index': {'1': [50, 51]}, 'kpoint_index': [201, 202, 523, 524], 'kpoint': <pymatgen.electronic_structure.bandstructure.Kpoint object at 0x7fc5d4b59d30>, 'energy': -0.2048, 'projections': {'1': [[0.00030000000000000003, 0.0001, 0.0008, 0.0012000000000000001, 0.0001, 0.0002, 0.0, 0.0, 0.002, 0.0031000000000000003, 0.002, 0.0031000000000000003, 0.0031000000000000003, 0.002, 0.0031000000000000003, 0.002], [0.0001, 0.0002, 0.0001, 0.0002, 0.0, 0.0, 0.0, 0.0, 0.0, 0.0, 0.0, 0.0, 0.0, 0.0, 0.0, 0.0], [0.0, 0.0001, 0.0001, 0.0, 0.0, 0.0, 0.23500000000000001, 0.3713, 0.011, 0.018500000000000003, 0.0164, 0.0238, 0.018500000000000003, 0.011, 0.0238, 0.0164], [0.0, 0.0, 0.0, 0.0, 0.0, 0.0, 0.0, 0.0, 0.0028, 0.0045000000000000005, 0.0033, 0.0051, 0.0045000000000000005, 0.0028, 0.0051, 0.0033], [0.0, 0.0, 0.0, 0.0, 0.0, 0.0, 0.0, 0.0, 0.0, 0.0, 0.0, 0.0, 0.0, 0.0, 0.0, 0.0], [0.0, 0.0, 0.0, 0.0, 0.0, 0.0, 0.0, 0.0, 0.0, 0.0, 0.0, 0.0, 0.0, 0.0, 0.0, 0.0], [0.0, 0.0, 0.0, 0.0, 0.0, 0.0, 0.0, 0.0, 0.0, 0.0, 0.0, 0.0, 0.0, 0.0, 0.0, 0.0], [0.0, 0.0, 0.0, 0.0, 0.0, 0.0, 0.0, 0.0, 0.0, 0.0, 0.0, 0.0, 0.0, 0.0, 0.0, 0.0], [0.0, 0.0, 0.0, 0.0, 0.0, 0.0, 0.0, 0.0, 0.0, 0.0, 0.0, 0.0, 0.0, 0.0, 0.0, 0.0]]}}
bs_hinuma_vbm: {'band_index': {'1': [49]}, 'kpoint_index': ['43'], 'kpoint': <pymatgen.electronic_structure.bandstructure.Kpoint object at 0x7fc5d4b5a190>, 'energy': -0.4269, 'projections': {'1': [[0.0, 0.0, 0.0, 0.0, 0.0, 0.0, 0.0, 0.0, 0.0029000000000000002, 0.0029000000000000002, 0.0029000000000000002, 0.0029000000000000002, 0.0029000000000000002, 0.0029000000000000002, 0.0029000000000000002, 0.0029000000000000002], [0.0, 0.0, 0.0, 0.0, 0.0, 0.0, 0.0, 0.0, 0.0002, 0.0002, 0.0002, 0.0002, 0.0002, 0.0002, 0.0002, 0.0002], [0.0, 0.0, 0.0, 0.0, 0.0, 0.0, 0.0, 0.0, 0.014400000000000001, 0.014400000000000001, 0.014400000000000001, 0.014400000000000001, 0.014400000000000001, 0.014400000000000001, 0.014400000000000001, 0.014400000000000001], [0.0, 0.0, 0.00030000000000000003, 0.00030000000000000003, 0.0009000000000000001, 0.0009000000000000001, 0.2871, 0.2871, 0.0079, 0.0079, 0.0079, 0.0079, 0.0079, 0.0079, 0.0079, 0.0079], [0.0, 0.0, 0.0, 0.0, 0.0, 0.0, 0.0, 0.0, 0.0, 0.0, 0.0, 0.0, 0.0, 0.0, 0.0, 0.0], [0.0, 0.0, 0.0, 0.0, 0.0, 0.0, 0.0, 0.0, 0.0, 0.0, 0.0, 0.0, 0.0, 0.0, 0.0, 0.0], [0.0, 0.0, 0.0, 0.0, 0.0, 0.0, 0.0, 0.0, 0.0, 0.0, 0.0, 0.0, 0.0, 0.0, 0.0, 0.0], [0.0, 0.0, 0.0, 0.0, 0.0, 0.0, 0.0, 0.0, 0.0, 0.0, 0.0, 0.0, 0.0, 0.0, 0.0, 0.0], [0.0, 0.0, 0.0, 0.0, 0.0, 0.0, 0.0, 0.0, 0.0, 0.0, 0.0, 0.0, 0.0, 0.0, 0.0, 0.0]]}}
bs_hinuma_efermi: -0.284041
bs_latimer_munro_task_id: mp-2434373
bs_latimer_munro_band_gap: 0.22210000000000002
bs_latimer_munro_cbm: {'band_index': {'1': [50, 51]}, 'kpoint_index': ['77'], 'kpoint': <pymatgen.electronic_structure.bandstructure.Kpoint object at 0x7fc5d4b59c50>, 'energy': -0.2048, 'projections': {'1': [[0.0004, 0.0, 0.0011, 0.0009000000000000001, 0.0002, 0.0002, 0.0, 0.0, 0.0029000000000000002, 0.0023, 0.0028, 0.0022, 0.0023, 0.0029000000000000002, 0.0022, 0.0028], [0.0, 0.0002, 0.0002, 0.0001, 0.0, 0.0, 0.0, 0.0, 0.0, 0.0, 0.0, 0.0, 0.0, 0.0, 0.0, 0.0], [0.0, 0.0002, 0.0, 0.0001, 0.0, 0.0, 0.34, 0.26630000000000004, 0.014100000000000001, 0.010100000000000001, 0.024800000000000003, 0.0207, 0.010100000000000001, 0.014100000000000001, 0.0207, 0.024800000000000003], [0.0, 0.0, 0.0, 0.0, 0.0, 0.0, 0.0, 0.0, 0.0038, 0.0029000000000000002, 0.005, 0.004, 0.0029000000000000002, 0.0038, 0.004, 0.005], [0.0, 0.0, 0.0, 0.0, 0.0, 0.0, 0.0, 0.0, 0.0, 0.0, 0.0, 0.0, 0.0, 0.0, 0.0, 0.0], [0.0, 0.0, 0.0, 0.0, 0.0, 0.0, 0.0, 0.0, 0.0, 0.0, 0.0, 0.0, 0.0, 0.0, 0.0, 0.0], [0.0, 0.0, 0.0, 0.0, 0.0, 0.0, 0.0, 0.0, 0.0, 0.0, 0.0, 0.0, 0.0, 0.0, 0.0, 0.0], [0.0, 0.0, 0.0, 0.0, 0.0, 0.0, 0.0, 0.0, 0.0, 0.0, 0.0, 0.0, 0.0, 0.0, 0.0, 0.0], [0.0, 0.0, 0.0, 0.0, 0.0, 0.0, 0.0, 0.0, 0.0, 0.0, 0.0, 0.0, 0.0, 0.0, 0.0, 0.0]]}}
bs_latimer_munro_vbm: {'band_index': {'1': [49]}, 'kpoint_index': [494, 495, 782, 783], 'kpoint': <pymatgen.electronic_structure.bandstructure.Kpoint object at 0x7fc5d4b5a350>, 'energy': -0.4269, 'projections': {'1': [[0.0, 0.0, 0.0, 0.0, 0.0, 0.0, 0.0, 0.0, 0.0029000000000000002, 0.0029000000000000002, 0.0029000000000000002, 0.0029000000000000002, 0.0029000000000000002, 0.0029000000000000002, 0.0029000000000000002, 0.0029000000000000002], [0.0, 0.0, 0.0, 0.0, 0.0, 0.0, 0.0, 0.0, 0.0002, 0.0002, 0.0002, 0.0002, 0.0002, 0.0002, 0.0002, 0.0002], [0.0, 0.0, 0.0, 0.0, 0.0, 0.0, 0.0, 0.0, 0.014400000000000001, 0.014400000000000001, 0.014400000000000001, 0.014400000000000001, 0.014400000000000001, 0.014400000000000001, 0.014400000000000001, 0.014400000000000001], [0.0, 0.0, 0.00030000000000000003, 0.00030000000000000003, 0.0009000000000000001, 0.0009000000000000001, 0.2871, 0.2871, 0.0079, 0.0079, 0.0079, 0.0079, 0.0079, 0.0079, 0.0079, 0.0079], [0.0, 0.0, 0.0, 0.0, 0.0, 0.0, 0.0, 0.0, 0.0, 0.0, 0.0, 0.0, 0.0, 0.0, 0.0, 0.0], [0.0, 0.0, 0.0, 0.0, 0.0, 0.0, 0.0, 0.0, 0.0, 0.0, 0.0, 0.0, 0.0, 0.0, 0.0, 0.0], [0.0, 0.0, 0.0, 0.0, 0.0, 0.0, 0.0, 0.0, 0.0, 0.0, 0.0, 0.0, 0.0, 0.0, 0.0, 0.0], [0.0, 0.0, 0.0, 0.0, 0.0, 0.0, 0.0, 0.0, 0.0, 0.0, 0.0, 0.0, 0.0, 0.0, 0.0, 0.0], [0.0, 0.0, 0.0, 0.0, 0.0, 0.0, 0.0, 0.0, 0.0, 0.0, 0.0, 0.0, 0.0, 0.0, 0.0, 0.0]]}}
bs_latimer_munro_efermi: -0.3033209