material_id: mp-1111092
band_gap: 1.658999999999999
efermi: -0.21778733
dos_magnetic_ordering: NM
dos_total_task_id: mp-1744305
dos_total_band_gap: 1.6609
dos_total_cbm: 1.3499
dos_total_vbm: -0.311
dos_total_efermi: -0.32797538
bs_setyawan_curtarolo_task_id: mp-1586538
bs_setyawan_curtarolo_band_gap: 1.658999999999999
bs_setyawan_curtarolo_cbm: {'band_index': {'1': [39]}, 'kpoint_index': [0, 44, 45], 'kpoint': <pymatgen.electronic_structure.bandstructure.Kpoint object at 0x7fc699d63930>, 'energy': 1.3475000000000001, 'projections': {'1': [[0.0548, 0.0548, 0.023700000000000002, 0.053, 0.0095, 0.0095, 0.0095, 0.0095, 0.0095, 0.0095], [0.0, 0.0, 0.0, 0.0, 0.0, 0.0, 0.0, 0.0021000000000000003, 0.0021000000000000003, 0.0], [0.0, 0.0, 0.0, 0.0, 0.0, 0.0021000000000000003, 0.0, 0.0, 0.0, 0.0021000000000000003], [0.0, 0.0, 0.0, 0.0, 0.0021000000000000003, 0.0, 0.0021000000000000003, 0.0, 0.0, 0.0], [0.0, 0.0, 0.0, 0.0, 0.0, 0.0, 0.0, 0.0, 0.0, 0.0], [0.0, 0.0, 0.0, 0.0, 0.0, 0.0, 0.0, 0.0, 0.0, 0.0], [0.0, 0.0, 0.0, 0.0, 0.0, 0.0, 0.0, 0.0, 0.0, 0.0], [0.0, 0.0, 0.0, 0.0, 0.0, 0.0, 0.0, 0.0, 0.0, 0.0], [0.0, 0.0, 0.0, 0.0, 0.0, 0.0, 0.0, 0.0, 0.0, 0.0]]}}
bs_setyawan_curtarolo_vbm: {'band_index': {'1': [37, 38]}, 'kpoint_index': [57, 58, 84, 85], 'kpoint': <pymatgen.electronic_structure.bandstructure.Kpoint object at 0x7fc5d4b5a200>, 'energy': -0.3115, 'projections': {'1': [[0.0, 0.0, 0.0, 0.0, 0.0013000000000000002, 0.0002, 0.0013000000000000002, 0.0011, 0.0011, 0.0002], [0.0, 0.0, 0.0063, 0.0, 0.0001, 0.0001, 0.0001, 0.0362, 0.0362, 0.0001], [0.0, 0.0, 0.0014, 0.0, 0.0, 0.0082, 0.0, 0.0, 0.0, 0.0082], [0.0, 0.0, 0.0073, 0.0, 0.0424, 0.0001, 0.0424, 0.0001, 0.0001, 0.0001], [0.0, 0.0, 0.0, 0.0, 0.0, 0.0, 0.0, 0.0, 0.0, 0.0], [0.0, 0.0, 0.0, 0.0001, 0.0, 0.0, 0.0, 0.0, 0.0, 0.0], [0.0, 0.0, 0.0, 0.1087, 0.0, 0.0, 0.0, 0.0, 0.0, 0.0], [0.0, 0.0, 0.0, 0.0001, 0.0, 0.0, 0.0, 0.0, 0.0, 0.0], [0.0, 0.0, 0.0, 0.661, 0.0, 0.0, 0.0, 0.0, 0.0, 0.0]]}}
bs_setyawan_curtarolo_efermi: -0.21778733
bs_hinuma_task_id: mp-2053413
bs_hinuma_band_gap: 1.658999999999999
bs_hinuma_cbm: {'band_index': {'1': [39]}, 'kpoint_index': [0, 36, 37], 'kpoint': <pymatgen.electronic_structure.bandstructure.Kpoint object at 0x7fc5d4b59c50>, 'energy': 1.3475000000000001, 'projections': {'1': [[0.0548, 0.0548, 0.023700000000000002, 0.053, 0.0095, 0.0095, 0.0095, 0.0095, 0.0095, 0.0095], [0.0, 0.0, 0.0, 0.0, 0.0, 0.0, 0.0, 0.0021000000000000003, 0.0021000000000000003, 0.0], [0.0, 0.0, 0.0, 0.0, 0.0, 0.0021000000000000003, 0.0, 0.0, 0.0, 0.0021000000000000003], [0.0, 0.0, 0.0, 0.0, 0.0021000000000000003, 0.0, 0.0021000000000000003, 0.0, 0.0, 0.0], [0.0, 0.0, 0.0, 0.0, 0.0, 0.0, 0.0, 0.0, 0.0, 0.0], [0.0, 0.0, 0.0, 0.0, 0.0, 0.0, 0.0, 0.0, 0.0, 0.0], [0.0, 0.0, 0.0, 0.0, 0.0, 0.0, 0.0, 0.0, 0.0, 0.0], [0.0, 0.0, 0.0, 0.0, 0.0, 0.0, 0.0, 0.0, 0.0, 0.0], [0.0, 0.0, 0.0, 0.0, 0.0, 0.0, 0.0, 0.0, 0.0, 0.0]]}}
bs_hinuma_vbm: {'band_index': {'1': [37, 38]}, 'kpoint_index': [49, 50], 'kpoint': <pymatgen.electronic_structure.bandstructure.Kpoint object at 0x7fc5d4b59be0>, 'energy': -0.3115, 'projections': {'1': [[0.0, 0.0, 0.0, 0.0, 0.00030000000000000003, 0.001, 0.00030000000000000003, 0.0013000000000000002, 0.0013000000000000002, 0.001], [0.0, 0.0, 0.0073, 0.0, 0.0001, 0.0001, 0.0001, 0.042300000000000004, 0.042300000000000004, 0.0001], [0.0, 0.0, 0.0059, 0.0, 0.0001, 0.0342, 0.0001, 0.0001, 0.0001, 0.0342], [0.0, 0.0, 0.0018000000000000002, 0.0, 0.0102, 0.0, 0.0102, 0.0, 0.0, 0.0], [0.0, 0.0, 0.0, 0.0001, 0.0, 0.0, 0.0, 0.0, 0.0, 0.0], [0.0, 0.0, 0.0, 0.0, 0.0, 0.0, 0.0, 0.0, 0.0, 0.0], [0.0, 0.0, 0.0, 0.4554, 0.0, 0.0, 0.0, 0.0, 0.0, 0.0], [0.0, 0.0, 0.0, 0.0001, 0.0, 0.0, 0.0, 0.0, 0.0, 0.0], [0.0, 0.0, 0.0, 0.3143, 0.0, 0.0, 0.0, 0.0, 0.0, 0.0]]}}
bs_hinuma_efermi: -0.21671216000000001
bs_latimer_munro_task_id: mp-2301940
bs_latimer_munro_band_gap: 1.658999999999999
bs_latimer_munro_cbm: {'band_index': {'1': [39]}, 'kpoint_index': [21, 22, 75, 76, 89], 'kpoint': <pymatgen.electronic_structure.bandstructure.Kpoint object at 0x7fc5d4b5a350>, 'energy': 1.3475000000000001, 'projections': {'1': [[0.0548, 0.0548, 0.0235, 0.053, 0.0095, 0.0095, 0.0095, 0.0095, 0.0095, 0.0095], [0.0, 0.0, 0.0, 0.0, 0.0, 0.0, 0.0, 0.0021000000000000003, 0.0021000000000000003, 0.0], [0.0, 0.0, 0.0, 0.0, 0.0, 0.0021000000000000003, 0.0, 0.0, 0.0, 0.0021000000000000003], [0.0, 0.0, 0.0, 0.0, 0.0021000000000000003, 0.0, 0.0021000000000000003, 0.0, 0.0, 0.0], [0.0, 0.0, 0.0, 0.0, 0.0, 0.0, 0.0, 0.0, 0.0, 0.0], [0.0, 0.0, 0.0, 0.0, 0.0, 0.0, 0.0, 0.0, 0.0, 0.0], [0.0, 0.0, 0.0, 0.0, 0.0, 0.0, 0.0, 0.0, 0.0, 0.0], [0.0, 0.0, 0.0, 0.0, 0.0, 0.0, 0.0, 0.0, 0.0, 0.0], [0.0, 0.0, 0.0, 0.0, 0.0, 0.0, 0.0, 0.0, 0.0, 0.0]]}}
bs_latimer_munro_vbm: {'band_index': {'1': [37, 38]}, 'kpoint_index': [49, 50, 88], 'kpoint': <pymatgen.electronic_structure.bandstructure.Kpoint object at 0x7fc5d4b59d30>, 'energy': -0.3115, 'projections': {'1': [[0.0, 0.0, 0.0, 0.0, 0.0006000000000000001, 0.0004, 0.0006000000000000001, 0.0016, 0.0016, 0.0004], [0.0, 0.0, 0.0092, 0.0, 0.0001, 0.0001, 0.0001, 0.0529, 0.0529, 0.0001], [0.0, 0.0, 0.0022, 0.0, 0.0, 0.012700000000000001, 0.0, 0.0, 0.0, 0.012700000000000001], [0.0, 0.0, 0.0036000000000000003, 0.0, 0.0211, 0.0001, 0.0211, 0.0, 0.0, 0.0001], [0.0, 0.0, 0.0, 0.0, 0.0, 0.0, 0.0, 0.0, 0.0, 0.0], [0.0, 0.0, 0.0, 0.0, 0.0, 0.0, 0.0, 0.0, 0.0, 0.0], [0.0, 0.0, 0.0, 0.16970000000000002, 0.0, 0.0, 0.0, 0.0, 0.0, 0.0], [0.0, 0.0, 0.0, 0.0001, 0.0, 0.0, 0.0, 0.0, 0.0, 0.0], [0.0, 0.0, 0.0, 0.6001000000000001, 0.0, 0.0, 0.0, 0.0, 0.0, 0.0]]}}
bs_latimer_munro_efermi: -0.23495727