material_id: mp-1218382
band_gap: 0.602799999999999
efermi: 3.3491109
dos_magnetic_ordering: NM
dos_total_task_id: mp-1754877
dos_total_band_gap: 0.602799999999999
dos_total_cbm: 3.8994
dos_total_vbm: 3.2966
dos_total_efermi: 3.3491109
bs_setyawan_curtarolo_task_id: mp-1623870
bs_setyawan_curtarolo_band_gap: 0.880899999999999
bs_setyawan_curtarolo_cbm: {'band_index': {'1': [28]}, 'kpoint_index': [58, 59, 113], 'kpoint': <pymatgen.electronic_structure.bandstructure.Kpoint object at 0x7fc699d63930>, 'energy': 4.0135, 'projections': {'1': [[0.0, 0.0, 0.0071, 0.0071, 0.0, 0.0, 0.0], [0.0, 0.0, 0.0, 0.0, 0.0, 0.0, 0.0], [0.0, 0.0, 0.0, 0.0, 0.0, 0.0, 0.0], [0.0, 0.0, 0.0, 0.0, 0.0, 0.0, 0.0], [0.0, 0.0, 0.0, 0.0, 0.0, 0.0, 0.0], [0.0, 0.0, 0.0, 0.0, 0.0, 0.0, 0.0], [0.0, 0.0, 0.0212, 0.0212, 0.0, 0.0, 0.0], [0.0, 0.0, 0.0, 0.0, 0.0, 0.0, 0.0], [0.0833, 0.0903, 0.0, 0.0, 0.0216, 0.0211, 0.0]]}}
bs_setyawan_curtarolo_vbm: {'band_index': {'1': [26, 27]}, 'kpoint_index': [0, 49, 50], 'kpoint': <pymatgen.electronic_structure.bandstructure.Kpoint object at 0x7fc5d4b5a3c0>, 'energy': 3.1326, 'projections': {'1': [[0.0, 0.0, 0.0, 0.0, 0.0, 0.0, 0.0], [0.0082, 0.0047, 0.0117, 0.0005, 0.21, 0.29550000000000004, 0.025], [0.0, 0.0, 0.0, 0.0, 0.0, 0.0, 0.0], [0.0004, 0.0002, 0.0, 0.0005, 0.0092, 0.0129, 0.0011], [0.0, 0.0, 0.0, 0.0, 0.0, 0.0, 0.0], [0.0058000000000000005, 0.012700000000000001, 0.00030000000000000003, 0.0, 0.00030000000000000003, 0.0002, 0.0], [0.0, 0.0, 0.0, 0.0, 0.0, 0.0, 0.0], [0.00030000000000000003, 0.0006000000000000001, 0.0, 0.0, 0.0, 0.0, 0.0], [0.0, 0.0, 0.0, 0.0, 0.0, 0.0, 0.0]]}}
bs_setyawan_curtarolo_efermi: 3.25039086
bs_hinuma_task_id: mp-2097031
bs_hinuma_band_gap: 0.880899999999999
bs_hinuma_cbm: {'band_index': {'1': [28]}, 'kpoint_index': [60, 61, 109], 'kpoint': <pymatgen.electronic_structure.bandstructure.Kpoint object at 0x7fc5d4b5a200>, 'energy': 4.0135, 'projections': {'1': [[0.0, 0.0, 0.0071, 0.0071, 0.0, 0.0, 0.0], [0.0, 0.0, 0.0, 0.0, 0.0, 0.0, 0.0], [0.0, 0.0, 0.0, 0.0, 0.0, 0.0, 0.0], [0.0, 0.0, 0.0, 0.0, 0.0, 0.0, 0.0], [0.0, 0.0, 0.0, 0.0, 0.0, 0.0, 0.0], [0.0, 0.0, 0.0, 0.0, 0.0, 0.0, 0.0], [0.0, 0.0, 0.0212, 0.0212, 0.0, 0.0, 0.0], [0.0, 0.0, 0.0, 0.0, 0.0, 0.0, 0.0], [0.0833, 0.0903, 0.0, 0.0, 0.0216, 0.0211, 0.0]]}}
bs_hinuma_vbm: {'band_index': {'1': [26, 27]}, 'kpoint_index': [0, 51, 52, 88], 'kpoint': <pymatgen.electronic_structure.bandstructure.Kpoint object at 0x7fc5d4b59d30>, 'energy': 3.1326, 'projections': {'1': [[0.0, 0.0, 0.0, 0.0, 0.0, 0.0, 0.0], [0.0082, 0.0047, 0.0117, 0.0005, 0.21, 0.29550000000000004, 0.025], [0.0, 0.0, 0.0, 0.0, 0.0, 0.0, 0.0], [0.0004, 0.0002, 0.0, 0.0005, 0.0092, 0.0129, 0.0011], [0.0, 0.0, 0.0, 0.0, 0.0, 0.0, 0.0], [0.0058000000000000005, 0.012700000000000001, 0.00030000000000000003, 0.0, 0.00030000000000000003, 0.0002, 0.0], [0.0, 0.0, 0.0, 0.0, 0.0, 0.0, 0.0], [0.00030000000000000003, 0.0006000000000000001, 0.0, 0.0, 0.0, 0.0, 0.0], [0.0, 0.0, 0.0, 0.0, 0.0, 0.0, 0.0]]}}
bs_hinuma_efermi: 3.23941325
bs_latimer_munro_task_id: mp-2307064
bs_latimer_munro_band_gap: 0.880899999999999
bs_latimer_munro_cbm: {'band_index': {'1': [28]}, 'kpoint_index': [61, 62, 227], 'kpoint': <pymatgen.electronic_structure.bandstructure.Kpoint object at 0x7fc5d4b5a190>, 'energy': 4.0135, 'projections': {'1': [[0.0, 0.0, 0.0071, 0.0071, 0.0, 0.0, 0.0], [0.0, 0.0, 0.0, 0.0, 0.0, 0.0, 0.0], [0.0, 0.0, 0.0, 0.0, 0.0, 0.0, 0.0], [0.0, 0.0, 0.0, 0.0, 0.0, 0.0, 0.0], [0.0, 0.0, 0.0, 0.0, 0.0, 0.0, 0.0], [0.0, 0.0, 0.0, 0.0, 0.0, 0.0, 0.0], [0.0, 0.0, 0.0212, 0.0212, 0.0, 0.0, 0.0], [0.0, 0.0, 0.0, 0.0, 0.0, 0.0, 0.0], [0.0833, 0.0903, 0.0, 0.0, 0.0216, 0.0211, 0.0]]}}
bs_latimer_munro_vbm: {'band_index': {'1': [26, 27]}, 'kpoint_index': [24, 25, 89, 90, 109, 155, 156, 218, 219], 'kpoint': <pymatgen.electronic_structure.bandstructure.Kpoint object at 0x7fc5d4b5a430>, 'energy': 3.1326, 'projections': {'1': [[0.0, 0.0, 0.0, 0.0, 0.0, 0.0, 0.0], [0.0067, 0.0039000000000000003, 0.0097, 0.0004, 0.1729, 0.24330000000000002, 0.0205], [0.0, 0.0, 0.0, 0.0, 0.0, 0.0, 0.0], [0.0018000000000000002, 0.001, 0.0001, 0.0026000000000000003, 0.0463, 0.0651, 0.0055000000000000005], [0.0, 0.0, 0.0, 0.0, 0.0, 0.0, 0.0], [0.0048000000000000004, 0.010400000000000001, 0.00030000000000000003, 0.0, 0.0002, 0.0002, 0.0], [0.0, 0.0, 0.0, 0.0, 0.0, 0.0, 0.0], [0.0013000000000000002, 0.0028, 0.0, 0.0001, 0.0001, 0.0, 0.0], [0.0, 0.0, 0.0, 0.0, 0.0, 0.0, 0.0]]}}
bs_latimer_munro_efermi: 3.24160632