material_id: mp-1179173
band_gap: 1.8442
efermi: 1.93500347
dos_magnetic_ordering: NM
dos_total_task_id: mp-1757654
dos_total_band_gap: 1.8179
dos_total_cbm: 3.7162
dos_total_vbm: 1.8983
dos_total_efermi: 1.8991118200000001
bs_setyawan_curtarolo_task_id: mp-1616139
bs_setyawan_curtarolo_band_gap: 1.8442
bs_setyawan_curtarolo_cbm: {'band_index': {'1': [68, 69]}, 'kpoint_index': [66, 67, 108], 'kpoint': <pymatgen.electronic_structure.bandstructure.Kpoint object at 0x7fc699d63930>, 'energy': 3.7267, 'projections': {'1': [[0.0262, 0.0262, 0.0013000000000000002, 0.0013000000000000002, 0.003, 0.003, 0.0002, 0.0002, 0.0, 0.0, 0.0, 0.0, 0.0, 0.0, 0.0, 0.0, 0.0, 0.0, 0.0006000000000000001, 0.0006000000000000001, 0.0005, 0.0005, 0.0001, 0.0001, 0.0001, 0.0001, 0.0, 0.0], [0.0, 0.0, 0.0, 0.0, 0.0005, 0.0005, 0.0, 0.0, 0.0002, 0.0002, 0.0, 0.0, 0.0007, 0.0007, 0.0, 0.0, 0.00030000000000000003, 0.00030000000000000003, 0.0, 0.0, 0.0, 0.0, 0.00030000000000000003, 0.00030000000000000003, 0.0046, 0.0046, 0.0002, 0.0002], [0.0006000000000000001, 0.0006000000000000001, 0.0, 0.0, 0.0015, 0.0015, 0.0001, 0.0001, 0.0005, 0.0005, 0.0, 0.0, 0.0, 0.0, 0.0, 0.0, 0.0002, 0.0002, 0.0002, 0.0002, 0.00030000000000000003, 0.00030000000000000003, 0.0001, 0.0001, 0.0013000000000000002, 0.0013000000000000002, 0.0001, 0.0001], [0.0, 0.0, 0.0, 0.0, 0.0, 0.0, 0.0004, 0.0004, 0.0, 0.0, 0.0006000000000000001, 0.0006000000000000001, 0.0, 0.0, 0.0, 0.0, 0.0, 0.0, 0.0001, 0.0001, 0.0001, 0.0001, 0.0, 0.0, 0.0, 0.0, 0.0008, 0.0008], [0.0005, 0.0005, 0.0103, 0.0103, 0.0012000000000000001, 0.0012000000000000001, 0.0236, 0.0236, 0.0, 0.0, 0.0, 0.0, 0.0, 0.0, 0.0, 0.0, 0.0, 0.0, 0.0, 0.0, 0.0, 0.0, 0.0, 0.0, 0.0, 0.0, 0.0005, 0.0005], [0.0006000000000000001, 0.0006000000000000001, 0.0, 0.0, 0.0024000000000000002, 0.0025, 0.0001, 0.0001, 0.0, 0.0, 0.0, 0.0, 0.0, 0.0, 0.0, 0.0, 0.0, 0.0, 0.0, 0.0, 0.0, 0.0, 0.0, 0.0, 0.0, 0.0, 0.0, 0.0], [0.0037, 0.0037, 0.0002, 0.0002, 0.007, 0.007, 0.0004, 0.0004, 0.0, 0.0, 0.0, 0.0, 0.0, 0.0, 0.0, 0.0, 0.0, 0.0, 0.0, 0.0, 0.0, 0.0, 0.0, 0.0, 0.0152, 0.0152, 0.0008, 0.0008], [0.0007, 0.0007, 0.014100000000000001, 0.014100000000000001, 0.0006000000000000001, 0.0006000000000000001, 0.0122, 0.0122, 0.0, 0.0, 0.0, 0.0, 0.0, 0.0, 0.0, 0.0, 0.0, 0.0, 0.0, 0.0, 0.0, 0.0, 0.0, 0.0, 0.0017000000000000001, 0.0017000000000000001, 0.0328, 0.0328], [0.0009000000000000001, 0.0009000000000000001, 0.0, 0.0, 0.004200000000000001, 0.004200000000000001, 0.0002, 0.0002, 0.0, 0.0, 0.0, 0.0, 0.0, 0.0, 0.0, 0.0, 0.0, 0.0, 0.0, 0.0, 0.0, 0.0, 0.0, 0.0, 0.0053, 0.0053, 0.00030000000000000003, 0.00030000000000000003]]}}
bs_setyawan_curtarolo_vbm: {'band_index': {'1': [67]}, 'kpoint_index': ['5'], 'kpoint': <pymatgen.electronic_structure.bandstructure.Kpoint object at 0x7fc5d4b5a190>, 'energy': 1.8825, 'projections': {'1': [[0.0005, 0.0005, 0.0005, 0.0005, 0.0, 0.0, 0.0, 0.0, 0.0002, 0.0002, 0.0002, 0.0002, 0.022, 0.022, 0.022, 0.022, 0.0086, 0.0086, 0.0086, 0.0086, 0.0086, 0.0086, 0.0086, 0.0086, 0.0, 0.0, 0.0, 0.0], [0.002, 0.002, 0.002, 0.002, 0.0002, 0.0002, 0.0002, 0.0002, 0.0, 0.0, 0.0, 0.0, 0.0001, 0.0001, 0.0001, 0.0001, 0.0001, 0.0001, 0.0001, 0.0001, 0.0001, 0.0001, 0.0001, 0.0001, 0.0105, 0.0105, 0.0105, 0.0105], [0.0, 0.0, 0.0, 0.0, 0.0001, 0.0001, 0.0001, 0.0001, 0.0001, 0.0001, 0.0001, 0.0001, 0.0, 0.0, 0.0, 0.0, 0.0, 0.0, 0.0, 0.0, 0.0, 0.0, 0.0, 0.0, 0.00030000000000000003, 0.00030000000000000003, 0.00030000000000000003, 0.00030000000000000003], [0.0016, 0.0016, 0.0016, 0.0016, 0.0005, 0.0005, 0.0005, 0.0005, 0.0001, 0.0001, 0.0001, 0.0001, 0.0, 0.0, 0.0, 0.0, 0.0, 0.0, 0.0, 0.0, 0.0, 0.0, 0.0, 0.0, 0.0028, 0.0028, 0.0028, 0.0028], [0.0004, 0.0004, 0.0004, 0.0004, 0.0001, 0.0001, 0.0001, 0.0001, 0.0, 0.0, 0.0, 0.0, 0.0, 0.0, 0.0, 0.0, 0.0, 0.0, 0.0, 0.0, 0.0, 0.0, 0.0, 0.0, 0.0105, 0.010400000000000001, 0.010400000000000001, 0.0105], [0.0, 0.0, 0.0, 0.0, 0.0001, 0.0001, 0.0001, 0.0001, 0.0, 0.0, 0.0, 0.0, 0.0, 0.0, 0.0, 0.0, 0.0, 0.0, 0.0, 0.0, 0.0, 0.0, 0.0, 0.0, 0.0031000000000000003, 0.0031000000000000003, 0.0031000000000000003, 0.0031000000000000003], [0.0011, 0.0011, 0.0011, 0.0011, 0.0038, 0.0038, 0.0038, 0.0038, 0.0, 0.0, 0.0, 0.0, 0.0, 0.0, 0.0, 0.0, 0.0, 0.0, 0.0, 0.0, 0.0, 0.0, 0.0, 0.0, 0.0011, 0.0011, 0.0011, 0.0011], [0.00030000000000000003, 0.00030000000000000003, 0.00030000000000000003, 0.00030000000000000003, 0.0022, 0.0022, 0.0022, 0.0022, 0.0, 0.0, 0.0, 0.0, 0.0, 0.0, 0.0, 0.0, 0.0, 0.0, 0.0, 0.0, 0.0, 0.0, 0.0, 0.0, 0.0076, 0.0076, 0.0076, 0.0076], [0.0, 0.0, 0.0, 0.0, 0.0026000000000000003, 0.0026000000000000003, 0.0026000000000000003, 0.0026000000000000003, 0.0, 0.0, 0.0, 0.0, 0.0, 0.0, 0.0, 0.0, 0.0, 0.0, 0.0, 0.0, 0.0, 0.0, 0.0, 0.0, 0.051000000000000004, 0.051000000000000004, 0.051000000000000004, 0.051000000000000004]]}}
bs_setyawan_curtarolo_efermi: 1.93500347
bs_hinuma_task_id: mp-2165456
bs_hinuma_band_gap: 1.8442
bs_hinuma_cbm: {'band_index': {'1': [68, 69]}, 'kpoint_index': [66, 67, 107], 'kpoint': <pymatgen.electronic_structure.bandstructure.Kpoint object at 0x7fc5d4b59e80>, 'energy': 3.7267, 'projections': {'1': [[0.0262, 0.0262, 0.0013000000000000002, 0.0013000000000000002, 0.003, 0.003, 0.0002, 0.0002, 0.0, 0.0, 0.0, 0.0, 0.0, 0.0, 0.0, 0.0, 0.0, 0.0, 0.0006000000000000001, 0.0006000000000000001, 0.0005, 0.0005, 0.0001, 0.0001, 0.0001, 0.0001, 0.0, 0.0], [0.0, 0.0, 0.0, 0.0, 0.0005, 0.0005, 0.0, 0.0, 0.0002, 0.0002, 0.0, 0.0, 0.0007, 0.0007, 0.0, 0.0, 0.00030000000000000003, 0.00030000000000000003, 0.0, 0.0, 0.0, 0.0, 0.00030000000000000003, 0.00030000000000000003, 0.0046, 0.0046, 0.0002, 0.0002], [0.0006000000000000001, 0.0006000000000000001, 0.0, 0.0, 0.0015, 0.0015, 0.0001, 0.0001, 0.0005, 0.0005, 0.0, 0.0, 0.0, 0.0, 0.0, 0.0, 0.0002, 0.0002, 0.0002, 0.0002, 0.00030000000000000003, 0.00030000000000000003, 0.0001, 0.0001, 0.0013000000000000002, 0.0013000000000000002, 0.0001, 0.0001], [0.0, 0.0, 0.0, 0.0, 0.0, 0.0, 0.0004, 0.0004, 0.0, 0.0, 0.0006000000000000001, 0.0006000000000000001, 0.0, 0.0, 0.0, 0.0, 0.0, 0.0, 0.0001, 0.0001, 0.0001, 0.0001, 0.0, 0.0, 0.0, 0.0, 0.0008, 0.0008], [0.0005, 0.0005, 0.0103, 0.0103, 0.0012000000000000001, 0.0012000000000000001, 0.0236, 0.0236, 0.0, 0.0, 0.0, 0.0, 0.0, 0.0, 0.0, 0.0, 0.0, 0.0, 0.0, 0.0, 0.0, 0.0, 0.0, 0.0, 0.0, 0.0, 0.0005, 0.0005], [0.0006000000000000001, 0.0006000000000000001, 0.0, 0.0, 0.0024000000000000002, 0.0025, 0.0001, 0.0001, 0.0, 0.0, 0.0, 0.0, 0.0, 0.0, 0.0, 0.0, 0.0, 0.0, 0.0, 0.0, 0.0, 0.0, 0.0, 0.0, 0.0, 0.0, 0.0, 0.0], [0.0037, 0.0037, 0.0002, 0.0002, 0.007, 0.007, 0.0004, 0.0004, 0.0, 0.0, 0.0, 0.0, 0.0, 0.0, 0.0, 0.0, 0.0, 0.0, 0.0, 0.0, 0.0, 0.0, 0.0, 0.0, 0.0152, 0.0152, 0.0008, 0.0008], [0.0007, 0.0007, 0.014100000000000001, 0.014100000000000001, 0.0006000000000000001, 0.0006000000000000001, 0.0122, 0.0122, 0.0, 0.0, 0.0, 0.0, 0.0, 0.0, 0.0, 0.0, 0.0, 0.0, 0.0, 0.0, 0.0, 0.0, 0.0, 0.0, 0.0017000000000000001, 0.0017000000000000001, 0.0328, 0.0328], [0.0009000000000000001, 0.0009000000000000001, 0.0, 0.0, 0.004200000000000001, 0.004200000000000001, 0.0002, 0.0002, 0.0, 0.0, 0.0, 0.0, 0.0, 0.0, 0.0, 0.0, 0.0, 0.0, 0.0, 0.0, 0.0, 0.0, 0.0, 0.0, 0.0053, 0.0053, 0.00030000000000000003, 0.00030000000000000003]]}}
bs_hinuma_vbm: {'band_index': {'1': [67]}, 'kpoint_index': ['5'], 'kpoint': <pymatgen.electronic_structure.bandstructure.Kpoint object at 0x7fc5d4b5a3c0>, 'energy': 1.8825, 'projections': {'1': [[0.0005, 0.0005, 0.0005, 0.0005, 0.0, 0.0, 0.0, 0.0, 0.0002, 0.0002, 0.0002, 0.0002, 0.022, 0.022, 0.022, 0.022, 0.0086, 0.0086, 0.0086, 0.0086, 0.0086, 0.0086, 0.0086, 0.0086, 0.0, 0.0, 0.0, 0.0], [0.002, 0.002, 0.002, 0.002, 0.0002, 0.0002, 0.0002, 0.0002, 0.0, 0.0, 0.0, 0.0, 0.0001, 0.0001, 0.0001, 0.0001, 0.0001, 0.0001, 0.0001, 0.0001, 0.0001, 0.0001, 0.0001, 0.0001, 0.0105, 0.0105, 0.0105, 0.0105], [0.0, 0.0, 0.0, 0.0, 0.0001, 0.0001, 0.0001, 0.0001, 0.0001, 0.0001, 0.0001, 0.0001, 0.0, 0.0, 0.0, 0.0, 0.0, 0.0, 0.0, 0.0, 0.0, 0.0, 0.0, 0.0, 0.00030000000000000003, 0.00030000000000000003, 0.00030000000000000003, 0.00030000000000000003], [0.0016, 0.0016, 0.0016, 0.0016, 0.0005, 0.0005, 0.0005, 0.0005, 0.0001, 0.0001, 0.0001, 0.0001, 0.0, 0.0, 0.0, 0.0, 0.0, 0.0, 0.0, 0.0, 0.0, 0.0, 0.0, 0.0, 0.0028, 0.0028, 0.0028, 0.0028], [0.0004, 0.0004, 0.0004, 0.0004, 0.0001, 0.0001, 0.0001, 0.0001, 0.0, 0.0, 0.0, 0.0, 0.0, 0.0, 0.0, 0.0, 0.0, 0.0, 0.0, 0.0, 0.0, 0.0, 0.0, 0.0, 0.0105, 0.010400000000000001, 0.010400000000000001, 0.0105], [0.0, 0.0, 0.0, 0.0, 0.0001, 0.0001, 0.0001, 0.0001, 0.0, 0.0, 0.0, 0.0, 0.0, 0.0, 0.0, 0.0, 0.0, 0.0, 0.0, 0.0, 0.0, 0.0, 0.0, 0.0, 0.0031000000000000003, 0.0031000000000000003, 0.0031000000000000003, 0.0031000000000000003], [0.0011, 0.0011, 0.0011, 0.0011, 0.0038, 0.0038, 0.0038, 0.0038, 0.0, 0.0, 0.0, 0.0, 0.0, 0.0, 0.0, 0.0, 0.0, 0.0, 0.0, 0.0, 0.0, 0.0, 0.0, 0.0, 0.0011, 0.0011, 0.0011, 0.0011], [0.00030000000000000003, 0.00030000000000000003, 0.00030000000000000003, 0.00030000000000000003, 0.0022, 0.0022, 0.0022, 0.0022, 0.0, 0.0, 0.0, 0.0, 0.0, 0.0, 0.0, 0.0, 0.0, 0.0, 0.0, 0.0, 0.0, 0.0, 0.0, 0.0, 0.0076, 0.0076, 0.0076, 0.0076], [0.0, 0.0, 0.0, 0.0, 0.0026000000000000003, 0.0026000000000000003, 0.0026000000000000003, 0.0026000000000000003, 0.0, 0.0, 0.0, 0.0, 0.0, 0.0, 0.0, 0.0, 0.0, 0.0, 0.0, 0.0, 0.0, 0.0, 0.0, 0.0, 0.051000000000000004, 0.051000000000000004, 0.051000000000000004, 0.051000000000000004]]}}
bs_hinuma_efermi: 1.93500347
bs_latimer_munro_task_id: mp-2445342
bs_latimer_munro_band_gap: 1.8442
bs_latimer_munro_cbm: {'band_index': {'1': [68, 69]}, 'kpoint_index': [9, 10, 143, 144], 'kpoint': <pymatgen.electronic_structure.bandstructure.Kpoint object at 0x7fc5d4b5a200>, 'energy': 3.7267, 'projections': {'1': [[0.009300000000000001, 0.009300000000000001, 0.0182, 0.0182, 0.0011, 0.0011, 0.0021000000000000003, 0.0021000000000000003, 0.0, 0.0, 0.0, 0.0, 0.0, 0.0, 0.0, 0.0, 0.00030000000000000003, 0.00030000000000000003, 0.0004, 0.0004, 0.0001, 0.0001, 0.0005, 0.0005, 0.0, 0.0, 0.0, 0.0], [0.0, 0.0, 0.0, 0.0, 0.0002, 0.0002, 0.0004, 0.0004, 0.0001, 0.0001, 0.0001, 0.0001, 0.0002, 0.0002, 0.0005, 0.0005, 0.0002, 0.0002, 0.0001, 0.0001, 0.0002, 0.0002, 0.0001, 0.0001, 0.0016, 0.0016, 0.0032, 0.0032], [0.0002, 0.0002, 0.0004, 0.0004, 0.0005, 0.0005, 0.001, 0.001, 0.0002, 0.0002, 0.0004, 0.0004, 0.0, 0.0, 0.0, 0.0, 0.0004, 0.0004, 0.0, 0.0, 0.0004, 0.0004, 0.0, 0.0, 0.0004, 0.0004, 0.0009000000000000001, 0.0009000000000000001], [0.0, 0.0, 0.0, 0.0, 0.00030000000000000003, 0.00030000000000000003, 0.0001, 0.0001, 0.0004, 0.0004, 0.0002, 0.0002, 0.0, 0.0, 0.0, 0.0, 0.0001, 0.0001, 0.0, 0.0, 0.0001, 0.0001, 0.0001, 0.0001, 0.0006000000000000001, 0.0006000000000000001, 0.00030000000000000003, 0.00030000000000000003], [0.0071, 0.0071, 0.0037, 0.0037, 0.0164, 0.0164, 0.008400000000000001, 0.008400000000000001, 0.0, 0.0, 0.0, 0.0, 0.0, 0.0, 0.0, 0.0, 0.0, 0.0, 0.0, 0.0, 0.0, 0.0, 0.0, 0.0, 0.00030000000000000003, 0.00030000000000000003, 0.0002, 0.0002], [0.0002, 0.0002, 0.0004, 0.0004, 0.0009000000000000001, 0.0009000000000000001, 0.0017000000000000001, 0.0017000000000000001, 0.0, 0.0, 0.0, 0.0, 0.0, 0.0, 0.0, 0.0, 0.0, 0.0, 0.0, 0.0, 0.0, 0.0, 0.0, 0.0, 0.0, 0.0, 0.0, 0.0], [0.0013000000000000002, 0.0013000000000000002, 0.0026000000000000003, 0.0026000000000000003, 0.0025, 0.0025, 0.0049, 0.0049, 0.0, 0.0, 0.0, 0.0, 0.0, 0.0, 0.0, 0.0, 0.0, 0.0, 0.0, 0.0, 0.0, 0.0, 0.0, 0.0, 0.0054, 0.0054, 0.0106, 0.0106], [0.0098, 0.0098, 0.005, 0.005, 0.0085, 0.0085, 0.0043, 0.0043, 0.0, 0.0, 0.0, 0.0, 0.0, 0.0, 0.0, 0.0, 0.0, 0.0, 0.0, 0.0, 0.0, 0.0, 0.0, 0.0, 0.0228, 0.0228, 0.0117, 0.0117], [0.00030000000000000003, 0.00030000000000000003, 0.0006000000000000001, 0.0006000000000000001, 0.0015, 0.0015, 0.0029000000000000002, 0.003, 0.0, 0.0, 0.0, 0.0, 0.0, 0.0, 0.0, 0.0, 0.0, 0.0, 0.0, 0.0, 0.0, 0.0, 0.0, 0.0, 0.0019, 0.0019, 0.0037, 0.0037]]}}
bs_latimer_munro_vbm: {'band_index': {'1': [67]}, 'kpoint_index': ['202'], 'kpoint': <pymatgen.electronic_structure.bandstructure.Kpoint object at 0x7fc5d4b5a350>, 'energy': 1.8825, 'projections': {'1': [[0.0005, 0.0005, 0.0005, 0.0005, 0.0, 0.0, 0.0, 0.0, 0.0002, 0.0002, 0.0002, 0.0002, 0.022, 0.022, 0.022, 0.022, 0.0086, 0.0086, 0.0086, 0.0086, 0.0086, 0.0086, 0.0086, 0.0086, 0.0, 0.0, 0.0, 0.0], [0.002, 0.002, 0.002, 0.002, 0.0002, 0.0002, 0.0002, 0.0002, 0.0, 0.0, 0.0, 0.0, 0.0001, 0.0001, 0.0001, 0.0001, 0.0001, 0.0001, 0.0001, 0.0001, 0.0001, 0.0001, 0.0001, 0.0001, 0.0105, 0.0105, 0.0105, 0.0105], [0.0, 0.0, 0.0, 0.0, 0.0001, 0.0001, 0.0001, 0.0001, 0.0001, 0.0001, 0.0001, 0.0001, 0.0, 0.0, 0.0, 0.0, 0.0, 0.0, 0.0, 0.0, 0.0, 0.0, 0.0, 0.0, 0.00030000000000000003, 0.00030000000000000003, 0.00030000000000000003, 0.00030000000000000003], [0.0016, 0.0016, 0.0016, 0.0016, 0.0005, 0.0005, 0.0005, 0.0005, 0.0001, 0.0001, 0.0001, 0.0001, 0.0, 0.0, 0.0, 0.0, 0.0, 0.0, 0.0, 0.0, 0.0, 0.0, 0.0, 0.0, 0.0028, 0.0028, 0.0028, 0.0028], [0.0004, 0.0004, 0.0004, 0.0004, 0.0001, 0.0001, 0.0001, 0.0001, 0.0, 0.0, 0.0, 0.0, 0.0, 0.0, 0.0, 0.0, 0.0, 0.0, 0.0, 0.0, 0.0, 0.0, 0.0, 0.0, 0.010400000000000001, 0.010400000000000001, 0.010400000000000001, 0.0105], [0.0, 0.0, 0.0, 0.0, 0.0001, 0.0001, 0.0001, 0.0001, 0.0, 0.0, 0.0, 0.0, 0.0, 0.0, 0.0, 0.0, 0.0, 0.0, 0.0, 0.0, 0.0, 0.0, 0.0, 0.0, 0.0031000000000000003, 0.0031000000000000003, 0.0031000000000000003, 0.0031000000000000003], [0.0011, 0.0011, 0.0011, 0.0011, 0.0038, 0.0038, 0.0038, 0.0038, 0.0, 0.0, 0.0, 0.0, 0.0, 0.0, 0.0, 0.0, 0.0, 0.0, 0.0, 0.0, 0.0, 0.0, 0.0, 0.0, 0.0011, 0.0011, 0.0011, 0.0011], [0.00030000000000000003, 0.00030000000000000003, 0.00030000000000000003, 0.00030000000000000003, 0.0022, 0.0022, 0.0022, 0.0022, 0.0, 0.0, 0.0, 0.0, 0.0, 0.0, 0.0, 0.0, 0.0, 0.0, 0.0, 0.0, 0.0, 0.0, 0.0, 0.0, 0.0076, 0.0076, 0.0076, 0.0076], [0.0, 0.0, 0.0, 0.0, 0.0026000000000000003, 0.0026000000000000003, 0.0026000000000000003, 0.0026000000000000003, 0.0, 0.0, 0.0, 0.0, 0.0, 0.0, 0.0, 0.0, 0.0, 0.0, 0.0, 0.0, 0.0, 0.0, 0.0, 0.0, 0.051000000000000004, 0.051000000000000004, 0.051000000000000004, 0.051000000000000004]]}}
bs_latimer_munro_efermi: 1.95896113