material_id: mp-1226283
band_gap: 0.8863000000000001
efermi: 0.93488936
dos_magnetic_ordering: NM
dos_total_task_id: mp-1759198
dos_total_band_gap: 0.846
dos_total_cbm: 1.7177
dos_total_vbm: 0.8717
dos_total_efermi: 0.88012114
bs_setyawan_curtarolo_task_id: mp-1626355
bs_setyawan_curtarolo_band_gap: 0.8863000000000001
bs_setyawan_curtarolo_cbm: {'band_index': {'1': [21]}, 'kpoint_index': ['39'], 'kpoint': <pymatgen.electronic_structure.bandstructure.Kpoint object at 0x7fc699d63930>, 'energy': 1.7513, 'projections': {'1': [[0.0, 0.0, 0.0014, 0.0014, 0.0014], [0.0036000000000000003, 0.0034000000000000002, 0.0, 0.0, 0.0001], [0.0026000000000000003, 0.0024000000000000002, 0.0001, 0.0006000000000000001, 0.00030000000000000003], [0.0011, 0.001, 0.0009000000000000001, 0.0004, 0.0006000000000000001], [0.0922, 0.0196, 0.0, 0.0, 0.0], [0.2669, 0.0368, 0.0, 0.0, 0.0], [0.1178, 0.024, 0.0, 0.0, 0.0], [0.08120000000000001, 0.010700000000000001, 0.0, 0.0, 0.0], [0.1608, 0.0219, 0.0, 0.0, 0.0]]}}
bs_setyawan_curtarolo_vbm: {'band_index': {'1': [20]}, 'kpoint_index': ['16'], 'kpoint': <pymatgen.electronic_structure.bandstructure.Kpoint object at 0x7fc5d4b59be0>, 'energy': 0.865, 'projections': {'1': [[0.0001, 0.0, 0.0, 0.0002, 0.0002], [0.0, 0.0001, 0.00030000000000000003, 0.0002, 0.00030000000000000003], [0.0, 0.0001, 0.0013000000000000002, 0.004200000000000001, 0.0066], [0.0, 0.0004, 0.0001, 0.0142, 0.0145], [0.1547, 0.0045000000000000005, 0.0, 0.0, 0.0], [0.0954, 0.0033, 0.0, 0.0, 0.0], [0.34650000000000003, 0.0086, 0.0, 0.0, 0.0], [0.11270000000000001, 0.0025, 0.0, 0.0, 0.0], [0.1469, 0.0031000000000000003, 0.0, 0.0, 0.0]]}}
bs_setyawan_curtarolo_efermi: 0.93488936
bs_hinuma_task_id: mp-2089606
bs_hinuma_band_gap: 0.8863000000000001
bs_hinuma_cbm: {'band_index': {'1': [21]}, 'kpoint_index': ['19'], 'kpoint': <pymatgen.electronic_structure.bandstructure.Kpoint object at 0x7fc5d4b5a3c0>, 'energy': 1.7513, 'projections': {'1': [[0.0, 0.0, 0.0014, 0.0014, 0.0014], [0.0036000000000000003, 0.0034000000000000002, 0.0, 0.0, 0.0001], [0.0026000000000000003, 0.0024000000000000002, 0.0001, 0.0006000000000000001, 0.00030000000000000003], [0.0011, 0.001, 0.0009000000000000001, 0.0004, 0.0006000000000000001], [0.0922, 0.0196, 0.0, 0.0, 0.0], [0.2669, 0.0368, 0.0, 0.0, 0.0], [0.1178, 0.024, 0.0, 0.0, 0.0], [0.08120000000000001, 0.010700000000000001, 0.0, 0.0, 0.0], [0.1608, 0.0219, 0.0, 0.0, 0.0]]}}
bs_hinuma_vbm: {'band_index': {'1': [20]}, 'kpoint_index': ['41'], 'kpoint': <pymatgen.electronic_structure.bandstructure.Kpoint object at 0x7fc5d4b5a430>, 'energy': 0.865, 'projections': {'1': [[0.0002, 0.0001, 0.0, 0.0002, 0.0002], [0.0, 0.0002, 0.00030000000000000003, 0.00030000000000000003, 0.00030000000000000003], [0.0, 0.0005, 0.0013000000000000002, 0.0043, 0.006900000000000001], [0.0, 0.0009000000000000001, 0.00030000000000000003, 0.015300000000000001, 0.015300000000000001], [0.15560000000000002, 0.0037, 0.0, 0.0, 0.0], [0.0971, 0.003, 0.0, 0.0, 0.0], [0.3427, 0.006500000000000001, 0.0, 0.0, 0.0], [0.1116, 0.0022, 0.0, 0.0, 0.0], [0.14780000000000001, 0.0024000000000000002, 0.0, 0.0, 0.0]]}}
bs_hinuma_efermi: 0.93433537
bs_latimer_munro_task_id: mp-2309687
bs_latimer_munro_band_gap: 0.8865000000000001
bs_latimer_munro_cbm: {'band_index': {'1': [21]}, 'kpoint_index': ['3'], 'kpoint': <pymatgen.electronic_structure.bandstructure.Kpoint object at 0x7fc5d4b59d30>, 'energy': 1.7513, 'projections': {'1': [[0.0, 0.0, 0.0014, 0.0014, 0.0014], [0.0036000000000000003, 0.0034000000000000002, 0.0, 0.0, 0.0001], [0.0026000000000000003, 0.0024000000000000002, 0.0001, 0.0006000000000000001, 0.00030000000000000003], [0.0011, 0.001, 0.0009000000000000001, 0.0004, 0.0006000000000000001], [0.0922, 0.0196, 0.0, 0.0, 0.0], [0.2669, 0.0368, 0.0, 0.0, 0.0], [0.1178, 0.024, 0.0, 0.0, 0.0], [0.08120000000000001, 0.010700000000000001, 0.0, 0.0, 0.0], [0.1608, 0.0219, 0.0, 0.0, 0.0]]}}
bs_latimer_munro_vbm: {'band_index': {'1': [20]}, 'kpoint_index': [37], 'kpoint': <pymatgen.electronic_structure.bandstructure.Kpoint object at 0x7fc5d4b5a350>, 'energy': 0.8648, 'projections': {'1': [[0.0, 0.0, 0.0002, 0.0002, 0.0], [0.0, 0.0, 0.00030000000000000003, 0.0, 0.00030000000000000003], [0.0, 0.00030000000000000003, 0.0044, 0.0044, 0.00030000000000000003], [0.0, 0.0, 0.013600000000000001, 0.0165, 0.0009000000000000001], [0.1216, 0.0029000000000000002, 0.0, 0.0, 0.0], [0.059800000000000006, 0.0009000000000000001, 0.0, 0.0, 0.0], [0.37520000000000003, 0.0109, 0.0, 0.0, 0.0], [0.129, 0.0038, 0.0, 0.0, 0.0], [0.171, 0.005, 0.0, 0.0, 0.0]]}}
bs_latimer_munro_efermi: 0.92499507