material_id: mp-1873
band_gap: 3.4592
efermi: -1.60507351
dos_magnetic_ordering: NM
dos_total_task_id: mp-2258317
dos_total_band_gap: 3.4668
dos_total_cbm: 1.7174
dos_total_vbm: -1.7494
dos_total_efermi: -1.74329442
bs_setyawan_curtarolo_task_id: mp-1071740
bs_setyawan_curtarolo_band_gap: 3.4592
bs_setyawan_curtarolo_cbm: {'band_index': {'1': [26]}, 'kpoint_index': [0, 49, 50], 'kpoint': <pymatgen.electronic_structure.bandstructure.Kpoint object at 0x7fc699d63930>, 'energy': 1.771, 'projections': {'1': [[0.21180000000000002, 0.21180000000000002, 0.0352, 0.0352, 0.0352, 0.0352], [0.0, 0.0, 0.0006000000000000001, 0.0006000000000000001, 0.0006000000000000001, 0.0006000000000000001], [0.0, 0.0, 0.0, 0.0, 0.0, 0.0], [0.0, 0.0, 0.0006000000000000001, 0.0006000000000000001, 0.0006000000000000001, 0.0006000000000000001], [0.0, 0.0, 0.0, 0.0, 0.0, 0.0], [0.0, 0.0, 0.0, 0.0, 0.0, 0.0], [0.0004, 0.0004, 0.0, 0.0, 0.0, 0.0], [0.0, 0.0, 0.0, 0.0, 0.0, 0.0], [0.0, 0.0, 0.0, 0.0, 0.0, 0.0]]}}
bs_setyawan_curtarolo_vbm: {'band_index': {'1': [25]}, 'kpoint_index': [0, 49, 50], 'kpoint': <pymatgen.electronic_structure.bandstructure.Kpoint object at 0x7fc5d4b5a200>, 'energy': -1.6882000000000001, 'projections': {'1': [[0.0021000000000000003, 0.0021000000000000003, 0.0002, 0.0002, 0.0002, 0.0002], [0.0, 0.0, 0.0565, 0.0565, 0.0565, 0.0565], [0.0, 0.0, 0.0, 0.0, 0.0, 0.0], [0.0, 0.0, 0.0565, 0.0565, 0.0565, 0.0565], [0.08, 0.08, 0.0, 0.0, 0.0, 0.0], [0.0, 0.0, 0.0, 0.0, 0.0, 0.0], [0.16, 0.16, 0.0, 0.0, 0.0, 0.0], [0.0, 0.0, 0.0, 0.0, 0.0, 0.0], [0.0, 0.0, 0.0, 0.0, 0.0, 0.0]]}}
bs_setyawan_curtarolo_efermi: -1.60507351
bs_hinuma_task_id: mp-2061705
bs_hinuma_band_gap: 3.4773
bs_hinuma_cbm: {'band_index': {'1': [26]}, 'kpoint_index': [0, 49, 50], 'kpoint': <pymatgen.electronic_structure.bandstructure.Kpoint object at 0x7fc5d4b59c50>, 'energy': 1.718799999999999, 'projections': {'1': [[0.21130000000000002, 0.21130000000000002, 0.0349, 0.0349, 0.0349, 0.0349], [0.0, 0.0, 0.0008, 0.0008, 0.0008, 0.0008], [0.0, 0.0, 0.0, 0.0, 0.0, 0.0], [0.0, 0.0, 0.0008, 0.0008, 0.0008, 0.0008], [0.0, 0.0, 0.0, 0.0, 0.0, 0.0], [0.0, 0.0, 0.0, 0.0, 0.0, 0.0], [0.0005, 0.0005, 0.0, 0.0, 0.0, 0.0], [0.0, 0.0, 0.0, 0.0, 0.0, 0.0], [0.0, 0.0, 0.0, 0.0, 0.0, 0.0]]}}
bs_hinuma_vbm: {'band_index': {'1': [25]}, 'kpoint_index': [0, 49, 50], 'kpoint': <pymatgen.electronic_structure.bandstructure.Kpoint object at 0x7fc5d4b59be0>, 'energy': -1.7585000000000002, 'projections': {'1': [[0.0028, 0.0028, 0.00030000000000000003, 0.00030000000000000003, 0.00030000000000000003, 0.00030000000000000003], [0.0, 0.0, 0.056600000000000004, 0.056600000000000004, 0.056600000000000004, 0.056600000000000004], [0.0, 0.0, 0.0, 0.0, 0.0, 0.0], [0.0, 0.0, 0.056600000000000004, 0.056600000000000004, 0.056600000000000004, 0.056600000000000004], [0.0781, 0.0781, 0.0, 0.0, 0.0, 0.0], [0.0, 0.0, 0.0, 0.0, 0.0, 0.0], [0.1603, 0.1603, 0.0, 0.0, 0.0, 0.0], [0.0, 0.0, 0.0, 0.0, 0.0, 0.0], [0.0, 0.0, 0.0, 0.0, 0.0, 0.0]]}}
bs_hinuma_efermi: -1.5691784800000002
bs_latimer_munro_task_id: mp-2320488
bs_latimer_munro_band_gap: 3.4773
bs_latimer_munro_cbm: {'band_index': {'1': [26]}, 'kpoint_index': [39, 40, 190, 191, 212], 'kpoint': <pymatgen.electronic_structure.bandstructure.Kpoint object at 0x7fc5d4b5a190>, 'energy': 1.718799999999999, 'projections': {'1': [[0.21130000000000002, 0.21130000000000002, 0.0349, 0.0349, 0.0349, 0.0349], [0.0, 0.0, 0.0008, 0.0008, 0.0008, 0.0008], [0.0, 0.0, 0.0, 0.0, 0.0, 0.0], [0.0, 0.0, 0.0008, 0.0008, 0.0008, 0.0008], [0.0, 0.0, 0.0, 0.0, 0.0, 0.0], [0.0, 0.0, 0.0, 0.0, 0.0, 0.0], [0.0005, 0.0005, 0.0, 0.0, 0.0, 0.0], [0.0, 0.0, 0.0, 0.0, 0.0, 0.0], [0.0, 0.0, 0.0, 0.0, 0.0, 0.0]]}}
bs_latimer_munro_vbm: {'band_index': {'1': [25]}, 'kpoint_index': [39, 40, 190, 191, 212], 'kpoint': <pymatgen.electronic_structure.bandstructure.Kpoint object at 0x7fc5d4b5a3c0>, 'energy': -1.7585000000000002, 'projections': {'1': [[0.0028, 0.0028, 0.00030000000000000003, 0.00030000000000000003, 0.00030000000000000003, 0.00030000000000000003], [0.0, 0.0, 0.056600000000000004, 0.056600000000000004, 0.056600000000000004, 0.056600000000000004], [0.0, 0.0, 0.0, 0.0, 0.0, 0.0], [0.0, 0.0, 0.056600000000000004, 0.056600000000000004, 0.056600000000000004, 0.056600000000000004], [0.0781, 0.0781, 0.0, 0.0, 0.0, 0.0], [0.0, 0.0, 0.0, 0.0, 0.0, 0.0], [0.1603, 0.1603, 0.0, 0.0, 0.0, 0.0], [0.0, 0.0, 0.0, 0.0, 0.0, 0.0], [0.0, 0.0, 0.0, 0.0, 0.0, 0.0]]}}
bs_latimer_munro_efermi: -1.56904989