material_id: mp-18003
band_gap: 1.7757
efermi: 2.64510982
dos_magnetic_ordering: NM
dos_total_task_id: mp-1753438
dos_total_band_gap: 1.7551
dos_total_cbm: 4.2664
dos_total_vbm: 2.5113
dos_total_efermi: 2.48986328
bs_setyawan_curtarolo_task_id: mp-1620190
bs_setyawan_curtarolo_band_gap: 1.7757
bs_setyawan_curtarolo_cbm: {'band_index': {'1': [100, 101]}, 'kpoint_index': ['17'], 'kpoint': <pymatgen.electronic_structure.bandstructure.Kpoint object at 0x7fc699d63930>, 'energy': 4.2556, 'projections': {'1': [[0.0002, 0.0002, 0.0002, 0.0002, 0.0012000000000000001, 0.0005, 0.0004, 0.0013000000000000002, 0.004, 0.0004, 0.0011, 0.0033, 0.004200000000000001, 0.0014, 0.0005, 0.0051, 0.0009000000000000001, 0.018500000000000003, 0.0176, 0.0018000000000000002, 0.0063, 0.0058000000000000005, 0.004200000000000001, 0.0079], [0.0001, 0.00030000000000000003, 0.00030000000000000003, 0.0002, 0.0004, 0.0001, 0.0002, 0.00030000000000000003, 0.0011, 0.0246, 0.025400000000000002, 0.0004, 0.0228, 0.0014, 0.0013000000000000002, 0.023, 0.0055000000000000005, 0.0007, 0.0011, 0.005, 0.0008, 0.0001, 0.0002, 0.0006000000000000001], [0.0002, 0.0, 0.0, 0.0002, 0.0001, 0.0, 0.0, 0.0001, 0.0025, 0.0004, 0.0001, 0.0028, 0.0017000000000000001, 0.0002, 0.0006000000000000001, 0.0013000000000000002, 0.0016, 0.0285, 0.027700000000000002, 0.0024000000000000002, 0.0005, 0.0009000000000000001, 0.0006000000000000001, 0.0009000000000000001], [0.0011, 0.0007, 0.001, 0.0007, 0.0001, 0.0, 0.0, 0.0001, 0.0097, 0.0143, 0.018000000000000002, 0.006, 0.0181, 0.0067, 0.0081, 0.0167, 0.0012000000000000001, 0.0023, 0.0029000000000000002, 0.0006000000000000001, 0.0119, 0.0098, 0.0067, 0.015], [0.0002, 0.0006000000000000001, 0.0005, 0.00030000000000000003, 0.0088, 0.0078000000000000005, 0.0106, 0.006, 0.0, 0.0, 0.0, 0.0, 0.0, 0.0, 0.0, 0.0, 0.0, 0.0, 0.0, 0.0, 0.0, 0.0, 0.0, 0.0], [0.0002, 0.0001, 0.0001, 0.0002, 0.00030000000000000003, 0.0015, 0.0012000000000000001, 0.0006000000000000001, 0.0, 0.0, 0.0, 0.0, 0.0, 0.0, 0.0, 0.0, 0.0, 0.0, 0.0, 0.0, 0.0, 0.0, 0.0, 0.0], [0.0, 0.0002, 0.0002, 0.0, 0.0014, 0.0006000000000000001, 0.0004, 0.0016, 0.0, 0.0, 0.0, 0.0, 0.0, 0.0, 0.0, 0.0, 0.0, 0.0, 0.0, 0.0, 0.0, 0.0, 0.0, 0.0], [0.0008, 0.0004, 0.00030000000000000003, 0.0009000000000000001, 0.0002, 0.0011, 0.0012000000000000001, 0.0001, 0.0, 0.0, 0.0, 0.0, 0.0, 0.0, 0.0, 0.0, 0.0, 0.0, 0.0, 0.0, 0.0, 0.0, 0.0, 0.0], [0.0001, 0.0001, 0.0002, 0.0, 0.018600000000000002, 0.0022, 0.0013000000000000002, 0.0195, 0.0, 0.0, 0.0, 0.0, 0.0, 0.0, 0.0, 0.0, 0.0, 0.0, 0.0, 0.0, 0.0, 0.0, 0.0, 0.0]]}}
bs_setyawan_curtarolo_vbm: {'band_index': {'1': [99]}, 'kpoint_index': ['8'], 'kpoint': <pymatgen.electronic_structure.bandstructure.Kpoint object at 0x7fc5d4b5a190>, 'energy': 2.4799, 'projections': {'1': [[0.0, 0.0, 0.0, 0.0, 0.0001, 0.0001, 0.0001, 0.0001, 0.0006000000000000001, 0.0006000000000000001, 0.0006000000000000001, 0.0006000000000000001, 0.0001, 0.0001, 0.0001, 0.0001, 0.0002, 0.0002, 0.0002, 0.0002, 0.0006000000000000001, 0.0006000000000000001, 0.0006000000000000001, 0.0006000000000000001], [0.0005, 0.0005, 0.0005, 0.0005, 0.0002, 0.0002, 0.0002, 0.0002, 0.0021000000000000003, 0.0021000000000000003, 0.0021000000000000003, 0.0021000000000000003, 0.0015, 0.0015, 0.0015, 0.0015, 0.0012000000000000001, 0.0012000000000000001, 0.0012000000000000001, 0.0012000000000000001, 0.004, 0.004, 0.004, 0.004], [0.0001, 0.0001, 0.0001, 0.0001, 0.0025, 0.0025, 0.0025, 0.0025, 0.009600000000000001, 0.009600000000000001, 0.009600000000000001, 0.009600000000000001, 0.019, 0.019, 0.019, 0.019, 0.0118, 0.0118, 0.0118, 0.0118, 0.018000000000000002, 0.018000000000000002, 0.018000000000000002, 0.018000000000000002], [0.0002, 0.0002, 0.0002, 0.0002, 0.0016, 0.0016, 0.0016, 0.0016, 0.002, 0.002, 0.002, 0.002, 0.0044, 0.0044, 0.0044, 0.0044, 0.012, 0.012, 0.012, 0.012, 0.0004, 0.0004, 0.0004, 0.0004], [0.0, 0.0, 0.0, 0.0, 0.003, 0.003, 0.003, 0.003, 0.0, 0.0, 0.0, 0.0, 0.0, 0.0, 0.0, 0.0, 0.0, 0.0, 0.0, 0.0, 0.0, 0.0, 0.0, 0.0], [0.0001, 0.0001, 0.0001, 0.0001, 0.015, 0.015, 0.015, 0.015, 0.0, 0.0, 0.0, 0.0, 0.0, 0.0, 0.0, 0.0, 0.0, 0.0, 0.0, 0.0, 0.0, 0.0, 0.0, 0.0], [0.0, 0.0, 0.0, 0.0, 0.015700000000000002, 0.015700000000000002, 0.015700000000000002, 0.015700000000000002, 0.0, 0.0, 0.0, 0.0, 0.0, 0.0, 0.0, 0.0, 0.0, 0.0, 0.0, 0.0, 0.0, 0.0, 0.0, 0.0], [0.00030000000000000003, 0.00030000000000000003, 0.00030000000000000003, 0.00030000000000000003, 0.0281, 0.0281, 0.0281, 0.0281, 0.0, 0.0, 0.0, 0.0, 0.0, 0.0, 0.0, 0.0, 0.0, 0.0, 0.0, 0.0, 0.0, 0.0, 0.0, 0.0], [0.0001, 0.0001, 0.0001, 0.0001, 0.0135, 0.0135, 0.0135, 0.0135, 0.0, 0.0, 0.0, 0.0, 0.0, 0.0, 0.0, 0.0, 0.0, 0.0, 0.0, 0.0, 0.0, 0.0, 0.0, 0.0]]}}
bs_setyawan_curtarolo_efermi: 2.64510982
bs_hinuma_task_id: mp-2107326
bs_hinuma_band_gap: 1.7757
bs_hinuma_cbm: {'band_index': {'1': [100, 101]}, 'kpoint_index': ['17'], 'kpoint': <pymatgen.electronic_structure.bandstructure.Kpoint object at 0x7fc5d4b59c50>, 'energy': 4.2556, 'projections': {'1': [[0.0002, 0.0002, 0.0002, 0.0002, 0.0012000000000000001, 0.0005, 0.0004, 0.0013000000000000002, 0.004, 0.0004, 0.0011, 0.0033, 0.004200000000000001, 0.0014, 0.0005, 0.0051, 0.0009000000000000001, 0.018500000000000003, 0.0176, 0.0018000000000000002, 0.0063, 0.0058000000000000005, 0.004200000000000001, 0.0079], [0.0001, 0.00030000000000000003, 0.00030000000000000003, 0.0002, 0.0004, 0.0001, 0.0002, 0.00030000000000000003, 0.0011, 0.0246, 0.025400000000000002, 0.0004, 0.0228, 0.0014, 0.0013000000000000002, 0.023, 0.0055000000000000005, 0.0007, 0.0011, 0.005, 0.0008, 0.0001, 0.0002, 0.0006000000000000001], [0.0002, 0.0, 0.0, 0.0002, 0.0001, 0.0, 0.0, 0.0001, 0.0025, 0.0004, 0.0001, 0.0028, 0.0017000000000000001, 0.0002, 0.0006000000000000001, 0.0013000000000000002, 0.0016, 0.0285, 0.027700000000000002, 0.0024000000000000002, 0.0005, 0.0009000000000000001, 0.0006000000000000001, 0.0009000000000000001], [0.0011, 0.0007, 0.001, 0.0007, 0.0001, 0.0, 0.0, 0.0001, 0.0097, 0.0143, 0.018000000000000002, 0.006, 0.0181, 0.0067, 0.0081, 0.0167, 0.0012000000000000001, 0.0023, 0.0029000000000000002, 0.0006000000000000001, 0.0119, 0.0098, 0.0067, 0.015], [0.0002, 0.0006000000000000001, 0.0005, 0.00030000000000000003, 0.0088, 0.0078000000000000005, 0.0106, 0.006, 0.0, 0.0, 0.0, 0.0, 0.0, 0.0, 0.0, 0.0, 0.0, 0.0, 0.0, 0.0, 0.0, 0.0, 0.0, 0.0], [0.0002, 0.0001, 0.0001, 0.0002, 0.00030000000000000003, 0.0015, 0.0012000000000000001, 0.0006000000000000001, 0.0, 0.0, 0.0, 0.0, 0.0, 0.0, 0.0, 0.0, 0.0, 0.0, 0.0, 0.0, 0.0, 0.0, 0.0, 0.0], [0.0, 0.0002, 0.0002, 0.0, 0.0014, 0.0006000000000000001, 0.0004, 0.0016, 0.0, 0.0, 0.0, 0.0, 0.0, 0.0, 0.0, 0.0, 0.0, 0.0, 0.0, 0.0, 0.0, 0.0, 0.0, 0.0], [0.0008, 0.0004, 0.00030000000000000003, 0.0009000000000000001, 0.0002, 0.0011, 0.0012000000000000001, 0.0001, 0.0, 0.0, 0.0, 0.0, 0.0, 0.0, 0.0, 0.0, 0.0, 0.0, 0.0, 0.0, 0.0, 0.0, 0.0, 0.0], [0.0001, 0.0001, 0.0002, 0.0, 0.018600000000000002, 0.0022, 0.0013000000000000002, 0.0195, 0.0, 0.0, 0.0, 0.0, 0.0, 0.0, 0.0, 0.0, 0.0, 0.0, 0.0, 0.0, 0.0, 0.0, 0.0, 0.0]]}}
bs_hinuma_vbm: {'band_index': {'1': [99]}, 'kpoint_index': ['8'], 'kpoint': <pymatgen.electronic_structure.bandstructure.Kpoint object at 0x7fc5d4b5a430>, 'energy': 2.4799, 'projections': {'1': [[0.0, 0.0, 0.0, 0.0, 0.0001, 0.0001, 0.0001, 0.0001, 0.0006000000000000001, 0.0006000000000000001, 0.0006000000000000001, 0.0006000000000000001, 0.0001, 0.0001, 0.0001, 0.0001, 0.0002, 0.0002, 0.0002, 0.0002, 0.0006000000000000001, 0.0006000000000000001, 0.0006000000000000001, 0.0006000000000000001], [0.0005, 0.0005, 0.0005, 0.0005, 0.0002, 0.0002, 0.0002, 0.0002, 0.0021000000000000003, 0.0021000000000000003, 0.0021000000000000003, 0.0021000000000000003, 0.0015, 0.0015, 0.0015, 0.0015, 0.0012000000000000001, 0.0012000000000000001, 0.0012000000000000001, 0.0012000000000000001, 0.004, 0.004, 0.004, 0.004], [0.0001, 0.0001, 0.0001, 0.0001, 0.0025, 0.0025, 0.0025, 0.0025, 0.009600000000000001, 0.009600000000000001, 0.009600000000000001, 0.009600000000000001, 0.019, 0.019, 0.019, 0.019, 0.0118, 0.0118, 0.0118, 0.0118, 0.018000000000000002, 0.018000000000000002, 0.018000000000000002, 0.018000000000000002], [0.0002, 0.0002, 0.0002, 0.0002, 0.0016, 0.0016, 0.0016, 0.0016, 0.002, 0.002, 0.002, 0.002, 0.0044, 0.0044, 0.0044, 0.0044, 0.012, 0.012, 0.012, 0.012, 0.0004, 0.0004, 0.0004, 0.0004], [0.0, 0.0, 0.0, 0.0, 0.003, 0.003, 0.003, 0.003, 0.0, 0.0, 0.0, 0.0, 0.0, 0.0, 0.0, 0.0, 0.0, 0.0, 0.0, 0.0, 0.0, 0.0, 0.0, 0.0], [0.0001, 0.0001, 0.0001, 0.0001, 0.015, 0.015, 0.015, 0.015, 0.0, 0.0, 0.0, 0.0, 0.0, 0.0, 0.0, 0.0, 0.0, 0.0, 0.0, 0.0, 0.0, 0.0, 0.0, 0.0], [0.0, 0.0, 0.0, 0.0, 0.015700000000000002, 0.015700000000000002, 0.015700000000000002, 0.015700000000000002, 0.0, 0.0, 0.0, 0.0, 0.0, 0.0, 0.0, 0.0, 0.0, 0.0, 0.0, 0.0, 0.0, 0.0, 0.0, 0.0], [0.00030000000000000003, 0.00030000000000000003, 0.00030000000000000003, 0.00030000000000000003, 0.0281, 0.0281, 0.0281, 0.0281, 0.0, 0.0, 0.0, 0.0, 0.0, 0.0, 0.0, 0.0, 0.0, 0.0, 0.0, 0.0, 0.0, 0.0, 0.0, 0.0], [0.0001, 0.0001, 0.0001, 0.0001, 0.0135, 0.0135, 0.0135, 0.0135, 0.0, 0.0, 0.0, 0.0, 0.0, 0.0, 0.0, 0.0, 0.0, 0.0, 0.0, 0.0, 0.0, 0.0, 0.0, 0.0]]}}
bs_hinuma_efermi: 2.61865406
bs_latimer_munro_task_id: mp-2304721
bs_latimer_munro_band_gap: 1.7757
bs_latimer_munro_cbm: {'band_index': {'1': [100, 101]}, 'kpoint_index': ['148'], 'kpoint': <pymatgen.electronic_structure.bandstructure.Kpoint object at 0x7fc5d4b5a200>, 'energy': 4.2556, 'projections': {'1': [[0.00030000000000000003, 0.0001, 0.00030000000000000003, 0.0001, 0.0006000000000000001, 0.0011, 0.0008, 0.0009000000000000001, 0.0037, 0.0007, 0.0035, 0.0009000000000000001, 0.0009000000000000001, 0.0047, 0.0011, 0.0045000000000000005, 0.0082, 0.0111, 0.0073, 0.012100000000000001, 0.002, 0.010100000000000001, 0.0033, 0.0089], [0.0001, 0.00030000000000000003, 0.0001, 0.0004, 0.0004, 0.0, 0.0004, 0.0, 0.014700000000000001, 0.0111, 0.014100000000000001, 0.011600000000000001, 0.0112, 0.013000000000000001, 0.012400000000000001, 0.0119, 0.0043, 0.0018000000000000002, 0.0038, 0.0023, 0.0007, 0.0001, 0.0007, 0.0002], [0.0001, 0.0001, 0.0001, 0.0001, 0.0001, 0.0001, 0.0001, 0.0001, 0.0009000000000000001, 0.0021000000000000003, 0.0007, 0.0022, 0.0016, 0.00030000000000000003, 0.0017000000000000001, 0.0002, 0.014100000000000001, 0.016, 0.0126, 0.0176, 0.0, 0.0014, 0.0, 0.0015], [0.0016, 0.0001, 0.0017000000000000001, 0.0, 0.0001, 0.0, 0.0001, 0.0, 0.0207, 0.0032, 0.0187, 0.0053, 0.013900000000000001, 0.0109, 0.0167, 0.0081, 0.0029000000000000002, 0.0007, 0.0031000000000000003, 0.0004, 0.0033, 0.0184, 0.0054, 0.016300000000000002], [0.00030000000000000003, 0.0006000000000000001, 0.0002, 0.0007, 0.013300000000000001, 0.0033, 0.0149, 0.0017000000000000001, 0.0, 0.0, 0.0, 0.0, 0.0, 0.0, 0.0, 0.0, 0.0, 0.0, 0.0, 0.0, 0.0, 0.0, 0.0, 0.0], [0.0001, 0.0002, 0.0001, 0.0001, 0.0002, 0.0016, 0.0002, 0.0016, 0.0, 0.0, 0.0, 0.0, 0.0, 0.0, 0.0, 0.0, 0.0, 0.0, 0.0, 0.0, 0.0, 0.0, 0.0, 0.0], [0.0001, 0.0001, 0.0001, 0.0002, 0.0007, 0.0013000000000000002, 0.0005, 0.0015, 0.0, 0.0, 0.0, 0.0, 0.0, 0.0, 0.0, 0.0, 0.0, 0.0, 0.0, 0.0, 0.0, 0.0, 0.0, 0.0], [0.00030000000000000003, 0.0009000000000000001, 0.0004, 0.0008, 0.001, 0.00030000000000000003, 0.0009000000000000001, 0.0004, 0.0, 0.0, 0.0, 0.0, 0.0, 0.0, 0.0, 0.0, 0.0, 0.0, 0.0, 0.0, 0.0, 0.0, 0.0, 0.0], [0.0002, 0.0, 0.0002, 0.0, 0.0079, 0.0128, 0.0091, 0.011600000000000001, 0.0, 0.0, 0.0, 0.0, 0.0, 0.0, 0.0, 0.0, 0.0, 0.0, 0.0, 0.0, 0.0, 0.0, 0.0, 0.0]]}}
bs_latimer_munro_vbm: {'band_index': {'1': [99]}, 'kpoint_index': ['181'], 'kpoint': <pymatgen.electronic_structure.bandstructure.Kpoint object at 0x7fc5d4b5a350>, 'energy': 2.4799, 'projections': {'1': [[0.0, 0.0, 0.0, 0.0, 0.0001, 0.0001, 0.0001, 0.0001, 0.0006000000000000001, 0.0006000000000000001, 0.0006000000000000001, 0.0006000000000000001, 0.0001, 0.0001, 0.0001, 0.0001, 0.0002, 0.0002, 0.0002, 0.0002, 0.0006000000000000001, 0.0006000000000000001, 0.0006000000000000001, 0.0006000000000000001], [0.0005, 0.0005, 0.0005, 0.0005, 0.0002, 0.0002, 0.0002, 0.0002, 0.0021000000000000003, 0.0021000000000000003, 0.0021000000000000003, 0.0021000000000000003, 0.0015, 0.0015, 0.0015, 0.0015, 0.0012000000000000001, 0.0012000000000000001, 0.0012000000000000001, 0.0012000000000000001, 0.004, 0.004, 0.004, 0.004], [0.0001, 0.0001, 0.0001, 0.0001, 0.0025, 0.0025, 0.0025, 0.0025, 0.009600000000000001, 0.009600000000000001, 0.009600000000000001, 0.009600000000000001, 0.019, 0.019, 0.019, 0.019, 0.0118, 0.0118, 0.0118, 0.0118, 0.018000000000000002, 0.018000000000000002, 0.018000000000000002, 0.018000000000000002], [0.0002, 0.0002, 0.0002, 0.0002, 0.0016, 0.0016, 0.0016, 0.0016, 0.002, 0.002, 0.002, 0.002, 0.0044, 0.0044, 0.0044, 0.0044, 0.012, 0.012, 0.012, 0.012, 0.0004, 0.0004, 0.0004, 0.0004], [0.0, 0.0, 0.0, 0.0, 0.003, 0.003, 0.003, 0.003, 0.0, 0.0, 0.0, 0.0, 0.0, 0.0, 0.0, 0.0, 0.0, 0.0, 0.0, 0.0, 0.0, 0.0, 0.0, 0.0], [0.0001, 0.0001, 0.0001, 0.0001, 0.015, 0.015, 0.015, 0.015, 0.0, 0.0, 0.0, 0.0, 0.0, 0.0, 0.0, 0.0, 0.0, 0.0, 0.0, 0.0, 0.0, 0.0, 0.0, 0.0], [0.0, 0.0, 0.0, 0.0, 0.015700000000000002, 0.015700000000000002, 0.015700000000000002, 0.015700000000000002, 0.0, 0.0, 0.0, 0.0, 0.0, 0.0, 0.0, 0.0, 0.0, 0.0, 0.0, 0.0, 0.0, 0.0, 0.0, 0.0], [0.00030000000000000003, 0.00030000000000000003, 0.00030000000000000003, 0.00030000000000000003, 0.0281, 0.0281, 0.0281, 0.0281, 0.0, 0.0, 0.0, 0.0, 0.0, 0.0, 0.0, 0.0, 0.0, 0.0, 0.0, 0.0, 0.0, 0.0, 0.0, 0.0], [0.0001, 0.0001, 0.0001, 0.0001, 0.0135, 0.0135, 0.0135, 0.0135, 0.0, 0.0, 0.0, 0.0, 0.0, 0.0, 0.0, 0.0, 0.0, 0.0, 0.0, 0.0, 0.0, 0.0, 0.0, 0.0]]}}
bs_latimer_munro_efermi: 2.63896218