material_id: mp-14292
band_gap: 3.6649000000000003
efermi: 2.89677905
dos_magnetic_ordering: NM
dos_total_task_id: mp-2258615
dos_total_band_gap: 3.6473
dos_total_cbm: 6.4429
dos_total_vbm: 2.7956000000000003
dos_total_efermi: 2.80203162
bs_setyawan_curtarolo_task_id: mp-700664
bs_setyawan_curtarolo_band_gap: 3.6649000000000003
bs_setyawan_curtarolo_cbm: {'band_index': {'1': [36]}, 'kpoint_index': [0, 48, 49], 'kpoint': <pymatgen.electronic_structure.bandstructure.Kpoint object at 0x7fc699d63930>, 'energy': 6.4612, 'projections': {'1': [[0.030500000000000003, 0.030500000000000003, 0.0787, 0.18610000000000002, 0.0233, 0.0233, 0.0233, 0.0233, 0.0233, 0.0233], [0.0, 0.0, 0.0, 0.0, 0.0, 0.0, 0.0, 0.030600000000000002, 0.0, 0.030600000000000002], [0.0, 0.0, 0.0, 0.0, 0.0, 0.030600000000000002, 0.030600000000000002, 0.0, 0.0, 0.0], [0.0, 0.0, 0.0, 0.0, 0.030500000000000003, 0.0, 0.0, 0.0, 0.030500000000000003, 0.0], [0.0, 0.0, 0.0, 0.0, 0.0, 0.0, 0.0, 0.0, 0.0, 0.0], [0.0, 0.0, 0.0, 0.0, 0.0, 0.0, 0.0, 0.0, 0.0, 0.0], [0.0, 0.0, 0.0, 0.0, 0.0, 0.0, 0.0, 0.0, 0.0, 0.0], [0.0, 0.0, 0.0, 0.0, 0.0, 0.0, 0.0, 0.0, 0.0, 0.0], [0.0, 0.0, 0.0, 0.0, 0.0, 0.0, 0.0, 0.0, 0.0, 0.0]]}}
bs_setyawan_curtarolo_vbm: {'band_index': {'1': [34, 35]}, 'kpoint_index': [0, 48, 49], 'kpoint': <pymatgen.electronic_structure.bandstructure.Kpoint object at 0x7fc5d4b5a200>, 'energy': 2.7963, 'projections': {'1': [[0.0, 0.0, 0.0, 0.0, 0.0, 0.0, 0.0, 0.0, 0.0, 0.0], [0.0, 0.0, 0.0, 0.0, 0.0008, 0.0, 0.0, 0.0, 0.0008, 0.0], [0.0, 0.0, 0.0, 0.0, 0.1827, 0.0, 0.0, 0.0, 0.1827, 0.0], [0.0, 0.0, 0.0, 0.0, 0.0, 0.1827, 0.1827, 0.0008, 0.0, 0.0008], [0.0, 0.0, 0.0, 0.0, 0.0, 0.0, 0.0, 0.0, 0.0, 0.0], [0.0, 0.0, 0.0, 0.0, 0.0, 0.0, 0.0, 0.0, 0.0, 0.0], [0.0, 0.0, 0.0, 0.0, 0.0, 0.0, 0.0, 0.0, 0.0, 0.0], [0.0, 0.0, 0.0, 0.0, 0.0, 0.0, 0.0, 0.0, 0.0, 0.0], [0.0, 0.0, 0.0, 0.0, 0.0, 0.0, 0.0, 0.0, 0.0, 0.0]]}}
bs_setyawan_curtarolo_efermi: 2.89677905
bs_hinuma_task_id: mp-2069536
bs_hinuma_band_gap: 3.667399999999999
bs_hinuma_cbm: {'band_index': {'1': [36]}, 'kpoint_index': [0, 39, 40], 'kpoint': <pymatgen.electronic_structure.bandstructure.Kpoint object at 0x7fc5d4b59e80>, 'energy': 6.4633, 'projections': {'1': [[0.030600000000000002, 0.030600000000000002, 0.0787, 0.18610000000000002, 0.0233, 0.0233, 0.0233, 0.0233, 0.0233, 0.0233], [0.0, 0.0, 0.0, 0.0, 0.0, 0.030500000000000003, 0.030500000000000003, 0.0, 0.0, 0.0], [0.0, 0.0, 0.0, 0.0, 0.030500000000000003, 0.0, 0.0, 0.0, 0.030500000000000003, 0.0], [0.0, 0.0, 0.0, 0.0, 0.0, 0.0, 0.0, 0.030500000000000003, 0.0, 0.030500000000000003], [0.0, 0.0, 0.0, 0.0, 0.0, 0.0, 0.0, 0.0, 0.0, 0.0], [0.0, 0.0, 0.0, 0.0, 0.0, 0.0, 0.0, 0.0, 0.0, 0.0], [0.0, 0.0, 0.0, 0.0, 0.0, 0.0, 0.0, 0.0, 0.0, 0.0], [0.0, 0.0, 0.0, 0.0, 0.0, 0.0, 0.0, 0.0, 0.0, 0.0], [0.0, 0.0, 0.0, 0.0, 0.0, 0.0, 0.0, 0.0, 0.0, 0.0]]}}
bs_hinuma_vbm: {'band_index': {'1': [33, 34, 35]}, 'kpoint_index': [0, 39, 40], 'kpoint': <pymatgen.electronic_structure.bandstructure.Kpoint object at 0x7fc5d4b5a3c0>, 'energy': 2.7959, 'projections': {'1': [[0.0, 0.0, 0.0, 0.0, 0.0, 0.0, 0.0, 0.0, 0.0, 0.0], [0.0, 0.0, 0.0, 0.0, 0.061, 0.0, 0.0, 0.061500000000000006, 0.061, 0.061500000000000006], [0.0, 0.0, 0.0, 0.0, 0.0, 0.061, 0.061, 0.061, 0.0, 0.061], [0.0, 0.0, 0.0, 0.0, 0.061, 0.061500000000000006, 0.061500000000000006, 0.0, 0.061, 0.0], [0.0, 0.0, 0.0, 0.0, 0.0, 0.0, 0.0, 0.0, 0.0, 0.0], [0.0, 0.0, 0.0, 0.0, 0.0, 0.0, 0.0, 0.0, 0.0, 0.0], [0.0, 0.0, 0.0, 0.0, 0.0, 0.0, 0.0, 0.0, 0.0, 0.0], [0.0, 0.0, 0.0, 0.0, 0.0, 0.0, 0.0, 0.0, 0.0, 0.0], [0.0, 0.0, 0.0, 0.0, 0.0, 0.0, 0.0, 0.0, 0.0, 0.0]]}}
bs_hinuma_efermi: 2.89659538
bs_latimer_munro_task_id: mp-2608408
bs_latimer_munro_band_gap: 3.667399999999999
bs_latimer_munro_cbm: {'band_index': {'1': [36]}, 'kpoint_index': [24, 25, 95, 96, 113], 'kpoint': <pymatgen.electronic_structure.bandstructure.Kpoint object at 0x7fc5d4b59c50>, 'energy': 6.4633, 'projections': {'1': [[0.030600000000000002, 0.030600000000000002, 0.0787, 0.18610000000000002, 0.0233, 0.0233, 0.0233, 0.0233, 0.0233, 0.0233], [0.0, 0.0, 0.0, 0.0, 0.0, 0.030500000000000003, 0.030500000000000003, 0.0, 0.0, 0.0], [0.0, 0.0, 0.0, 0.0, 0.030500000000000003, 0.0, 0.0, 0.0, 0.030500000000000003, 0.0], [0.0, 0.0, 0.0, 0.0, 0.0, 0.0, 0.0, 0.030500000000000003, 0.0, 0.030500000000000003], [0.0, 0.0, 0.0, 0.0, 0.0, 0.0, 0.0, 0.0, 0.0, 0.0], [0.0, 0.0, 0.0, 0.0, 0.0, 0.0, 0.0, 0.0, 0.0, 0.0], [0.0, 0.0, 0.0, 0.0, 0.0, 0.0, 0.0, 0.0, 0.0, 0.0], [0.0, 0.0, 0.0, 0.0, 0.0, 0.0, 0.0, 0.0, 0.0, 0.0], [0.0, 0.0, 0.0, 0.0, 0.0, 0.0, 0.0, 0.0, 0.0, 0.0]]}}
bs_latimer_munro_vbm: {'band_index': {'1': [33, 34, 35]}, 'kpoint_index': [24, 25, 95, 96, 113], 'kpoint': <pymatgen.electronic_structure.bandstructure.Kpoint object at 0x7fc5d4b59be0>, 'energy': 2.7959, 'projections': {'1': [[0.0, 0.0, 0.0, 0.0, 0.0, 0.0, 0.0, 0.0, 0.0, 0.0], [0.0, 0.0, 0.0, 0.0, 0.061, 0.0, 0.0, 0.061500000000000006, 0.061, 0.061500000000000006], [0.0, 0.0, 0.0, 0.0, 0.0, 0.061, 0.061, 0.061, 0.0, 0.061], [0.0, 0.0, 0.0, 0.0, 0.061, 0.061500000000000006, 0.061500000000000006, 0.0, 0.061, 0.0], [0.0, 0.0, 0.0, 0.0, 0.0, 0.0, 0.0, 0.0, 0.0, 0.0], [0.0, 0.0, 0.0, 0.0, 0.0, 0.0, 0.0, 0.0, 0.0, 0.0], [0.0, 0.0, 0.0, 0.0, 0.0, 0.0, 0.0, 0.0, 0.0, 0.0], [0.0, 0.0, 0.0, 0.0, 0.0, 0.0, 0.0, 0.0, 0.0, 0.0], [0.0, 0.0, 0.0, 0.0, 0.0, 0.0, 0.0, 0.0, 0.0, 0.0]]}}
bs_latimer_munro_efermi: 2.86632129