material_id: mp-1078780
band_gap: 1.216399999999999
efermi: 1.16552288
dos_magnetic_ordering: NM
dos_total_task_id: mp-1754102
dos_total_band_gap: 1.253099999999999
dos_total_cbm: 2.3706
dos_total_vbm: 1.1175
dos_total_efermi: 1.11762264
bs_setyawan_curtarolo_task_id: mp-1621738
bs_setyawan_curtarolo_band_gap: 1.216399999999999
bs_setyawan_curtarolo_cbm: {'band_index': {'1': [36]}, 'kpoint_index': [0, 40, 41], 'kpoint': <pymatgen.electronic_structure.bandstructure.Kpoint object at 0x7fc699d63930>, 'energy': 2.3244, 'projections': {'1': [[0.07060000000000001, 0.0723, 0.0723, 0.0723, 0.0551, 0.0551, 0.0551, 0.0551], [0.0, 0.0, 0.0, 0.0, 0.00030000000000000003, 0.00030000000000000003, 0.00030000000000000003, 0.00030000000000000003], [0.0, 0.0, 0.0, 0.0, 0.00030000000000000003, 0.00030000000000000003, 0.00030000000000000003, 0.00030000000000000003], [0.0, 0.0, 0.0, 0.0, 0.00030000000000000003, 0.00030000000000000003, 0.00030000000000000003, 0.00030000000000000003], [0.0, 0.0, 0.0, 0.0, 0.0, 0.0, 0.0, 0.0], [0.0, 0.0, 0.0, 0.0, 0.0, 0.0, 0.0, 0.0], [0.0, 0.0001, 0.0002, 0.0001, 0.0, 0.0, 0.0, 0.0], [0.0, 0.0, 0.0, 0.0, 0.0, 0.0, 0.0, 0.0], [0.0, 0.0002, 0.0, 0.0002, 0.0, 0.0, 0.0, 0.0]]}}
bs_setyawan_curtarolo_vbm: {'band_index': {'1': [33, 34, 35]}, 'kpoint_index': [0, 40, 41], 'kpoint': <pymatgen.electronic_structure.bandstructure.Kpoint object at 0x7fc5d4b59e80>, 'energy': 1.108, 'projections': {'1': [[0.0, 0.0, 0.0, 0.0, 0.0001, 0.0001, 0.00030000000000000003, 0.0005], [0.0017000000000000001, 0.0037, 0.0037, 0.0017000000000000001, 0.0669, 0.0683, 0.0621, 0.0609], [0.0007, 0.0016, 0.0007, 0.0016, 0.032100000000000004, 0.0296, 0.025900000000000003, 0.0235], [0.001, 0.0009000000000000001, 0.0021000000000000003, 0.0021000000000000003, 0.0374, 0.0362, 0.038900000000000004, 0.0352], [0.0074, 0.0049, 0.006900000000000001, 0.0049, 0.0, 0.0, 0.0, 0.0], [0.0099, 0.0092, 0.006500000000000001, 0.006500000000000001, 0.0, 0.0, 0.0, 0.0], [0.0, 0.0, 0.0, 0.0, 0.0, 0.0, 0.0, 0.0], [0.0173, 0.0114, 0.0114, 0.0161, 0.0, 0.0, 0.0, 0.0], [0.0, 0.0, 0.0, 0.0, 0.0, 0.0, 0.0, 0.0]]}}
bs_setyawan_curtarolo_efermi: 1.16552288
bs_hinuma_task_id: mp-2095934
bs_hinuma_band_gap: 1.216399999999999
bs_hinuma_cbm: {'band_index': {'1': [36]}, 'kpoint_index': [0, 40, 41], 'kpoint': <pymatgen.electronic_structure.bandstructure.Kpoint object at 0x7fc5d4b5a200>, 'energy': 2.3244, 'projections': {'1': [[0.07060000000000001, 0.0723, 0.0723, 0.0723, 0.0551, 0.0551, 0.0551, 0.0551], [0.0, 0.0, 0.0, 0.0, 0.00030000000000000003, 0.00030000000000000003, 0.00030000000000000003, 0.00030000000000000003], [0.0, 0.0, 0.0, 0.0, 0.00030000000000000003, 0.00030000000000000003, 0.00030000000000000003, 0.00030000000000000003], [0.0, 0.0, 0.0, 0.0, 0.00030000000000000003, 0.00030000000000000003, 0.00030000000000000003, 0.00030000000000000003], [0.0, 0.0, 0.0, 0.0, 0.0, 0.0, 0.0, 0.0], [0.0, 0.0, 0.0, 0.0, 0.0, 0.0, 0.0, 0.0], [0.0, 0.0001, 0.0002, 0.0001, 0.0, 0.0, 0.0, 0.0], [0.0, 0.0, 0.0, 0.0, 0.0, 0.0, 0.0, 0.0], [0.0, 0.0002, 0.0, 0.0002, 0.0, 0.0, 0.0, 0.0]]}}
bs_hinuma_vbm: {'band_index': {'1': [33, 34, 35]}, 'kpoint_index': [0, 40, 41], 'kpoint': <pymatgen.electronic_structure.bandstructure.Kpoint object at 0x7fc5d4b59c50>, 'energy': 1.108, 'projections': {'1': [[0.0, 0.0, 0.0, 0.0, 0.0001, 0.0001, 0.00030000000000000003, 0.0005], [0.0017000000000000001, 0.0037, 0.0037, 0.0017000000000000001, 0.0669, 0.0683, 0.0621, 0.0609], [0.0007, 0.0016, 0.0007, 0.0016, 0.032100000000000004, 0.0296, 0.025900000000000003, 0.0235], [0.001, 0.0009000000000000001, 0.0021000000000000003, 0.0021000000000000003, 0.0374, 0.0362, 0.038900000000000004, 0.0352], [0.0074, 0.0049, 0.006900000000000001, 0.0049, 0.0, 0.0, 0.0, 0.0], [0.0099, 0.0092, 0.006500000000000001, 0.006500000000000001, 0.0, 0.0, 0.0, 0.0], [0.0, 0.0, 0.0, 0.0, 0.0, 0.0, 0.0, 0.0], [0.0173, 0.0114, 0.0114, 0.0161, 0.0, 0.0, 0.0, 0.0], [0.0, 0.0, 0.0, 0.0, 0.0, 0.0, 0.0, 0.0]]}}
bs_hinuma_efermi: 1.16552288
bs_latimer_munro_task_id: mp-2303917
bs_latimer_munro_band_gap: 1.216399999999999
bs_latimer_munro_cbm: {'band_index': {'1': [36]}, 'kpoint_index': [28, 29, 89], 'kpoint': <pymatgen.electronic_structure.bandstructure.Kpoint object at 0x7fc5d4b5a190>, 'energy': 2.3244, 'projections': {'1': [[0.07060000000000001, 0.0723, 0.0723, 0.0723, 0.0551, 0.0551, 0.0551, 0.0551], [0.0, 0.0, 0.0, 0.0, 0.00030000000000000003, 0.00030000000000000003, 0.00030000000000000003, 0.00030000000000000003], [0.0, 0.0, 0.0, 0.0, 0.00030000000000000003, 0.00030000000000000003, 0.00030000000000000003, 0.00030000000000000003], [0.0, 0.0, 0.0, 0.0, 0.00030000000000000003, 0.00030000000000000003, 0.00030000000000000003, 0.00030000000000000003], [0.0, 0.0, 0.0, 0.0, 0.0, 0.0, 0.0, 0.0], [0.0, 0.0, 0.0, 0.0, 0.0, 0.0, 0.0, 0.0], [0.0, 0.0001, 0.0002, 0.0001, 0.0, 0.0, 0.0, 0.0], [0.0, 0.0, 0.0, 0.0, 0.0, 0.0, 0.0, 0.0], [0.0, 0.0002, 0.0, 0.0002, 0.0, 0.0, 0.0, 0.0]]}}
bs_latimer_munro_vbm: {'band_index': {'1': [33, 34, 35]}, 'kpoint_index': [28, 29, 89], 'kpoint': <pymatgen.electronic_structure.bandstructure.Kpoint object at 0x7fc5d4b59d30>, 'energy': 1.108, 'projections': {'1': [[0.0, 0.0, 0.0, 0.0, 0.0002, 0.0002, 0.0002, 0.0002], [0.0, 0.0, 0.0, 0.0, 0.00030000000000000003, 0.0006000000000000001, 0.0004, 0.0], [0.001, 0.0021000000000000003, 0.0009000000000000001, 0.0021000000000000003, 0.0361, 0.0364, 0.0359, 0.0361], [0.0025, 0.0024000000000000002, 0.0053, 0.0053, 0.09240000000000001, 0.093, 0.09280000000000001, 0.0927], [0.0097, 0.0064, 0.009000000000000001, 0.0064, 0.0, 0.0, 0.0, 0.0], [0.024900000000000002, 0.023200000000000002, 0.0164, 0.0164, 0.0, 0.0, 0.0, 0.0], [0.0, 0.0, 0.0, 0.0, 0.0, 0.0, 0.0, 0.0], [0.0, 0.0, 0.0, 0.0, 0.0, 0.0, 0.0, 0.0], [0.0, 0.0, 0.0, 0.0, 0.0, 0.0, 0.0, 0.0]]}}
bs_latimer_munro_efermi: 1.17586532