material_id: mp-1182858
band_gap: 0.29390000000000005
efermi: 5.09371363
dos_magnetic_ordering: FM
dos_total_task_id: mp-1704226
dos_total_band_gap: 6.4635
dos_total_cbm: 11.3903
dos_total_vbm: 4.9268
dos_total_efermi: 4.92729977
bs_setyawan_curtarolo_task_id: mp-1590758
bs_setyawan_curtarolo_band_gap: 0.29390000000000005
bs_setyawan_curtarolo_cbm: {'band_index': {'-1': [14], '1': []}, 'kpoint_index': ['92'], 'kpoint': <pymatgen.electronic_structure.bandstructure.Kpoint object at 0x7fc699d63930>, 'energy': 5.2106, 'projections': {'-1': [[0.0, 0.0, 0.0018000000000000002, 0.0018000000000000002, 0.0018000000000000002, 0.0018000000000000002], [0.005, 0.005, 0.1013, 0.1013, 0.1013, 0.1013], [0.0014, 0.0014, 0.07060000000000001, 0.07060000000000001, 0.07060000000000001, 0.07060000000000001], [0.0, 0.0, 0.002, 0.002, 0.002, 0.002], [0.0, 0.0, 0.0, 0.0, 0.0, 0.0], [0.0, 0.0, 0.0, 0.0, 0.0, 0.0], [0.0, 0.0, 0.0, 0.0, 0.0, 0.0], [0.0, 0.0, 0.0, 0.0, 0.0, 0.0], [0.0, 0.0, 0.0, 0.0, 0.0, 0.0]]}}
bs_setyawan_curtarolo_vbm: {'band_index': {'1': [15], '-1': []}, 'kpoint_index': [0, 377, 378], 'kpoint': <pymatgen.electronic_structure.bandstructure.Kpoint object at 0x7fc5d4b59c50>, 'energy': 4.9167000000000005, 'projections': {'1': [[0.0, 0.0, 0.0009000000000000001, 0.0009000000000000001, 0.0009000000000000001, 0.0009000000000000001], [0.0022, 0.0022, 0.20420000000000002, 0.20420000000000002, 0.20420000000000002, 0.20420000000000002], [0.0, 0.0, 0.0033, 0.0033, 0.0033, 0.0033], [0.0, 0.0, 0.0, 0.0, 0.0, 0.0], [0.0, 0.0, 0.0, 0.0, 0.0, 0.0], [0.0, 0.0, 0.0, 0.0, 0.0, 0.0], [0.0, 0.0, 0.0, 0.0, 0.0, 0.0], [0.0, 0.0, 0.0, 0.0, 0.0, 0.0], [0.0, 0.0, 0.0, 0.0, 0.0, 0.0]]}}
bs_setyawan_curtarolo_efermi: 5.09371363
bs_hinuma_task_id: mp-2184636
bs_hinuma_band_gap: 0.29390000000000005
bs_hinuma_cbm: {'band_index': {'-1': [14], '1': []}, 'kpoint_index': ['92'], 'kpoint': <pymatgen.electronic_structure.bandstructure.Kpoint object at 0x7fc5d4b5a190>, 'energy': 5.2106, 'projections': {'-1': [[0.0, 0.0, 0.0018000000000000002, 0.0018000000000000002, 0.0018000000000000002, 0.0018000000000000002], [0.005, 0.005, 0.1013, 0.1013, 0.1013, 0.1013], [0.0014, 0.0014, 0.07060000000000001, 0.07060000000000001, 0.07060000000000001, 0.07060000000000001], [0.0, 0.0, 0.002, 0.002, 0.002, 0.002], [0.0, 0.0, 0.0, 0.0, 0.0, 0.0], [0.0, 0.0, 0.0, 0.0, 0.0, 0.0], [0.0, 0.0, 0.0, 0.0, 0.0, 0.0], [0.0, 0.0, 0.0, 0.0, 0.0, 0.0], [0.0, 0.0, 0.0, 0.0, 0.0, 0.0]]}}
bs_hinuma_vbm: {'band_index': {'1': [15], '-1': []}, 'kpoint_index': [0, 377, 378], 'kpoint': <pymatgen.electronic_structure.bandstructure.Kpoint object at 0x7fc5d4b5a350>, 'energy': 4.9167000000000005, 'projections': {'1': [[0.0, 0.0, 0.0009000000000000001, 0.0009000000000000001, 0.0009000000000000001, 0.0009000000000000001], [0.0022, 0.0022, 0.20420000000000002, 0.20420000000000002, 0.20420000000000002, 0.20420000000000002], [0.0, 0.0, 0.0033, 0.0033, 0.0033, 0.0033], [0.0, 0.0, 0.0, 0.0, 0.0, 0.0], [0.0, 0.0, 0.0, 0.0, 0.0, 0.0], [0.0, 0.0, 0.0, 0.0, 0.0, 0.0], [0.0, 0.0, 0.0, 0.0, 0.0, 0.0], [0.0, 0.0, 0.0, 0.0, 0.0, 0.0], [0.0, 0.0, 0.0, 0.0, 0.0, 0.0]]}}
bs_hinuma_efermi: 5.09371363
bs_latimer_munro_task_id: mp-2612795
bs_latimer_munro_band_gap: 0.29390000000000005
bs_latimer_munro_cbm: {'band_index': {'-1': [14], '1': []}, 'kpoint_index': ['1756'], 'kpoint': <pymatgen.electronic_structure.bandstructure.Kpoint object at 0x7fc5d4b59d30>, 'energy': 5.2106, 'projections': {'-1': [[0.0, 0.0, 0.0018000000000000002, 0.0018000000000000002, 0.0018000000000000002, 0.0018000000000000002], [0.005, 0.005, 0.1013, 0.1013, 0.1013, 0.1013], [0.0014, 0.0014, 0.07060000000000001, 0.07060000000000001, 0.07060000000000001, 0.07060000000000001], [0.0, 0.0, 0.002, 0.002, 0.002, 0.002], [0.0, 0.0, 0.0, 0.0, 0.0, 0.0], [0.0, 0.0, 0.0, 0.0, 0.0, 0.0], [0.0, 0.0, 0.0, 0.0, 0.0, 0.0], [0.0, 0.0, 0.0, 0.0, 0.0, 0.0], [0.0, 0.0, 0.0, 0.0, 0.0, 0.0]]}}
bs_latimer_munro_vbm: {'band_index': {'1': [15], '-1': []}, 'kpoint_index': [207, 208, 1040, 1041, 1663, 1664], 'kpoint': <pymatgen.electronic_structure.bandstructure.Kpoint object at 0x7fc5d4b5a430>, 'energy': 4.9167000000000005, 'projections': {'1': [[0.0, 0.0, 0.0009000000000000001, 0.0009000000000000001, 0.0009000000000000001, 0.0009000000000000001], [0.0022, 0.0022, 0.20420000000000002, 0.20420000000000002, 0.20420000000000002, 0.20420000000000002], [0.0, 0.0, 0.0033, 0.0033, 0.0033, 0.0033], [0.0, 0.0, 0.0, 0.0, 0.0, 0.0], [0.0, 0.0, 0.0, 0.0, 0.0, 0.0], [0.0, 0.0, 0.0, 0.0, 0.0, 0.0], [0.0, 0.0, 0.0, 0.0, 0.0, 0.0], [0.0, 0.0, 0.0, 0.0, 0.0, 0.0], [0.0, 0.0, 0.0, 0.0, 0.0, 0.0]]}}
bs_latimer_munro_efermi: 5.09519932