material_id: mp-1044577
band_gap: 0.0
efermi: 2.50504176
dos_magnetic_ordering: NM
dos_total_task_id: mp-1728164
dos_total_band_gap: 0.0
dos_total_cbm: 2.4791
dos_total_vbm: 2.5281000000000002
dos_total_efermi: 2.50504176
bs_setyawan_curtarolo_task_id: mp-1044592
bs_setyawan_curtarolo_band_gap: 0.3266
bs_setyawan_curtarolo_cbm: {'band_index': {'-1': [61], '1': []}, 'kpoint_index': ['183'], 'kpoint': <pymatgen.electronic_structure.bandstructure.Kpoint object at 0x7fc699d63930>, 'energy': 2.5883000000000003, 'projections': {'-1': [[0.0002, 0.00030000000000000003, 0.0, 0.0, 0.0, 0.0, 0.0007, 0.0002, 0.0002, 0.0007, 0.0002, 0.0002, 0.0, 0.0], [0.001, 0.0006000000000000001, 0.0015, 0.0002, 0.0002, 0.0015, 0.007500000000000001, 0.0005, 0.0011, 0.007500000000000001, 0.0011, 0.0005, 0.0952, 0.0952], [0.0, 0.0, 0.0, 0.0, 0.0, 0.0, 0.0016, 0.0004, 0.0004, 0.0016, 0.0004, 0.0004, 0.0, 0.0], [0.00030000000000000003, 0.0002, 0.0014, 0.0028, 0.0028, 0.0014, 0.0025, 0.0026000000000000003, 0.0021000000000000003, 0.0025, 0.0021000000000000003, 0.0026000000000000003, 0.0315, 0.0315], [0.0, 0.0, 0.032100000000000004, 0.008700000000000001, 0.008700000000000001, 0.032100000000000004, 0.0, 0.0, 0.0, 0.0, 0.0, 0.0, 0.0, 0.0], [0.0, 0.0002, 0.00030000000000000003, 0.041600000000000005, 0.041600000000000005, 0.00030000000000000003, 0.0, 0.0, 0.0, 0.0, 0.0, 0.0, 0.0, 0.0], [0.00030000000000000003, 0.0, 0.0001, 0.0001, 0.0001, 0.0001, 0.0, 0.0, 0.0, 0.0, 0.0, 0.0, 0.0, 0.0], [0.0, 0.0001, 0.0536, 0.0123, 0.0123, 0.0536, 0.0, 0.0, 0.0, 0.0, 0.0, 0.0, 0.0, 0.0], [0.0, 0.0, 0.044500000000000005, 0.0679, 0.0679, 0.044500000000000005, 0.0, 0.0, 0.0, 0.0, 0.0, 0.0, 0.0, 0.0]]}}
bs_setyawan_curtarolo_vbm: {'band_index': {'1': [72], '-1': []}, 'kpoint_index': [69, 70, 471], 'kpoint': <pymatgen.electronic_structure.bandstructure.Kpoint object at 0x7fc5d4b59be0>, 'energy': 2.2617, 'projections': {'1': [[0.0, 0.0, 0.0, 0.0, 0.0, 0.0, 0.0002, 0.0002, 0.0, 0.0002, 0.0, 0.0002, 0.0, 0.0], [0.0, 0.0, 0.0005, 0.0008, 0.0008, 0.0005, 0.0315, 0.014700000000000001, 0.0001, 0.0315, 0.0001, 0.014700000000000001, 0.0189, 0.0189], [0.0, 0.0, 0.003, 0.003, 0.003, 0.003, 0.0777, 0.0777, 0.0, 0.0777, 0.0, 0.0777, 0.0674, 0.0674], [0.0, 0.0, 0.0004, 0.0001, 0.0001, 0.0004, 0.0014, 0.0182, 0.00030000000000000003, 0.0014, 0.00030000000000000003, 0.0182, 0.0063, 0.0063], [0.0, 0.006900000000000001, 0.0031000000000000003, 0.0073, 0.0073, 0.0031000000000000003, 0.0, 0.0, 0.0, 0.0, 0.0, 0.0, 0.0, 0.0], [0.00030000000000000003, 0.013900000000000001, 0.0022, 0.0001, 0.0001, 0.0022, 0.0, 0.0, 0.0, 0.0, 0.0, 0.0, 0.0, 0.0], [0.0, 0.0, 0.023, 0.023, 0.023, 0.023, 0.0, 0.0, 0.0, 0.0, 0.0, 0.0, 0.0, 0.0], [0.0008, 0.0417, 0.0002, 0.0023, 0.0023, 0.0002, 0.0, 0.0, 0.0, 0.0, 0.0, 0.0, 0.0, 0.0], [0.0, 0.0207, 0.0045000000000000005, 0.0002, 0.0002, 0.0045000000000000005, 0.0, 0.0, 0.0, 0.0, 0.0, 0.0, 0.0, 0.0]]}}
bs_setyawan_curtarolo_efermi: 2.37399033