material_id: mp-17392
band_gap: 3.1157999999999992
efermi: 1.02822061
dos_magnetic_ordering: NM
dos_total_task_id: mp-1708345
dos_total_band_gap: 3.1261
dos_total_cbm: 3.5375
dos_total_vbm: 0.41140000000000004
dos_total_efermi: 0.38951522
bs_setyawan_curtarolo_task_id: mp-1606416
bs_setyawan_curtarolo_band_gap: 3.1157999999999992
bs_setyawan_curtarolo_cbm: {'band_index': {'1': [102]}, 'kpoint_index': [0, 29, 30], 'kpoint': <pymatgen.electronic_structure.bandstructure.Kpoint object at 0x7fc699d63930>, 'energy': 4.0135, 'projections': {'1': [[0.010400000000000001, 0.010400000000000001, 0.010400000000000001, 0.010400000000000001, 0.023100000000000002, 0.023100000000000002, 0.022, 0.022, 0.022, 0.022, 0.0115, 0.0115, 0.0115, 0.0115, 0.0115, 0.0115, 0.0115, 0.0115, 0.009000000000000001, 0.009000000000000001, 0.0115, 0.0115, 0.009000000000000001, 0.009000000000000001], [0.0, 0.0, 0.0, 0.0, 0.0, 0.0, 0.0, 0.0, 0.0, 0.0, 0.0, 0.0, 0.0009000000000000001, 0.0009000000000000001, 0.0009000000000000001, 0.0, 0.0, 0.0009000000000000001, 0.0001, 0.0001, 0.0, 0.0, 0.0001, 0.0001], [0.0, 0.0, 0.0, 0.0, 0.0, 0.0, 0.0001, 0.0001, 0.0001, 0.0001, 0.0066, 0.0066, 0.0066, 0.0066, 0.0066, 0.0066, 0.0066, 0.0066, 0.009000000000000001, 0.009000000000000001, 0.0044, 0.0044, 0.009000000000000001, 0.009000000000000001], [0.0, 0.0, 0.0, 0.0, 0.0, 0.0, 0.0, 0.0, 0.0, 0.0, 0.0009000000000000001, 0.0009000000000000001, 0.0, 0.0, 0.0, 0.0009000000000000001, 0.0009000000000000001, 0.0, 0.0001, 0.0001, 0.0, 0.0, 0.0001, 0.0001], [0.0001, 0.0001, 0.0001, 0.0001, 0.0, 0.0, 0.00030000000000000003, 0.00030000000000000003, 0.00030000000000000003, 0.00030000000000000003, 0.0, 0.0, 0.0, 0.0, 0.0, 0.0, 0.0, 0.0, 0.0, 0.0, 0.0, 0.0, 0.0, 0.0], [0.0, 0.0, 0.0, 0.0, 0.0, 0.0, 0.0001, 0.0001, 0.0001, 0.0001, 0.0, 0.0, 0.0, 0.0, 0.0, 0.0, 0.0, 0.0, 0.0, 0.0, 0.0, 0.0, 0.0, 0.0], [0.0, 0.0, 0.0, 0.0, 0.001, 0.001, 0.0007, 0.0007, 0.0007, 0.0007, 0.0, 0.0, 0.0, 0.0, 0.0, 0.0, 0.0, 0.0, 0.0, 0.0, 0.0, 0.0, 0.0, 0.0], [0.0, 0.0, 0.0, 0.0, 0.0, 0.0, 0.0001, 0.0001, 0.0001, 0.0001, 0.0, 0.0, 0.0, 0.0, 0.0, 0.0, 0.0, 0.0, 0.0, 0.0, 0.0, 0.0, 0.0, 0.0], [0.0, 0.0, 0.0, 0.0, 0.0, 0.0, 0.0, 0.0, 0.0, 0.0, 0.0, 0.0, 0.0, 0.0, 0.0, 0.0, 0.0, 0.0, 0.0, 0.0, 0.0, 0.0, 0.0, 0.0]]}}
bs_setyawan_curtarolo_vbm: {'band_index': {'1': [101]}, 'kpoint_index': [42, 43, 72], 'kpoint': <pymatgen.electronic_structure.bandstructure.Kpoint object at 0x7fc5d4b5a190>, 'energy': 0.8977, 'projections': {'1': [[0.0, 0.0, 0.0, 0.0, 0.0, 0.0, 0.0, 0.0, 0.0, 0.0, 0.0, 0.0, 0.0, 0.0, 0.0, 0.0, 0.0, 0.0, 0.0, 0.0, 0.0, 0.0, 0.0, 0.0], [0.00030000000000000003, 0.00030000000000000003, 0.00030000000000000003, 0.00030000000000000003, 0.0, 0.0, 0.0002, 0.0002, 0.0002, 0.0002, 0.0035, 0.0035, 0.0086, 0.0086, 0.0086, 0.0035, 0.0035, 0.0086, 0.0103, 0.0103, 0.0, 0.0, 0.0103, 0.0103], [0.0, 0.0, 0.0, 0.0, 0.012700000000000001, 0.012700000000000001, 0.0, 0.0, 0.0, 0.0, 0.0533, 0.0533, 0.0533, 0.0533, 0.0533, 0.0533, 0.0533, 0.0533, 0.0, 0.0, 0.0, 0.0, 0.0, 0.0], [0.00030000000000000003, 0.00030000000000000003, 0.00030000000000000003, 0.00030000000000000003, 0.0, 0.0, 0.0002, 0.0002, 0.0002, 0.0002, 0.0086, 0.0086, 0.0035, 0.0035, 0.0035, 0.0086, 0.0086, 0.0035, 0.0103, 0.0103, 0.0, 0.0, 0.0103, 0.0103], [0.0, 0.0, 0.0, 0.0, 0.039900000000000005, 0.039900000000000005, 0.0, 0.0, 0.0, 0.0, 0.0, 0.0, 0.0, 0.0, 0.0, 0.0, 0.0, 0.0, 0.0, 0.0, 0.0, 0.0, 0.0, 0.0], [0.0, 0.0, 0.0, 0.0, 0.0, 0.0, 0.0, 0.0, 0.0, 0.0, 0.0, 0.0, 0.0, 0.0, 0.0, 0.0, 0.0, 0.0, 0.0, 0.0, 0.0, 0.0, 0.0, 0.0], [0.0, 0.0, 0.0, 0.0, 0.0, 0.0, 0.0, 0.0, 0.0, 0.0, 0.0, 0.0, 0.0, 0.0, 0.0, 0.0, 0.0, 0.0, 0.0, 0.0, 0.0, 0.0, 0.0, 0.0], [0.0, 0.0, 0.0, 0.0, 0.0, 0.0, 0.0, 0.0, 0.0, 0.0, 0.0, 0.0, 0.0, 0.0, 0.0, 0.0, 0.0, 0.0, 0.0, 0.0, 0.0, 0.0, 0.0, 0.0], [0.0012000000000000001, 0.0012000000000000001, 0.0012000000000000001, 0.0012000000000000001, 0.032600000000000004, 0.032600000000000004, 0.0005, 0.0005, 0.0005, 0.0005, 0.0, 0.0, 0.0, 0.0, 0.0, 0.0, 0.0, 0.0, 0.0, 0.0, 0.0, 0.0, 0.0, 0.0]]}}
bs_setyawan_curtarolo_efermi: 1.02822061
bs_hinuma_task_id: mp-2170819
bs_hinuma_band_gap: 3.1157999999999992
bs_hinuma_cbm: {'band_index': {'1': [102]}, 'kpoint_index': [0, 29, 30], 'kpoint': <pymatgen.electronic_structure.bandstructure.Kpoint object at 0x7fc5d4b5a3c0>, 'energy': 4.0135, 'projections': {'1': [[0.010400000000000001, 0.010400000000000001, 0.010400000000000001, 0.010400000000000001, 0.023100000000000002, 0.023100000000000002, 0.022, 0.022, 0.022, 0.022, 0.0115, 0.0115, 0.0115, 0.0115, 0.0115, 0.0115, 0.0115, 0.0115, 0.009000000000000001, 0.009000000000000001, 0.0115, 0.0115, 0.009000000000000001, 0.009000000000000001], [0.0, 0.0, 0.0, 0.0, 0.0, 0.0, 0.0, 0.0, 0.0, 0.0, 0.0, 0.0, 0.0009000000000000001, 0.0009000000000000001, 0.0009000000000000001, 0.0, 0.0, 0.0009000000000000001, 0.0001, 0.0001, 0.0, 0.0, 0.0001, 0.0001], [0.0, 0.0, 0.0, 0.0, 0.0, 0.0, 0.0001, 0.0001, 0.0001, 0.0001, 0.0066, 0.0066, 0.0066, 0.0066, 0.0066, 0.0066, 0.0066, 0.0066, 0.009000000000000001, 0.009000000000000001, 0.0044, 0.0044, 0.009000000000000001, 0.009000000000000001], [0.0, 0.0, 0.0, 0.0, 0.0, 0.0, 0.0, 0.0, 0.0, 0.0, 0.0009000000000000001, 0.0009000000000000001, 0.0, 0.0, 0.0, 0.0009000000000000001, 0.0009000000000000001, 0.0, 0.0001, 0.0001, 0.0, 0.0, 0.0001, 0.0001], [0.0001, 0.0001, 0.0001, 0.0001, 0.0, 0.0, 0.00030000000000000003, 0.00030000000000000003, 0.00030000000000000003, 0.00030000000000000003, 0.0, 0.0, 0.0, 0.0, 0.0, 0.0, 0.0, 0.0, 0.0, 0.0, 0.0, 0.0, 0.0, 0.0], [0.0, 0.0, 0.0, 0.0, 0.0, 0.0, 0.0001, 0.0001, 0.0001, 0.0001, 0.0, 0.0, 0.0, 0.0, 0.0, 0.0, 0.0, 0.0, 0.0, 0.0, 0.0, 0.0, 0.0, 0.0], [0.0, 0.0, 0.0, 0.0, 0.001, 0.001, 0.0007, 0.0007, 0.0007, 0.0007, 0.0, 0.0, 0.0, 0.0, 0.0, 0.0, 0.0, 0.0, 0.0, 0.0, 0.0, 0.0, 0.0, 0.0], [0.0, 0.0, 0.0, 0.0, 0.0, 0.0, 0.0001, 0.0001, 0.0001, 0.0001, 0.0, 0.0, 0.0, 0.0, 0.0, 0.0, 0.0, 0.0, 0.0, 0.0, 0.0, 0.0, 0.0, 0.0], [0.0, 0.0, 0.0, 0.0, 0.0, 0.0, 0.0, 0.0, 0.0, 0.0, 0.0, 0.0, 0.0, 0.0, 0.0, 0.0, 0.0, 0.0, 0.0, 0.0, 0.0, 0.0, 0.0, 0.0]]}}
bs_hinuma_vbm: {'band_index': {'1': [101]}, 'kpoint_index': [42, 43, 72], 'kpoint': <pymatgen.electronic_structure.bandstructure.Kpoint object at 0x7fc5d4b59e80>, 'energy': 0.8977, 'projections': {'1': [[0.0, 0.0, 0.0, 0.0, 0.0, 0.0, 0.0, 0.0, 0.0, 0.0, 0.0, 0.0, 0.0, 0.0, 0.0, 0.0, 0.0, 0.0, 0.0, 0.0, 0.0, 0.0, 0.0, 0.0], [0.00030000000000000003, 0.00030000000000000003, 0.00030000000000000003, 0.00030000000000000003, 0.0, 0.0, 0.0002, 0.0002, 0.0002, 0.0002, 0.0035, 0.0035, 0.0086, 0.0086, 0.0086, 0.0035, 0.0035, 0.0086, 0.0103, 0.0103, 0.0, 0.0, 0.0103, 0.0103], [0.0, 0.0, 0.0, 0.0, 0.012700000000000001, 0.012700000000000001, 0.0, 0.0, 0.0, 0.0, 0.0533, 0.0533, 0.0533, 0.0533, 0.0533, 0.0533, 0.0533, 0.0533, 0.0, 0.0, 0.0, 0.0, 0.0, 0.0], [0.00030000000000000003, 0.00030000000000000003, 0.00030000000000000003, 0.00030000000000000003, 0.0, 0.0, 0.0002, 0.0002, 0.0002, 0.0002, 0.0086, 0.0086, 0.0035, 0.0035, 0.0035, 0.0086, 0.0086, 0.0035, 0.0103, 0.0103, 0.0, 0.0, 0.0103, 0.0103], [0.0, 0.0, 0.0, 0.0, 0.039900000000000005, 0.039900000000000005, 0.0, 0.0, 0.0, 0.0, 0.0, 0.0, 0.0, 0.0, 0.0, 0.0, 0.0, 0.0, 0.0, 0.0, 0.0, 0.0, 0.0, 0.0], [0.0, 0.0, 0.0, 0.0, 0.0, 0.0, 0.0, 0.0, 0.0, 0.0, 0.0, 0.0, 0.0, 0.0, 0.0, 0.0, 0.0, 0.0, 0.0, 0.0, 0.0, 0.0, 0.0, 0.0], [0.0, 0.0, 0.0, 0.0, 0.0, 0.0, 0.0, 0.0, 0.0, 0.0, 0.0, 0.0, 0.0, 0.0, 0.0, 0.0, 0.0, 0.0, 0.0, 0.0, 0.0, 0.0, 0.0, 0.0], [0.0, 0.0, 0.0, 0.0, 0.0, 0.0, 0.0, 0.0, 0.0, 0.0, 0.0, 0.0, 0.0, 0.0, 0.0, 0.0, 0.0, 0.0, 0.0, 0.0, 0.0, 0.0, 0.0, 0.0], [0.0012000000000000001, 0.0012000000000000001, 0.0012000000000000001, 0.0012000000000000001, 0.032600000000000004, 0.032600000000000004, 0.0005, 0.0005, 0.0005, 0.0005, 0.0, 0.0, 0.0, 0.0, 0.0, 0.0, 0.0, 0.0, 0.0, 0.0, 0.0, 0.0, 0.0, 0.0]]}}
bs_hinuma_efermi: 1.02822061
bs_latimer_munro_task_id: mp-2686428
bs_latimer_munro_band_gap: 3.1157999999999992
bs_latimer_munro_cbm: {'band_index': {'1': [102]}, 'kpoint_index': [23, 24, 114, 115, 128], 'kpoint': <pymatgen.electronic_structure.bandstructure.Kpoint object at 0x7fc5d4b5a200>, 'energy': 4.0135, 'projections': {'1': [[0.010400000000000001, 0.010400000000000001, 0.010400000000000001, 0.010400000000000001, 0.023100000000000002, 0.023100000000000002, 0.022, 0.022, 0.022, 0.022, 0.0115, 0.0115, 0.0115, 0.0115, 0.0115, 0.0115, 0.0115, 0.0115, 0.009000000000000001, 0.009000000000000001, 0.0115, 0.0115, 0.009000000000000001, 0.009000000000000001], [0.0, 0.0, 0.0, 0.0, 0.0, 0.0, 0.0, 0.0, 0.0, 0.0, 0.0, 0.0, 0.0009000000000000001, 0.0009000000000000001, 0.0009000000000000001, 0.0, 0.0, 0.0009000000000000001, 0.0001, 0.0001, 0.0, 0.0, 0.0001, 0.0001], [0.0, 0.0, 0.0, 0.0, 0.0, 0.0, 0.0001, 0.0001, 0.0001, 0.0001, 0.0066, 0.0066, 0.0066, 0.0066, 0.0066, 0.0066, 0.0066, 0.0066, 0.009000000000000001, 0.009000000000000001, 0.0044, 0.0044, 0.009000000000000001, 0.009000000000000001], [0.0, 0.0, 0.0, 0.0, 0.0, 0.0, 0.0, 0.0, 0.0, 0.0, 0.0009000000000000001, 0.0009000000000000001, 0.0, 0.0, 0.0, 0.0009000000000000001, 0.0009000000000000001, 0.0, 0.0001, 0.0001, 0.0, 0.0, 0.0001, 0.0001], [0.0001, 0.0001, 0.0001, 0.0001, 0.0, 0.0, 0.00030000000000000003, 0.00030000000000000003, 0.00030000000000000003, 0.00030000000000000003, 0.0, 0.0, 0.0, 0.0, 0.0, 0.0, 0.0, 0.0, 0.0, 0.0, 0.0, 0.0, 0.0, 0.0], [0.0, 0.0, 0.0, 0.0, 0.0, 0.0, 0.0001, 0.0001, 0.0001, 0.0001, 0.0, 0.0, 0.0, 0.0, 0.0, 0.0, 0.0, 0.0, 0.0, 0.0, 0.0, 0.0, 0.0, 0.0], [0.0, 0.0, 0.0, 0.0, 0.001, 0.001, 0.0007, 0.0007, 0.0007, 0.0007, 0.0, 0.0, 0.0, 0.0, 0.0, 0.0, 0.0, 0.0, 0.0, 0.0, 0.0, 0.0, 0.0, 0.0], [0.0, 0.0, 0.0, 0.0, 0.0, 0.0, 0.0001, 0.0001, 0.0001, 0.0001, 0.0, 0.0, 0.0, 0.0, 0.0, 0.0, 0.0, 0.0, 0.0, 0.0, 0.0, 0.0, 0.0, 0.0], [0.0, 0.0, 0.0, 0.0, 0.0, 0.0, 0.0, 0.0, 0.0, 0.0, 0.0, 0.0, 0.0, 0.0, 0.0, 0.0, 0.0, 0.0, 0.0, 0.0, 0.0, 0.0, 0.0, 0.0]]}}
bs_latimer_munro_vbm: {'band_index': {'1': [101]}, 'kpoint_index': [52, 53, 127], 'kpoint': <pymatgen.electronic_structure.bandstructure.Kpoint object at 0x7fc5d4b59d30>, 'energy': 0.8977, 'projections': {'1': [[0.0, 0.0, 0.0, 0.0, 0.0, 0.0, 0.0, 0.0, 0.0, 0.0, 0.0, 0.0, 0.0, 0.0, 0.0, 0.0, 0.0, 0.0, 0.0, 0.0, 0.0, 0.0, 0.0, 0.0], [0.00030000000000000003, 0.00030000000000000003, 0.00030000000000000003, 0.00030000000000000003, 0.0, 0.0, 0.0002, 0.0002, 0.0002, 0.0002, 0.0035, 0.0035, 0.0086, 0.0086, 0.0086, 0.0035, 0.0035, 0.0086, 0.0103, 0.0103, 0.0, 0.0, 0.0103, 0.0103], [0.0, 0.0, 0.0, 0.0, 0.012700000000000001, 0.012700000000000001, 0.0, 0.0, 0.0, 0.0, 0.0533, 0.0533, 0.0533, 0.0533, 0.0533, 0.0533, 0.0533, 0.0533, 0.0, 0.0, 0.0, 0.0, 0.0, 0.0], [0.00030000000000000003, 0.00030000000000000003, 0.00030000000000000003, 0.00030000000000000003, 0.0, 0.0, 0.0002, 0.0002, 0.0002, 0.0002, 0.0086, 0.0086, 0.0035, 0.0035, 0.0035, 0.0086, 0.0086, 0.0035, 0.0103, 0.0103, 0.0, 0.0, 0.0103, 0.0103], [0.0, 0.0, 0.0, 0.0, 0.039900000000000005, 0.039900000000000005, 0.0, 0.0, 0.0, 0.0, 0.0, 0.0, 0.0, 0.0, 0.0, 0.0, 0.0, 0.0, 0.0, 0.0, 0.0, 0.0, 0.0, 0.0], [0.0, 0.0, 0.0, 0.0, 0.0, 0.0, 0.0, 0.0, 0.0, 0.0, 0.0, 0.0, 0.0, 0.0, 0.0, 0.0, 0.0, 0.0, 0.0, 0.0, 0.0, 0.0, 0.0, 0.0], [0.0, 0.0, 0.0, 0.0, 0.0, 0.0, 0.0, 0.0, 0.0, 0.0, 0.0, 0.0, 0.0, 0.0, 0.0, 0.0, 0.0, 0.0, 0.0, 0.0, 0.0, 0.0, 0.0, 0.0], [0.0, 0.0, 0.0, 0.0, 0.0, 0.0, 0.0, 0.0, 0.0, 0.0, 0.0, 0.0, 0.0, 0.0, 0.0, 0.0, 0.0, 0.0, 0.0, 0.0, 0.0, 0.0, 0.0, 0.0], [0.0012000000000000001, 0.0012000000000000001, 0.0012000000000000001, 0.0012000000000000001, 0.032600000000000004, 0.032600000000000004, 0.0005, 0.0005, 0.0005, 0.0005, 0.0, 0.0, 0.0, 0.0, 0.0, 0.0, 0.0, 0.0, 0.0, 0.0, 0.0, 0.0, 0.0, 0.0]]}}
bs_latimer_munro_efermi: 1.06685266