material_id: mp-1191432
band_gap: 0.046699999999999006
efermi: 6.55701188
dos_magnetic_ordering: FM
dos_total_task_id: mp-1759559
dos_total_band_gap: 0.045899999999999004
dos_total_cbm: 6.582
dos_total_vbm: 6.5361
dos_total_efermi: 6.54186883
bs_setyawan_curtarolo_task_id: mp-1626557
bs_setyawan_curtarolo_band_gap: 0.046699999999999006
bs_setyawan_curtarolo_cbm: {'band_index': {'1': [96], '-1': []}, 'kpoint_index': ['57'], 'kpoint': <pymatgen.electronic_structure.bandstructure.Kpoint object at 0x7fc699d63930>, 'energy': 6.579, 'projections': {'1': [[0.0001, 0.0001, 0.0001, 0.0001, 0.0001, 0.0001, 0.0, 0.0, 0.0007, 0.0007, 0.0001, 0.0001, 0.0001, 0.0001, 0.0001, 0.0001, 0.0, 0.0, 0.0, 0.0, 0.0, 0.0, 0.0, 0.0], [0.0, 0.0, 0.0, 0.0, 0.0, 0.0, 0.00030000000000000003, 0.00030000000000000003, 0.0, 0.0, 0.0008, 0.0004, 0.0001, 0.0008, 0.0004, 0.0001, 0.0001, 0.0, 0.0001, 0.0001, 0.0, 0.0001, 0.0004, 0.0004], [0.0, 0.0, 0.0, 0.0, 0.0, 0.0, 0.0, 0.0, 0.00030000000000000003, 0.00030000000000000003, 0.0, 0.0, 0.0, 0.0, 0.0, 0.0, 0.0001, 0.0001, 0.0001, 0.0001, 0.0001, 0.0001, 0.0, 0.0], [0.0, 0.0, 0.0, 0.0, 0.0, 0.0, 0.00030000000000000003, 0.00030000000000000003, 0.0, 0.0, 0.0, 0.0004, 0.0007, 0.0, 0.0004, 0.0007, 0.0, 0.0001, 0.0, 0.0, 0.0001, 0.0, 0.0004, 0.0004], [0.00030000000000000003, 0.00030000000000000003, 0.0011, 0.00030000000000000003, 0.00030000000000000003, 0.0011, 0.0, 0.0, 0.0, 0.0, 0.0, 0.0, 0.0, 0.0, 0.0, 0.0, 0.0, 0.0, 0.0, 0.0, 0.0, 0.0, 0.0, 0.0], [0.0029000000000000002, 0.0, 0.003, 0.0029000000000000002, 0.0, 0.003, 0.0, 0.0, 0.0, 0.0, 0.0, 0.0, 0.0, 0.0, 0.0, 0.0, 0.0, 0.0, 0.0, 0.0, 0.0, 0.0, 0.0, 0.0], [0.0004, 0.0004, 0.0005, 0.0004, 0.0004, 0.0005, 0.0, 0.0, 0.0, 0.0, 0.0, 0.0, 0.0, 0.0, 0.0, 0.0, 0.0, 0.0, 0.0, 0.0, 0.0, 0.0, 0.0, 0.0], [0.0011, 0.004200000000000001, 0.0009000000000000001, 0.0011, 0.004200000000000001, 0.0009000000000000001, 0.0, 0.0, 0.0, 0.0, 0.0, 0.0, 0.0, 0.0, 0.0, 0.0, 0.0, 0.0, 0.0, 0.0, 0.0, 0.0, 0.0, 0.0], [0.0008, 0.0008, 0.0001, 0.0008, 0.0008, 0.0001, 0.0, 0.0, 0.0, 0.0, 0.0, 0.0, 0.0, 0.0, 0.0, 0.0, 0.0, 0.0, 0.0, 0.0, 0.0, 0.0, 0.0, 0.0], [0.044500000000000005, 0.0472, 0.043500000000000004, 0.044500000000000005, 0.0473, 0.043500000000000004, 0.0, 0.0, 0.0, 0.0, 0.0, 0.0, 0.0, 0.0, 0.0, 0.0, 0.0, 0.0, 0.0, 0.0, 0.0, 0.0, 0.0, 0.0], [0.0143, 0.0112, 0.0045000000000000005, 0.0143, 0.0112, 0.0045000000000000005, 0.0, 0.0, 0.0, 0.0, 0.0, 0.0, 0.0, 0.0, 0.0, 0.0, 0.0, 0.0, 0.0, 0.0, 0.0, 0.0, 0.0, 0.0], [0.0227, 0.0058000000000000005, 0.0241, 0.0227, 0.0058000000000000005, 0.0241, 0.0, 0.0, 0.0, 0.0, 0.0, 0.0, 0.0, 0.0, 0.0, 0.0, 0.0, 0.0, 0.0, 0.0, 0.0, 0.0, 0.0, 0.0], [0.0078000000000000005, 0.0068000000000000005, 0.006900000000000001, 0.0078000000000000005, 0.0068000000000000005, 0.006900000000000001, 0.0, 0.0, 0.0, 0.0, 0.0, 0.0, 0.0, 0.0, 0.0, 0.0, 0.0, 0.0, 0.0, 0.0, 0.0, 0.0, 0.0, 0.0], [0.013600000000000001, 0.0309, 0.01, 0.0135, 0.0309, 0.01, 0.0, 0.0, 0.0, 0.0, 0.0, 0.0, 0.0, 0.0, 0.0, 0.0, 0.0, 0.0, 0.0, 0.0, 0.0, 0.0, 0.0, 0.0], [0.0056, 0.0099, 0.0172, 0.0057, 0.0099, 0.0172, 0.0, 0.0, 0.0, 0.0, 0.0, 0.0, 0.0, 0.0, 0.0, 0.0, 0.0, 0.0, 0.0, 0.0, 0.0, 0.0, 0.0, 0.0], [0.0354, 0.0341, 0.0325, 0.0354, 0.0341, 0.0325, 0.0, 0.0, 0.0, 0.0, 0.0, 0.0, 0.0, 0.0, 0.0, 0.0, 0.0, 0.0, 0.0, 0.0, 0.0, 0.0, 0.0, 0.0]]}}
bs_setyawan_curtarolo_vbm: {'band_index': {'1': [95], '-1': []}, 'kpoint_index': ['24'], 'kpoint': <pymatgen.electronic_structure.bandstructure.Kpoint object at 0x7fc5d4b59be0>, 'energy': 6.5323, 'projections': {'1': [[0.0001, 0.0, 0.0, 0.0001, 0.0, 0.0, 0.0, 0.0, 0.0, 0.0, 0.0, 0.0, 0.0, 0.0, 0.0, 0.0, 0.0, 0.0, 0.0, 0.0, 0.0, 0.0, 0.0, 0.0], [0.0, 0.0, 0.0, 0.0, 0.0, 0.0, 0.0001, 0.0001, 0.0, 0.0, 0.0, 0.0006000000000000001, 0.0, 0.0, 0.0006000000000000001, 0.0, 0.0001, 0.0002, 0.0004, 0.0001, 0.0002, 0.0004, 0.0002, 0.0002], [0.0, 0.0, 0.0, 0.0, 0.0, 0.0, 0.0, 0.0, 0.0, 0.0, 0.0004, 0.0001, 0.0, 0.0004, 0.0001, 0.0, 0.0, 0.0002, 0.0, 0.0, 0.0002, 0.0, 0.0, 0.0], [0.0, 0.0, 0.0001, 0.0, 0.0, 0.0001, 0.0002, 0.0002, 0.0001, 0.0001, 0.00030000000000000003, 0.0007, 0.0009000000000000001, 0.00030000000000000003, 0.0007, 0.0009000000000000001, 0.0, 0.0001, 0.0, 0.0, 0.0001, 0.0, 0.0002, 0.0002], [0.0, 0.0005, 0.0001, 0.0, 0.0005, 0.0001, 0.0, 0.0, 0.0, 0.0, 0.0, 0.0, 0.0, 0.0, 0.0, 0.0, 0.0, 0.0, 0.0, 0.0, 0.0, 0.0, 0.0, 0.0], [0.0008, 0.0, 0.0, 0.0008, 0.0, 0.0, 0.0, 0.0, 0.0, 0.0, 0.0, 0.0, 0.0, 0.0, 0.0, 0.0, 0.0, 0.0, 0.0, 0.0, 0.0, 0.0, 0.0, 0.0], [0.0, 0.0002, 0.0, 0.0, 0.0002, 0.0, 0.0, 0.0, 0.0, 0.0, 0.0, 0.0, 0.0, 0.0, 0.0, 0.0, 0.0, 0.0, 0.0, 0.0, 0.0, 0.0, 0.0, 0.0], [0.0, 0.0001, 0.0001, 0.0, 0.0001, 0.0001, 0.0, 0.0, 0.0, 0.0, 0.0, 0.0, 0.0, 0.0, 0.0, 0.0, 0.0, 0.0, 0.0, 0.0, 0.0, 0.0, 0.0, 0.0], [0.0004, 0.0001, 0.0002, 0.0004, 0.0001, 0.0002, 0.0, 0.0, 0.0001, 0.0001, 0.0, 0.0, 0.0, 0.0, 0.0, 0.0, 0.0, 0.0, 0.0, 0.0, 0.0, 0.0, 0.0, 0.0], [0.009600000000000001, 0.0183, 0.08420000000000001, 0.009600000000000001, 0.0183, 0.08460000000000001, 0.0, 0.0, 0.0, 0.0, 0.0, 0.0, 0.0, 0.0, 0.0, 0.0, 0.0, 0.0, 0.0, 0.0, 0.0, 0.0, 0.0, 0.0], [0.0009000000000000001, 0.0011, 0.06910000000000001, 0.0009000000000000001, 0.0011, 0.0694, 0.0, 0.0, 0.0, 0.0, 0.0, 0.0, 0.0, 0.0, 0.0, 0.0, 0.0, 0.0, 0.0, 0.0, 0.0, 0.0, 0.0, 0.0], [0.0008, 0.0086, 0.0995, 0.0008, 0.0086, 0.10010000000000001, 0.0, 0.0, 0.0, 0.0, 0.0, 0.0, 0.0, 0.0, 0.0, 0.0, 0.0, 0.0, 0.0, 0.0, 0.0, 0.0, 0.0, 0.0], [0.002, 0.0177, 0.0085, 0.002, 0.0177, 0.0086, 0.0, 0.0, 0.0, 0.0, 0.0, 0.0, 0.0, 0.0, 0.0, 0.0, 0.0, 0.0, 0.0, 0.0, 0.0, 0.0, 0.0, 0.0], [0.0028, 0.0523, 0.0004, 0.0028, 0.0526, 0.0005, 0.0, 0.0, 0.0, 0.0, 0.0, 0.0, 0.0, 0.0, 0.0, 0.0, 0.0, 0.0, 0.0, 0.0, 0.0, 0.0, 0.0, 0.0], [0.0115, 0.028200000000000003, 0.0006000000000000001, 0.0115, 0.028300000000000002, 0.0006000000000000001, 0.0, 0.0, 0.0, 0.0, 0.0, 0.0, 0.0, 0.0, 0.0, 0.0, 0.0, 0.0, 0.0, 0.0, 0.0, 0.0, 0.0, 0.0], [0.0058000000000000005, 0.0205, 0.0268, 0.0058000000000000005, 0.0206, 0.0269, 0.0, 0.0, 0.0, 0.0, 0.0, 0.0, 0.0, 0.0, 0.0, 0.0, 0.0, 0.0, 0.0, 0.0, 0.0, 0.0, 0.0, 0.0]]}}
bs_setyawan_curtarolo_efermi: 6.55701188
bs_hinuma_task_id: mp-2154372
bs_hinuma_band_gap: 0.046699999999999006
bs_hinuma_cbm: {'band_index': {'1': [96], '-1': []}, 'kpoint_index': ['57'], 'kpoint': <pymatgen.electronic_structure.bandstructure.Kpoint object at 0x7fc5d4b59d30>, 'energy': 6.579, 'projections': {'1': [[0.0001, 0.0001, 0.0001, 0.0001, 0.0001, 0.0001, 0.0, 0.0, 0.0007, 0.0007, 0.0001, 0.0001, 0.0001, 0.0001, 0.0001, 0.0001, 0.0, 0.0, 0.0, 0.0, 0.0, 0.0, 0.0, 0.0], [0.0, 0.0, 0.0, 0.0, 0.0, 0.0, 0.00030000000000000003, 0.00030000000000000003, 0.0, 0.0, 0.0008, 0.0004, 0.0001, 0.0008, 0.0004, 0.0001, 0.0001, 0.0, 0.0001, 0.0001, 0.0, 0.0001, 0.0004, 0.0004], [0.0, 0.0, 0.0, 0.0, 0.0, 0.0, 0.0, 0.0, 0.00030000000000000003, 0.00030000000000000003, 0.0, 0.0, 0.0, 0.0, 0.0, 0.0, 0.0001, 0.0001, 0.0001, 0.0001, 0.0001, 0.0001, 0.0, 0.0], [0.0, 0.0, 0.0, 0.0, 0.0, 0.0, 0.00030000000000000003, 0.00030000000000000003, 0.0, 0.0, 0.0, 0.0004, 0.0007, 0.0, 0.0004, 0.0007, 0.0, 0.0001, 0.0, 0.0, 0.0001, 0.0, 0.0004, 0.0004], [0.00030000000000000003, 0.00030000000000000003, 0.0011, 0.00030000000000000003, 0.00030000000000000003, 0.0011, 0.0, 0.0, 0.0, 0.0, 0.0, 0.0, 0.0, 0.0, 0.0, 0.0, 0.0, 0.0, 0.0, 0.0, 0.0, 0.0, 0.0, 0.0], [0.0029000000000000002, 0.0, 0.003, 0.0029000000000000002, 0.0, 0.003, 0.0, 0.0, 0.0, 0.0, 0.0, 0.0, 0.0, 0.0, 0.0, 0.0, 0.0, 0.0, 0.0, 0.0, 0.0, 0.0, 0.0, 0.0], [0.0004, 0.0004, 0.0005, 0.0004, 0.0004, 0.0005, 0.0, 0.0, 0.0, 0.0, 0.0, 0.0, 0.0, 0.0, 0.0, 0.0, 0.0, 0.0, 0.0, 0.0, 0.0, 0.0, 0.0, 0.0], [0.0011, 0.004200000000000001, 0.0009000000000000001, 0.0011, 0.004200000000000001, 0.0009000000000000001, 0.0, 0.0, 0.0, 0.0, 0.0, 0.0, 0.0, 0.0, 0.0, 0.0, 0.0, 0.0, 0.0, 0.0, 0.0, 0.0, 0.0, 0.0], [0.0008, 0.0008, 0.0001, 0.0008, 0.0008, 0.0001, 0.0, 0.0, 0.0, 0.0, 0.0, 0.0, 0.0, 0.0, 0.0, 0.0, 0.0, 0.0, 0.0, 0.0, 0.0, 0.0, 0.0, 0.0], [0.044500000000000005, 0.0472, 0.043500000000000004, 0.044500000000000005, 0.0473, 0.043500000000000004, 0.0, 0.0, 0.0, 0.0, 0.0, 0.0, 0.0, 0.0, 0.0, 0.0, 0.0, 0.0, 0.0, 0.0, 0.0, 0.0, 0.0, 0.0], [0.0143, 0.0112, 0.0045000000000000005, 0.0143, 0.0112, 0.0045000000000000005, 0.0, 0.0, 0.0, 0.0, 0.0, 0.0, 0.0, 0.0, 0.0, 0.0, 0.0, 0.0, 0.0, 0.0, 0.0, 0.0, 0.0, 0.0], [0.0227, 0.0058000000000000005, 0.0241, 0.0227, 0.0058000000000000005, 0.0241, 0.0, 0.0, 0.0, 0.0, 0.0, 0.0, 0.0, 0.0, 0.0, 0.0, 0.0, 0.0, 0.0, 0.0, 0.0, 0.0, 0.0, 0.0], [0.0078000000000000005, 0.0068000000000000005, 0.006900000000000001, 0.0078000000000000005, 0.0068000000000000005, 0.006900000000000001, 0.0, 0.0, 0.0, 0.0, 0.0, 0.0, 0.0, 0.0, 0.0, 0.0, 0.0, 0.0, 0.0, 0.0, 0.0, 0.0, 0.0, 0.0], [0.013600000000000001, 0.0309, 0.01, 0.0135, 0.0309, 0.01, 0.0, 0.0, 0.0, 0.0, 0.0, 0.0, 0.0, 0.0, 0.0, 0.0, 0.0, 0.0, 0.0, 0.0, 0.0, 0.0, 0.0, 0.0], [0.0056, 0.0099, 0.0172, 0.0057, 0.0099, 0.0172, 0.0, 0.0, 0.0, 0.0, 0.0, 0.0, 0.0, 0.0, 0.0, 0.0, 0.0, 0.0, 0.0, 0.0, 0.0, 0.0, 0.0, 0.0], [0.0354, 0.0341, 0.0325, 0.0354, 0.0341, 0.0325, 0.0, 0.0, 0.0, 0.0, 0.0, 0.0, 0.0, 0.0, 0.0, 0.0, 0.0, 0.0, 0.0, 0.0, 0.0, 0.0, 0.0, 0.0]]}}
bs_hinuma_vbm: {'band_index': {'1': [95], '-1': []}, 'kpoint_index': ['24'], 'kpoint': <pymatgen.electronic_structure.bandstructure.Kpoint object at 0x7fc5d4b5a350>, 'energy': 6.5323, 'projections': {'1': [[0.0001, 0.0, 0.0, 0.0001, 0.0, 0.0, 0.0, 0.0, 0.0, 0.0, 0.0, 0.0, 0.0, 0.0, 0.0, 0.0, 0.0, 0.0, 0.0, 0.0, 0.0, 0.0, 0.0, 0.0], [0.0, 0.0, 0.0, 0.0, 0.0, 0.0, 0.0001, 0.0001, 0.0, 0.0, 0.0, 0.0006000000000000001, 0.0, 0.0, 0.0006000000000000001, 0.0, 0.0001, 0.0002, 0.0004, 0.0001, 0.0002, 0.0004, 0.0002, 0.0002], [0.0, 0.0, 0.0, 0.0, 0.0, 0.0, 0.0, 0.0, 0.0, 0.0, 0.0004, 0.0001, 0.0, 0.0004, 0.0001, 0.0, 0.0, 0.0002, 0.0, 0.0, 0.0002, 0.0, 0.0, 0.0], [0.0, 0.0, 0.0001, 0.0, 0.0, 0.0001, 0.0002, 0.0002, 0.0001, 0.0001, 0.00030000000000000003, 0.0007, 0.0009000000000000001, 0.00030000000000000003, 0.0007, 0.0009000000000000001, 0.0, 0.0001, 0.0, 0.0, 0.0001, 0.0, 0.0002, 0.0002], [0.0, 0.0005, 0.0001, 0.0, 0.0005, 0.0001, 0.0, 0.0, 0.0, 0.0, 0.0, 0.0, 0.0, 0.0, 0.0, 0.0, 0.0, 0.0, 0.0, 0.0, 0.0, 0.0, 0.0, 0.0], [0.0008, 0.0, 0.0, 0.0008, 0.0, 0.0, 0.0, 0.0, 0.0, 0.0, 0.0, 0.0, 0.0, 0.0, 0.0, 0.0, 0.0, 0.0, 0.0, 0.0, 0.0, 0.0, 0.0, 0.0], [0.0, 0.0002, 0.0, 0.0, 0.0002, 0.0, 0.0, 0.0, 0.0, 0.0, 0.0, 0.0, 0.0, 0.0, 0.0, 0.0, 0.0, 0.0, 0.0, 0.0, 0.0, 0.0, 0.0, 0.0], [0.0, 0.0001, 0.0001, 0.0, 0.0001, 0.0001, 0.0, 0.0, 0.0, 0.0, 0.0, 0.0, 0.0, 0.0, 0.0, 0.0, 0.0, 0.0, 0.0, 0.0, 0.0, 0.0, 0.0, 0.0], [0.0004, 0.0001, 0.0002, 0.0004, 0.0001, 0.0002, 0.0, 0.0, 0.0001, 0.0001, 0.0, 0.0, 0.0, 0.0, 0.0, 0.0, 0.0, 0.0, 0.0, 0.0, 0.0, 0.0, 0.0, 0.0], [0.009600000000000001, 0.0183, 0.08420000000000001, 0.009600000000000001, 0.0183, 0.08460000000000001, 0.0, 0.0, 0.0, 0.0, 0.0, 0.0, 0.0, 0.0, 0.0, 0.0, 0.0, 0.0, 0.0, 0.0, 0.0, 0.0, 0.0, 0.0], [0.0009000000000000001, 0.0011, 0.06910000000000001, 0.0009000000000000001, 0.0011, 0.0694, 0.0, 0.0, 0.0, 0.0, 0.0, 0.0, 0.0, 0.0, 0.0, 0.0, 0.0, 0.0, 0.0, 0.0, 0.0, 0.0, 0.0, 0.0], [0.0008, 0.0086, 0.0995, 0.0008, 0.0086, 0.10010000000000001, 0.0, 0.0, 0.0, 0.0, 0.0, 0.0, 0.0, 0.0, 0.0, 0.0, 0.0, 0.0, 0.0, 0.0, 0.0, 0.0, 0.0, 0.0], [0.002, 0.0177, 0.0085, 0.002, 0.0177, 0.0086, 0.0, 0.0, 0.0, 0.0, 0.0, 0.0, 0.0, 0.0, 0.0, 0.0, 0.0, 0.0, 0.0, 0.0, 0.0, 0.0, 0.0, 0.0], [0.0028, 0.0523, 0.0004, 0.0028, 0.0526, 0.0005, 0.0, 0.0, 0.0, 0.0, 0.0, 0.0, 0.0, 0.0, 0.0, 0.0, 0.0, 0.0, 0.0, 0.0, 0.0, 0.0, 0.0, 0.0], [0.0115, 0.028200000000000003, 0.0006000000000000001, 0.0115, 0.028300000000000002, 0.0006000000000000001, 0.0, 0.0, 0.0, 0.0, 0.0, 0.0, 0.0, 0.0, 0.0, 0.0, 0.0, 0.0, 0.0, 0.0, 0.0, 0.0, 0.0, 0.0], [0.0058000000000000005, 0.0205, 0.0268, 0.0058000000000000005, 0.0206, 0.0269, 0.0, 0.0, 0.0, 0.0, 0.0, 0.0, 0.0, 0.0, 0.0, 0.0, 0.0, 0.0, 0.0, 0.0, 0.0, 0.0, 0.0, 0.0]]}}
bs_hinuma_efermi: 6.55701195
bs_latimer_munro_task_id: mp-2308733
bs_latimer_munro_band_gap: 0.0468
bs_latimer_munro_cbm: {'band_index': {'1': [96], '-1': []}, 'kpoint_index': [74, 75, 175], 'kpoint': <pymatgen.electronic_structure.bandstructure.Kpoint object at 0x7fc5d4b59c50>, 'energy': 6.579, 'projections': {'1': [[0.0001, 0.0001, 0.0001, 0.0001, 0.0001, 0.0001, 0.0, 0.0, 0.0007, 0.0007, 0.0001, 0.0001, 0.0001, 0.0001, 0.0001, 0.0001, 0.0, 0.0, 0.0, 0.0, 0.0, 0.0, 0.0, 0.0], [0.0, 0.0, 0.0, 0.0, 0.0, 0.0, 0.00030000000000000003, 0.00030000000000000003, 0.0, 0.0, 0.0008, 0.0004, 0.0001, 0.0008, 0.0004, 0.0001, 0.0001, 0.0, 0.0001, 0.0001, 0.0, 0.0001, 0.0004, 0.0004], [0.0, 0.0, 0.0, 0.0, 0.0, 0.0, 0.0, 0.0, 0.00030000000000000003, 0.00030000000000000003, 0.0, 0.0, 0.0, 0.0, 0.0, 0.0, 0.0001, 0.0001, 0.0001, 0.0001, 0.0001, 0.0001, 0.0, 0.0], [0.0, 0.0, 0.0, 0.0, 0.0, 0.0, 0.00030000000000000003, 0.00030000000000000003, 0.0, 0.0, 0.0, 0.0004, 0.0007, 0.0, 0.0004, 0.0007, 0.0, 0.0001, 0.0, 0.0, 0.0001, 0.0, 0.0004, 0.0004], [0.00030000000000000003, 0.00030000000000000003, 0.0011, 0.00030000000000000003, 0.00030000000000000003, 0.0011, 0.0, 0.0, 0.0, 0.0, 0.0, 0.0, 0.0, 0.0, 0.0, 0.0, 0.0, 0.0, 0.0, 0.0, 0.0, 0.0, 0.0, 0.0], [0.0029000000000000002, 0.0, 0.0031000000000000003, 0.0029000000000000002, 0.0, 0.0031000000000000003, 0.0, 0.0, 0.0, 0.0, 0.0, 0.0, 0.0, 0.0, 0.0, 0.0, 0.0, 0.0, 0.0, 0.0, 0.0, 0.0, 0.0, 0.0], [0.0004, 0.0004, 0.0004, 0.0004, 0.0004, 0.0004, 0.0, 0.0, 0.0, 0.0, 0.0, 0.0, 0.0, 0.0, 0.0, 0.0, 0.0, 0.0, 0.0, 0.0, 0.0, 0.0, 0.0, 0.0], [0.0011, 0.004, 0.0009000000000000001, 0.0011, 0.004, 0.0009000000000000001, 0.0, 0.0, 0.0, 0.0, 0.0, 0.0, 0.0, 0.0, 0.0, 0.0, 0.0, 0.0, 0.0, 0.0, 0.0, 0.0, 0.0, 0.0], [0.0008, 0.0008, 0.0001, 0.0008, 0.0008, 0.0001, 0.0, 0.0, 0.0, 0.0, 0.0, 0.0, 0.0, 0.0, 0.0, 0.0, 0.0, 0.0, 0.0, 0.0, 0.0, 0.0, 0.0, 0.0], [0.045200000000000004, 0.0451, 0.045200000000000004, 0.0451, 0.0451, 0.045200000000000004, 0.0, 0.0, 0.0, 0.0, 0.0, 0.0, 0.0, 0.0, 0.0, 0.0, 0.0, 0.0, 0.0, 0.0, 0.0, 0.0, 0.0, 0.0], [0.014400000000000001, 0.0118, 0.005, 0.014400000000000001, 0.0118, 0.005, 0.0, 0.0, 0.0, 0.0, 0.0, 0.0, 0.0, 0.0, 0.0, 0.0, 0.0, 0.0, 0.0, 0.0, 0.0, 0.0, 0.0, 0.0], [0.0227, 0.0058000000000000005, 0.0251, 0.0227, 0.0058000000000000005, 0.0252, 0.0, 0.0, 0.0, 0.0, 0.0, 0.0, 0.0, 0.0, 0.0, 0.0, 0.0, 0.0, 0.0, 0.0, 0.0, 0.0, 0.0, 0.0], [0.007200000000000001, 0.007200000000000001, 0.007200000000000001, 0.007200000000000001, 0.007200000000000001, 0.007200000000000001, 0.0, 0.0, 0.0, 0.0, 0.0, 0.0, 0.0, 0.0, 0.0, 0.0, 0.0, 0.0, 0.0, 0.0, 0.0, 0.0, 0.0, 0.0], [0.013000000000000001, 0.0298, 0.0106, 0.013000000000000001, 0.0298, 0.0106, 0.0, 0.0, 0.0, 0.0, 0.0, 0.0, 0.0, 0.0, 0.0, 0.0, 0.0, 0.0, 0.0, 0.0, 0.0, 0.0, 0.0, 0.0], [0.0064, 0.009000000000000001, 0.0158, 0.0064, 0.009000000000000001, 0.0158, 0.0, 0.0, 0.0, 0.0, 0.0, 0.0, 0.0, 0.0, 0.0, 0.0, 0.0, 0.0, 0.0, 0.0, 0.0, 0.0, 0.0, 0.0], [0.034, 0.034, 0.0341, 0.034, 0.034, 0.0341, 0.0, 0.0, 0.0, 0.0, 0.0, 0.0, 0.0, 0.0, 0.0, 0.0, 0.0, 0.0, 0.0, 0.0, 0.0, 0.0, 0.0, 0.0]]}}
bs_latimer_munro_vbm: {'band_index': {'1': [95], '-1': []}, 'kpoint_index': ['142'], 'kpoint': <pymatgen.electronic_structure.bandstructure.Kpoint object at 0x7fc5d4b5a430>, 'energy': 6.5322, 'projections': {'1': [[0.0, 0.0, 0.0001, 0.0, 0.0, 0.0001, 0.0, 0.0, 0.0, 0.0, 0.0, 0.0, 0.0, 0.0, 0.0, 0.0, 0.0, 0.0, 0.0, 0.0, 0.0, 0.0, 0.0, 0.0], [0.0, 0.0001, 0.0, 0.0, 0.0001, 0.0, 0.0002, 0.0002, 0.0001, 0.0001, 0.0012000000000000001, 0.0008, 0.00030000000000000003, 0.0012000000000000001, 0.0008, 0.00030000000000000003, 0.0, 0.0002, 0.0001, 0.0, 0.0002, 0.0001, 0.00030000000000000003, 0.00030000000000000003], [0.0, 0.0, 0.0, 0.0, 0.0, 0.0, 0.0, 0.0, 0.0, 0.0, 0.0001, 0.0, 0.0004, 0.0001, 0.0, 0.0004, 0.0002, 0.0, 0.0, 0.0002, 0.0, 0.0, 0.0, 0.0], [0.0, 0.0, 0.0, 0.0, 0.0, 0.0, 0.0001, 0.0001, 0.0, 0.0, 0.0001, 0.0002, 0.0, 0.0001, 0.0002, 0.0, 0.0002, 0.0002, 0.0, 0.0002, 0.0002, 0.0, 0.0001, 0.0001], [0.0002, 0.0, 0.0004, 0.0002, 0.0, 0.0004, 0.0, 0.0, 0.0, 0.0, 0.0, 0.0, 0.0, 0.0, 0.0, 0.0, 0.0, 0.0, 0.0, 0.0, 0.0, 0.0, 0.0, 0.0], [0.0001, 0.0001, 0.00030000000000000003, 0.0001, 0.0001, 0.00030000000000000003, 0.0, 0.0, 0.0, 0.0, 0.0, 0.0, 0.0, 0.0, 0.0, 0.0, 0.0, 0.0, 0.0, 0.0, 0.0, 0.0, 0.0, 0.0], [0.0002, 0.0, 0.0, 0.0002, 0.0, 0.0, 0.0, 0.0, 0.0, 0.0, 0.0, 0.0, 0.0, 0.0, 0.0, 0.0, 0.0, 0.0, 0.0, 0.0, 0.0, 0.0, 0.0, 0.0], [0.0, 0.0001, 0.0005, 0.0, 0.0001, 0.0005, 0.0, 0.0, 0.0, 0.0, 0.0, 0.0, 0.0, 0.0, 0.0, 0.0, 0.0, 0.0, 0.0, 0.0, 0.0, 0.0, 0.0, 0.0], [0.00030000000000000003, 0.00030000000000000003, 0.0001, 0.00030000000000000003, 0.00030000000000000003, 0.0001, 0.0, 0.0, 0.0, 0.0, 0.0, 0.0, 0.0, 0.0, 0.0, 0.0, 0.0, 0.0, 0.0, 0.0, 0.0, 0.0, 0.0, 0.0], [0.0194, 0.0845, 0.0085, 0.0194, 0.0845, 0.0085, 0.0, 0.0, 0.0, 0.0, 0.0, 0.0, 0.0, 0.0, 0.0, 0.0, 0.0, 0.0, 0.0, 0.0, 0.0, 0.0, 0.0, 0.0], [0.017400000000000002, 0.0239, 0.006, 0.017400000000000002, 0.0239, 0.006, 0.0, 0.0, 0.0, 0.0, 0.0, 0.0, 0.0, 0.0, 0.0, 0.0, 0.0, 0.0, 0.0, 0.0, 0.0, 0.0, 0.0, 0.0], [0.0234, 0.019100000000000002, 0.002, 0.0234, 0.019100000000000002, 0.002, 0.0, 0.0, 0.0, 0.0, 0.0, 0.0, 0.0, 0.0, 0.0, 0.0, 0.0, 0.0, 0.0, 0.0, 0.0, 0.0, 0.0, 0.0], [0.0181, 0.0081, 0.002, 0.0181, 0.0081, 0.002, 0.0, 0.0, 0.0, 0.0, 0.0, 0.0, 0.0, 0.0, 0.0, 0.0, 0.0, 0.0, 0.0, 0.0, 0.0, 0.0, 0.0, 0.0], [0.0388, 0.07980000000000001, 0.0013000000000000002, 0.038700000000000005, 0.07980000000000001, 0.0013000000000000002, 0.0, 0.0, 0.0, 0.0, 0.0, 0.0, 0.0, 0.0, 0.0, 0.0, 0.0, 0.0, 0.0, 0.0, 0.0, 0.0, 0.0, 0.0], [0.0126, 0.0465, 0.006200000000000001, 0.0125, 0.0465, 0.006200000000000001, 0.0, 0.0, 0.0, 0.0, 0.0, 0.0, 0.0, 0.0, 0.0, 0.0, 0.0, 0.0, 0.0, 0.0, 0.0, 0.0, 0.0, 0.0], [0.020800000000000003, 0.0261, 0.0059, 0.020800000000000003, 0.0261, 0.0059, 0.0, 0.0, 0.0, 0.0, 0.0, 0.0, 0.0, 0.0, 0.0, 0.0, 0.0, 0.0, 0.0, 0.0, 0.0, 0.0, 0.0, 0.0]]}}
bs_latimer_munro_efermi: 6.55697783