material_id: mp-12902
band_gap: 0.8936000000000001
efermi: 4.36853221
dos_magnetic_ordering: NM
dos_total_task_id: mp-1696484
dos_total_band_gap: 1.2895
dos_total_cbm: 5.3265
dos_total_vbm: 4.037
dos_total_efermi: 4.0256697
bs_setyawan_curtarolo_task_id: mp-1600914
bs_setyawan_curtarolo_band_gap: 0.8936000000000001
bs_setyawan_curtarolo_cbm: {'band_index': {'1': [32]}, 'kpoint_index': ['36'], 'kpoint': <pymatgen.electronic_structure.bandstructure.Kpoint object at 0x7fc699d63930>, 'energy': 5.1619, 'projections': {'1': [[0.020200000000000003, 0.020200000000000003, 0.0335, 0.0335, 0.0081, 0.0081, 0.0081, 0.0081], [0.0, 0.0, 0.0, 0.0, 0.0015, 0.0015, 0.0015, 0.0015], [0.0012000000000000001, 0.0012000000000000001, 0.0063, 0.0063, 0.001, 0.001, 0.001, 0.001], [0.0, 0.0, 0.0, 0.0, 0.0015, 0.0015, 0.0015, 0.0015], [0.0946, 0.0946, 0.0049, 0.0049, 0.0026000000000000003, 0.0026000000000000003, 0.0026000000000000003, 0.0026000000000000003], [0.0, 0.0, 0.0, 0.0, 0.0, 0.0, 0.0, 0.0], [0.06760000000000001, 0.06760000000000001, 0.0012000000000000001, 0.0012000000000000001, 0.0051, 0.0051, 0.0051, 0.0051], [0.0, 0.0, 0.0, 0.0, 0.0, 0.0, 0.0, 0.0], [0.0, 0.0, 0.0041, 0.0041, 0.0, 0.0, 0.0, 0.0]]}}
bs_setyawan_curtarolo_vbm: {'band_index': {'1': [31]}, 'kpoint_index': [0, 33, 34], 'kpoint': <pymatgen.electronic_structure.bandstructure.Kpoint object at 0x7fc5d4b59be0>, 'energy': 4.2683, 'projections': {'1': [[0.0, 0.0, 0.0, 0.0, 0.0, 0.0, 0.0, 0.0], [0.0, 0.0, 0.0, 0.0, 0.0528, 0.0528, 0.0528, 0.0528], [0.0, 0.0, 0.0234, 0.0234, 0.0, 0.0, 0.0, 0.0], [0.0, 0.0, 0.0, 0.0, 0.0528, 0.0528, 0.0528, 0.0528], [0.0, 0.0, 0.0446, 0.0446, 0.0, 0.0, 0.0, 0.0], [0.0, 0.0, 0.0, 0.0, 0.0, 0.0, 0.0, 0.0], [0.0, 0.0, 0.0, 0.0, 0.0, 0.0, 0.0, 0.0], [0.0, 0.0, 0.0, 0.0, 0.0, 0.0, 0.0, 0.0], [0.0045000000000000005, 0.0045000000000000005, 0.010100000000000001, 0.010100000000000001, 0.0, 0.0, 0.0, 0.0]]}}
bs_setyawan_curtarolo_efermi: 4.36853221
bs_hinuma_task_id: mp-2069548
bs_hinuma_band_gap: 0.8936000000000001
bs_hinuma_cbm: {'band_index': {'1': [32]}, 'kpoint_index': ['36'], 'kpoint': <pymatgen.electronic_structure.bandstructure.Kpoint object at 0x7fc5d4b59c50>, 'energy': 5.1619, 'projections': {'1': [[0.020200000000000003, 0.020200000000000003, 0.0335, 0.0335, 0.0081, 0.0081, 0.0081, 0.0081], [0.0, 0.0, 0.0, 0.0, 0.0015, 0.0015, 0.0015, 0.0015], [0.0012000000000000001, 0.0012000000000000001, 0.0063, 0.0063, 0.001, 0.001, 0.001, 0.001], [0.0, 0.0, 0.0, 0.0, 0.0015, 0.0015, 0.0015, 0.0015], [0.0946, 0.0946, 0.0049, 0.0049, 0.0026000000000000003, 0.0026000000000000003, 0.0026000000000000003, 0.0026000000000000003], [0.0, 0.0, 0.0, 0.0, 0.0, 0.0, 0.0, 0.0], [0.06760000000000001, 0.06760000000000001, 0.0012000000000000001, 0.0012000000000000001, 0.0051, 0.0051, 0.0051, 0.0051], [0.0, 0.0, 0.0, 0.0, 0.0, 0.0, 0.0, 0.0], [0.0, 0.0, 0.0041, 0.0041, 0.0, 0.0, 0.0, 0.0]]}}
bs_hinuma_vbm: {'band_index': {'1': [31]}, 'kpoint_index': [0, 33, 34], 'kpoint': <pymatgen.electronic_structure.bandstructure.Kpoint object at 0x7fc5d4b5a200>, 'energy': 4.2683, 'projections': {'1': [[0.0, 0.0, 0.0, 0.0, 0.0, 0.0, 0.0, 0.0], [0.0, 0.0, 0.0, 0.0, 0.0528, 0.0528, 0.0528, 0.0528], [0.0, 0.0, 0.0234, 0.0234, 0.0, 0.0, 0.0, 0.0], [0.0, 0.0, 0.0, 0.0, 0.0528, 0.0528, 0.0528, 0.0528], [0.0, 0.0, 0.0446, 0.0446, 0.0, 0.0, 0.0, 0.0], [0.0, 0.0, 0.0, 0.0, 0.0, 0.0, 0.0, 0.0], [0.0, 0.0, 0.0, 0.0, 0.0, 0.0, 0.0, 0.0], [0.0, 0.0, 0.0, 0.0, 0.0, 0.0, 0.0, 0.0], [0.0045000000000000005, 0.0045000000000000005, 0.010100000000000001, 0.010100000000000001, 0.0, 0.0, 0.0, 0.0]]}}
bs_hinuma_efermi: 4.36853212
bs_latimer_munro_task_id: mp-2440604
bs_latimer_munro_band_gap: 0.8936000000000001
bs_latimer_munro_cbm: {'band_index': {'1': [32]}, 'kpoint_index': ['136'], 'kpoint': <pymatgen.electronic_structure.bandstructure.Kpoint object at 0x7fc5d4b5a190>, 'energy': 5.1619, 'projections': {'1': [[0.020200000000000003, 0.020200000000000003, 0.0335, 0.0335, 0.0081, 0.0081, 0.0081, 0.0081], [0.0, 0.0, 0.0, 0.0, 0.0015, 0.0015, 0.0015, 0.0015], [0.0012000000000000001, 0.0012000000000000001, 0.0063, 0.0063, 0.001, 0.001, 0.001, 0.001], [0.0, 0.0, 0.0, 0.0, 0.0015, 0.0015, 0.0015, 0.0015], [0.0946, 0.0946, 0.0049, 0.0049, 0.0026000000000000003, 0.0026000000000000003, 0.0026000000000000003, 0.0026000000000000003], [0.0, 0.0, 0.0, 0.0, 0.0, 0.0, 0.0, 0.0], [0.06760000000000001, 0.06760000000000001, 0.0012000000000000001, 0.0012000000000000001, 0.0051, 0.0051, 0.0051, 0.0051], [0.0, 0.0, 0.0, 0.0, 0.0, 0.0, 0.0, 0.0], [0.0, 0.0, 0.0041, 0.0041, 0.0, 0.0, 0.0, 0.0]]}}
bs_latimer_munro_vbm: {'band_index': {'1': [31]}, 'kpoint_index': [27, 28, 133, 134, 149], 'kpoint': <pymatgen.electronic_structure.bandstructure.Kpoint object at 0x7fc5d4b59d30>, 'energy': 4.2683, 'projections': {'1': [[0.0, 0.0, 0.0, 0.0, 0.0, 0.0, 0.0, 0.0], [0.0, 0.0, 0.0, 0.0, 0.0528, 0.0528, 0.0528, 0.0528], [0.0, 0.0, 0.0234, 0.0234, 0.0, 0.0, 0.0, 0.0], [0.0, 0.0, 0.0, 0.0, 0.0528, 0.0528, 0.0528, 0.0528], [0.0, 0.0, 0.0446, 0.0446, 0.0, 0.0, 0.0, 0.0], [0.0, 0.0, 0.0, 0.0, 0.0, 0.0, 0.0, 0.0], [0.0, 0.0, 0.0, 0.0, 0.0, 0.0, 0.0, 0.0], [0.0, 0.0, 0.0, 0.0, 0.0, 0.0, 0.0, 0.0], [0.0045000000000000005, 0.0045000000000000005, 0.010100000000000001, 0.010100000000000001, 0.0, 0.0, 0.0, 0.0]]}}
bs_latimer_munro_efermi: 4.32713188