material_id: mp-14787
band_gap: 2.5249
efermi: 2.27890605
dos_magnetic_ordering: NM
dos_total_task_id: mp-1697367
dos_total_band_gap: 2.640799999999999
dos_total_cbm: 4.7909
dos_total_vbm: 2.1501
dos_total_efermi: 2.15140006
bs_setyawan_curtarolo_task_id: mp-688516
bs_setyawan_curtarolo_band_gap: 2.5249
bs_setyawan_curtarolo_cbm: {'band_index': {'1': [36]}, 'kpoint_index': ['57'], 'kpoint': <pymatgen.electronic_structure.bandstructure.Kpoint object at 0x7fc699d63930>, 'energy': 4.7255, 'projections': {}}
bs_setyawan_curtarolo_vbm: {'band_index': {'1': [35]}, 'kpoint_index': [0, 45, 46], 'kpoint': <pymatgen.electronic_structure.bandstructure.Kpoint object at 0x7fc5d4b59e80>, 'energy': 2.2006, 'projections': {}}
bs_setyawan_curtarolo_efermi: 2.27890605
bs_hinuma_task_id: mp-2066776
bs_hinuma_band_gap: 2.5259
bs_hinuma_cbm: {'band_index': {'1': [36]}, 'kpoint_index': ['57'], 'kpoint': <pymatgen.electronic_structure.bandstructure.Kpoint object at 0x7fc5d4b5a350>, 'energy': 4.7263, 'projections': {'1': [[0.0007, 0.0007, 0.0007, 0.0007, 0.0, 0.0, 0.0014, 0.0, 0.0014, 0.0], [0.0006000000000000001, 0.0006000000000000001, 0.0006000000000000001, 0.0006000000000000001, 0.0016, 0.0016, 0.0018000000000000002, 0.0016, 0.0018000000000000002, 0.0016], [0.0015, 0.0015, 0.0015, 0.0015, 0.0006000000000000001, 0.0006000000000000001, 0.0, 0.0006000000000000001, 0.0, 0.0006000000000000001], [0.0012000000000000001, 0.0012000000000000001, 0.0012000000000000001, 0.0012000000000000001, 0.0008, 0.0008, 0.0, 0.0008, 0.0, 0.0008], [0.0035, 0.0035, 0.0035, 0.0035, 0.0, 0.0, 0.0, 0.0, 0.0, 0.0], [0.0176, 0.0176, 0.0176, 0.0176, 0.0, 0.0, 0.0, 0.0, 0.0, 0.0], [0.038, 0.038, 0.038, 0.038, 0.0, 0.0, 0.0, 0.0, 0.0, 0.0], [0.0037, 0.0037, 0.0037, 0.0037, 0.0, 0.0, 0.0, 0.0, 0.0, 0.0], [0.083, 0.083, 0.083, 0.083, 0.0, 0.0, 0.0, 0.0, 0.0, 0.0]]}}
bs_hinuma_vbm: {'band_index': {'1': [35]}, 'kpoint_index': [0, 45, 46, 80], 'kpoint': <pymatgen.electronic_structure.bandstructure.Kpoint object at 0x7fc5d4b59c50>, 'energy': 2.2004, 'projections': {'1': [[0.0012000000000000001, 0.0012000000000000001, 0.0012000000000000001, 0.0012000000000000001, 0.0, 0.0, 0.0, 0.0, 0.0, 0.0], [0.0, 0.0, 0.0, 0.0, 0.0006000000000000001, 0.0006000000000000001, 0.0, 0.0006000000000000001, 0.0, 0.0006000000000000001], [0.0014, 0.0014, 0.0014, 0.0014, 0.0064, 0.0064, 0.014100000000000001, 0.0064, 0.014100000000000001, 0.0064], [0.0134, 0.0134, 0.0134, 0.0134, 0.0862, 0.0862, 0.079, 0.0862, 0.079, 0.0862], [0.0, 0.0, 0.0, 0.0, 0.0, 0.0, 0.0, 0.0, 0.0, 0.0], [0.0, 0.0, 0.0, 0.0, 0.0, 0.0, 0.0, 0.0, 0.0, 0.0], [0.0011, 0.0011, 0.0011, 0.0011, 0.0, 0.0, 0.0, 0.0, 0.0, 0.0], [0.0021000000000000003, 0.0021000000000000003, 0.0021000000000000003, 0.0021000000000000003, 0.0, 0.0, 0.0, 0.0, 0.0, 0.0], [0.0051, 0.0051, 0.0051, 0.0051, 0.0, 0.0, 0.0, 0.0, 0.0, 0.0]]}}
bs_hinuma_efermi: 2.35590965
bs_latimer_munro_task_id: mp-2332077
bs_latimer_munro_band_gap: 2.5259
bs_latimer_munro_cbm: {'band_index': {'1': [36]}, 'kpoint_index': ['3'], 'kpoint': <pymatgen.electronic_structure.bandstructure.Kpoint object at 0x7fc5d4b59d30>, 'energy': 4.7263, 'projections': {'1': [[0.0007, 0.0007, 0.0007, 0.0007, 0.0, 0.0014, 0.0, 0.0, 0.0, 0.0014], [0.0014, 0.0005, 0.0014, 0.0005, 0.0015, 0.0005, 0.0002, 0.0015, 0.0002, 0.0005], [0.0007, 0.0006000000000000001, 0.0007, 0.0006000000000000001, 0.00030000000000000003, 0.0013000000000000002, 0.0023, 0.00030000000000000003, 0.0023, 0.0013000000000000002], [0.0011, 0.0022, 0.0011, 0.0022, 0.0012000000000000001, 0.0001, 0.0005, 0.0011, 0.0005, 0.0001], [0.026600000000000002, 0.0264, 0.026600000000000002, 0.0264, 0.0, 0.0, 0.0, 0.0, 0.0, 0.0], [0.0397, 0.013300000000000001, 0.0397, 0.013300000000000001, 0.0, 0.0, 0.0, 0.0, 0.0, 0.0], [0.0188, 0.0268, 0.0188, 0.0268, 0.0, 0.0, 0.0, 0.0, 0.0, 0.0], [0.033, 0.051000000000000004, 0.033, 0.051000000000000004, 0.0, 0.0, 0.0, 0.0, 0.0, 0.0], [0.027600000000000003, 0.028200000000000003, 0.027600000000000003, 0.028200000000000003, 0.0, 0.0, 0.0, 0.0, 0.0, 0.0]]}}
bs_latimer_munro_vbm: {'band_index': {'1': [35]}, 'kpoint_index': [14, 15, 51, 52, 67, 107, 108], 'kpoint': <pymatgen.electronic_structure.bandstructure.Kpoint object at 0x7fc5d4b5a430>, 'energy': 2.2004, 'projections': {'1': [[0.0012000000000000001, 0.0012000000000000001, 0.0012000000000000001, 0.0012000000000000001, 0.0, 0.0, 0.0, 0.0, 0.0, 0.0], [0.0, 0.0, 0.0, 0.0, 0.0006000000000000001, 0.0006000000000000001, 0.0, 0.0006000000000000001, 0.0, 0.0006000000000000001], [0.0014, 0.0014, 0.0014, 0.0014, 0.0064, 0.0064, 0.014100000000000001, 0.0064, 0.014100000000000001, 0.0064], [0.0134, 0.0134, 0.0134, 0.0134, 0.0862, 0.0862, 0.079, 0.0862, 0.079, 0.0862], [0.0, 0.0, 0.0, 0.0, 0.0, 0.0, 0.0, 0.0, 0.0, 0.0], [0.0, 0.0, 0.0, 0.0, 0.0, 0.0, 0.0, 0.0, 0.0, 0.0], [0.0011, 0.0011, 0.0011, 0.0011, 0.0, 0.0, 0.0, 0.0, 0.0, 0.0], [0.0021000000000000003, 0.0021000000000000003, 0.0021000000000000003, 0.0021000000000000003, 0.0, 0.0, 0.0, 0.0, 0.0, 0.0], [0.0051, 0.0051, 0.0051, 0.0051, 0.0, 0.0, 0.0, 0.0, 0.0, 0.0]]}}
bs_latimer_munro_efermi: 2.26341293