material_id: mp-1112251
band_gap: 0.9780000000000001
efermi: 2.81535569
dos_magnetic_ordering: NM
dos_total_task_id: mp-1752518
dos_total_band_gap: 1.0554000000000001
dos_total_cbm: 3.5724
dos_total_vbm: 2.517
dos_total_efermi: 2.4930262
bs_setyawan_curtarolo_task_id: mp-1623046
bs_setyawan_curtarolo_band_gap: 0.9780000000000001
bs_setyawan_curtarolo_cbm: {'band_index': {'1': [41]}, 'kpoint_index': [62, 63, 91, 92], 'kpoint': <pymatgen.electronic_structure.bandstructure.Kpoint object at 0x7fc699d63930>, 'energy': 3.5468, 'projections': {'1': [[0.0029000000000000002, 0.0029000000000000002, 0.10540000000000001, 0.0, 0.0115, 0.0115, 0.0115, 0.0115, 0.0115, 0.0115], [0.0011, 0.0011, 0.0, 0.08850000000000001, 0.0057, 0.0057, 0.0057, 0.0007, 0.0007, 0.0057], [0.0011, 0.0011, 0.0, 0.08850000000000001, 0.0057, 0.0007, 0.0057, 0.0057, 0.0057, 0.0007], [0.0011, 0.0011, 0.0, 0.08850000000000001, 0.0007, 0.0057, 0.0007, 0.0057, 0.0057, 0.0057], [0.0006000000000000001, 0.0006000000000000001, 0.005, 0.0, 0.0, 0.0, 0.0, 0.0, 0.0, 0.0], [0.0006000000000000001, 0.0006000000000000001, 0.005, 0.0, 0.0, 0.0, 0.0, 0.0, 0.0, 0.0], [0.0, 0.0, 0.0, 0.0, 0.0, 0.0, 0.0, 0.0, 0.0, 0.0], [0.0006000000000000001, 0.0006000000000000001, 0.005, 0.0, 0.0, 0.0, 0.0, 0.0, 0.0, 0.0], [0.0, 0.0, 0.0, 0.0, 0.0, 0.0, 0.0, 0.0, 0.0, 0.0]]}}
bs_setyawan_curtarolo_vbm: {'band_index': {'1': [40]}, 'kpoint_index': [15, 16, 108], 'kpoint': <pymatgen.electronic_structure.bandstructure.Kpoint object at 0x7fc5d4b5a350>, 'energy': 2.5688, 'projections': {'1': [[0.0, 0.0, 0.001, 0.026000000000000002, 0.0, 0.0, 0.0, 0.0007, 0.0007, 0.0], [0.0, 0.0, 0.0, 0.0, 0.0, 0.0, 0.0, 0.0454, 0.0454, 0.0], [0.0, 0.0, 0.0, 0.0, 0.0, 0.014400000000000001, 0.0, 0.0, 0.0, 0.014400000000000001], [0.0, 0.0, 0.0, 0.0, 0.014400000000000001, 0.0, 0.014400000000000001, 0.0, 0.0, 0.0], [0.0, 0.0, 0.0, 0.0, 0.0, 0.0, 0.0, 0.0, 0.0, 0.0], [0.0, 0.0, 0.0, 0.0, 0.0, 0.0, 0.0, 0.0, 0.0, 0.0], [0.0, 0.0, 0.198, 0.0001, 0.0, 0.0, 0.0, 0.0, 0.0, 0.0], [0.0, 0.0, 0.0, 0.0, 0.0, 0.0, 0.0, 0.0, 0.0, 0.0], [0.0, 0.0, 0.5939, 0.0004, 0.0, 0.0, 0.0, 0.0, 0.0, 0.0]]}}
bs_setyawan_curtarolo_efermi: 2.81535569
bs_hinuma_task_id: mp-2098491
bs_hinuma_band_gap: 0.9780000000000001
bs_hinuma_cbm: {'band_index': {'1': [41]}, 'kpoint_index': [53, 54], 'kpoint': <pymatgen.electronic_structure.bandstructure.Kpoint object at 0x7fc5d4b5a190>, 'energy': 3.5468, 'projections': {'1': [[0.0029000000000000002, 0.0029000000000000002, 0.1053, 0.0, 0.0115, 0.0115, 0.0115, 0.0115, 0.0115, 0.0115], [0.0011, 0.0011, 0.0, 0.08850000000000001, 0.0057, 0.0057, 0.0057, 0.0007, 0.0007, 0.0057], [0.0011, 0.0011, 0.0, 0.08850000000000001, 0.0057, 0.0007, 0.0057, 0.0057, 0.0057, 0.0007], [0.0011, 0.0011, 0.0, 0.08850000000000001, 0.0007, 0.0057, 0.0007, 0.0057, 0.0057, 0.0057], [0.0006000000000000001, 0.0006000000000000001, 0.005, 0.0, 0.0, 0.0, 0.0, 0.0, 0.0, 0.0], [0.0006000000000000001, 0.0006000000000000001, 0.005, 0.0, 0.0, 0.0, 0.0, 0.0, 0.0, 0.0], [0.0, 0.0, 0.0, 0.0, 0.0, 0.0, 0.0, 0.0, 0.0, 0.0], [0.0006000000000000001, 0.0006000000000000001, 0.005, 0.0, 0.0, 0.0, 0.0, 0.0, 0.0, 0.0], [0.0, 0.0, 0.0, 0.0, 0.0, 0.0, 0.0, 0.0, 0.0, 0.0]]}}
bs_hinuma_vbm: {'band_index': {'1': [40]}, 'kpoint_index': [15, 16, 74], 'kpoint': <pymatgen.electronic_structure.bandstructure.Kpoint object at 0x7fc5d4b5a3c0>, 'energy': 2.5688, 'projections': {'1': [[0.0, 0.0, 0.001, 0.026000000000000002, 0.0, 0.0, 0.0, 0.0007, 0.0007, 0.0], [0.0, 0.0, 0.0, 0.0, 0.0, 0.0, 0.0, 0.0454, 0.0454, 0.0], [0.0, 0.0, 0.0, 0.0, 0.0, 0.014400000000000001, 0.0, 0.0, 0.0, 0.014400000000000001], [0.0, 0.0, 0.0, 0.0, 0.014400000000000001, 0.0, 0.014400000000000001, 0.0, 0.0, 0.0], [0.0, 0.0, 0.0, 0.0, 0.0, 0.0, 0.0, 0.0, 0.0, 0.0], [0.0, 0.0, 0.0, 0.0, 0.0, 0.0, 0.0, 0.0, 0.0, 0.0], [0.0, 0.0, 0.198, 0.0001, 0.0, 0.0, 0.0, 0.0, 0.0, 0.0], [0.0, 0.0, 0.0, 0.0, 0.0, 0.0, 0.0, 0.0, 0.0, 0.0], [0.0, 0.0, 0.5939, 0.0004, 0.0, 0.0, 0.0, 0.0, 0.0, 0.0]]}}
bs_hinuma_efermi: 2.81535564
bs_latimer_munro_task_id: mp-2305970
bs_latimer_munro_band_gap: 0.9780000000000001
bs_latimer_munro_cbm: {'band_index': {'1': [41]}, 'kpoint_index': [51, 52, 110], 'kpoint': <pymatgen.electronic_structure.bandstructure.Kpoint object at 0x7fc5d4b59d30>, 'energy': 3.5468, 'projections': {'1': [[0.0029000000000000002, 0.0029000000000000002, 0.1053, 0.0, 0.0115, 0.0115, 0.0115, 0.0115, 0.0115, 0.0115], [0.0011, 0.0011, 0.0, 0.08850000000000001, 0.0057, 0.0057, 0.0057, 0.0007, 0.0007, 0.0057], [0.0011, 0.0011, 0.0, 0.08850000000000001, 0.0057, 0.0007, 0.0057, 0.0057, 0.0057, 0.0007], [0.0011, 0.0011, 0.0, 0.08850000000000001, 0.0007, 0.0057, 0.0007, 0.0057, 0.0057, 0.0057], [0.0006000000000000001, 0.0006000000000000001, 0.005, 0.0, 0.0, 0.0, 0.0, 0.0, 0.0, 0.0], [0.0006000000000000001, 0.0006000000000000001, 0.005, 0.0, 0.0, 0.0, 0.0, 0.0, 0.0, 0.0], [0.0, 0.0, 0.0, 0.0, 0.0, 0.0, 0.0, 0.0, 0.0, 0.0], [0.0006000000000000001, 0.0006000000000000001, 0.005, 0.0, 0.0, 0.0, 0.0, 0.0, 0.0, 0.0], [0.0, 0.0, 0.0, 0.0, 0.0, 0.0, 0.0, 0.0, 0.0, 0.0]]}}
bs_latimer_munro_vbm: {'band_index': {'1': [40]}, 'kpoint_index': [72, 73, 126], 'kpoint': <pymatgen.electronic_structure.bandstructure.Kpoint object at 0x7fc5d4b59c50>, 'energy': 2.5688, 'projections': {'1': [[0.0, 0.0, 0.001, 0.026000000000000002, 0.0, 0.0007, 0.0, 0.0, 0.0, 0.0007], [0.0, 0.0, 0.0, 0.0, 0.0, 0.0, 0.0, 0.014400000000000001, 0.014400000000000001, 0.0], [0.0, 0.0, 0.0, 0.0, 0.0, 0.0454, 0.0, 0.0, 0.0, 0.0454], [0.0, 0.0, 0.0, 0.0, 0.014400000000000001, 0.0, 0.014400000000000001, 0.0, 0.0, 0.0], [0.0, 0.0, 0.0, 0.0, 0.0, 0.0, 0.0, 0.0, 0.0, 0.0], [0.0, 0.0, 0.0, 0.0, 0.0, 0.0, 0.0, 0.0, 0.0, 0.0], [0.0, 0.0, 0.7919, 0.0005, 0.0, 0.0, 0.0, 0.0, 0.0, 0.0], [0.0, 0.0, 0.0, 0.0, 0.0, 0.0, 0.0, 0.0, 0.0, 0.0], [0.0, 0.0, 0.0, 0.0, 0.0, 0.0, 0.0, 0.0, 0.0, 0.0]]}}
bs_latimer_munro_efermi: 2.7375572