material_id: mp-16605
band_gap: 3.8819
efermi: 1.8827801800000001
dos_magnetic_ordering: NM
dos_total_task_id: mp-1673668
dos_total_band_gap: 3.837099999999999
dos_total_cbm: 5.5886
dos_total_vbm: 1.7515
dos_total_efermi: 1.736312359999999
bs_setyawan_curtarolo_task_id: mp-1608569
bs_setyawan_curtarolo_band_gap: 3.8819
bs_setyawan_curtarolo_cbm: {'band_index': {'1': [76]}, 'kpoint_index': [0], 'kpoint': <pymatgen.electronic_structure.bandstructure.Kpoint object at 0x7fc699d63930>, 'energy': 5.6143, 'projections': {'1': [[0.0006000000000000001, 0.0006000000000000001, 0.0006000000000000001, 0.0006000000000000001, 0.0001, 0.0001, 0.0, 0.0, 0.0, 0.0, 0.0, 0.0, 0.0, 0.0, 0.0, 0.0, 0.0, 0.0, 0.0, 0.0], [0.0, 0.0, 0.0, 0.0, 0.0, 0.0, 0.0, 0.0, 0.0005, 0.0005, 0.0005, 0.0005, 0.0001, 0.0001, 0.0001, 0.0001, 0.0035, 0.0035, 0.0035, 0.0035], [0.0001, 0.0001, 0.0001, 0.0001, 0.0, 0.0, 0.0, 0.0, 0.0, 0.0, 0.0, 0.0, 0.0008, 0.0008, 0.0008, 0.0008, 0.0011, 0.0011, 0.0011, 0.0011], [0.0005, 0.0005, 0.0005, 0.0005, 0.0, 0.0, 0.0, 0.0, 0.0029000000000000002, 0.0029000000000000002, 0.0029000000000000002, 0.0029000000000000002, 0.0001, 0.0001, 0.0001, 0.0001, 0.0035, 0.0035, 0.0035, 0.0035], [0.0, 0.0, 0.0, 0.0, 0.0001, 0.0001, 0.0004, 0.0004, 0.0, 0.0, 0.0, 0.0, 0.0, 0.0, 0.0, 0.0, 0.0, 0.0, 0.0, 0.0], [0.0002, 0.0002, 0.0002, 0.0002, 0.0021000000000000003, 0.0021000000000000003, 0.0021000000000000003, 0.0021000000000000003, 0.0, 0.0, 0.0, 0.0, 0.0, 0.0, 0.0, 0.0, 0.0, 0.0, 0.0, 0.0], [0.0008, 0.0008, 0.0008, 0.0008, 0.00030000000000000003, 0.00030000000000000003, 0.0001, 0.0001, 0.0, 0.0, 0.0, 0.0, 0.0, 0.0, 0.0, 0.0, 0.0, 0.0, 0.0, 0.0], [0.0064, 0.0064, 0.0064, 0.0064, 0.0488, 0.0488, 0.121, 0.121, 0.0, 0.0, 0.0, 0.0, 0.0, 0.0, 0.0, 0.0, 0.0, 0.0, 0.0, 0.0], [0.0001, 0.0001, 0.0001, 0.0001, 0.039900000000000005, 0.039900000000000005, 0.1283, 0.1283, 0.0, 0.0, 0.0, 0.0, 0.0, 0.0, 0.0, 0.0, 0.0, 0.0, 0.0, 0.0]]}}
bs_setyawan_curtarolo_vbm: {'band_index': {'1': [74, 75]}, 'kpoint_index': ['38'], 'kpoint': <pymatgen.electronic_structure.bandstructure.Kpoint object at 0x7fc5d4b5a350>, 'energy': 1.7324000000000002, 'projections': {'1': [[0.0, 0.0001, 0.0001, 0.0, 0.0001, 0.0044, 0.0007, 0.0, 0.0002, 0.0001, 0.0001, 0.0, 0.0, 0.0, 0.0, 0.0, 0.0, 0.0, 0.0, 0.0], [0.0025, 0.0002, 0.0001, 0.0023, 0.0037, 0.0009000000000000001, 0.0001, 0.001, 0.0784, 0.0047, 0.0738, 0.0001, 0.0041, 0.006, 0.0022, 0.004, 0.0008, 0.0025, 0.0016, 0.0034000000000000002], [0.0, 0.0, 0.0, 0.0, 0.0001, 0.0, 0.0, 0.0, 0.0008, 0.0001, 0.0008, 0.0001, 0.0388, 0.051800000000000006, 0.0385, 0.051500000000000004, 0.032600000000000004, 0.0415, 0.0318, 0.040600000000000004], [0.0004, 0.0013000000000000002, 0.0012000000000000001, 0.0002, 0.0001, 0.0045000000000000005, 0.0007, 0.0001, 0.0026000000000000003, 0.08170000000000001, 0.0077, 0.0868, 0.0014, 0.0033, 0.0025, 0.0044, 0.0028, 0.0026000000000000003, 0.0019, 0.0017000000000000001], [0.0006000000000000001, 0.001, 0.0013000000000000002, 0.0008, 0.0011, 0.0, 0.0, 0.00030000000000000003, 0.0, 0.0, 0.0, 0.0, 0.0, 0.0, 0.0, 0.0, 0.0, 0.0, 0.0, 0.0], [0.0, 0.0, 0.0, 0.0001, 0.0, 0.0005, 0.0002, 0.0, 0.0, 0.0, 0.0, 0.0, 0.0, 0.0, 0.0, 0.0, 0.0, 0.0, 0.0, 0.0], [0.0024000000000000002, 0.00030000000000000003, 0.00030000000000000003, 0.0025, 0.001, 0.0016, 0.0005, 0.00030000000000000003, 0.0, 0.0, 0.0, 0.0, 0.0, 0.0, 0.0, 0.0, 0.0, 0.0, 0.0, 0.0], [0.0, 0.0, 0.0, 0.0, 0.0005, 0.0, 0.0, 0.0002, 0.0, 0.0, 0.0, 0.0, 0.0, 0.0, 0.0, 0.0, 0.0, 0.0, 0.0, 0.0], [0.0001, 0.0001, 0.0002, 0.0001, 0.0, 0.0, 0.0, 0.0, 0.0, 0.0, 0.0, 0.0, 0.0, 0.0, 0.0, 0.0, 0.0, 0.0, 0.0, 0.0]]}}
bs_setyawan_curtarolo_efermi: 1.8827801800000001
bs_latimer_munro_task_id: mp-2435678
bs_latimer_munro_band_gap: 3.873
bs_latimer_munro_cbm: {'band_index': {'1': [76]}, 'kpoint_index': [111, 112, 159, 160, 175, 190, 205], 'kpoint': <pymatgen.electronic_structure.bandstructure.Kpoint object at 0x7fc5d4b5a200>, 'energy': 5.6143, 'projections': {'1': [[0.0006000000000000001, 0.0006000000000000001, 0.0006000000000000001, 0.0006000000000000001, 0.0001, 0.0001, 0.0, 0.0, 0.0, 0.0, 0.0, 0.0, 0.0, 0.0, 0.0, 0.0, 0.0, 0.0, 0.0, 0.0], [0.0, 0.0, 0.0, 0.0, 0.0, 0.0, 0.0, 0.0, 0.0005, 0.0005, 0.0005, 0.0005, 0.0001, 0.0001, 0.0001, 0.0001, 0.0035, 0.0035, 0.0035, 0.0035], [0.0001, 0.0001, 0.0001, 0.0001, 0.0, 0.0, 0.0, 0.0, 0.0, 0.0, 0.0, 0.0, 0.0008, 0.0008, 0.0008, 0.0008, 0.0011, 0.0011, 0.0011, 0.0011], [0.0005, 0.0005, 0.0005, 0.0005, 0.0, 0.0, 0.0, 0.0, 0.0029000000000000002, 0.0029000000000000002, 0.0029000000000000002, 0.0029000000000000002, 0.0001, 0.0001, 0.0001, 0.0001, 0.0035, 0.0035, 0.0035, 0.0035], [0.0, 0.0, 0.0, 0.0, 0.0001, 0.0001, 0.0004, 0.0004, 0.0, 0.0, 0.0, 0.0, 0.0, 0.0, 0.0, 0.0, 0.0, 0.0, 0.0, 0.0], [0.0002, 0.0002, 0.0002, 0.0002, 0.0021000000000000003, 0.0021000000000000003, 0.0021000000000000003, 0.0021000000000000003, 0.0, 0.0, 0.0, 0.0, 0.0, 0.0, 0.0, 0.0, 0.0, 0.0, 0.0, 0.0], [0.0008, 0.0008, 0.0008, 0.0008, 0.00030000000000000003, 0.00030000000000000003, 0.0001, 0.0001, 0.0, 0.0, 0.0, 0.0, 0.0, 0.0, 0.0, 0.0, 0.0, 0.0, 0.0, 0.0], [0.0064, 0.0064, 0.0064, 0.0064, 0.0489, 0.0488, 0.121, 0.121, 0.0, 0.0, 0.0, 0.0, 0.0, 0.0, 0.0, 0.0, 0.0, 0.0, 0.0, 0.0], [0.0001, 0.0001, 0.0001, 0.0001, 0.039900000000000005, 0.039900000000000005, 0.1283, 0.1283, 0.0, 0.0, 0.0, 0.0, 0.0, 0.0, 0.0, 0.0, 0.0, 0.0, 0.0, 0.0]]}}
bs_latimer_munro_vbm: {'band_index': {'1': [75]}, 'kpoint_index': ['116'], 'kpoint': <pymatgen.electronic_structure.bandstructure.Kpoint object at 0x7fc5d4b59c50>, 'energy': 1.7413, 'projections': {'1': [[0.0015, 0.0015, 0.0015, 0.0015, 0.003, 0.003, 0.0004, 0.0004, 0.0, 0.0, 0.0, 0.0, 0.0, 0.0, 0.0, 0.0, 0.0, 0.0, 0.0, 0.0], [0.0, 0.0, 0.0, 0.0, 0.0088, 0.0088, 0.0018000000000000002, 0.0018000000000000002, 0.031400000000000004, 0.031400000000000004, 0.031400000000000004, 0.031400000000000004, 0.0375, 0.0375, 0.0375, 0.0375, 0.024200000000000003, 0.024200000000000003, 0.024200000000000003, 0.024200000000000003], [0.0001, 0.0001, 0.0001, 0.0001, 0.0011, 0.0011, 0.0005, 0.0005, 0.0016, 0.0016, 0.0016, 0.0016, 0.0167, 0.0167, 0.0167, 0.0167, 0.0164, 0.0164, 0.0164, 0.0164], [0.001, 0.001, 0.001, 0.001, 0.0001, 0.0001, 0.0, 0.0, 0.006200000000000001, 0.006200000000000001, 0.006200000000000001, 0.006200000000000001, 0.0211, 0.0211, 0.0211, 0.0211, 0.0247, 0.0247, 0.0247, 0.0247], [0.0009000000000000001, 0.0009000000000000001, 0.0009000000000000001, 0.0009000000000000001, 0.0001, 0.0001, 0.0, 0.0, 0.0, 0.0, 0.0, 0.0, 0.0, 0.0, 0.0, 0.0, 0.0, 0.0, 0.0, 0.0], [0.0, 0.0, 0.0, 0.0, 0.0001, 0.0001, 0.0, 0.0, 0.0, 0.0, 0.0, 0.0, 0.0, 0.0, 0.0, 0.0, 0.0, 0.0, 0.0, 0.0], [0.0, 0.0, 0.0, 0.0, 0.0, 0.0, 0.0001, 0.0001, 0.0, 0.0, 0.0, 0.0, 0.0, 0.0, 0.0, 0.0, 0.0, 0.0, 0.0, 0.0], [0.0002, 0.0002, 0.0002, 0.0001, 0.0, 0.0, 0.0, 0.0, 0.0, 0.0, 0.0, 0.0, 0.0, 0.0, 0.0, 0.0, 0.0, 0.0, 0.0, 0.0], [0.0001, 0.0001, 0.0001, 0.0001, 0.0001, 0.0001, 0.0001, 0.0001, 0.0, 0.0, 0.0, 0.0, 0.0, 0.0, 0.0, 0.0, 0.0, 0.0, 0.0, 0.0]]}}
bs_latimer_munro_efermi: 1.89836413