material_id: mp-12384
band_gap: 2.5452
efermi: 2.7186780500000003
dos_magnetic_ordering: NM
dos_total_task_id: mp-1688001
dos_total_band_gap: 2.600399999999999
dos_total_cbm: 5.2029
dos_total_vbm: 2.6025
dos_total_efermi: 2.6050454
bs_setyawan_curtarolo_task_id: mp-1605860
bs_setyawan_curtarolo_band_gap: 2.5452
bs_setyawan_curtarolo_cbm: {'band_index': {'1': [62]}, 'kpoint_index': [42], 'kpoint': <pymatgen.electronic_structure.bandstructure.Kpoint object at 0x7fc699d63930>, 'energy': 5.1247, 'projections': {'1': [[0.0011, 0.0011, 0.0082, 0.0082, 0.024, 0.024, 0.012100000000000001, 0.012100000000000001, 0.001, 0.0001, 0.0016, 0.001, 0.010100000000000001, 0.0016, 0.010100000000000001, 0.0028, 0.0019, 0.0019, 0.0028, 0.0001], [0.0, 0.0, 0.0, 0.0, 0.0, 0.0, 0.0098, 0.0098, 0.0009000000000000001, 0.0031000000000000003, 0.0033, 0.0009000000000000001, 0.0274, 0.0033, 0.0274, 0.0008, 0.0022, 0.0022, 0.0008, 0.0031000000000000003], [0.00030000000000000003, 0.00030000000000000003, 0.00030000000000000003, 0.00030000000000000003, 0.00030000000000000003, 0.00030000000000000003, 0.005, 0.005, 0.0012000000000000001, 0.0, 0.0001, 0.0012000000000000001, 0.0009000000000000001, 0.0001, 0.0009000000000000001, 0.0158, 0.0032, 0.0032, 0.0158, 0.0], [0.0, 0.0, 0.0029000000000000002, 0.0029000000000000002, 0.0, 0.0, 0.0126, 0.0126, 0.0001, 0.0039000000000000003, 0.0004, 0.0001, 0.0036000000000000003, 0.0004, 0.0036000000000000003, 0.0006000000000000001, 0.0, 0.0, 0.0006000000000000001, 0.0039000000000000003], [0.0, 0.0, 0.0522, 0.0522, 0.0, 0.0, 0.0, 0.0, 0.0, 0.0, 0.0, 0.0, 0.0, 0.0, 0.0, 0.0, 0.0, 0.0, 0.0, 0.0], [0.0, 0.0, 0.0025, 0.0025, 0.0, 0.0, 0.0, 0.0, 0.0, 0.0, 0.0, 0.0, 0.0, 0.0, 0.0, 0.0, 0.0, 0.0, 0.0, 0.0], [0.0, 0.0, 0.0012000000000000001, 0.0012000000000000001, 0.0, 0.0, 0.0, 0.0, 0.0, 0.0, 0.0, 0.0, 0.0, 0.0, 0.0, 0.0, 0.0, 0.0, 0.0, 0.0], [0.0, 0.0, 0.0066, 0.0066, 0.0, 0.0, 0.0, 0.0, 0.0, 0.0, 0.0, 0.0, 0.0, 0.0, 0.0, 0.0, 0.0, 0.0, 0.0, 0.0], [0.0, 0.0, 0.027800000000000002, 0.027800000000000002, 0.0, 0.0, 0.0, 0.0, 0.0, 0.0, 0.0, 0.0, 0.0, 0.0, 0.0, 0.0, 0.0, 0.0, 0.0, 0.0]]}}
bs_setyawan_curtarolo_vbm: {'band_index': {'1': [61]}, 'kpoint_index': [66], 'kpoint': <pymatgen.electronic_structure.bandstructure.Kpoint object at 0x7fc5d4b5a350>, 'energy': 2.5795, 'projections': {'1': [[0.00030000000000000003, 0.00030000000000000003, 0.00030000000000000003, 0.00030000000000000003, 0.0005, 0.0005, 0.0008, 0.0008, 0.0002, 0.0, 0.0, 0.0002, 0.0001, 0.0, 0.0001, 0.0, 0.0, 0.0, 0.0, 0.0], [0.0001, 0.0001, 0.0, 0.0, 0.0002, 0.0002, 0.0005, 0.0005, 0.0018000000000000002, 0.0004, 0.0108, 0.0018000000000000002, 0.0019, 0.0108, 0.0019, 0.052700000000000004, 0.0068000000000000005, 0.0068000000000000005, 0.0528, 0.0004], [0.0, 0.0, 0.0007, 0.0007, 0.0001, 0.0001, 0.0, 0.0, 0.0005, 0.0128, 0.033600000000000005, 0.0005, 0.0045000000000000005, 0.033600000000000005, 0.0045000000000000005, 0.0035, 0.0709, 0.0709, 0.0035, 0.0128], [0.0, 0.0, 0.0001, 0.0001, 0.0, 0.0, 0.0001, 0.0001, 0.0151, 0.0018000000000000002, 0.0098, 0.0151, 0.0002, 0.0098, 0.0002, 0.0031000000000000003, 0.0488, 0.0488, 0.0031000000000000003, 0.0018000000000000002], [0.0, 0.0, 0.0, 0.0, 0.0, 0.0, 0.0, 0.0, 0.0, 0.0, 0.0, 0.0, 0.0, 0.0, 0.0, 0.0, 0.0, 0.0, 0.0, 0.0], [0.0, 0.0, 0.0018000000000000002, 0.0018000000000000002, 0.0, 0.0, 0.0, 0.0, 0.0, 0.0, 0.0, 0.0, 0.0, 0.0, 0.0, 0.0, 0.0, 0.0, 0.0, 0.0], [0.0, 0.0, 0.0001, 0.0001, 0.0, 0.0, 0.0, 0.0, 0.0, 0.0, 0.0, 0.0, 0.0, 0.0, 0.0, 0.0, 0.0, 0.0, 0.0, 0.0], [0.0, 0.0, 0.0004, 0.0004, 0.0, 0.0, 0.0, 0.0, 0.0, 0.0, 0.0, 0.0, 0.0, 0.0, 0.0, 0.0, 0.0, 0.0, 0.0, 0.0], [0.0, 0.0, 0.0007, 0.0007, 0.0, 0.0, 0.0, 0.0, 0.0, 0.0, 0.0, 0.0, 0.0, 0.0, 0.0, 0.0, 0.0, 0.0, 0.0, 0.0]]}}
bs_setyawan_curtarolo_efermi: 2.7186780500000003
bs_hinuma_task_id: mp-2170755
bs_hinuma_band_gap: 2.5452
bs_hinuma_cbm: {'band_index': {'1': [62]}, 'kpoint_index': [55], 'kpoint': <pymatgen.electronic_structure.bandstructure.Kpoint object at 0x7fc5d4b5a200>, 'energy': 5.1247, 'projections': {'1': [[0.0011, 0.0011, 0.0082, 0.0082, 0.024, 0.024, 0.012100000000000001, 0.012100000000000001, 0.001, 0.0001, 0.0016, 0.001, 0.010100000000000001, 0.0016, 0.010100000000000001, 0.0028, 0.0019, 0.0019, 0.0028, 0.0001], [0.0, 0.0, 0.0, 0.0, 0.0, 0.0, 0.0098, 0.0098, 0.0009000000000000001, 0.0031000000000000003, 0.0033, 0.0009000000000000001, 0.0274, 0.0033, 0.0274, 0.0008, 0.0022, 0.0022, 0.0008, 0.0031000000000000003], [0.00030000000000000003, 0.00030000000000000003, 0.00030000000000000003, 0.00030000000000000003, 0.00030000000000000003, 0.00030000000000000003, 0.005, 0.005, 0.0012000000000000001, 0.0, 0.0001, 0.0012000000000000001, 0.0009000000000000001, 0.0001, 0.0009000000000000001, 0.0158, 0.0032, 0.0032, 0.0158, 0.0], [0.0, 0.0, 0.003, 0.0029000000000000002, 0.0, 0.0, 0.0126, 0.0126, 0.0001, 0.0039000000000000003, 0.0004, 0.0001, 0.0036000000000000003, 0.0004, 0.0036000000000000003, 0.0006000000000000001, 0.0, 0.0, 0.0006000000000000001, 0.0039000000000000003], [0.0, 0.0, 0.0522, 0.0522, 0.0, 0.0, 0.0, 0.0, 0.0, 0.0, 0.0, 0.0, 0.0, 0.0, 0.0, 0.0, 0.0, 0.0, 0.0, 0.0], [0.0, 0.0, 0.0025, 0.0025, 0.0, 0.0, 0.0, 0.0, 0.0, 0.0, 0.0, 0.0, 0.0, 0.0, 0.0, 0.0, 0.0, 0.0, 0.0, 0.0], [0.0, 0.0, 0.0012000000000000001, 0.0012000000000000001, 0.0, 0.0, 0.0, 0.0, 0.0, 0.0, 0.0, 0.0, 0.0, 0.0, 0.0, 0.0, 0.0, 0.0, 0.0, 0.0], [0.0, 0.0, 0.0066, 0.0066, 0.0, 0.0, 0.0, 0.0, 0.0, 0.0, 0.0, 0.0, 0.0, 0.0, 0.0, 0.0, 0.0, 0.0, 0.0, 0.0], [0.0, 0.0, 0.027800000000000002, 0.027800000000000002, 0.0, 0.0, 0.0, 0.0, 0.0, 0.0, 0.0, 0.0, 0.0, 0.0, 0.0, 0.0, 0.0, 0.0, 0.0, 0.0]]}}
bs_hinuma_vbm: {'band_index': {'1': [61]}, 'kpoint_index': [54], 'kpoint': <pymatgen.electronic_structure.bandstructure.Kpoint object at 0x7fc5d4b5a430>, 'energy': 2.5795, 'projections': {'1': [[0.00030000000000000003, 0.00030000000000000003, 0.00030000000000000003, 0.00030000000000000003, 0.0005, 0.0005, 0.0008, 0.0008, 0.0002, 0.0, 0.0, 0.0002, 0.0001, 0.0, 0.0001, 0.0, 0.0, 0.0, 0.0, 0.0], [0.0001, 0.0001, 0.0, 0.0, 0.0002, 0.0002, 0.0005, 0.0005, 0.0018000000000000002, 0.0004, 0.0108, 0.0018000000000000002, 0.0019, 0.0108, 0.0019, 0.0528, 0.0068000000000000005, 0.0068000000000000005, 0.052700000000000004, 0.0004], [0.0, 0.0, 0.0007, 0.0007, 0.0001, 0.0001, 0.0, 0.0, 0.0005, 0.0128, 0.033600000000000005, 0.0005, 0.0045000000000000005, 0.033600000000000005, 0.0045000000000000005, 0.0035, 0.0709, 0.0709, 0.0035, 0.0128], [0.0, 0.0, 0.0001, 0.0001, 0.0, 0.0, 0.0001, 0.0001, 0.0151, 0.0018000000000000002, 0.0098, 0.0151, 0.0002, 0.0098, 0.0002, 0.0031000000000000003, 0.0488, 0.0488, 0.0031000000000000003, 0.0018000000000000002], [0.0, 0.0, 0.0, 0.0, 0.0, 0.0, 0.0, 0.0, 0.0, 0.0, 0.0, 0.0, 0.0, 0.0, 0.0, 0.0, 0.0, 0.0, 0.0, 0.0], [0.0, 0.0, 0.0018000000000000002, 0.0018000000000000002, 0.0, 0.0, 0.0, 0.0, 0.0, 0.0, 0.0, 0.0, 0.0, 0.0, 0.0, 0.0, 0.0, 0.0, 0.0, 0.0], [0.0, 0.0, 0.0001, 0.0001, 0.0, 0.0, 0.0, 0.0, 0.0, 0.0, 0.0, 0.0, 0.0, 0.0, 0.0, 0.0, 0.0, 0.0, 0.0, 0.0], [0.0, 0.0, 0.0004, 0.0004, 0.0, 0.0, 0.0, 0.0, 0.0, 0.0, 0.0, 0.0, 0.0, 0.0, 0.0, 0.0, 0.0, 0.0, 0.0, 0.0], [0.0, 0.0, 0.0007, 0.0007, 0.0, 0.0, 0.0, 0.0, 0.0, 0.0, 0.0, 0.0, 0.0, 0.0, 0.0, 0.0, 0.0, 0.0, 0.0, 0.0]]}}
bs_hinuma_efermi: 2.62160542
bs_latimer_munro_task_id: mp-2429523
bs_latimer_munro_band_gap: 2.5452
bs_latimer_munro_cbm: {'band_index': {'1': [62]}, 'kpoint_index': [81], 'kpoint': <pymatgen.electronic_structure.bandstructure.Kpoint object at 0x7fc5d4b5a3c0>, 'energy': 5.1247, 'projections': {'1': [[0.0011, 0.0011, 0.0082, 0.0082, 0.024, 0.024, 0.012100000000000001, 0.012100000000000001, 0.001, 0.0001, 0.0016, 0.001, 0.010100000000000001, 0.0016, 0.010100000000000001, 0.0028, 0.0019, 0.0019, 0.0028, 0.0001], [0.0, 0.0, 0.0, 0.0, 0.0, 0.0, 0.0098, 0.0098, 0.0009000000000000001, 0.0031000000000000003, 0.0033, 0.0009000000000000001, 0.0274, 0.0033, 0.0274, 0.0008, 0.0022, 0.0022, 0.0008, 0.0031000000000000003], [0.00030000000000000003, 0.00030000000000000003, 0.00030000000000000003, 0.00030000000000000003, 0.00030000000000000003, 0.00030000000000000003, 0.005, 0.005, 0.0012000000000000001, 0.0, 0.0001, 0.0012000000000000001, 0.0009000000000000001, 0.0001, 0.0009000000000000001, 0.0158, 0.0032, 0.0032, 0.0158, 0.0], [0.0, 0.0, 0.0029000000000000002, 0.0029000000000000002, 0.0, 0.0, 0.0126, 0.0126, 0.0001, 0.0039000000000000003, 0.0004, 0.0001, 0.0036000000000000003, 0.0004, 0.0036000000000000003, 0.0006000000000000001, 0.0, 0.0, 0.0006000000000000001, 0.0039000000000000003], [0.0, 0.0, 0.0522, 0.0523, 0.0, 0.0, 0.0, 0.0, 0.0, 0.0, 0.0, 0.0, 0.0, 0.0, 0.0, 0.0, 0.0, 0.0, 0.0, 0.0], [0.0, 0.0, 0.0025, 0.0025, 0.0, 0.0, 0.0, 0.0, 0.0, 0.0, 0.0, 0.0, 0.0, 0.0, 0.0, 0.0, 0.0, 0.0, 0.0, 0.0], [0.0, 0.0, 0.0012000000000000001, 0.0012000000000000001, 0.0, 0.0, 0.0, 0.0, 0.0, 0.0, 0.0, 0.0, 0.0, 0.0, 0.0, 0.0, 0.0, 0.0, 0.0, 0.0], [0.0, 0.0, 0.0066, 0.0066, 0.0, 0.0, 0.0, 0.0, 0.0, 0.0, 0.0, 0.0, 0.0, 0.0, 0.0, 0.0, 0.0, 0.0, 0.0, 0.0], [0.0, 0.0, 0.0279, 0.0279, 0.0, 0.0, 0.0, 0.0, 0.0, 0.0, 0.0, 0.0, 0.0, 0.0, 0.0, 0.0, 0.0, 0.0, 0.0, 0.0]]}}
bs_latimer_munro_vbm: {'band_index': {'1': [61]}, 'kpoint_index': [60], 'kpoint': <pymatgen.electronic_structure.bandstructure.Kpoint object at 0x7fc5d4b59e80>, 'energy': 2.5795, 'projections': {'1': [[0.00030000000000000003, 0.00030000000000000003, 0.00030000000000000003, 0.00030000000000000003, 0.0005, 0.0005, 0.0008, 0.0008, 0.0002, 0.0, 0.0, 0.0002, 0.0001, 0.0, 0.0001, 0.0, 0.0, 0.0, 0.0, 0.0], [0.0001, 0.0001, 0.0, 0.0, 0.0002, 0.0002, 0.0005, 0.0005, 0.0018000000000000002, 0.0004, 0.0108, 0.0018000000000000002, 0.0019, 0.0108, 0.0019, 0.0528, 0.0068000000000000005, 0.0068000000000000005, 0.0528, 0.0004], [0.0, 0.0, 0.0007, 0.0007, 0.0001, 0.0001, 0.0, 0.0, 0.0005, 0.0128, 0.033600000000000005, 0.0005, 0.0045000000000000005, 0.033600000000000005, 0.0045000000000000005, 0.0035, 0.0709, 0.0709, 0.0035, 0.0128], [0.0, 0.0, 0.0001, 0.0001, 0.0, 0.0, 0.0001, 0.0001, 0.0151, 0.0018000000000000002, 0.0098, 0.0151, 0.0002, 0.0098, 0.0002, 0.0031000000000000003, 0.0488, 0.0488, 0.0031000000000000003, 0.0018000000000000002], [0.0, 0.0, 0.0, 0.0, 0.0, 0.0, 0.0, 0.0, 0.0, 0.0, 0.0, 0.0, 0.0, 0.0, 0.0, 0.0, 0.0, 0.0, 0.0, 0.0], [0.0, 0.0, 0.0018000000000000002, 0.0018000000000000002, 0.0, 0.0, 0.0, 0.0, 0.0, 0.0, 0.0, 0.0, 0.0, 0.0, 0.0, 0.0, 0.0, 0.0, 0.0, 0.0], [0.0, 0.0, 0.0001, 0.0001, 0.0, 0.0, 0.0, 0.0, 0.0, 0.0, 0.0, 0.0, 0.0, 0.0, 0.0, 0.0, 0.0, 0.0, 0.0, 0.0], [0.0, 0.0, 0.0004, 0.0004, 0.0, 0.0, 0.0, 0.0, 0.0, 0.0, 0.0, 0.0, 0.0, 0.0, 0.0, 0.0, 0.0, 0.0, 0.0, 0.0], [0.0, 0.0, 0.0007, 0.0007, 0.0, 0.0, 0.0, 0.0, 0.0, 0.0, 0.0, 0.0, 0.0, 0.0, 0.0, 0.0, 0.0, 0.0, 0.0, 0.0]]}}
bs_latimer_munro_efermi: 2.6798622