material_id: mp-1205304
band_gap: 2.536299999999999
efermi: 1.8998583900000001
dos_magnetic_ordering: NM
dos_total_task_id: mp-1671596
dos_total_band_gap: 2.6032
dos_total_cbm: 4.4082
dos_total_vbm: 1.8050000000000002
dos_total_efermi: 1.7842482100000001
bs_setyawan_curtarolo_task_id: mp-1608046
bs_setyawan_curtarolo_band_gap: 2.536299999999999
bs_setyawan_curtarolo_cbm: {'band_index': {'1': [66]}, 'kpoint_index': [79, 80, 107], 'kpoint': <pymatgen.electronic_structure.bandstructure.Kpoint object at 0x7fc699d63930>, 'energy': 4.3497, 'projections': {'1': [[0.0024000000000000002, 0.0024000000000000002, 0.0, 0.0, 0.0, 0.0, 0.0002, 0.0002, 0.0007, 0.0007, 0.0007, 0.0007, 0.0009000000000000001, 0.0009000000000000001, 0.0009000000000000001, 0.0009000000000000001, 0.0047, 0.0047, 0.0047, 0.0047], [0.0, 0.0, 0.014700000000000001, 0.014700000000000001, 0.014700000000000001, 0.014700000000000001, 0.0, 0.0, 0.0014, 0.0014, 0.0014, 0.0014, 0.0014, 0.0014, 0.0014, 0.0014, 0.0004, 0.0004, 0.0004, 0.0004], [0.0001, 0.0001, 0.0, 0.0, 0.0, 0.0, 0.0004, 0.0004, 0.002, 0.002, 0.002, 0.002, 0.0011, 0.0011, 0.0011, 0.0011, 0.0, 0.0, 0.0, 0.0], [0.0, 0.0, 0.013000000000000001, 0.013000000000000001, 0.013000000000000001, 0.013000000000000001, 0.0027, 0.0027, 0.0001, 0.0001, 0.0001, 0.0001, 0.0001, 0.0001, 0.0001, 0.0001, 0.005, 0.005, 0.005, 0.005], [0.0, 0.0, 0.0035, 0.0035, 0.0035, 0.0035, 0.0, 0.0, 0.0, 0.0, 0.0, 0.0, 0.0, 0.0, 0.0, 0.0, 0.0, 0.0, 0.0, 0.0], [0.0, 0.0, 0.0, 0.0, 0.0, 0.0, 0.0, 0.0, 0.0, 0.0, 0.0, 0.0, 0.0, 0.0, 0.0, 0.0, 0.0, 0.0, 0.0, 0.0], [0.0067, 0.0067, 0.0044, 0.0044, 0.0044, 0.0044, 0.0, 0.0, 0.0, 0.0, 0.0, 0.0, 0.0, 0.0, 0.0, 0.0, 0.0, 0.0, 0.0, 0.0], [0.012, 0.012, 0.0, 0.0, 0.0, 0.0, 0.0, 0.0, 0.0, 0.0, 0.0, 0.0, 0.0, 0.0, 0.0, 0.0, 0.0, 0.0, 0.0, 0.0], [0.25170000000000003, 0.25170000000000003, 0.0034000000000000002, 0.0034000000000000002, 0.0034000000000000002, 0.0034000000000000002, 0.0, 0.0, 0.0, 0.0, 0.0, 0.0, 0.0, 0.0, 0.0, 0.0, 0.0, 0.0, 0.0, 0.0]]}}
bs_setyawan_curtarolo_vbm: {'band_index': {'1': [65]}, 'kpoint_index': [0, 65, 66], 'kpoint': <pymatgen.electronic_structure.bandstructure.Kpoint object at 0x7fc5d4b5a350>, 'energy': 1.8134000000000001, 'projections': {'1': [[0.0, 0.0, 0.0111, 0.0111, 0.0111, 0.0111, 0.0, 0.0, 0.0, 0.0, 0.0, 0.0, 0.0, 0.0, 0.0, 0.0, 0.0001, 0.0001, 0.0001, 0.0001], [0.0017000000000000001, 0.0017000000000000001, 0.0028, 0.0028, 0.0028, 0.0028, 0.0005, 0.0005, 0.0085, 0.0085, 0.0085, 0.0085, 0.007200000000000001, 0.007200000000000001, 0.007200000000000001, 0.007200000000000001, 0.0625, 0.0625, 0.0625, 0.0625], [0.0, 0.0, 0.0, 0.0, 0.0, 0.0, 0.0, 0.0, 0.0083, 0.0083, 0.0083, 0.0083, 0.0092, 0.0092, 0.0092, 0.0092, 0.0, 0.0, 0.0, 0.0], [0.0, 0.0, 0.0152, 0.0152, 0.0152, 0.0152, 0.0, 0.0, 0.00030000000000000003, 0.00030000000000000003, 0.00030000000000000003, 0.00030000000000000003, 0.0006000000000000001, 0.0006000000000000001, 0.0006000000000000001, 0.0006000000000000001, 0.0656, 0.0656, 0.0656, 0.0656], [0.0001, 0.0001, 0.0024000000000000002, 0.0024000000000000002, 0.0024000000000000002, 0.0024000000000000002, 0.0, 0.0, 0.0, 0.0, 0.0, 0.0, 0.0, 0.0, 0.0, 0.0, 0.0, 0.0, 0.0, 0.0], [0.00030000000000000003, 0.00030000000000000003, 0.0, 0.0, 0.0, 0.0, 0.0, 0.0, 0.0, 0.0, 0.0, 0.0, 0.0, 0.0, 0.0, 0.0, 0.0, 0.0, 0.0, 0.0], [0.0, 0.0, 0.0, 0.0, 0.0, 0.0, 0.0, 0.0, 0.0, 0.0, 0.0, 0.0, 0.0, 0.0, 0.0, 0.0, 0.0, 0.0, 0.0, 0.0], [0.0, 0.0, 0.0, 0.0, 0.0, 0.0, 0.0, 0.0, 0.0, 0.0, 0.0, 0.0, 0.0, 0.0, 0.0, 0.0, 0.0, 0.0, 0.0, 0.0], [0.0, 0.0, 0.0015, 0.0015, 0.0015, 0.0015, 0.0, 0.0, 0.0, 0.0, 0.0, 0.0, 0.0, 0.0, 0.0, 0.0, 0.0, 0.0, 0.0, 0.0]]}}
bs_setyawan_curtarolo_efermi: 1.8998583900000001
bs_hinuma_task_id: mp-2170944
bs_hinuma_band_gap: 2.536299999999999
bs_hinuma_cbm: {'band_index': {'1': [66]}, 'kpoint_index': [13, 14, 69], 'kpoint': <pymatgen.electronic_structure.bandstructure.Kpoint object at 0x7fc5d4b5a190>, 'energy': 4.3497, 'projections': {'1': [[0.0024000000000000002, 0.0024000000000000002, 0.0, 0.0, 0.0, 0.0, 0.0002, 0.0002, 0.0007, 0.0007, 0.0007, 0.0007, 0.0009000000000000001, 0.0009000000000000001, 0.0009000000000000001, 0.0009000000000000001, 0.0047, 0.0047, 0.0047, 0.0047], [0.0, 0.0, 0.014700000000000001, 0.014700000000000001, 0.014700000000000001, 0.014700000000000001, 0.0, 0.0, 0.0014, 0.0014, 0.0014, 0.0014, 0.0014, 0.0014, 0.0014, 0.0014, 0.0004, 0.0004, 0.0004, 0.0004], [0.0001, 0.0001, 0.0, 0.0, 0.0, 0.0, 0.0004, 0.0004, 0.002, 0.002, 0.002, 0.002, 0.0011, 0.0011, 0.0011, 0.0011, 0.0, 0.0, 0.0, 0.0], [0.0, 0.0, 0.013000000000000001, 0.013000000000000001, 0.013000000000000001, 0.013000000000000001, 0.0027, 0.0027, 0.0001, 0.0001, 0.0001, 0.0001, 0.0001, 0.0001, 0.0001, 0.0001, 0.005, 0.005, 0.005, 0.005], [0.0, 0.0, 0.0035, 0.0035, 0.0035, 0.0035, 0.0, 0.0, 0.0, 0.0, 0.0, 0.0, 0.0, 0.0, 0.0, 0.0, 0.0, 0.0, 0.0, 0.0], [0.0, 0.0, 0.0, 0.0, 0.0, 0.0, 0.0, 0.0, 0.0, 0.0, 0.0, 0.0, 0.0, 0.0, 0.0, 0.0, 0.0, 0.0, 0.0, 0.0], [0.0067, 0.0067, 0.0044, 0.0044, 0.0044, 0.0044, 0.0, 0.0, 0.0, 0.0, 0.0, 0.0, 0.0, 0.0, 0.0, 0.0, 0.0, 0.0, 0.0, 0.0], [0.012, 0.012, 0.0, 0.0, 0.0, 0.0, 0.0, 0.0, 0.0, 0.0, 0.0, 0.0, 0.0, 0.0, 0.0, 0.0, 0.0, 0.0, 0.0, 0.0], [0.25170000000000003, 0.25170000000000003, 0.0034000000000000002, 0.0034000000000000002, 0.0034000000000000002, 0.0034000000000000002, 0.0, 0.0, 0.0, 0.0, 0.0, 0.0, 0.0, 0.0, 0.0, 0.0, 0.0, 0.0, 0.0, 0.0]]}}
bs_hinuma_vbm: {'band_index': {'1': [65]}, 'kpoint_index': [0, 31, 32, 70], 'kpoint': <pymatgen.electronic_structure.bandstructure.Kpoint object at 0x7fc5d4b59c50>, 'energy': 1.8134000000000001, 'projections': {'1': [[0.0, 0.0, 0.0111, 0.0111, 0.0111, 0.0111, 0.0, 0.0, 0.0, 0.0, 0.0, 0.0, 0.0, 0.0, 0.0, 0.0, 0.0001, 0.0001, 0.0001, 0.0001], [0.0017000000000000001, 0.0017000000000000001, 0.0028, 0.0028, 0.0028, 0.0028, 0.0005, 0.0005, 0.0085, 0.0085, 0.0085, 0.0085, 0.007200000000000001, 0.007200000000000001, 0.007200000000000001, 0.007200000000000001, 0.0625, 0.0625, 0.0625, 0.0625], [0.0, 0.0, 0.0, 0.0, 0.0, 0.0, 0.0, 0.0, 0.0083, 0.0083, 0.0083, 0.0083, 0.0092, 0.0092, 0.0092, 0.0092, 0.0, 0.0, 0.0, 0.0], [0.0, 0.0, 0.0152, 0.0152, 0.0152, 0.0152, 0.0, 0.0, 0.00030000000000000003, 0.00030000000000000003, 0.00030000000000000003, 0.00030000000000000003, 0.0006000000000000001, 0.0006000000000000001, 0.0006000000000000001, 0.0006000000000000001, 0.0656, 0.0656, 0.0656, 0.0656], [0.0001, 0.0001, 0.0024000000000000002, 0.0024000000000000002, 0.0024000000000000002, 0.0024000000000000002, 0.0, 0.0, 0.0, 0.0, 0.0, 0.0, 0.0, 0.0, 0.0, 0.0, 0.0, 0.0, 0.0, 0.0], [0.00030000000000000003, 0.00030000000000000003, 0.0, 0.0, 0.0, 0.0, 0.0, 0.0, 0.0, 0.0, 0.0, 0.0, 0.0, 0.0, 0.0, 0.0, 0.0, 0.0, 0.0, 0.0], [0.0, 0.0, 0.0, 0.0, 0.0, 0.0, 0.0, 0.0, 0.0, 0.0, 0.0, 0.0, 0.0, 0.0, 0.0, 0.0, 0.0, 0.0, 0.0, 0.0], [0.0, 0.0, 0.0, 0.0, 0.0, 0.0, 0.0, 0.0, 0.0, 0.0, 0.0, 0.0, 0.0, 0.0, 0.0, 0.0, 0.0, 0.0, 0.0, 0.0], [0.0, 0.0, 0.0015, 0.0015, 0.0015, 0.0015, 0.0, 0.0, 0.0, 0.0, 0.0, 0.0, 0.0, 0.0, 0.0, 0.0, 0.0, 0.0, 0.0, 0.0]]}}
bs_hinuma_efermi: 1.900499889999999
bs_latimer_munro_task_id: mp-2689182
bs_latimer_munro_band_gap: 2.536299999999999
bs_latimer_munro_cbm: {'band_index': {'1': [66]}, 'kpoint_index': [108, 109, 167, 168], 'kpoint': <pymatgen.electronic_structure.bandstructure.Kpoint object at 0x7fc5d4b59be0>, 'energy': 4.3497, 'projections': {'1': [[0.0024000000000000002, 0.0024000000000000002, 0.0, 0.0, 0.0, 0.0, 0.0002, 0.0002, 0.0007, 0.0007, 0.0007, 0.0007, 0.0009000000000000001, 0.0009000000000000001, 0.0009000000000000001, 0.0009000000000000001, 0.0047, 0.0047, 0.0047, 0.0047], [0.0, 0.0, 0.014700000000000001, 0.014700000000000001, 0.014700000000000001, 0.014700000000000001, 0.0, 0.0, 0.0014, 0.0014, 0.0014, 0.0014, 0.0014, 0.0014, 0.0014, 0.0014, 0.0004, 0.0004, 0.0004, 0.0004], [0.0001, 0.0001, 0.0, 0.0, 0.0, 0.0, 0.0004, 0.0004, 0.002, 0.002, 0.002, 0.002, 0.0011, 0.0011, 0.0011, 0.0011, 0.0, 0.0, 0.0, 0.0], [0.0, 0.0, 0.013000000000000001, 0.013000000000000001, 0.013000000000000001, 0.013000000000000001, 0.0027, 0.0027, 0.0001, 0.0001, 0.0001, 0.0001, 0.0001, 0.0001, 0.0001, 0.0001, 0.005, 0.005, 0.005, 0.005], [0.0, 0.0, 0.0035, 0.0035, 0.0035, 0.0035, 0.0, 0.0, 0.0, 0.0, 0.0, 0.0, 0.0, 0.0, 0.0, 0.0, 0.0, 0.0, 0.0, 0.0], [0.0, 0.0, 0.0, 0.0, 0.0, 0.0, 0.0, 0.0, 0.0, 0.0, 0.0, 0.0, 0.0, 0.0, 0.0, 0.0, 0.0, 0.0, 0.0, 0.0], [0.0067, 0.0067, 0.0044, 0.0044, 0.0044, 0.0044, 0.0, 0.0, 0.0, 0.0, 0.0, 0.0, 0.0, 0.0, 0.0, 0.0, 0.0, 0.0, 0.0, 0.0], [0.012, 0.012, 0.0, 0.0, 0.0, 0.0, 0.0, 0.0, 0.0, 0.0, 0.0, 0.0, 0.0, 0.0, 0.0, 0.0, 0.0, 0.0, 0.0, 0.0], [0.25170000000000003, 0.25170000000000003, 0.0034000000000000002, 0.0034000000000000002, 0.0034000000000000002, 0.0034000000000000002, 0.0, 0.0, 0.0, 0.0, 0.0, 0.0, 0.0, 0.0, 0.0, 0.0, 0.0, 0.0, 0.0, 0.0]]}}
bs_latimer_munro_vbm: {'band_index': {'1': [65]}, 'kpoint_index': [53, 54, 143, 144, 154, 172, 215], 'kpoint': <pymatgen.electronic_structure.bandstructure.Kpoint object at 0x7fc5d4b59e80>, 'energy': 1.8134000000000001, 'projections': {'1': [[0.0, 0.0, 0.0111, 0.0111, 0.0111, 0.0111, 0.0, 0.0, 0.0, 0.0, 0.0, 0.0, 0.0, 0.0, 0.0, 0.0, 0.0001, 0.0001, 0.0001, 0.0001], [0.0017000000000000001, 0.0017000000000000001, 0.0028, 0.0028, 0.0028, 0.0028, 0.0005, 0.0005, 0.0085, 0.0085, 0.0085, 0.0085, 0.007200000000000001, 0.007200000000000001, 0.007200000000000001, 0.007200000000000001, 0.0625, 0.0625, 0.0625, 0.0625], [0.0, 0.0, 0.0, 0.0, 0.0, 0.0, 0.0, 0.0, 0.0083, 0.0083, 0.0083, 0.0083, 0.0092, 0.0092, 0.0092, 0.0092, 0.0, 0.0, 0.0, 0.0], [0.0, 0.0, 0.0152, 0.0152, 0.0152, 0.0152, 0.0, 0.0, 0.00030000000000000003, 0.00030000000000000003, 0.00030000000000000003, 0.00030000000000000003, 0.0006000000000000001, 0.0006000000000000001, 0.0006000000000000001, 0.0006000000000000001, 0.0656, 0.0656, 0.0656, 0.0656], [0.0001, 0.0001, 0.0024000000000000002, 0.0024000000000000002, 0.0024000000000000002, 0.0024000000000000002, 0.0, 0.0, 0.0, 0.0, 0.0, 0.0, 0.0, 0.0, 0.0, 0.0, 0.0, 0.0, 0.0, 0.0], [0.00030000000000000003, 0.00030000000000000003, 0.0, 0.0, 0.0, 0.0, 0.0, 0.0, 0.0, 0.0, 0.0, 0.0, 0.0, 0.0, 0.0, 0.0, 0.0, 0.0, 0.0, 0.0], [0.0, 0.0, 0.0, 0.0, 0.0, 0.0, 0.0, 0.0, 0.0, 0.0, 0.0, 0.0, 0.0, 0.0, 0.0, 0.0, 0.0, 0.0, 0.0, 0.0], [0.0, 0.0, 0.0, 0.0, 0.0, 0.0, 0.0, 0.0, 0.0, 0.0, 0.0, 0.0, 0.0, 0.0, 0.0, 0.0, 0.0, 0.0, 0.0, 0.0], [0.0, 0.0, 0.0015, 0.0015, 0.0015, 0.0015, 0.0, 0.0, 0.0, 0.0, 0.0, 0.0, 0.0, 0.0, 0.0, 0.0, 0.0, 0.0, 0.0, 0.0]]}}
bs_latimer_munro_efermi: 1.91873021