material_id: mp-1228438
band_gap: 1.753899999999999
efermi: 3.61437248
dos_magnetic_ordering: NM
dos_total_task_id: mp-1730301
dos_total_band_gap: 1.7752000000000001
dos_total_cbm: 5.2874
dos_total_vbm: 3.5122
dos_total_efermi: 3.51271032
bs_setyawan_curtarolo_task_id: mp-1622031
bs_setyawan_curtarolo_band_gap: 1.753899999999999
bs_setyawan_curtarolo_cbm: {'band_index': {'1': [21]}, 'kpoint_index': [0], 'kpoint': <pymatgen.electronic_structure.bandstructure.Kpoint object at 0x7fc699d63930>, 'energy': 5.2604, 'projections': {'1': [[0.063, 0.01, 0.15810000000000002, 0.028200000000000003, 0.0135, 0.107, 0.07540000000000001], [0.005, 0.006, 0.0013000000000000002, 0.0079, 0.0016, 0.0021000000000000003, 0.0244], [0.0009000000000000001, 0.0004, 0.0, 0.0028, 0.0026000000000000003, 0.0009000000000000001, 0.0022], [0.0, 0.0, 0.0, 0.0, 0.0, 0.0, 0.0], [0.0, 0.0, 0.0, 0.0, 0.0, 0.0, 0.0], [0.0, 0.0, 0.0, 0.0, 0.0, 0.0, 0.0], [0.0, 0.0, 0.0017000000000000001, 0.0, 0.0, 0.0, 0.0], [0.0, 0.0, 0.0, 0.0, 0.0, 0.0, 0.0], [0.0, 0.0, 0.0001, 0.0, 0.0, 0.0, 0.0]]}}
bs_setyawan_curtarolo_vbm: {'band_index': {'1': [20]}, 'kpoint_index': [0], 'kpoint': <pymatgen.electronic_structure.bandstructure.Kpoint object at 0x7fc5d4b59be0>, 'energy': 3.5065, 'projections': {'1': [[0.0, 0.0, 0.0, 0.0, 0.0, 0.0, 0.0], [0.0, 0.0, 0.0, 0.0, 0.0, 0.0, 0.0], [0.0, 0.0, 0.0, 0.0, 0.0, 0.0, 0.0], [0.0025, 0.0029000000000000002, 0.0013000000000000002, 0.0132, 0.5153, 0.0009000000000000001, 0.0172], [0.0, 0.0, 0.0, 0.0, 0.0, 0.0, 0.0], [0.0, 0.0, 0.0, 0.0, 0.0, 0.0, 0.0], [0.0, 0.0, 0.0, 0.0, 0.0, 0.0, 0.0], [0.0, 0.0, 0.0, 0.0, 0.0, 0.0, 0.0], [0.0, 0.0, 0.0, 0.0, 0.0, 0.0, 0.0]]}}
bs_setyawan_curtarolo_efermi: 3.61437248
bs_latimer_munro_task_id: mp-2305246
bs_latimer_munro_band_gap: 1.753899999999999
bs_latimer_munro_cbm: {'band_index': {'1': [21]}, 'kpoint_index': [166, 167, 182, 197, 212, 223, 235], 'kpoint': <pymatgen.electronic_structure.bandstructure.Kpoint object at 0x7fc5d4b59c50>, 'energy': 5.2604, 'projections': {'1': [[0.063, 0.01, 0.15810000000000002, 0.028200000000000003, 0.0135, 0.107, 0.07540000000000001], [0.005, 0.006, 0.0013000000000000002, 0.0079, 0.0016, 0.0021000000000000003, 0.0244], [0.0009000000000000001, 0.0004, 0.0, 0.0028, 0.0026000000000000003, 0.0009000000000000001, 0.0022], [0.0, 0.0, 0.0, 0.0, 0.0, 0.0, 0.0], [0.0, 0.0, 0.0, 0.0, 0.0, 0.0, 0.0], [0.0, 0.0, 0.0, 0.0, 0.0, 0.0, 0.0], [0.0, 0.0, 0.0017000000000000001, 0.0, 0.0, 0.0, 0.0], [0.0, 0.0, 0.0, 0.0, 0.0, 0.0, 0.0], [0.0, 0.0, 0.0001, 0.0, 0.0, 0.0, 0.0]]}}
bs_latimer_munro_vbm: {'band_index': {'1': [20]}, 'kpoint_index': [166, 167, 182, 197, 212, 223, 235], 'kpoint': <pymatgen.electronic_structure.bandstructure.Kpoint object at 0x7fc5d4b5a200>, 'energy': 3.5065, 'projections': {'1': [[0.0, 0.0, 0.0, 0.0, 0.0, 0.0, 0.0], [0.0, 0.0, 0.0, 0.0, 0.0, 0.0, 0.0], [0.0, 0.0, 0.0, 0.0, 0.0, 0.0, 0.0], [0.0025, 0.0029000000000000002, 0.0013000000000000002, 0.0132, 0.5153, 0.0009000000000000001, 0.0172], [0.0, 0.0, 0.0, 0.0, 0.0, 0.0, 0.0], [0.0, 0.0, 0.0, 0.0, 0.0, 0.0, 0.0], [0.0, 0.0, 0.0, 0.0, 0.0, 0.0, 0.0], [0.0, 0.0, 0.0, 0.0, 0.0, 0.0, 0.0], [0.0, 0.0, 0.0, 0.0, 0.0, 0.0, 0.0]]}}
bs_latimer_munro_efermi: 3.60596283