material_id: mp-1078636
band_gap: 0.6404000000000001
efermi: 2.56999806
dos_magnetic_ordering: NM
dos_total_task_id: mp-1697204
dos_total_band_gap: 0.7237
dos_total_cbm: 3.215
dos_total_vbm: 2.4913
dos_total_efermi: 2.49388715
bs_setyawan_curtarolo_task_id: mp-1597521
bs_setyawan_curtarolo_band_gap: 0.6404000000000001
bs_setyawan_curtarolo_cbm: {'band_index': {'1': [42]}, 'kpoint_index': [58, 59, 117], 'kpoint': <pymatgen.electronic_structure.bandstructure.Kpoint object at 0x7fc699d63930>, 'energy': 3.1474, 'projections': {'1': [[0.0, 0.0, 0.0, 0.0, 0.006200000000000001, 0.006200000000000001, 0.0, 0.0, 0.0, 0.0], [0.0, 0.0, 0.0, 0.0, 0.0, 0.0, 0.0, 0.0, 0.0, 0.0], [0.0, 0.0, 0.0, 0.0, 0.0, 0.0, 0.0, 0.0, 0.0, 0.0], [0.0041, 0.0041, 0.0041, 0.0041, 0.0, 0.0, 0.0074, 0.0074, 0.0074, 0.0074], [0.0029000000000000002, 0.0029000000000000002, 0.0029000000000000002, 0.0029000000000000002, 0.0, 0.0, 0.0001, 0.0001, 0.0001, 0.0001], [0.0, 0.0, 0.0, 0.0, 0.0, 0.0, 0.0, 0.0, 0.0, 0.0], [0.0, 0.0, 0.0, 0.0, 0.0025, 0.0025, 0.0, 0.0, 0.0, 0.0], [0.0589, 0.0589, 0.0589, 0.0589, 0.0, 0.0, 0.0028, 0.0028, 0.0028, 0.0028], [0.0, 0.0, 0.0, 0.0, 0.001, 0.001, 0.0, 0.0, 0.0, 0.0]]}}
bs_setyawan_curtarolo_vbm: {'band_index': {'1': [41]}, 'kpoint_index': ['72'], 'kpoint': <pymatgen.electronic_structure.bandstructure.Kpoint object at 0x7fc5d4b5a350>, 'energy': 2.507, 'projections': {'1': [[0.0001, 0.0001, 0.0001, 0.0001, 0.0, 0.0, 0.0009000000000000001, 0.0009000000000000001, 0.0009000000000000001, 0.0009000000000000001], [0.0009000000000000001, 0.0009000000000000001, 0.0009000000000000001, 0.0009000000000000001, 0.0, 0.0, 0.0043, 0.0043, 0.0043, 0.0043], [0.0037, 0.0037, 0.0037, 0.0037, 0.0025, 0.0025, 0.09140000000000001, 0.09140000000000001, 0.09140000000000001, 0.09140000000000001], [0.0, 0.0, 0.0, 0.0, 0.0, 0.0, 0.0, 0.0, 0.0, 0.0], [0.0, 0.0, 0.0, 0.0, 0.014400000000000001, 0.014400000000000001, 0.0, 0.0, 0.0, 0.0], [0.0012000000000000001, 0.0012000000000000001, 0.0012000000000000001, 0.0012000000000000001, 0.0, 0.0, 0.0, 0.0, 0.0, 0.0], [0.0022, 0.0022, 0.0022, 0.0022, 0.0, 0.0, 0.0, 0.0, 0.0, 0.0], [0.0, 0.0, 0.0, 0.0, 0.0, 0.0, 0.0, 0.0, 0.0, 0.0], [0.0001, 0.0001, 0.0001, 0.0001, 0.0, 0.0, 0.0, 0.0, 0.0, 0.0]]}}
bs_setyawan_curtarolo_efermi: 2.56999806
bs_hinuma_task_id: mp-2067137
bs_hinuma_band_gap: 0.6404000000000001
bs_hinuma_cbm: {'band_index': {'1': [42]}, 'kpoint_index': [19, 20, 52], 'kpoint': <pymatgen.electronic_structure.bandstructure.Kpoint object at 0x7fc5d4b59be0>, 'energy': 3.1474, 'projections': {'1': [[0.0, 0.0, 0.0, 0.0, 0.006200000000000001, 0.006200000000000001, 0.0, 0.0, 0.0, 0.0], [0.0, 0.0, 0.0, 0.0, 0.0, 0.0, 0.0, 0.0, 0.0, 0.0], [0.0, 0.0, 0.0, 0.0, 0.0, 0.0, 0.0, 0.0, 0.0, 0.0], [0.0041, 0.0041, 0.0041, 0.0041, 0.0, 0.0, 0.0074, 0.0074, 0.0074, 0.0074], [0.0029000000000000002, 0.0029000000000000002, 0.0029000000000000002, 0.0029000000000000002, 0.0, 0.0, 0.0001, 0.0001, 0.0001, 0.0001], [0.0, 0.0, 0.0, 0.0, 0.0, 0.0, 0.0, 0.0, 0.0, 0.0], [0.0, 0.0, 0.0, 0.0, 0.0025, 0.0025, 0.0, 0.0, 0.0, 0.0], [0.0589, 0.0589, 0.0589, 0.0589, 0.0, 0.0, 0.0028, 0.0028, 0.0028, 0.0028], [0.0, 0.0, 0.0, 0.0, 0.001, 0.001, 0.0, 0.0, 0.0, 0.0]]}}
bs_hinuma_vbm: {'band_index': {'1': [41]}, 'kpoint_index': ['2'], 'kpoint': <pymatgen.electronic_structure.bandstructure.Kpoint object at 0x7fc5d4b59d30>, 'energy': 2.507, 'projections': {'1': [[0.0001, 0.0001, 0.0001, 0.0001, 0.0, 0.0, 0.0009000000000000001, 0.0009000000000000001, 0.0009000000000000001, 0.0009000000000000001], [0.0009000000000000001, 0.0009000000000000001, 0.0009000000000000001, 0.0009000000000000001, 0.0, 0.0, 0.0043, 0.0043, 0.0043, 0.0043], [0.0037, 0.0037, 0.0037, 0.0037, 0.0025, 0.0025, 0.09140000000000001, 0.09140000000000001, 0.09140000000000001, 0.09140000000000001], [0.0, 0.0, 0.0, 0.0, 0.0, 0.0, 0.0, 0.0, 0.0, 0.0], [0.0, 0.0, 0.0, 0.0, 0.014400000000000001, 0.014400000000000001, 0.0, 0.0, 0.0, 0.0], [0.0012000000000000001, 0.0012000000000000001, 0.0012000000000000001, 0.0012000000000000001, 0.0, 0.0, 0.0, 0.0, 0.0, 0.0], [0.0022, 0.0022, 0.0022, 0.0022, 0.0, 0.0, 0.0, 0.0, 0.0, 0.0], [0.0, 0.0, 0.0, 0.0, 0.0, 0.0, 0.0, 0.0, 0.0, 0.0], [0.0001, 0.0001, 0.0001, 0.0001, 0.0, 0.0, 0.0, 0.0, 0.0, 0.0]]}}
bs_hinuma_efermi: 2.5679203900000003
bs_latimer_munro_task_id: mp-2434469
bs_latimer_munro_band_gap: 0.6404000000000001
bs_latimer_munro_cbm: {'band_index': {'1': [42]}, 'kpoint_index': [76, 77, 88, 223], 'kpoint': <pymatgen.electronic_structure.bandstructure.Kpoint object at 0x7fc5d4b59e80>, 'energy': 3.1474, 'projections': {'1': [[0.0, 0.0, 0.0, 0.0, 0.006200000000000001, 0.006200000000000001, 0.0, 0.0, 0.0, 0.0], [0.0, 0.0, 0.0, 0.0, 0.0, 0.0, 0.0, 0.0, 0.0, 0.0], [0.0, 0.0, 0.0, 0.0, 0.0, 0.0, 0.0, 0.0, 0.0, 0.0], [0.0041, 0.0041, 0.0041, 0.0041, 0.0, 0.0, 0.0074, 0.0074, 0.0074, 0.0074], [0.0029000000000000002, 0.0029000000000000002, 0.0029000000000000002, 0.0029000000000000002, 0.0, 0.0, 0.0001, 0.0001, 0.0001, 0.0001], [0.0, 0.0, 0.0, 0.0, 0.0, 0.0, 0.0, 0.0, 0.0, 0.0], [0.0, 0.0, 0.0, 0.0, 0.0025, 0.0025, 0.0, 0.0, 0.0, 0.0], [0.0589, 0.0589, 0.0589, 0.0589, 0.0, 0.0, 0.0028, 0.0028, 0.0028, 0.0028], [0.0, 0.0, 0.0, 0.0, 0.001, 0.001, 0.0, 0.0, 0.0, 0.0]]}}
bs_latimer_munro_vbm: {'band_index': {'1': [41]}, 'kpoint_index': ['183'], 'kpoint': <pymatgen.electronic_structure.bandstructure.Kpoint object at 0x7fc5d4b5a3c0>, 'energy': 2.507, 'projections': {'1': [[0.0001, 0.0001, 0.0001, 0.0001, 0.0, 0.0, 0.0009000000000000001, 0.0009000000000000001, 0.0009000000000000001, 0.0009000000000000001], [0.0009000000000000001, 0.0009000000000000001, 0.0009000000000000001, 0.0009000000000000001, 0.0, 0.0, 0.0043, 0.0043, 0.0043, 0.0043], [0.0037, 0.0037, 0.0037, 0.0037, 0.0025, 0.0025, 0.09140000000000001, 0.09140000000000001, 0.09140000000000001, 0.09140000000000001], [0.0, 0.0, 0.0, 0.0, 0.0, 0.0, 0.0, 0.0, 0.0, 0.0], [0.0, 0.0, 0.0, 0.0, 0.014400000000000001, 0.014400000000000001, 0.0, 0.0, 0.0, 0.0], [0.0012000000000000001, 0.0012000000000000001, 0.0012000000000000001, 0.0012000000000000001, 0.0, 0.0, 0.0, 0.0, 0.0, 0.0], [0.0022, 0.0022, 0.0022, 0.0022, 0.0, 0.0, 0.0, 0.0, 0.0, 0.0], [0.0, 0.0, 0.0, 0.0, 0.0, 0.0, 0.0, 0.0, 0.0, 0.0], [0.0001, 0.0001, 0.0001, 0.0001, 0.0, 0.0, 0.0, 0.0, 0.0, 0.0]]}}
bs_latimer_munro_efermi: 2.56184346