material_id: mp-1395840
band_gap: 1.6172
efermi: 0.57219412
dos_magnetic_ordering: FM
dos_total_task_id: mp-1753260
dos_total_band_gap: 2.566
dos_total_cbm: 2.0471
dos_total_vbm: -0.5189
dos_total_efermi: 0.45727269000000004
bs_setyawan_curtarolo_task_id: mp-1624987
bs_setyawan_curtarolo_band_gap: 1.6172
bs_setyawan_curtarolo_cbm: {'band_index': {'1': [30], '-1': []}, 'kpoint_index': [0, 91, 92], 'kpoint': <pymatgen.electronic_structure.bandstructure.Kpoint object at 0x7fc699d63930>, 'energy': 2.0554, 'projections': {'1': [[0.0086, 0.1078, 0.0155, 0.0155, 0.0009000000000000001, 0.0009000000000000001, 0.0038], [0.0, 0.0, 0.0073, 0.0073, 0.0, 0.0, 0.0], [0.0, 0.0, 0.0, 0.0, 0.0025, 0.0025, 0.0], [0.0, 0.0, 0.0, 0.0, 0.0, 0.0, 0.0], [0.0, 0.0, 0.0, 0.0, 0.0, 0.0, 0.0], [0.0, 0.0, 0.0, 0.0, 0.0, 0.0, 0.0], [0.0119, 0.42510000000000003, 0.0, 0.0, 0.0, 0.0, 0.0], [0.0, 0.0, 0.0, 0.0, 0.0, 0.0, 0.0], [0.0059, 0.0649, 0.0, 0.0, 0.0, 0.0, 0.0]]}}
bs_setyawan_curtarolo_vbm: {'band_index': {'-1': [27], '1': []}, 'kpoint_index': [119, 120], 'kpoint': <pymatgen.electronic_structure.bandstructure.Kpoint object at 0x7fc5d4b5a350>, 'energy': 0.43820000000000003, 'projections': {'-1': [[0.0, 0.0106, 0.0, 0.0, 0.0, 0.0, 0.0], [0.0014, 0.0, 0.013900000000000001, 0.013900000000000001, 0.0, 0.0, 0.0077], [0.0, 0.0, 0.0, 0.0, 0.0, 0.0, 0.0], [0.0, 0.0, 0.0, 0.0, 0.0, 0.0, 0.0], [0.0, 0.0, 0.0, 0.0, 0.0, 0.0, 0.0], [0.0, 0.0, 0.0, 0.0, 0.0, 0.0, 0.0], [0.0, 0.0167, 0.0, 0.0, 0.0, 0.0, 0.0], [0.0, 0.0, 0.0, 0.0, 0.0, 0.0, 0.0], [0.0, 0.8638, 0.0, 0.0, 0.0, 0.0, 0.0]]}}
bs_setyawan_curtarolo_efermi: 0.57219412
bs_hinuma_task_id: mp-2154604
bs_hinuma_band_gap: 1.6172
bs_hinuma_cbm: {'band_index': {'1': [30], '-1': []}, 'kpoint_index': [0, 48, 49, 70, 127, 128], 'kpoint': <pymatgen.electronic_structure.bandstructure.Kpoint object at 0x7fc5d4b59e80>, 'energy': 2.0554, 'projections': {'1': [[0.0086, 0.1078, 0.0155, 0.0155, 0.0009000000000000001, 0.0009000000000000001, 0.0038], [0.0, 0.0, 0.0073, 0.0073, 0.0, 0.0, 0.0], [0.0, 0.0, 0.0, 0.0, 0.0025, 0.0025, 0.0], [0.0, 0.0, 0.0, 0.0, 0.0, 0.0, 0.0], [0.0, 0.0, 0.0, 0.0, 0.0, 0.0, 0.0], [0.0, 0.0, 0.0, 0.0, 0.0, 0.0, 0.0], [0.0119, 0.42510000000000003, 0.0, 0.0, 0.0, 0.0, 0.0], [0.0, 0.0, 0.0, 0.0, 0.0, 0.0, 0.0], [0.0059, 0.0649, 0.0, 0.0, 0.0, 0.0, 0.0]]}}
bs_hinuma_vbm: {'band_index': {'-1': [27], '1': []}, 'kpoint_index': [114, 115], 'kpoint': <pymatgen.electronic_structure.bandstructure.Kpoint object at 0x7fc5d4b59d30>, 'energy': 0.43820000000000003, 'projections': {'-1': [[0.0, 0.0106, 0.0, 0.0, 0.0, 0.0, 0.0], [0.0014, 0.0, 0.013900000000000001, 0.013900000000000001, 0.0, 0.0, 0.0078000000000000005], [0.0, 0.0, 0.0, 0.0, 0.0, 0.0, 0.0], [0.0, 0.0, 0.0, 0.0, 0.0, 0.0, 0.0], [0.0, 0.0, 0.0, 0.0, 0.0, 0.0, 0.0], [0.0, 0.0, 0.0, 0.0, 0.0, 0.0, 0.0], [0.0, 0.0167, 0.0, 0.0, 0.0, 0.0, 0.0], [0.0, 0.0, 0.0, 0.0, 0.0, 0.0, 0.0], [0.0, 0.8638, 0.0, 0.0, 0.0, 0.0, 0.0]]}}
bs_hinuma_efermi: 0.56604642
bs_latimer_munro_task_id: mp-2311527
bs_latimer_munro_band_gap: 1.6172
bs_latimer_munro_cbm: {'band_index': {'1': [30], '-1': []}, 'kpoint_index': [23, 24, 89, 90, 189, 190, 208, 225, 238, 255], 'kpoint': <pymatgen.electronic_structure.bandstructure.Kpoint object at 0x7fc5d4b5a190>, 'energy': 2.0554, 'projections': {'1': [[0.008700000000000001, 0.1078, 0.0155, 0.0155, 0.0009000000000000001, 0.0009000000000000001, 0.0038], [0.0, 0.0, 0.0073, 0.0073, 0.0, 0.0, 0.0], [0.0, 0.0, 0.0, 0.0, 0.0025, 0.0025, 0.0], [0.0, 0.0, 0.0, 0.0, 0.0, 0.0, 0.0], [0.0, 0.0, 0.0, 0.0, 0.0, 0.0, 0.0], [0.0, 0.0, 0.0, 0.0, 0.0, 0.0, 0.0], [0.0119, 0.42510000000000003, 0.0, 0.0, 0.0, 0.0, 0.0], [0.0, 0.0, 0.0, 0.0, 0.0, 0.0, 0.0], [0.0059, 0.0649, 0.0, 0.0, 0.0, 0.0, 0.0]]}}
bs_latimer_munro_vbm: {'band_index': {'-1': [27], '1': []}, 'kpoint_index': [146, 147, 237], 'kpoint': <pymatgen.electronic_structure.bandstructure.Kpoint object at 0x7fc5d4b5a3c0>, 'energy': 0.43820000000000003, 'projections': {'-1': [[0.0, 0.0106, 0.0, 0.0, 0.0, 0.0, 0.0], [0.0014, 0.0, 0.013900000000000001, 0.013900000000000001, 0.0, 0.0, 0.0077], [0.0, 0.0, 0.0, 0.0, 0.0, 0.0, 0.0], [0.0, 0.0, 0.0, 0.0, 0.0, 0.0, 0.0], [0.0, 0.0, 0.0, 0.0, 0.0, 0.0, 0.0], [0.0, 0.0, 0.0, 0.0, 0.0, 0.0, 0.0], [0.0, 0.0167, 0.0, 0.0, 0.0, 0.0, 0.0], [0.0, 0.0, 0.0, 0.0, 0.0, 0.0, 0.0], [0.0, 0.8639, 0.0, 0.0, 0.0, 0.0, 0.0]]}}
bs_latimer_munro_efermi: 0.56840296