material_id: mp-13743
band_gap: 2.6237
efermi: 0.11546995
dos_magnetic_ordering: NM
dos_total_task_id: mp-1708931
dos_total_band_gap: 2.9016
dos_total_cbm: 2.9632
dos_total_vbm: 0.0616
dos_total_efermi: 0.04122123
bs_setyawan_curtarolo_task_id: mp-1604052
bs_setyawan_curtarolo_band_gap: 2.6237
bs_setyawan_curtarolo_cbm: {'band_index': {'1': [58]}, 'kpoint_index': [0, 89, 90, 116], 'kpoint': <pymatgen.electronic_structure.bandstructure.Kpoint object at 0x7fc699d63930>, 'energy': 2.6696, 'projections': {'1': [[0.0159, 0.0145, 0.016900000000000002, 0.0146, 0.0159, 0.017, 0.027200000000000002, 0.027200000000000002, 0.013000000000000001, 0.016, 0.016, 0.0131, 0.013000000000000001, 0.0131], [0.00030000000000000003, 0.0, 0.0, 0.0, 0.00030000000000000003, 0.0, 0.0, 0.0, 0.0009000000000000001, 0.0008, 0.0008, 0.0009000000000000001, 0.0009000000000000001, 0.0009000000000000001], [0.0005, 0.0, 0.0, 0.0, 0.0005, 0.0, 0.0002, 0.0002, 0.0019, 0.0034000000000000002, 0.0034000000000000002, 0.0019, 0.0019, 0.0019], [0.0, 0.0004, 0.0, 0.0004, 0.0, 0.0, 0.0, 0.0, 0.0057, 0.0, 0.0, 0.0057, 0.0057, 0.0057], [0.0, 0.0, 0.0, 0.0, 0.0, 0.0, 0.0, 0.0, 0.0, 0.0, 0.0, 0.0, 0.0, 0.0], [0.0005, 0.0, 0.0001, 0.0, 0.0005, 0.0001, 0.0027, 0.0027, 0.0, 0.0, 0.0, 0.0, 0.0, 0.0], [0.0001, 0.0, 0.0001, 0.0, 0.0001, 0.0001, 0.0001, 0.0001, 0.0, 0.0, 0.0, 0.0, 0.0, 0.0], [0.0, 0.0, 0.0, 0.0, 0.0, 0.0, 0.0, 0.0, 0.0, 0.0, 0.0, 0.0, 0.0, 0.0], [0.0005, 0.0004, 0.0, 0.0004, 0.0005, 0.0, 0.0008, 0.0008, 0.0, 0.0, 0.0, 0.0, 0.0, 0.0]]}}
bs_setyawan_curtarolo_vbm: {'band_index': {'1': [57]}, 'kpoint_index': [0, 89, 90, 116], 'kpoint': <pymatgen.electronic_structure.bandstructure.Kpoint object at 0x7fc5d4b5a3c0>, 'energy': 0.0459, 'projections': {'1': [[0.0, 0.0, 0.0, 0.0, 0.0, 0.0, 0.0, 0.0, 0.0, 0.0, 0.0, 0.0, 0.0, 0.0], [0.0, 0.0073, 0.0, 0.0074, 0.0, 0.0, 0.0, 0.0, 0.0032, 0.0, 0.0, 0.0032, 0.0032, 0.0032], [0.0, 0.00030000000000000003, 0.0, 0.00030000000000000003, 0.0, 0.0, 0.0, 0.0, 0.0611, 0.0, 0.0, 0.0611, 0.0611, 0.0611], [0.0001, 0.0, 0.0, 0.0, 0.0001, 0.0, 0.0007, 0.0007, 0.094, 0.0082, 0.0082, 0.094, 0.094, 0.094], [0.001, 0.0001, 0.0002, 0.0001, 0.001, 0.0002, 0.0021000000000000003, 0.0021000000000000003, 0.0, 0.0, 0.0, 0.0, 0.0, 0.0], [0.0, 0.0, 0.0, 0.0, 0.0, 0.0, 0.0, 0.0, 0.0, 0.0, 0.0, 0.0, 0.0, 0.0], [0.0, 0.0, 0.0, 0.0, 0.0, 0.0, 0.0, 0.0, 0.0, 0.0, 0.0, 0.0, 0.0, 0.0], [0.0013000000000000002, 0.0011, 0.0001, 0.0011, 0.0013000000000000002, 0.0001, 0.005, 0.005, 0.0, 0.0, 0.0, 0.0, 0.0, 0.0], [0.0, 0.0, 0.0, 0.0, 0.0, 0.0, 0.0, 0.0, 0.0, 0.0, 0.0, 0.0, 0.0, 0.0]]}}
bs_setyawan_curtarolo_efermi: 0.11546995
bs_latimer_munro_task_id: mp-2434415
bs_latimer_munro_band_gap: 2.6237
bs_latimer_munro_cbm: {'band_index': {'1': [58]}, 'kpoint_index': [105, 106, 122, 173, 174, 210, 211, 225, 240], 'kpoint': <pymatgen.electronic_structure.bandstructure.Kpoint object at 0x7fc5d4b59e80>, 'energy': 2.6696, 'projections': {'1': [[0.0159, 0.0145, 0.0171, 0.0145, 0.0159, 0.017, 0.027200000000000002, 0.027200000000000002, 0.0131, 0.016, 0.016, 0.013000000000000001, 0.0131, 0.013000000000000001], [0.00030000000000000003, 0.0, 0.0, 0.0, 0.00030000000000000003, 0.0, 0.0, 0.0, 0.0009000000000000001, 0.0008, 0.0008, 0.0009000000000000001, 0.0009000000000000001, 0.0009000000000000001], [0.0005, 0.0, 0.0, 0.0, 0.0005, 0.0, 0.0002, 0.0002, 0.0019, 0.0034000000000000002, 0.0034000000000000002, 0.0019, 0.0019, 0.0019], [0.0, 0.0004, 0.0, 0.0004, 0.0, 0.0, 0.0, 0.0, 0.0057, 0.0, 0.0, 0.0057, 0.0057, 0.0057], [0.0, 0.0, 0.0, 0.0, 0.0, 0.0, 0.0, 0.0, 0.0, 0.0, 0.0, 0.0, 0.0, 0.0], [0.0005, 0.0, 0.0001, 0.0, 0.0005, 0.0001, 0.0027, 0.0027, 0.0, 0.0, 0.0, 0.0, 0.0, 0.0], [0.0001, 0.0, 0.0001, 0.0, 0.0001, 0.0001, 0.0001, 0.0001, 0.0, 0.0, 0.0, 0.0, 0.0, 0.0], [0.0, 0.0, 0.0, 0.0, 0.0, 0.0, 0.0, 0.0, 0.0, 0.0, 0.0, 0.0, 0.0, 0.0], [0.0005, 0.0004, 0.0, 0.0004, 0.0005, 0.0, 0.0008, 0.0008, 0.0, 0.0, 0.0, 0.0, 0.0, 0.0]]}}
bs_latimer_munro_vbm: {'band_index': {'1': [57]}, 'kpoint_index': [105, 106, 122, 173, 174, 210, 211, 225, 240], 'kpoint': <pymatgen.electronic_structure.bandstructure.Kpoint object at 0x7fc5d4b59d30>, 'energy': 0.0459, 'projections': {'1': [[0.0, 0.0, 0.0, 0.0, 0.0, 0.0, 0.0, 0.0, 0.0, 0.0, 0.0, 0.0, 0.0, 0.0], [0.0, 0.0073, 0.0, 0.0073, 0.0, 0.0, 0.0, 0.0, 0.0032, 0.0, 0.0, 0.0032, 0.0032, 0.0032], [0.0, 0.00030000000000000003, 0.0, 0.00030000000000000003, 0.0, 0.0, 0.0, 0.0, 0.0611, 0.0, 0.0, 0.0611, 0.0611, 0.0611], [0.0001, 0.0, 0.0, 0.0, 0.0001, 0.0, 0.0007, 0.0007, 0.094, 0.0082, 0.0082, 0.094, 0.094, 0.094], [0.001, 0.0001, 0.0002, 0.0001, 0.001, 0.0002, 0.0021000000000000003, 0.0021000000000000003, 0.0, 0.0, 0.0, 0.0, 0.0, 0.0], [0.0, 0.0, 0.0, 0.0, 0.0, 0.0, 0.0, 0.0, 0.0, 0.0, 0.0, 0.0, 0.0, 0.0], [0.0, 0.0, 0.0, 0.0, 0.0, 0.0, 0.0, 0.0, 0.0, 0.0, 0.0, 0.0, 0.0, 0.0], [0.0013000000000000002, 0.0011, 0.0001, 0.0011, 0.0013000000000000002, 0.0001, 0.005, 0.005, 0.0, 0.0, 0.0, 0.0, 0.0, 0.0], [0.0, 0.0, 0.0, 0.0, 0.0, 0.0, 0.0, 0.0, 0.0, 0.0, 0.0, 0.0, 0.0, 0.0]]}}
bs_latimer_munro_efermi: 0.1465452