material_id: mp-1191976
band_gap: 2.8867000000000003
efermi: 0.52951971
dos_magnetic_ordering: NM
dos_total_task_id: mp-1670346
dos_total_band_gap: 2.8927
dos_total_cbm: 3.2847
dos_total_vbm: 0.392
dos_total_efermi: 0.39889844
bs_setyawan_curtarolo_task_id: mp-1608268
bs_setyawan_curtarolo_band_gap: 2.8867000000000003
bs_setyawan_curtarolo_cbm: {'band_index': {'1': [70]}, 'kpoint_index': [9, 10, 65], 'kpoint': <pymatgen.electronic_structure.bandstructure.Kpoint object at 0x7fc699d63930>, 'energy': 3.2905, 'projections': {'1': [[0.0, 0.0, 0.0, 0.0, 0.0, 0.0, 0.0, 0.0, 0.0, 0.0, 0.0, 0.0, 0.0, 0.0, 0.0, 0.0, 0.0, 0.0, 0.0, 0.0, 0.0], [0.0, 0.0, 0.0, 0.0, 0.0, 0.0, 0.0, 0.0, 0.0, 0.0, 0.0, 0.0, 0.0, 0.0, 0.0, 0.0, 0.0, 0.0, 0.0, 0.0, 0.0], [0.0, 0.0, 0.0, 0.0, 0.0, 0.0, 0.0, 0.0, 0.0, 0.0, 0.0, 0.0, 0.0, 0.0, 0.0, 0.0, 0.0, 0.0, 0.0, 0.0, 0.0], [0.001, 0.001, 0.0, 0.0, 0.0013000000000000002, 0.0013000000000000002, 0.0001, 0.0001, 0.0, 0.0014, 0.0014, 0.0031000000000000003, 0.0031000000000000003, 0.0001, 0.0001, 0.0019, 0.0019, 0.006500000000000001, 0.006500000000000001, 0.0016, 0.0016], [0.0936, 0.0936, 0.0009000000000000001, 0.0009000000000000001, 0.0024000000000000002, 0.0024000000000000002, 0.0, 0.0, 0.0, 0.0, 0.0, 0.0, 0.0, 0.0, 0.0, 0.0, 0.0, 0.0, 0.0, 0.0, 0.0], [0.0, 0.0, 0.0, 0.0, 0.0, 0.0, 0.0, 0.0, 0.0, 0.0, 0.0, 0.0, 0.0, 0.0, 0.0, 0.0, 0.0, 0.0, 0.0, 0.0, 0.0], [0.0, 0.0, 0.0, 0.0, 0.0, 0.0, 0.0, 0.0, 0.0, 0.0, 0.0, 0.0, 0.0, 0.0, 0.0, 0.0, 0.0, 0.0, 0.0, 0.0, 0.0], [0.1458, 0.1458, 0.025, 0.025, 0.1661, 0.1661, 0.0, 0.0, 0.0, 0.0, 0.0, 0.0, 0.0, 0.0, 0.0, 0.0, 0.0, 0.0, 0.0, 0.0, 0.0], [0.0, 0.0, 0.0, 0.0, 0.0, 0.0, 0.0, 0.0, 0.0, 0.0, 0.0, 0.0, 0.0, 0.0, 0.0, 0.0, 0.0, 0.0, 0.0, 0.0, 0.0]]}}
bs_setyawan_curtarolo_vbm: {'band_index': {'1': [69]}, 'kpoint_index': ['75'], 'kpoint': <pymatgen.electronic_structure.bandstructure.Kpoint object at 0x7fc5d4b5a190>, 'energy': 0.4038, 'projections': {'1': [[0.0001, 0.0001, 0.0, 0.0, 0.0001, 0.0001, 0.0001, 0.0001, 0.0, 0.0, 0.0, 0.0, 0.0, 0.0001, 0.0001, 0.0, 0.0, 0.0, 0.0, 0.0, 0.0], [0.0004, 0.0004, 0.0002, 0.0002, 0.0001, 0.0001, 0.0, 0.0, 0.024200000000000003, 0.0009000000000000001, 0.0009000000000000001, 0.0002, 0.0002, 0.0067, 0.0067, 0.0001, 0.0001, 0.0228, 0.0228, 0.0346, 0.0346], [0.0, 0.0, 0.001, 0.001, 0.0, 0.0, 0.0, 0.0, 0.0171, 0.031200000000000002, 0.031200000000000002, 0.0005, 0.0005, 0.0076, 0.0076, 0.0045000000000000005, 0.0045000000000000005, 0.10350000000000001, 0.10350000000000001, 0.019100000000000002, 0.019100000000000002], [0.0001, 0.0001, 0.0, 0.0, 0.0007, 0.0007, 0.00030000000000000003, 0.00030000000000000003, 0.0, 0.0005, 0.0005, 0.0222, 0.0222, 0.0021000000000000003, 0.0021000000000000003, 0.016, 0.016, 0.0019, 0.0019, 0.058600000000000006, 0.058600000000000006], [0.0033, 0.0033, 0.006500000000000001, 0.006500000000000001, 0.0048000000000000004, 0.0048000000000000004, 0.0, 0.0, 0.0, 0.0, 0.0, 0.0, 0.0, 0.0, 0.0, 0.0, 0.0, 0.0, 0.0, 0.0, 0.0], [0.0004, 0.0004, 0.0004, 0.0004, 0.0008, 0.0008, 0.0, 0.0, 0.0, 0.0, 0.0, 0.0, 0.0, 0.0, 0.0, 0.0, 0.0, 0.0, 0.0, 0.0, 0.0], [0.0001, 0.0001, 0.001, 0.001, 0.0008, 0.0008, 0.0, 0.0, 0.0, 0.0, 0.0, 0.0, 0.0, 0.0, 0.0, 0.0, 0.0, 0.0, 0.0, 0.0, 0.0], [0.0028, 0.0028, 0.0, 0.0, 0.0045000000000000005, 0.0045000000000000005, 0.0, 0.0, 0.0, 0.0, 0.0, 0.0, 0.0, 0.0, 0.0, 0.0, 0.0, 0.0, 0.0, 0.0, 0.0], [0.0001, 0.0001, 0.00030000000000000003, 0.00030000000000000003, 0.0005, 0.0005, 0.0, 0.0, 0.0, 0.0, 0.0, 0.0, 0.0, 0.0, 0.0, 0.0, 0.0, 0.0, 0.0, 0.0, 0.0]]}}
bs_setyawan_curtarolo_efermi: 0.52951971
bs_latimer_munro_task_id: mp-2323791
bs_latimer_munro_band_gap: 2.8867000000000003
bs_latimer_munro_cbm: {'band_index': {'1': [70]}, 'kpoint_index': [113, 114, 121], 'kpoint': <pymatgen.electronic_structure.bandstructure.Kpoint object at 0x7fc5d4b59c50>, 'energy': 3.2905, 'projections': {'1': [[0.0, 0.0, 0.0, 0.0, 0.0, 0.0, 0.0, 0.0, 0.0, 0.0, 0.0, 0.0, 0.0, 0.0, 0.0, 0.0, 0.0, 0.0, 0.0, 0.0, 0.0], [0.0, 0.0, 0.0, 0.0, 0.0, 0.0, 0.0, 0.0, 0.0, 0.0, 0.0, 0.0, 0.0, 0.0, 0.0, 0.0, 0.0, 0.0, 0.0, 0.0, 0.0], [0.0, 0.0, 0.0, 0.0, 0.0, 0.0, 0.0, 0.0, 0.0, 0.0, 0.0, 0.0, 0.0, 0.0, 0.0, 0.0, 0.0, 0.0, 0.0, 0.0, 0.0], [0.001, 0.001, 0.0, 0.0, 0.0013000000000000002, 0.0013000000000000002, 0.0001, 0.0001, 0.0, 0.0014, 0.0014, 0.0031000000000000003, 0.0031000000000000003, 0.0001, 0.0001, 0.0019, 0.0019, 0.006500000000000001, 0.006500000000000001, 0.0016, 0.0016], [0.0936, 0.0936, 0.0009000000000000001, 0.0009000000000000001, 0.0024000000000000002, 0.0024000000000000002, 0.0, 0.0, 0.0, 0.0, 0.0, 0.0, 0.0, 0.0, 0.0, 0.0, 0.0, 0.0, 0.0, 0.0, 0.0], [0.0, 0.0, 0.0, 0.0, 0.0, 0.0, 0.0, 0.0, 0.0, 0.0, 0.0, 0.0, 0.0, 0.0, 0.0, 0.0, 0.0, 0.0, 0.0, 0.0, 0.0], [0.0, 0.0, 0.0, 0.0, 0.0, 0.0, 0.0, 0.0, 0.0, 0.0, 0.0, 0.0, 0.0, 0.0, 0.0, 0.0, 0.0, 0.0, 0.0, 0.0, 0.0], [0.1458, 0.1458, 0.025, 0.025, 0.1661, 0.1661, 0.0, 0.0, 0.0, 0.0, 0.0, 0.0, 0.0, 0.0, 0.0, 0.0, 0.0, 0.0, 0.0, 0.0, 0.0], [0.0, 0.0, 0.0, 0.0, 0.0, 0.0, 0.0, 0.0, 0.0, 0.0, 0.0, 0.0, 0.0, 0.0, 0.0, 0.0, 0.0, 0.0, 0.0, 0.0, 0.0]]}}
bs_latimer_munro_vbm: {'band_index': {'1': [69]}, 'kpoint_index': ['131'], 'kpoint': <pymatgen.electronic_structure.bandstructure.Kpoint object at 0x7fc5d4b59d30>, 'energy': 0.4038, 'projections': {'1': [[0.0001, 0.0001, 0.0, 0.0, 0.0001, 0.0001, 0.0001, 0.0001, 0.0, 0.0, 0.0, 0.0, 0.0, 0.0001, 0.0001, 0.0, 0.0, 0.0, 0.0, 0.0, 0.0], [0.0004, 0.0004, 0.0002, 0.0002, 0.0001, 0.0001, 0.0, 0.0, 0.024200000000000003, 0.0009000000000000001, 0.0009000000000000001, 0.0002, 0.0002, 0.0067, 0.0067, 0.0001, 0.0001, 0.0228, 0.0228, 0.0346, 0.0346], [0.0, 0.0, 0.001, 0.001, 0.0, 0.0, 0.0, 0.0, 0.0171, 0.031200000000000002, 0.031200000000000002, 0.0005, 0.0005, 0.0076, 0.0076, 0.0045000000000000005, 0.0045000000000000005, 0.10350000000000001, 0.10350000000000001, 0.019100000000000002, 0.019100000000000002], [0.0001, 0.0001, 0.0, 0.0, 0.0007, 0.0007, 0.00030000000000000003, 0.00030000000000000003, 0.0, 0.0005, 0.0005, 0.0222, 0.0222, 0.0021000000000000003, 0.0021000000000000003, 0.016, 0.016, 0.0019, 0.0019, 0.058600000000000006, 0.058600000000000006], [0.0033, 0.0033, 0.006500000000000001, 0.006500000000000001, 0.0048000000000000004, 0.0048000000000000004, 0.0, 0.0, 0.0, 0.0, 0.0, 0.0, 0.0, 0.0, 0.0, 0.0, 0.0, 0.0, 0.0, 0.0, 0.0], [0.0004, 0.0004, 0.0004, 0.0004, 0.0008, 0.0008, 0.0, 0.0, 0.0, 0.0, 0.0, 0.0, 0.0, 0.0, 0.0, 0.0, 0.0, 0.0, 0.0, 0.0, 0.0], [0.0001, 0.0001, 0.001, 0.001, 0.0008, 0.0008, 0.0, 0.0, 0.0, 0.0, 0.0, 0.0, 0.0, 0.0, 0.0, 0.0, 0.0, 0.0, 0.0, 0.0, 0.0], [0.0028, 0.0028, 0.0, 0.0, 0.0045000000000000005, 0.0045000000000000005, 0.0, 0.0, 0.0, 0.0, 0.0, 0.0, 0.0, 0.0, 0.0, 0.0, 0.0, 0.0, 0.0, 0.0, 0.0], [0.0001, 0.0001, 0.00030000000000000003, 0.00030000000000000003, 0.0005, 0.0005, 0.0, 0.0, 0.0, 0.0, 0.0, 0.0, 0.0, 0.0, 0.0, 0.0, 0.0, 0.0, 0.0, 0.0, 0.0]]}}
bs_latimer_munro_efermi: 0.539328