material_id: mp-18685
band_gap: 1.046299999999999
efermi: 4.16293413
dos_magnetic_ordering: NM
dos_total_task_id: mp-1766517
dos_total_band_gap: 1.009
dos_total_cbm: 5.2903
dos_total_vbm: 4.2813
dos_total_efermi: 4.28676146
bs_setyawan_curtarolo_task_id: mp-845958
bs_setyawan_curtarolo_band_gap: 1.046299999999999
bs_setyawan_curtarolo_cbm: {'band_index': {'1': [123]}, 'kpoint_index': [0, 35, 36], 'kpoint': <pymatgen.electronic_structure.bandstructure.Kpoint object at 0x7fc699d63930>, 'energy': 5.0253, 'projections': {}}
bs_setyawan_curtarolo_vbm: {'band_index': {'1': [122]}, 'kpoint_index': ['37'], 'kpoint': <pymatgen.electronic_structure.bandstructure.Kpoint object at 0x7fc5d4b59be0>, 'energy': 3.979, 'projections': {}}
bs_setyawan_curtarolo_efermi: 4.16293413
bs_hinuma_task_id: mp-2165047
bs_hinuma_band_gap: 1.046299999999999
bs_hinuma_cbm: {'band_index': {'1': [123]}, 'kpoint_index': [0, 35, 36], 'kpoint': <pymatgen.electronic_structure.bandstructure.Kpoint object at 0x7fc5d4b5a3c0>, 'energy': 5.3073, 'projections': {'1': [[0.0023, 0.0023, 0.0023, 0.0164, 0.0164, 0.0165, 0.0164, 0.0164, 0.0165, 0.0426, 0.0426, 0.0426, 0.0165, 0.0165, 0.0165, 0.0165, 0.0165, 0.0165, 0.0166, 0.0166, 0.0166, 0.0166, 0.0166, 0.0166], [0.0, 0.0002, 0.0002, 0.0001, 0.0, 0.0001, 0.0002, 0.0, 0.0002, 0.0, 0.0, 0.0, 0.0106, 0.0053, 0.0009000000000000001, 0.0009000000000000001, 0.0053, 0.0106, 0.0032, 0.0056, 0.0056, 0.0032, 0.00030000000000000003, 0.00030000000000000003], [0.0, 0.0, 0.0, 0.0, 0.0, 0.0, 0.0, 0.0, 0.0, 0.0, 0.0, 0.0, 0.0001, 0.0001, 0.0001, 0.0001, 0.0001, 0.0001, 0.0055000000000000005, 0.0055000000000000005, 0.0055000000000000005, 0.0055000000000000005, 0.0055000000000000005, 0.0055000000000000005], [0.0002, 0.0001, 0.0001, 0.0001, 0.0002, 0.0001, 0.0, 0.0002, 0.0, 0.0, 0.0, 0.0, 0.0006000000000000001, 0.0059, 0.0103, 0.0103, 0.0059, 0.0006000000000000001, 0.0029000000000000002, 0.0005, 0.0005, 0.0029000000000000002, 0.0058000000000000005, 0.0058000000000000005], [0.0, 0.0001, 0.0001, 0.0, 0.0, 0.0, 0.0, 0.0, 0.0, 0.0, 0.0, 0.0, 0.0, 0.0, 0.0, 0.0, 0.0, 0.0, 0.0, 0.0, 0.0, 0.0, 0.0, 0.0], [0.0002, 0.0, 0.0, 0.0, 0.0, 0.0, 0.0001, 0.0, 0.0001, 0.0001, 0.0001, 0.0004, 0.0, 0.0, 0.0, 0.0, 0.0, 0.0, 0.0, 0.0, 0.0, 0.0, 0.0, 0.0], [0.0002, 0.0002, 0.0002, 0.0, 0.0, 0.0, 0.0, 0.0, 0.0, 0.0, 0.0, 0.0, 0.0, 0.0, 0.0, 0.0, 0.0, 0.0, 0.0, 0.0, 0.0, 0.0, 0.0, 0.0], [0.0, 0.0001, 0.0001, 0.0001, 0.0001, 0.0001, 0.0, 0.0001, 0.0, 0.00030000000000000003, 0.00030000000000000003, 0.0, 0.0, 0.0, 0.0, 0.0, 0.0, 0.0, 0.0, 0.0, 0.0, 0.0, 0.0, 0.0], [0.0001, 0.0, 0.0, 0.0, 0.0, 0.0, 0.0, 0.0, 0.0, 0.0, 0.0, 0.0, 0.0, 0.0, 0.0, 0.0, 0.0, 0.0, 0.0, 0.0, 0.0, 0.0, 0.0, 0.0]]}}
bs_hinuma_vbm: {'band_index': {'1': [122]}, 'kpoint_index': ['38'], 'kpoint': <pymatgen.electronic_structure.bandstructure.Kpoint object at 0x7fc5d4b59c50>, 'energy': 4.261, 'projections': {'1': [[0.0, 0.0, 0.0, 0.0002, 0.0002, 0.0002, 0.0002, 0.0002, 0.0002, 0.0, 0.0, 0.0, 0.00030000000000000003, 0.00030000000000000003, 0.00030000000000000003, 0.00030000000000000003, 0.00030000000000000003, 0.00030000000000000003, 0.0002, 0.0002, 0.0002, 0.0002, 0.0002, 0.0002], [0.0001, 0.0, 0.0, 0.0011, 0.0017000000000000001, 0.0011, 0.0006000000000000001, 0.0017000000000000001, 0.0006000000000000001, 0.0005, 0.0005, 0.0012000000000000001, 0.0094, 0.016, 0.008400000000000001, 0.008400000000000001, 0.016, 0.0094, 0.0034000000000000002, 0.014700000000000001, 0.0148, 0.0034000000000000002, 0.0137, 0.0137], [0.0, 0.0, 0.0, 0.0001, 0.0001, 0.0001, 0.0001, 0.0001, 0.0001, 0.0002, 0.0002, 0.0002, 0.0006000000000000001, 0.0006000000000000001, 0.0006000000000000001, 0.0006000000000000001, 0.0006000000000000001, 0.0006000000000000001, 0.0029000000000000002, 0.0029000000000000002, 0.0029000000000000002, 0.0029000000000000002, 0.0029000000000000002, 0.0029000000000000002], [0.0, 0.0001, 0.0001, 0.0012000000000000001, 0.0006000000000000001, 0.0012000000000000001, 0.0016, 0.0006000000000000001, 0.0016, 0.001, 0.001, 0.0002, 0.0131, 0.006500000000000001, 0.014, 0.014, 0.006500000000000001, 0.0131, 0.0177, 0.0064, 0.0064, 0.0177, 0.007500000000000001, 0.007500000000000001], [0.0001, 0.0004, 0.0004, 0.0114, 0.0309, 0.0114, 0.0137, 0.0309, 0.0137, 0.0012000000000000001, 0.0012000000000000001, 0.0036000000000000003, 0.0, 0.0, 0.0, 0.0, 0.0, 0.0, 0.0, 0.0, 0.0, 0.0, 0.0, 0.0], [0.0001, 0.0, 0.0, 0.0076, 0.0058000000000000005, 0.0076, 0.0146, 0.0058000000000000005, 0.0146, 0.0, 0.0, 0.0, 0.0, 0.0, 0.0, 0.0, 0.0, 0.0, 0.0, 0.0, 0.0, 0.0, 0.0, 0.0], [0.0002, 0.0002, 0.0002, 0.0212, 0.0212, 0.0212, 0.0211, 0.0212, 0.0211, 0.0007, 0.0007, 0.0007, 0.0, 0.0, 0.0, 0.0, 0.0, 0.0, 0.0, 0.0, 0.0, 0.0, 0.0, 0.0], [0.0, 0.0001, 0.0001, 0.0111, 0.0128, 0.0111, 0.0041, 0.0129, 0.0041, 0.0, 0.0, 0.0, 0.0, 0.0, 0.0, 0.0, 0.0, 0.0, 0.0, 0.0, 0.0, 0.0, 0.0, 0.0], [0.0005, 0.0002, 0.0002, 0.025900000000000003, 0.006500000000000001, 0.025900000000000003, 0.0235, 0.006500000000000001, 0.0235, 0.0028, 0.0028, 0.00030000000000000003, 0.0, 0.0, 0.0, 0.0, 0.0, 0.0, 0.0, 0.0, 0.0, 0.0, 0.0, 0.0]]}}
bs_hinuma_efermi: 4.49896272
bs_latimer_munro_task_id: mp-2335516
bs_latimer_munro_band_gap: 1.046299999999999
bs_latimer_munro_cbm: {'band_index': {'1': [123]}, 'kpoint_index': [20, 21, 61, 62, 117], 'kpoint': <pymatgen.electronic_structure.bandstructure.Kpoint object at 0x7fc5d4b5a190>, 'energy': 5.3073, 'projections': {'1': [[0.0023, 0.0023, 0.0023, 0.0164, 0.0164, 0.0164, 0.0164, 0.0164, 0.0164, 0.0426, 0.0426, 0.0426, 0.0165, 0.0165, 0.0165, 0.0165, 0.0165, 0.0165, 0.0166, 0.0166, 0.0166, 0.0166, 0.0166, 0.0166], [0.0, 0.0002, 0.0002, 0.0001, 0.0, 0.0001, 0.0002, 0.0, 0.0002, 0.0, 0.0, 0.0, 0.0106, 0.0053, 0.0009000000000000001, 0.0009000000000000001, 0.0053, 0.0106, 0.0032, 0.0056, 0.0056, 0.0032, 0.00030000000000000003, 0.00030000000000000003], [0.0, 0.0, 0.0, 0.0, 0.0, 0.0, 0.0, 0.0, 0.0, 0.0, 0.0, 0.0, 0.0001, 0.0001, 0.0001, 0.0001, 0.0001, 0.0001, 0.0055000000000000005, 0.0055000000000000005, 0.0055000000000000005, 0.0055000000000000005, 0.0055000000000000005, 0.0055000000000000005], [0.0002, 0.0001, 0.0001, 0.0001, 0.0002, 0.0001, 0.0, 0.0002, 0.0, 0.0, 0.0, 0.0, 0.0006000000000000001, 0.0059, 0.0103, 0.0103, 0.0059, 0.0006000000000000001, 0.0029000000000000002, 0.0005, 0.0005, 0.0029000000000000002, 0.0058000000000000005, 0.0058000000000000005], [0.0, 0.0001, 0.0001, 0.0, 0.0, 0.0, 0.0, 0.0, 0.0, 0.0, 0.0, 0.0, 0.0, 0.0, 0.0, 0.0, 0.0, 0.0, 0.0, 0.0, 0.0, 0.0, 0.0, 0.0], [0.0002, 0.0, 0.0, 0.0, 0.0, 0.0, 0.0001, 0.0, 0.0001, 0.0001, 0.0001, 0.0004, 0.0, 0.0, 0.0, 0.0, 0.0, 0.0, 0.0, 0.0, 0.0, 0.0, 0.0, 0.0], [0.0002, 0.0002, 0.0002, 0.0, 0.0, 0.0, 0.0, 0.0, 0.0, 0.0, 0.0, 0.0, 0.0, 0.0, 0.0, 0.0, 0.0, 0.0, 0.0, 0.0, 0.0, 0.0, 0.0, 0.0], [0.0, 0.0001, 0.0001, 0.0001, 0.0001, 0.0001, 0.0, 0.0001, 0.0, 0.00030000000000000003, 0.00030000000000000003, 0.0, 0.0, 0.0, 0.0, 0.0, 0.0, 0.0, 0.0, 0.0, 0.0, 0.0, 0.0, 0.0], [0.0001, 0.0, 0.0, 0.0, 0.0, 0.0, 0.0, 0.0, 0.0, 0.0, 0.0, 0.0, 0.0, 0.0, 0.0, 0.0, 0.0, 0.0, 0.0, 0.0, 0.0, 0.0, 0.0, 0.0]]}}
bs_latimer_munro_vbm: {'band_index': {'1': [122]}, 'kpoint_index': ['115'], 'kpoint': <pymatgen.electronic_structure.bandstructure.Kpoint object at 0x7fc5d4b5a200>, 'energy': 4.261, 'projections': {'1': [[0.0, 0.0, 0.0, 0.0002, 0.0002, 0.0002, 0.0002, 0.0002, 0.0002, 0.0, 0.0, 0.0, 0.00030000000000000003, 0.00030000000000000003, 0.00030000000000000003, 0.00030000000000000003, 0.00030000000000000003, 0.00030000000000000003, 0.0002, 0.0002, 0.0002, 0.0002, 0.0002, 0.0002], [0.0001, 0.0, 0.0, 0.0011, 0.0017000000000000001, 0.0011, 0.0006000000000000001, 0.0017000000000000001, 0.0006000000000000001, 0.0005, 0.0005, 0.0012000000000000001, 0.0094, 0.016, 0.008400000000000001, 0.008400000000000001, 0.016, 0.0094, 0.0034000000000000002, 0.014700000000000001, 0.0148, 0.0034000000000000002, 0.0137, 0.0137], [0.0, 0.0, 0.0, 0.0001, 0.0001, 0.0001, 0.0001, 0.0001, 0.0001, 0.0002, 0.0002, 0.0002, 0.0006000000000000001, 0.0006000000000000001, 0.0006000000000000001, 0.0006000000000000001, 0.0006000000000000001, 0.0006000000000000001, 0.0029000000000000002, 0.0029000000000000002, 0.0029000000000000002, 0.0029000000000000002, 0.0029000000000000002, 0.0029000000000000002], [0.0, 0.0001, 0.0001, 0.0012000000000000001, 0.0006000000000000001, 0.0012000000000000001, 0.0016, 0.0006000000000000001, 0.0016, 0.001, 0.001, 0.0002, 0.0131, 0.006500000000000001, 0.014, 0.014, 0.006500000000000001, 0.0131, 0.0177, 0.0064, 0.0064, 0.0177, 0.007500000000000001, 0.007500000000000001], [0.0001, 0.0004, 0.0004, 0.0114, 0.0309, 0.0114, 0.0137, 0.0309, 0.0137, 0.0012000000000000001, 0.0012000000000000001, 0.0036000000000000003, 0.0, 0.0, 0.0, 0.0, 0.0, 0.0, 0.0, 0.0, 0.0, 0.0, 0.0, 0.0], [0.0001, 0.0, 0.0, 0.0076, 0.0058000000000000005, 0.0076, 0.0146, 0.0058000000000000005, 0.0146, 0.0, 0.0, 0.0, 0.0, 0.0, 0.0, 0.0, 0.0, 0.0, 0.0, 0.0, 0.0, 0.0, 0.0, 0.0], [0.0002, 0.0002, 0.0002, 0.0212, 0.0212, 0.0212, 0.0211, 0.0212, 0.0211, 0.0007, 0.0007, 0.0007, 0.0, 0.0, 0.0, 0.0, 0.0, 0.0, 0.0, 0.0, 0.0, 0.0, 0.0, 0.0], [0.0, 0.0001, 0.0001, 0.0111, 0.0128, 0.0111, 0.0041, 0.0129, 0.0041, 0.0, 0.0, 0.0, 0.0, 0.0, 0.0, 0.0, 0.0, 0.0, 0.0, 0.0, 0.0, 0.0, 0.0, 0.0], [0.0005, 0.0002, 0.0002, 0.025900000000000003, 0.006500000000000001, 0.025900000000000003, 0.0235, 0.006500000000000001, 0.0235, 0.0028, 0.0028, 0.00030000000000000003, 0.0, 0.0, 0.0, 0.0, 0.0, 0.0, 0.0, 0.0, 0.0, 0.0, 0.0, 0.0]]}}
bs_latimer_munro_efermi: 4.50567356