material_id: mp-1178449
band_gap: 2.9322
efermi: 3.85066342
dos_magnetic_ordering: NM
dos_total_task_id: mp-1752251
dos_total_band_gap: 2.956199999999999
dos_total_cbm: 6.6659
dos_total_vbm: 3.709699999999999
dos_total_efermi: 3.71243349
bs_setyawan_curtarolo_task_id: mp-1619890
bs_setyawan_curtarolo_band_gap: 2.9322
bs_setyawan_curtarolo_cbm: {'band_index': {'1': [32]}, 'kpoint_index': [20, 21, 127], 'kpoint': <pymatgen.electronic_structure.bandstructure.Kpoint object at 0x7fc699d63930>, 'energy': 6.6754, 'projections': {'1': [[0.0059, 0.0059, 0.0011, 0.0011, 0.0004, 0.0004, 0.0004, 0.0004], [0.001, 0.001, 0.0, 0.0, 0.0, 0.0, 0.0, 0.0], [0.0, 0.0, 0.0, 0.0, 0.0001, 0.0001, 0.0001, 0.0001], [0.0031000000000000003, 0.0031000000000000003, 0.0, 0.0, 0.0, 0.0, 0.0, 0.0], [0.0574, 0.0574, 0.011300000000000001, 0.0112, 0.0, 0.0, 0.0, 0.0], [0.0, 0.0, 0.0025, 0.0025, 0.0, 0.0, 0.0, 0.0], [0.0115, 0.0115, 0.038400000000000004, 0.038400000000000004, 0.0, 0.0, 0.0, 0.0], [0.0, 0.0, 0.007500000000000001, 0.007500000000000001, 0.0, 0.0, 0.0, 0.0], [0.019100000000000002, 0.019100000000000002, 0.0038, 0.0038, 0.0, 0.0, 0.0, 0.0], [0.0, 0.0, 0.0, 0.0, 0.0, 0.0, 0.0, 0.0], [0.0, 0.0, 0.0, 0.0, 0.0, 0.0, 0.0, 0.0], [0.0, 0.0, 0.0, 0.0, 0.0, 0.0, 0.0, 0.0], [0.0, 0.0, 0.0, 0.0, 0.0, 0.0, 0.0, 0.0], [0.0, 0.0, 0.0, 0.0, 0.0, 0.0, 0.0, 0.0], [0.0, 0.0, 0.0, 0.0, 0.0, 0.0, 0.0, 0.0], [0.0, 0.0, 0.0, 0.0, 0.0, 0.0, 0.0, 0.0]]}}
bs_setyawan_curtarolo_vbm: {'band_index': {'1': [31]}, 'kpoint_index': [33, 34, 128], 'kpoint': <pymatgen.electronic_structure.bandstructure.Kpoint object at 0x7fc5d4b5a200>, 'energy': 3.7432, 'projections': {'1': [[0.0, 0.0, 0.0, 0.0, 0.0, 0.0, 0.0, 0.0], [0.0025, 0.0025, 0.0, 0.0, 0.0805, 0.0805, 0.0805, 0.0805], [0.0, 0.0, 0.0221, 0.0221, 0.0, 0.0, 0.0, 0.0], [0.0025, 0.0025, 0.0, 0.0, 0.0805, 0.0805, 0.0805, 0.0805], [0.0, 0.0, 0.0, 0.0, 0.0, 0.0, 0.0, 0.0], [0.0, 0.0, 0.0, 0.0, 0.0, 0.0, 0.0, 0.0], [0.0, 0.0, 0.0, 0.0, 0.0, 0.0, 0.0, 0.0], [0.0, 0.0, 0.0, 0.0, 0.0, 0.0, 0.0, 0.0], [0.0, 0.0, 0.0, 0.0, 0.0, 0.0, 0.0, 0.0], [0.0, 0.0, 0.0094, 0.0094, 0.0, 0.0, 0.0, 0.0], [0.0, 0.0, 0.0, 0.0, 0.0, 0.0, 0.0, 0.0], [0.0, 0.0, 0.0, 0.0, 0.0, 0.0, 0.0, 0.0], [0.0, 0.0, 0.0091, 0.0091, 0.0, 0.0, 0.0, 0.0], [0.0, 0.0, 0.0, 0.0, 0.0, 0.0, 0.0, 0.0], [0.0, 0.0, 0.0, 0.0, 0.0, 0.0, 0.0, 0.0], [0.0, 0.0, 0.0, 0.0, 0.0, 0.0, 0.0, 0.0]]}}
bs_setyawan_curtarolo_efermi: 3.85066342
bs_hinuma_task_id: mp-2094739
bs_hinuma_band_gap: 2.9322
bs_hinuma_cbm: {'band_index': {'1': [32]}, 'kpoint_index': [20, 21, 127], 'kpoint': <pymatgen.electronic_structure.bandstructure.Kpoint object at 0x7fc5d4b5a3c0>, 'energy': 6.6754, 'projections': {'1': [[0.0059, 0.0059, 0.0011, 0.0011, 0.0004, 0.0004, 0.0004, 0.0004], [0.001, 0.001, 0.0, 0.0, 0.0, 0.0, 0.0, 0.0], [0.0, 0.0, 0.0, 0.0, 0.0001, 0.0001, 0.0001, 0.0001], [0.0031000000000000003, 0.0031000000000000003, 0.0, 0.0, 0.0, 0.0, 0.0, 0.0], [0.0574, 0.0574, 0.011300000000000001, 0.0112, 0.0, 0.0, 0.0, 0.0], [0.0, 0.0, 0.0025, 0.0025, 0.0, 0.0, 0.0, 0.0], [0.0115, 0.0115, 0.038400000000000004, 0.038400000000000004, 0.0, 0.0, 0.0, 0.0], [0.0, 0.0, 0.007500000000000001, 0.007500000000000001, 0.0, 0.0, 0.0, 0.0], [0.019100000000000002, 0.019100000000000002, 0.0038, 0.0038, 0.0, 0.0, 0.0, 0.0], [0.0, 0.0, 0.0, 0.0, 0.0, 0.0, 0.0, 0.0], [0.0, 0.0, 0.0, 0.0, 0.0, 0.0, 0.0, 0.0], [0.0, 0.0, 0.0, 0.0, 0.0, 0.0, 0.0, 0.0], [0.0, 0.0, 0.0, 0.0, 0.0, 0.0, 0.0, 0.0], [0.0, 0.0, 0.0, 0.0, 0.0, 0.0, 0.0, 0.0], [0.0, 0.0, 0.0, 0.0, 0.0, 0.0, 0.0, 0.0], [0.0, 0.0, 0.0, 0.0, 0.0, 0.0, 0.0, 0.0]]}}
bs_hinuma_vbm: {'band_index': {'1': [31]}, 'kpoint_index': [33, 34, 133], 'kpoint': <pymatgen.electronic_structure.bandstructure.Kpoint object at 0x7fc5d4b5a190>, 'energy': 3.7432, 'projections': {'1': [[0.0, 0.0, 0.0, 0.0, 0.0, 0.0, 0.0, 0.0], [0.0025, 0.0025, 0.0, 0.0, 0.0805, 0.0805, 0.0805, 0.0805], [0.0, 0.0, 0.0221, 0.0221, 0.0, 0.0, 0.0, 0.0], [0.0025, 0.0025, 0.0, 0.0, 0.0805, 0.0805, 0.0805, 0.0805], [0.0, 0.0, 0.0, 0.0, 0.0, 0.0, 0.0, 0.0], [0.0, 0.0, 0.0, 0.0, 0.0, 0.0, 0.0, 0.0], [0.0, 0.0, 0.0, 0.0, 0.0, 0.0, 0.0, 0.0], [0.0, 0.0, 0.0, 0.0, 0.0, 0.0, 0.0, 0.0], [0.0, 0.0, 0.0, 0.0, 0.0, 0.0, 0.0, 0.0], [0.0, 0.0, 0.0094, 0.0094, 0.0, 0.0, 0.0, 0.0], [0.0, 0.0, 0.0, 0.0, 0.0, 0.0, 0.0, 0.0], [0.0, 0.0, 0.0, 0.0, 0.0, 0.0, 0.0, 0.0], [0.0, 0.0, 0.0091, 0.0091, 0.0, 0.0, 0.0, 0.0], [0.0, 0.0, 0.0, 0.0, 0.0, 0.0, 0.0, 0.0], [0.0, 0.0, 0.0, 0.0, 0.0, 0.0, 0.0, 0.0], [0.0, 0.0, 0.0, 0.0, 0.0, 0.0, 0.0, 0.0]]}}
bs_hinuma_efermi: 3.85066342
bs_latimer_munro_task_id: mp-2304183
bs_latimer_munro_band_gap: 2.9322
bs_latimer_munro_cbm: {'band_index': {'1': [32]}, 'kpoint_index': [76, 77, 170, 171], 'kpoint': <pymatgen.electronic_structure.bandstructure.Kpoint object at 0x7fc5d4b5a350>, 'energy': 6.6754, 'projections': {'1': [[0.0059, 0.0059, 0.0012000000000000001, 0.0011, 0.0004, 0.0004, 0.0004, 0.0004], [0.001, 0.001, 0.0, 0.0, 0.0, 0.0, 0.0, 0.0], [0.0, 0.0, 0.0, 0.0, 0.0001, 0.0001, 0.0001, 0.0001], [0.0031000000000000003, 0.0031000000000000003, 0.0, 0.0, 0.0, 0.0, 0.0, 0.0], [0.0574, 0.0574, 0.011300000000000001, 0.011300000000000001, 0.0, 0.0, 0.0, 0.0], [0.0, 0.0, 0.0025, 0.0025, 0.0, 0.0, 0.0, 0.0], [0.0115, 0.0115, 0.038400000000000004, 0.038400000000000004, 0.0, 0.0, 0.0, 0.0], [0.0, 0.0, 0.007500000000000001, 0.007500000000000001, 0.0, 0.0, 0.0, 0.0], [0.019100000000000002, 0.019100000000000002, 0.0038, 0.0038, 0.0, 0.0, 0.0, 0.0], [0.0, 0.0, 0.0, 0.0, 0.0, 0.0, 0.0, 0.0], [0.0, 0.0, 0.0, 0.0, 0.0, 0.0, 0.0, 0.0], [0.0, 0.0, 0.0, 0.0, 0.0, 0.0, 0.0, 0.0], [0.0, 0.0, 0.0, 0.0, 0.0, 0.0, 0.0, 0.0], [0.0, 0.0, 0.0, 0.0, 0.0, 0.0, 0.0, 0.0], [0.0, 0.0, 0.0, 0.0, 0.0, 0.0, 0.0, 0.0], [0.0, 0.0, 0.0, 0.0, 0.0, 0.0, 0.0, 0.0]]}}
bs_latimer_munro_vbm: {'band_index': {'1': [31]}, 'kpoint_index': [0, 157, 158], 'kpoint': <pymatgen.electronic_structure.bandstructure.Kpoint object at 0x7fc5d4b5a430>, 'energy': 3.7432, 'projections': {'1': [[0.0, 0.0, 0.0, 0.0, 0.0, 0.0, 0.0, 0.0], [0.0025, 0.0025, 0.0, 0.0, 0.0805, 0.0805, 0.0805, 0.0805], [0.0, 0.0, 0.0221, 0.0221, 0.0, 0.0, 0.0, 0.0], [0.0025, 0.0025, 0.0, 0.0, 0.0805, 0.0805, 0.0805, 0.0805], [0.0, 0.0, 0.0, 0.0, 0.0, 0.0, 0.0, 0.0], [0.0, 0.0, 0.0, 0.0, 0.0, 0.0, 0.0, 0.0], [0.0, 0.0, 0.0, 0.0, 0.0, 0.0, 0.0, 0.0], [0.0, 0.0, 0.0, 0.0, 0.0, 0.0, 0.0, 0.0], [0.0, 0.0, 0.0, 0.0, 0.0, 0.0, 0.0, 0.0], [0.0, 0.0, 0.0094, 0.0094, 0.0, 0.0, 0.0, 0.0], [0.0, 0.0, 0.0, 0.0, 0.0, 0.0, 0.0, 0.0], [0.0, 0.0, 0.0, 0.0, 0.0, 0.0, 0.0, 0.0], [0.0, 0.0, 0.0091, 0.0091, 0.0, 0.0, 0.0, 0.0], [0.0, 0.0, 0.0, 0.0, 0.0, 0.0, 0.0, 0.0], [0.0, 0.0, 0.0, 0.0, 0.0, 0.0, 0.0, 0.0], [0.0, 0.0, 0.0, 0.0, 0.0, 0.0, 0.0, 0.0]]}}
bs_latimer_munro_efermi: 3.89137103