material_id: mp-1095467
band_gap: 4.7966999999999995
efermi: 1.86432587
dos_magnetic_ordering: NM
dos_total_task_id: mp-1698641
dos_total_band_gap: 4.7789
dos_total_cbm: 6.5612
dos_total_vbm: 1.7823
dos_total_efermi: 1.78397239
bs_setyawan_curtarolo_task_id: mp-1601251
bs_setyawan_curtarolo_band_gap: 4.7966999999999995
bs_setyawan_curtarolo_cbm: {'band_index': {'1': [34]}, 'kpoint_index': [0, 104, 105, 135], 'kpoint': <pymatgen.electronic_structure.bandstructure.Kpoint object at 0x7fc699d63930>, 'energy': 6.5564, 'projections': {'1': [[0.0794, 0.0794, 0.008700000000000001, 0.008700000000000001, 0.0159, 0.0159, 0.029500000000000002, 0.0216, 0.0216, 0.0216, 0.0216], [0.0, 0.0, 0.0006000000000000001, 0.0006000000000000001, 0.0001, 0.0001, 0.0, 0.0006000000000000001, 0.0006000000000000001, 0.0006000000000000001, 0.0006000000000000001], [0.0, 0.0, 0.00030000000000000003, 0.00030000000000000003, 0.0008, 0.0008, 0.0, 0.0022, 0.0022, 0.0022, 0.0022], [0.007, 0.007, 0.0, 0.0, 0.0, 0.0, 0.0, 0.0001, 0.0001, 0.0001, 0.0001], [0.0, 0.0, 0.0, 0.0, 0.0, 0.0, 0.0, 0.0, 0.0, 0.0, 0.0], [0.0103, 0.0103, 0.0, 0.0, 0.0, 0.0, 0.0, 0.0, 0.0, 0.0, 0.0], [0.024800000000000003, 0.024800000000000003, 0.0, 0.0, 0.0, 0.0, 0.0, 0.0, 0.0, 0.0, 0.0], [0.0, 0.0, 0.0, 0.0, 0.0, 0.0, 0.0, 0.0, 0.0, 0.0, 0.0], [0.0013000000000000002, 0.0013000000000000002, 0.0, 0.0, 0.0, 0.0, 0.0, 0.0, 0.0, 0.0, 0.0]]}}
bs_setyawan_curtarolo_vbm: {'band_index': {'1': [33]}, 'kpoint_index': [0, 104, 105, 135], 'kpoint': <pymatgen.electronic_structure.bandstructure.Kpoint object at 0x7fc5d4b5a190>, 'energy': 1.7597, 'projections': {'1': [[0.0, 0.0, 0.0001, 0.0001, 0.0001, 0.0001, 0.0, 0.0001, 0.0001, 0.0001, 0.0001], [0.002, 0.002, 0.0001, 0.0001, 0.1885, 0.1885, 0.0388, 0.0009000000000000001, 0.0009000000000000001, 0.0009000000000000001, 0.0009000000000000001], [0.0018000000000000002, 0.0018000000000000002, 0.0002, 0.0002, 0.058300000000000005, 0.058300000000000005, 0.0604, 0.0292, 0.0292, 0.0292, 0.0292], [0.0, 0.0, 0.0, 0.0, 0.0, 0.0, 0.0, 0.0059, 0.0059, 0.0059, 0.0059], [0.0028, 0.0028, 0.0, 0.0, 0.0, 0.0, 0.0, 0.0, 0.0, 0.0, 0.0], [0.0, 0.0, 0.0, 0.0, 0.0, 0.0, 0.0, 0.0, 0.0, 0.0, 0.0], [0.0, 0.0, 0.0, 0.0, 0.0, 0.0, 0.0, 0.0, 0.0, 0.0, 0.0], [0.0001, 0.0001, 0.0, 0.0, 0.0, 0.0, 0.0, 0.0, 0.0, 0.0, 0.0], [0.0, 0.0, 0.0, 0.0, 0.0, 0.0, 0.0, 0.0, 0.0, 0.0, 0.0]]}}
bs_setyawan_curtarolo_efermi: 1.86432587
bs_latimer_munro_task_id: mp-2331980
bs_latimer_munro_band_gap: 4.7966999999999995
bs_latimer_munro_cbm: {'band_index': {'1': [34]}, 'kpoint_index': [120, 121, 141, 156, 205, 206, 242, 262, 275], 'kpoint': <pymatgen.electronic_structure.bandstructure.Kpoint object at 0x7fc5d4b59d30>, 'energy': 6.5564, 'projections': {'1': [[0.0794, 0.0794, 0.008700000000000001, 0.008700000000000001, 0.0159, 0.0159, 0.029500000000000002, 0.0216, 0.0216, 0.0216, 0.0216], [0.0, 0.0, 0.0006000000000000001, 0.0006000000000000001, 0.0001, 0.0001, 0.0, 0.0006000000000000001, 0.0006000000000000001, 0.0006000000000000001, 0.0006000000000000001], [0.0, 0.0, 0.00030000000000000003, 0.00030000000000000003, 0.0008, 0.0008, 0.0, 0.0022, 0.0022, 0.0022, 0.0022], [0.007, 0.007, 0.0, 0.0, 0.0, 0.0, 0.0, 0.0001, 0.0001, 0.0001, 0.0001], [0.0, 0.0, 0.0, 0.0, 0.0, 0.0, 0.0, 0.0, 0.0, 0.0, 0.0], [0.0103, 0.0103, 0.0, 0.0, 0.0, 0.0, 0.0, 0.0, 0.0, 0.0, 0.0], [0.024800000000000003, 0.024800000000000003, 0.0, 0.0, 0.0, 0.0, 0.0, 0.0, 0.0, 0.0, 0.0], [0.0, 0.0, 0.0, 0.0, 0.0, 0.0, 0.0, 0.0, 0.0, 0.0, 0.0], [0.0013000000000000002, 0.0013000000000000002, 0.0, 0.0, 0.0, 0.0, 0.0, 0.0, 0.0, 0.0, 0.0]]}}
bs_latimer_munro_vbm: {'band_index': {'1': [33]}, 'kpoint_index': [120, 121, 141, 156, 205, 206, 242, 262, 275], 'kpoint': <pymatgen.electronic_structure.bandstructure.Kpoint object at 0x7fc5d4b5a350>, 'energy': 1.7597, 'projections': {'1': [[0.0, 0.0, 0.0001, 0.0001, 0.0001, 0.0001, 0.0, 0.0001, 0.0001, 0.0001, 0.0001], [0.002, 0.002, 0.0001, 0.0001, 0.1885, 0.1885, 0.0388, 0.0009000000000000001, 0.0009000000000000001, 0.0009000000000000001, 0.0009000000000000001], [0.0018000000000000002, 0.0018000000000000002, 0.0002, 0.0002, 0.058300000000000005, 0.058300000000000005, 0.0604, 0.0292, 0.0292, 0.0292, 0.0292], [0.0, 0.0, 0.0, 0.0, 0.0, 0.0, 0.0, 0.0059, 0.0059, 0.0059, 0.0059], [0.0028, 0.0028, 0.0, 0.0, 0.0, 0.0, 0.0, 0.0, 0.0, 0.0, 0.0], [0.0, 0.0, 0.0, 0.0, 0.0, 0.0, 0.0, 0.0, 0.0, 0.0, 0.0], [0.0, 0.0, 0.0, 0.0, 0.0, 0.0, 0.0, 0.0, 0.0, 0.0, 0.0], [0.0001, 0.0001, 0.0, 0.0, 0.0, 0.0, 0.0, 0.0, 0.0, 0.0, 0.0], [0.0, 0.0, 0.0, 0.0, 0.0, 0.0, 0.0, 0.0, 0.0, 0.0, 0.0]]}}
bs_latimer_munro_efermi: 1.866793299999999