material_id: mp-1019520
band_gap: 1.565
efermi: 3.85073957
dos_magnetic_ordering: NM
dos_total_task_id: mp-1767395
dos_total_band_gap: 1.8699000000000001
dos_total_cbm: 5.5856
dos_total_vbm: 3.7157
dos_total_efermi: 3.72254145
bs_setyawan_curtarolo_task_id: mp-1616213
bs_setyawan_curtarolo_band_gap: 1.565
bs_setyawan_curtarolo_cbm: {'band_index': {'1': [88]}, 'kpoint_index': [0, 76, 77, 102], 'kpoint': <pymatgen.electronic_structure.bandstructure.Kpoint object at 0x7fc699d63930>, 'energy': 5.3335, 'projections': {'1': [[0.008400000000000001, 0.008400000000000001, 0.0091, 0.0091, 0.0091, 0.0091, 0.0063, 0.0063, 0.0063, 0.0063, 0.004, 0.004, 0.004, 0.004, 0.005200000000000001, 0.005200000000000001, 0.005200000000000001, 0.005200000000000001, 0.006900000000000001, 0.006900000000000001, 0.006900000000000001, 0.006900000000000001, 0.009000000000000001, 0.009000000000000001, 0.009000000000000001, 0.009000000000000001], [0.0, 0.0, 0.0015, 0.0015, 0.0015, 0.0015, 0.0, 0.0, 0.0, 0.0, 0.0002, 0.0002, 0.0002, 0.0002, 0.0004, 0.0004, 0.0004, 0.0004, 0.0005, 0.0005, 0.0005, 0.0005, 0.0007, 0.0007, 0.0007, 0.0007], [0.0, 0.0, 0.0002, 0.0002, 0.0002, 0.0002, 0.0, 0.0, 0.0, 0.0, 0.0, 0.0, 0.0, 0.0, 0.0009000000000000001, 0.0009000000000000001, 0.0009000000000000001, 0.0009000000000000001, 0.0, 0.0, 0.0, 0.0, 0.0022, 0.0022, 0.0022, 0.0022], [0.0001, 0.0001, 0.0, 0.0, 0.0, 0.0, 0.0001, 0.0001, 0.0001, 0.0001, 0.0, 0.0, 0.0, 0.0, 0.0002, 0.0002, 0.0002, 0.0002, 0.0004, 0.0004, 0.0004, 0.0004, 0.0001, 0.0001, 0.0001, 0.0001], [0.0, 0.0, 0.0, 0.0, 0.0, 0.0, 0.0028, 0.0028, 0.0028, 0.0028, 0.0, 0.0, 0.0, 0.0, 0.0, 0.0, 0.0, 0.0, 0.0, 0.0, 0.0, 0.0, 0.0, 0.0, 0.0, 0.0], [0.0001, 0.0001, 0.0, 0.0, 0.0, 0.0, 0.0, 0.0, 0.0, 0.0, 0.0, 0.0, 0.0, 0.0, 0.0, 0.0, 0.0, 0.0, 0.0, 0.0, 0.0, 0.0, 0.0, 0.0, 0.0, 0.0], [0.0001, 0.0001, 0.008, 0.008, 0.008, 0.008, 0.0002, 0.0002, 0.0002, 0.0002, 0.0, 0.0, 0.0, 0.0, 0.0, 0.0, 0.0, 0.0, 0.0, 0.0, 0.0, 0.0, 0.0, 0.0, 0.0, 0.0], [0.0, 0.0, 0.00030000000000000003, 0.00030000000000000003, 0.00030000000000000003, 0.00030000000000000003, 0.011, 0.011, 0.011, 0.011, 0.0, 0.0, 0.0, 0.0, 0.0, 0.0, 0.0, 0.0, 0.0, 0.0, 0.0, 0.0, 0.0, 0.0, 0.0, 0.0], [0.0007, 0.0007, 0.0067, 0.0067, 0.0067, 0.0067, 0.0019, 0.0019, 0.0019, 0.0019, 0.0, 0.0, 0.0, 0.0, 0.0, 0.0, 0.0, 0.0, 0.0, 0.0, 0.0, 0.0, 0.0, 0.0, 0.0, 0.0]]}}
bs_setyawan_curtarolo_vbm: {'band_index': {'1': [87]}, 'kpoint_index': [13, 14, 56], 'kpoint': <pymatgen.electronic_structure.bandstructure.Kpoint object at 0x7fc5d4b5a3c0>, 'energy': 3.7685, 'projections': {'1': [[0.0, 0.0, 0.0008, 0.0009000000000000001, 0.0009000000000000001, 0.0009000000000000001, 0.0, 0.0, 0.0, 0.0, 0.0001, 0.0001, 0.0001, 0.0001, 0.0, 0.0, 0.0, 0.0, 0.0, 0.0, 0.0, 0.0, 0.0, 0.0, 0.0, 0.0], [0.0, 0.0, 0.0009000000000000001, 0.0009000000000000001, 0.0009000000000000001, 0.0009000000000000001, 0.001, 0.001, 0.001, 0.001, 0.0, 0.0, 0.0, 0.0, 0.007500000000000001, 0.007500000000000001, 0.007500000000000001, 0.007500000000000001, 0.0335, 0.0335, 0.0335, 0.0335, 0.012100000000000001, 0.012100000000000001, 0.012100000000000001, 0.012100000000000001], [0.00030000000000000003, 0.00030000000000000003, 0.0, 0.0, 0.0, 0.0, 0.0, 0.0, 0.0, 0.0, 0.0, 0.0, 0.0, 0.0, 0.050100000000000006, 0.050100000000000006, 0.050100000000000006, 0.050100000000000006, 0.0008, 0.0008, 0.0008, 0.0008, 0.0131, 0.0131, 0.0131, 0.0131], [0.0, 0.0, 0.0021000000000000003, 0.0021000000000000003, 0.0021000000000000003, 0.0021000000000000003, 0.0001, 0.0001, 0.0001, 0.0001, 0.0001, 0.0001, 0.0001, 0.0001, 0.0034000000000000002, 0.0034000000000000002, 0.0034000000000000002, 0.0034000000000000002, 0.0022, 0.0022, 0.0022, 0.0022, 0.0103, 0.0103, 0.0103, 0.0103], [0.0012000000000000001, 0.0012000000000000001, 0.0001, 0.0001, 0.0001, 0.0001, 0.0007, 0.0007, 0.0007, 0.0007, 0.0, 0.0, 0.0, 0.0, 0.0, 0.0, 0.0, 0.0, 0.0, 0.0, 0.0, 0.0, 0.0, 0.0, 0.0, 0.0], [0.0, 0.0, 0.0004, 0.0004, 0.0004, 0.0004, 0.0046, 0.0046, 0.0046, 0.0046, 0.0, 0.0, 0.0, 0.0, 0.0, 0.0, 0.0, 0.0, 0.0, 0.0, 0.0, 0.0, 0.0, 0.0, 0.0, 0.0], [0.0, 0.0, 0.00030000000000000003, 0.00030000000000000003, 0.00030000000000000003, 0.00030000000000000003, 0.0013000000000000002, 0.0013000000000000002, 0.0013000000000000002, 0.0013000000000000002, 0.0, 0.0, 0.0, 0.0, 0.0, 0.0, 0.0, 0.0, 0.0, 0.0, 0.0, 0.0, 0.0, 0.0, 0.0, 0.0], [0.0012000000000000001, 0.0012000000000000001, 0.00030000000000000003, 0.00030000000000000003, 0.00030000000000000003, 0.00030000000000000003, 0.0002, 0.0002, 0.0002, 0.0002, 0.0, 0.0, 0.0, 0.0, 0.0, 0.0, 0.0, 0.0, 0.0, 0.0, 0.0, 0.0, 0.0, 0.0, 0.0, 0.0], [0.0, 0.0, 0.0012000000000000001, 0.0012000000000000001, 0.0012000000000000001, 0.0012000000000000001, 0.0016, 0.0016, 0.0016, 0.0016, 0.0, 0.0, 0.0, 0.0, 0.0, 0.0, 0.0, 0.0, 0.0, 0.0, 0.0, 0.0, 0.0, 0.0, 0.0, 0.0]]}}
bs_setyawan_curtarolo_efermi: 3.85073957
bs_latimer_munro_task_id: mp-2442709
bs_latimer_munro_band_gap: 1.5649000000000002
bs_latimer_munro_cbm: {'band_index': {'1': [88]}, 'kpoint_index': [14, 15, 61, 62, 76, 113, 114, 139, 152], 'kpoint': <pymatgen.electronic_structure.bandstructure.Kpoint object at 0x7fc5d4b59be0>, 'energy': 5.3334, 'projections': {'1': [[0.008400000000000001, 0.008400000000000001, 0.0091, 0.0091, 0.0091, 0.009000000000000001, 0.0063, 0.0063, 0.0063, 0.0063, 0.004, 0.004, 0.004, 0.004, 0.005200000000000001, 0.005200000000000001, 0.005200000000000001, 0.005200000000000001, 0.006900000000000001, 0.006900000000000001, 0.006900000000000001, 0.006900000000000001, 0.009000000000000001, 0.009000000000000001, 0.009000000000000001, 0.009000000000000001], [0.0, 0.0, 0.0015, 0.0015, 0.0015, 0.0015, 0.0, 0.0, 0.0, 0.0, 0.0002, 0.0002, 0.0002, 0.0002, 0.0004, 0.0004, 0.0004, 0.0004, 0.0005, 0.0005, 0.0005, 0.0005, 0.0007, 0.0007, 0.0007, 0.0007], [0.0, 0.0, 0.0002, 0.0002, 0.0002, 0.0002, 0.0, 0.0, 0.0, 0.0, 0.0, 0.0, 0.0, 0.0, 0.0009000000000000001, 0.0009000000000000001, 0.0009000000000000001, 0.0009000000000000001, 0.0, 0.0, 0.0, 0.0, 0.0022, 0.0022, 0.0022, 0.0022], [0.0001, 0.0001, 0.0, 0.0, 0.0, 0.0, 0.0001, 0.0001, 0.0001, 0.0001, 0.0, 0.0, 0.0, 0.0, 0.0002, 0.0002, 0.0002, 0.0002, 0.0004, 0.0004, 0.0004, 0.0004, 0.0001, 0.0001, 0.0001, 0.0001], [0.0, 0.0, 0.0, 0.0, 0.0, 0.0, 0.0028, 0.0028, 0.0028, 0.0028, 0.0, 0.0, 0.0, 0.0, 0.0, 0.0, 0.0, 0.0, 0.0, 0.0, 0.0, 0.0, 0.0, 0.0, 0.0, 0.0], [0.0001, 0.0001, 0.0, 0.0, 0.0, 0.0, 0.0, 0.0, 0.0, 0.0, 0.0, 0.0, 0.0, 0.0, 0.0, 0.0, 0.0, 0.0, 0.0, 0.0, 0.0, 0.0, 0.0, 0.0, 0.0, 0.0], [0.0001, 0.0001, 0.008, 0.008, 0.008, 0.008, 0.0002, 0.0002, 0.0002, 0.0002, 0.0, 0.0, 0.0, 0.0, 0.0, 0.0, 0.0, 0.0, 0.0, 0.0, 0.0, 0.0, 0.0, 0.0, 0.0, 0.0], [0.0, 0.0, 0.00030000000000000003, 0.00030000000000000003, 0.00030000000000000003, 0.00030000000000000003, 0.011, 0.011, 0.011, 0.011, 0.0, 0.0, 0.0, 0.0, 0.0, 0.0, 0.0, 0.0, 0.0, 0.0, 0.0, 0.0, 0.0, 0.0, 0.0, 0.0], [0.0007, 0.0007, 0.0067, 0.0067, 0.0067, 0.0067, 0.0019, 0.0019, 0.0019, 0.0019, 0.0, 0.0, 0.0, 0.0, 0.0, 0.0, 0.0, 0.0, 0.0, 0.0, 0.0, 0.0, 0.0, 0.0, 0.0, 0.0]]}}
bs_latimer_munro_vbm: {'band_index': {'1': [87]}, 'kpoint_index': [93, 94, 100], 'kpoint': <pymatgen.electronic_structure.bandstructure.Kpoint object at 0x7fc5d4b5a200>, 'energy': 3.7685, 'projections': {'1': [[0.0, 0.0, 0.0009000000000000001, 0.0009000000000000001, 0.0008, 0.0009000000000000001, 0.0, 0.0, 0.0, 0.0, 0.0001, 0.0001, 0.0001, 0.0001, 0.0, 0.0, 0.0, 0.0, 0.0, 0.0, 0.0, 0.0, 0.0, 0.0, 0.0, 0.0], [0.0, 0.0, 0.0009000000000000001, 0.0009000000000000001, 0.0009000000000000001, 0.0009000000000000001, 0.001, 0.001, 0.001, 0.001, 0.0, 0.0, 0.0, 0.0, 0.007500000000000001, 0.007500000000000001, 0.007500000000000001, 0.007500000000000001, 0.0335, 0.0335, 0.0335, 0.0335, 0.012100000000000001, 0.012100000000000001, 0.012100000000000001, 0.012100000000000001], [0.00030000000000000003, 0.00030000000000000003, 0.0, 0.0, 0.0, 0.0, 0.0, 0.0, 0.0, 0.0, 0.0, 0.0, 0.0, 0.0, 0.050100000000000006, 0.050100000000000006, 0.050100000000000006, 0.050100000000000006, 0.0008, 0.0008, 0.0008, 0.0008, 0.0131, 0.0131, 0.0131, 0.0131], [0.0, 0.0, 0.0021000000000000003, 0.0021000000000000003, 0.0021000000000000003, 0.0021000000000000003, 0.0001, 0.0001, 0.0001, 0.0001, 0.0001, 0.0001, 0.0001, 0.0001, 0.0034000000000000002, 0.0034000000000000002, 0.0034000000000000002, 0.0034000000000000002, 0.0022, 0.0022, 0.0022, 0.0022, 0.0103, 0.0103, 0.0103, 0.0103], [0.0012000000000000001, 0.0012000000000000001, 0.0001, 0.0001, 0.0001, 0.0001, 0.0007, 0.0007, 0.0007, 0.0007, 0.0, 0.0, 0.0, 0.0, 0.0, 0.0, 0.0, 0.0, 0.0, 0.0, 0.0, 0.0, 0.0, 0.0, 0.0, 0.0], [0.0, 0.0, 0.0004, 0.0004, 0.0004, 0.0004, 0.0046, 0.0046, 0.0046, 0.0046, 0.0, 0.0, 0.0, 0.0, 0.0, 0.0, 0.0, 0.0, 0.0, 0.0, 0.0, 0.0, 0.0, 0.0, 0.0, 0.0], [0.0, 0.0, 0.00030000000000000003, 0.00030000000000000003, 0.00030000000000000003, 0.00030000000000000003, 0.0013000000000000002, 0.0013000000000000002, 0.0013000000000000002, 0.0013000000000000002, 0.0, 0.0, 0.0, 0.0, 0.0, 0.0, 0.0, 0.0, 0.0, 0.0, 0.0, 0.0, 0.0, 0.0, 0.0, 0.0], [0.0012000000000000001, 0.0012000000000000001, 0.00030000000000000003, 0.00030000000000000003, 0.00030000000000000003, 0.00030000000000000003, 0.0002, 0.0002, 0.0002, 0.0002, 0.0, 0.0, 0.0, 0.0, 0.0, 0.0, 0.0, 0.0, 0.0, 0.0, 0.0, 0.0, 0.0, 0.0, 0.0, 0.0], [0.0, 0.0, 0.0012000000000000001, 0.0012000000000000001, 0.0012000000000000001, 0.0012000000000000001, 0.0016, 0.0016, 0.0016, 0.0016, 0.0, 0.0, 0.0, 0.0, 0.0, 0.0, 0.0, 0.0, 0.0, 0.0, 0.0, 0.0, 0.0, 0.0, 0.0, 0.0]]}}
bs_latimer_munro_efermi: 3.83950536