material_id: mp-1395540
band_gap: 3.7379000000000002
efermi: -1.67546178
dos_magnetic_ordering: FM
dos_total_task_id: mp-1752235
dos_total_band_gap: 3.7187
dos_total_cbm: 1.9946000000000002
dos_total_vbm: -1.7241
dos_total_efermi: -1.71567675
bs_setyawan_curtarolo_task_id: mp-1619135
bs_setyawan_curtarolo_band_gap: 3.7379000000000002
bs_setyawan_curtarolo_cbm: {'band_index': {'1': [33], '-1': []}, 'kpoint_index': [0, 53, 54], 'kpoint': <pymatgen.electronic_structure.bandstructure.Kpoint object at 0x7fc699d63930>, 'energy': 1.9999, 'projections': {'1': [[0.0007, 0.0047, 0.00030000000000000003, 0.00030000000000000003, 0.00030000000000000003, 0.00030000000000000003, 0.00030000000000000003, 0.00030000000000000003], [0.0, 0.0, 0.0012000000000000001, 0.002, 0.0063, 0.002, 0.0012000000000000001, 0.0063], [0.0, 0.0, 0.010400000000000001, 0.0008, 0.0008, 0.0008, 0.010400000000000001, 0.0008], [0.0, 0.0, 0.0066, 0.0154, 0.0111, 0.0154, 0.0066, 0.0111], [0.0, 0.0, 0.0, 0.0, 0.0, 0.0, 0.0, 0.0], [0.0, 0.0, 0.0, 0.0, 0.0, 0.0, 0.0, 0.0], [0.0022, 0.0858, 0.0, 0.0, 0.0, 0.0, 0.0, 0.0], [0.0045000000000000005, 0.17850000000000002, 0.0, 0.0, 0.0, 0.0, 0.0, 0.0], [0.0105, 0.4167, 0.0, 0.0, 0.0, 0.0, 0.0, 0.0]]}}
bs_setyawan_curtarolo_vbm: {'band_index': {'1': [32], '-1': []}, 'kpoint_index': [78, 79], 'kpoint': <pymatgen.electronic_structure.bandstructure.Kpoint object at 0x7fc5d4b59e80>, 'energy': -1.738, 'projections': {'1': [[0.002, 0.0, 0.0001, 0.0, 0.0002, 0.0, 0.0001, 0.0002], [0.0, 0.0, 0.0826, 0.0033, 0.0004, 0.0033, 0.0826, 0.0004], [0.0, 0.0, 0.0001, 0.0063, 0.042100000000000005, 0.0063, 0.0001, 0.042100000000000005], [0.0, 0.0, 0.0024000000000000002, 0.026600000000000002, 0.026000000000000002, 0.026600000000000002, 0.0024000000000000002, 0.026000000000000002], [0.001, 0.2606, 0.0, 0.0, 0.0, 0.0, 0.0, 0.0], [0.00030000000000000003, 0.20670000000000002, 0.0, 0.0, 0.0, 0.0, 0.0, 0.0], [0.0, 0.0007, 0.0, 0.0, 0.0, 0.0, 0.0, 0.0], [0.0001, 0.0673, 0.0, 0.0, 0.0, 0.0, 0.0, 0.0], [0.00030000000000000003, 0.023700000000000002, 0.0, 0.0, 0.0, 0.0, 0.0, 0.0]]}}
bs_setyawan_curtarolo_efermi: -1.67546178
bs_hinuma_task_id: mp-2095251
bs_hinuma_band_gap: 3.738
bs_hinuma_cbm: {'band_index': {'1': [33], '-1': []}, 'kpoint_index': [0, 53, 54, 95], 'kpoint': <pymatgen.electronic_structure.bandstructure.Kpoint object at 0x7fc5d4b5a3c0>, 'energy': 1.9999, 'projections': {'1': [[0.0007, 0.0047, 0.00030000000000000003, 0.00030000000000000003, 0.00030000000000000003, 0.00030000000000000003, 0.00030000000000000003, 0.00030000000000000003], [0.0, 0.0, 0.0012000000000000001, 0.002, 0.0063, 0.002, 0.0012000000000000001, 0.0063], [0.0, 0.0, 0.010400000000000001, 0.0008, 0.0008, 0.0008, 0.010400000000000001, 0.0008], [0.0, 0.0, 0.0066, 0.0154, 0.0111, 0.0154, 0.0066, 0.0111], [0.0, 0.0, 0.0, 0.0, 0.0, 0.0, 0.0, 0.0], [0.0, 0.0, 0.0, 0.0, 0.0, 0.0, 0.0, 0.0], [0.0022, 0.0858, 0.0, 0.0, 0.0, 0.0, 0.0, 0.0], [0.0045000000000000005, 0.17850000000000002, 0.0, 0.0, 0.0, 0.0, 0.0, 0.0], [0.0105, 0.4167, 0.0, 0.0, 0.0, 0.0, 0.0, 0.0]]}}
bs_hinuma_vbm: {'band_index': {'1': [32], '-1': []}, 'kpoint_index': [78, 79], 'kpoint': <pymatgen.electronic_structure.bandstructure.Kpoint object at 0x7fc5d4b5a350>, 'energy': -1.7381000000000002, 'projections': {'1': [[0.002, 0.0, 0.0002, 0.0001, 0.0, 0.0001, 0.0002, 0.0], [0.0, 0.0, 0.041, 0.027800000000000002, 0.019100000000000002, 0.027800000000000002, 0.041, 0.019100000000000002], [0.0, 0.0, 0.0257, 0.0443, 0.0029000000000000002, 0.0443, 0.0257, 0.0029000000000000002], [0.0, 0.0, 0.0018000000000000002, 0.013000000000000001, 0.0143, 0.013000000000000001, 0.0018000000000000002, 0.0143], [0.0005, 0.1915, 0.0, 0.0, 0.0, 0.0, 0.0, 0.0], [0.0005, 0.0015, 0.0, 0.0, 0.0, 0.0, 0.0, 0.0], [0.0002, 0.2898, 0.0, 0.0, 0.0, 0.0, 0.0, 0.0], [0.00030000000000000003, 0.0015, 0.0, 0.0, 0.0, 0.0, 0.0, 0.0], [0.0002, 0.0747, 0.0, 0.0, 0.0, 0.0, 0.0, 0.0]]}}
bs_hinuma_efermi: -1.6725333
bs_latimer_munro_task_id: mp-2305502
bs_latimer_munro_band_gap: 3.7378
bs_latimer_munro_cbm: {'band_index': {'1': [33], '-1': []}, 'kpoint_index': [13, 14, 29], 'kpoint': <pymatgen.electronic_structure.bandstructure.Kpoint object at 0x7fc5d4b59c50>, 'energy': 1.9999, 'projections': {'1': [[0.0007, 0.0047, 0.00030000000000000003, 0.00030000000000000003, 0.00030000000000000003, 0.00030000000000000003, 0.00030000000000000003, 0.00030000000000000003], [0.0, 0.0, 0.0012000000000000001, 0.002, 0.0063, 0.002, 0.0012000000000000001, 0.0063], [0.0, 0.0, 0.010400000000000001, 0.0008, 0.0008, 0.0008, 0.010400000000000001, 0.0008], [0.0, 0.0, 0.0066, 0.0154, 0.0111, 0.0154, 0.0066, 0.0111], [0.0, 0.0, 0.0, 0.0, 0.0, 0.0, 0.0, 0.0], [0.0, 0.0, 0.0, 0.0, 0.0, 0.0, 0.0, 0.0], [0.0022, 0.0858, 0.0, 0.0, 0.0, 0.0, 0.0, 0.0], [0.0045000000000000005, 0.17850000000000002, 0.0, 0.0, 0.0, 0.0, 0.0, 0.0], [0.0105, 0.4167, 0.0, 0.0, 0.0, 0.0, 0.0, 0.0]]}}
bs_latimer_munro_vbm: {'band_index': {'1': [32], '-1': []}, 'kpoint_index': [45], 'kpoint': <pymatgen.electronic_structure.bandstructure.Kpoint object at 0x7fc5d4b59be0>, 'energy': -1.7379, 'projections': {'1': [[0.002, 0.0, 0.0, 0.0002, 0.0001, 0.0002, 0.0, 0.0001], [0.0, 0.0, 0.0066, 0.049300000000000004, 0.0145, 0.049300000000000004, 0.0066, 0.0145], [0.0, 0.0, 0.0218, 0.0165, 0.069, 0.0165, 0.0218, 0.069], [0.0, 0.0, 0.0079, 0.0027, 0.0017000000000000001, 0.0027, 0.0079, 0.0017000000000000001], [0.0001, 0.0053, 0.0, 0.0, 0.0, 0.0, 0.0, 0.0], [0.0, 0.1728, 0.0, 0.0, 0.0, 0.0, 0.0, 0.0], [0.0, 0.3216, 0.0, 0.0, 0.0, 0.0, 0.0, 0.0], [0.0014, 0.0468, 0.0, 0.0, 0.0, 0.0, 0.0, 0.0], [0.0001, 0.0125, 0.0, 0.0, 0.0, 0.0, 0.0, 0.0]]}}
bs_latimer_munro_efermi: -1.67243644