material_id: mp-10955
band_gap: 0.27530000000000004
efermi: 1.91320713
dos_magnetic_ordering: NM
dos_total_task_id: mp-1703183
dos_total_band_gap: 0.20670000000000002
dos_total_cbm: 2.0893
dos_total_vbm: 1.8826
dos_total_efermi: 1.9515041100000001
bs_setyawan_curtarolo_task_id: mp-1590990
bs_setyawan_curtarolo_band_gap: 0.27530000000000004
bs_setyawan_curtarolo_cbm: {'band_index': {'1': [31]}, 'kpoint_index': [0, 203, 204], 'kpoint': <pymatgen.electronic_structure.bandstructure.Kpoint object at 0x7fc699d63930>, 'energy': 2.0291, 'projections': {'1': [[0.0762, 0.0463, 0.0741, 0.029, 0.029, 0.029, 0.029], [0.0, 0.0, 0.0, 0.023100000000000002, 0.0086, 0.0086, 0.023100000000000002], [0.0, 0.0, 0.0, 0.0261, 0.0261, 0.0261, 0.0261], [0.0, 0.0, 0.0, 0.0086, 0.023100000000000002, 0.023100000000000002, 0.0086], [0.0, 0.0, 0.0, 0.0002, 0.0002, 0.0002, 0.0002], [0.0, 0.0, 0.0, 0.0, 0.0, 0.0, 0.0], [0.0002, 0.0045000000000000005, 0.0039000000000000003, 0.0, 0.0, 0.0, 0.0], [0.0, 0.0, 0.0, 0.0, 0.0, 0.0, 0.0], [0.0, 0.0, 0.0, 0.0, 0.0, 0.0, 0.0]]}}
bs_setyawan_curtarolo_vbm: {'band_index': {'1': [29, 30]}, 'kpoint_index': [0, 203, 204], 'kpoint': <pymatgen.electronic_structure.bandstructure.Kpoint object at 0x7fc5d4b5a190>, 'energy': 1.7538, 'projections': {'1': [[0.0, 0.0, 0.0, 0.002, 0.0004, 0.0004, 0.002], [0.0035, 0.0046, 0.00030000000000000003, 0.0575, 0.0324, 0.0324, 0.0575], [0.0, 0.0, 0.0, 0.005, 0.0009000000000000001, 0.0009000000000000001, 0.005], [0.0002, 0.007500000000000001, 0.005, 0.112, 0.061200000000000004, 0.061200000000000004, 0.112], [0.0, 0.0, 0.0, 0.0001, 0.0, 0.0, 0.0001], [0.0071, 0.0176, 0.0262, 0.0, 0.0001, 0.0001, 0.0], [0.0, 0.0, 0.0, 0.0, 0.0, 0.0, 0.0], [0.01, 0.018600000000000002, 0.0036000000000000003, 0.0, 0.0001, 0.0001, 0.0], [0.0, 0.0, 0.0, 0.0002, 0.0, 0.0, 0.0002]]}}
bs_setyawan_curtarolo_efermi: 1.91320713
bs_hinuma_task_id: mp-2190373
bs_hinuma_band_gap: 0.27530000000000004
bs_hinuma_cbm: {'band_index': {'1': [31]}, 'kpoint_index': [0, 218, 219, 380], 'kpoint': <pymatgen.electronic_structure.bandstructure.Kpoint object at 0x7fc5d4b5a200>, 'energy': 2.0291, 'projections': {'1': [[0.0762, 0.0463, 0.0741, 0.029, 0.029, 0.029, 0.029], [0.0, 0.0, 0.0, 0.023100000000000002, 0.0086, 0.0086, 0.023100000000000002], [0.0, 0.0, 0.0, 0.0261, 0.0261, 0.0261, 0.0261], [0.0, 0.0, 0.0, 0.0086, 0.023100000000000002, 0.023100000000000002, 0.0086], [0.0, 0.0, 0.0, 0.0002, 0.0002, 0.0002, 0.0002], [0.0, 0.0, 0.0, 0.0, 0.0, 0.0, 0.0], [0.0002, 0.0045000000000000005, 0.0039000000000000003, 0.0, 0.0, 0.0, 0.0], [0.0, 0.0, 0.0, 0.0, 0.0, 0.0, 0.0], [0.0, 0.0, 0.0, 0.0, 0.0, 0.0, 0.0]]}}
bs_hinuma_vbm: {'band_index': {'1': [29, 30]}, 'kpoint_index': [0, 218, 219, 380], 'kpoint': <pymatgen.electronic_structure.bandstructure.Kpoint object at 0x7fc5d4b59e80>, 'energy': 1.7538, 'projections': {'1': [[0.0, 0.0, 0.0, 0.002, 0.0004, 0.0004, 0.002], [0.0035, 0.0046, 0.00030000000000000003, 0.0575, 0.0324, 0.0324, 0.0575], [0.0, 0.0, 0.0, 0.005, 0.0009000000000000001, 0.0009000000000000001, 0.005], [0.0002, 0.007500000000000001, 0.005, 0.112, 0.061200000000000004, 0.061200000000000004, 0.112], [0.0, 0.0, 0.0, 0.0001, 0.0, 0.0, 0.0001], [0.0071, 0.0176, 0.0262, 0.0, 0.0001, 0.0001, 0.0], [0.0, 0.0, 0.0, 0.0, 0.0, 0.0, 0.0], [0.01, 0.018600000000000002, 0.0036000000000000003, 0.0, 0.0001, 0.0001, 0.0], [0.0, 0.0, 0.0, 0.0002, 0.0, 0.0, 0.0002]]}}
bs_hinuma_efermi: 1.90122137
bs_latimer_munro_task_id: mp-2317465
bs_latimer_munro_band_gap: 0.27530000000000004
bs_latimer_munro_cbm: {'band_index': {'1': [31]}, 'kpoint_index': [160, 161, 363, 364, 431, 584], 'kpoint': <pymatgen.electronic_structure.bandstructure.Kpoint object at 0x7fc5d4b59c50>, 'energy': 2.0291, 'projections': {'1': [[0.0762, 0.0463, 0.0741, 0.029, 0.029, 0.029, 0.029], [0.0, 0.0, 0.0, 0.023100000000000002, 0.0086, 0.0086, 0.023100000000000002], [0.0, 0.0, 0.0, 0.0261, 0.0261, 0.0261, 0.0261], [0.0, 0.0, 0.0, 0.0086, 0.023100000000000002, 0.023100000000000002, 0.0086], [0.0, 0.0, 0.0, 0.0002, 0.0002, 0.0002, 0.0002], [0.0, 0.0, 0.0, 0.0, 0.0, 0.0, 0.0], [0.0002, 0.0045000000000000005, 0.0039000000000000003, 0.0, 0.0, 0.0, 0.0], [0.0, 0.0, 0.0, 0.0, 0.0, 0.0, 0.0], [0.0, 0.0, 0.0, 0.0, 0.0, 0.0, 0.0]]}}
bs_latimer_munro_vbm: {'band_index': {'1': [29, 30]}, 'kpoint_index': [160, 161, 363, 364, 431, 584], 'kpoint': <pymatgen.electronic_structure.bandstructure.Kpoint object at 0x7fc5d4b5a350>, 'energy': 1.7538, 'projections': {'1': [[0.0, 0.0, 0.0, 0.002, 0.0004, 0.0004, 0.002], [0.0034000000000000002, 0.0053, 0.0006000000000000001, 0.0639, 0.041600000000000005, 0.041600000000000005, 0.0639], [0.0, 0.0, 0.0, 0.0051, 0.0009000000000000001, 0.0009000000000000001, 0.0051], [0.0004, 0.0068000000000000005, 0.0047, 0.1028, 0.054900000000000004, 0.054900000000000004, 0.1028], [0.0, 0.0, 0.0, 0.0001, 0.0, 0.0, 0.0001], [0.0064, 0.0158, 0.0245, 0.0001, 0.0001, 0.0001, 0.0001], [0.0, 0.0, 0.0, 0.0, 0.0, 0.0, 0.0], [0.0108, 0.0204, 0.0054, 0.0, 0.0001, 0.0001, 0.0], [0.0, 0.0, 0.0, 0.0002, 0.0, 0.0, 0.0002]]}}
bs_latimer_munro_efermi: 1.89057075