material_id: mp-1215941
band_gap: 4.452
efermi: 1.93360883
dos_magnetic_ordering: NM
dos_total_task_id: mp-1753921
dos_total_band_gap: 4.4576
dos_total_cbm: 6.2575
dos_total_vbm: 1.7999
dos_total_efermi: 1.80455387
bs_setyawan_curtarolo_task_id: mp-1618691
bs_setyawan_curtarolo_band_gap: 4.452
bs_setyawan_curtarolo_cbm: {'band_index': {'1': [32]}, 'kpoint_index': [86, 87], 'kpoint': <pymatgen.electronic_structure.bandstructure.Kpoint object at 0x7fc699d63930>, 'energy': 6.2446, 'projections': {'1': [[0.0, 0.0, 0.0033, 0.0033, 0.0002, 0.0, 0.00030000000000000003, 0.0, 0.00030000000000000003, 0.0002], [0.0, 0.0, 0.0049, 0.0049, 0.0015, 0.0, 0.0033, 0.0, 0.0033, 0.0015], [0.0, 0.0, 0.0001, 0.0001, 0.0007, 0.0028, 0.0004, 0.0028, 0.0004, 0.0007], [0.0, 0.0, 0.0048000000000000004, 0.0048000000000000004, 0.0006000000000000001, 0.0, 0.0014, 0.0, 0.0014, 0.0006000000000000001], [0.0053, 0.006, 0.0, 0.0, 0.0, 0.0, 0.0, 0.0, 0.0, 0.0], [0.015300000000000001, 0.5379, 0.0, 0.0, 0.0, 0.0, 0.0, 0.0, 0.0, 0.0], [0.0596, 0.10650000000000001, 0.0, 0.0, 0.0, 0.0, 0.0, 0.0, 0.0, 0.0], [0.0007, 0.0105, 0.0, 0.0, 0.0, 0.0, 0.0, 0.0, 0.0, 0.0], [0.0131, 0.014100000000000001, 0.0, 0.0, 0.0, 0.0, 0.0, 0.0, 0.0, 0.0]]}}
bs_setyawan_curtarolo_vbm: {'band_index': {'1': [31]}, 'kpoint_index': [86, 87], 'kpoint': <pymatgen.electronic_structure.bandstructure.Kpoint object at 0x7fc5d4b5a430>, 'energy': 1.7926000000000002, 'projections': {'1': [[0.0, 0.0, 0.0, 0.0, 0.0001, 0.0, 0.0001, 0.0, 0.0001, 0.0001], [0.0008, 0.0004, 0.00030000000000000003, 0.00030000000000000003, 0.0029000000000000002, 0.1111, 0.0862, 0.1111, 0.0862, 0.0029000000000000002], [0.011300000000000001, 0.0074, 0.0, 0.0, 0.0845, 0.0454, 0.029500000000000002, 0.0454, 0.029500000000000002, 0.0845], [0.0055000000000000005, 0.0057, 0.0001, 0.0001, 0.0094, 0.0015, 0.0041, 0.0015, 0.0041, 0.0094], [0.0, 0.0, 0.0, 0.0, 0.0, 0.0, 0.0, 0.0, 0.0, 0.0], [0.0, 0.0, 0.0, 0.0, 0.0, 0.0, 0.0, 0.0, 0.0, 0.0], [0.0, 0.0, 0.0, 0.0, 0.0, 0.0, 0.0, 0.0, 0.0, 0.0], [0.0, 0.0, 0.0, 0.0, 0.0, 0.0, 0.0, 0.0, 0.0, 0.0], [0.0, 0.0, 0.0, 0.0, 0.0, 0.0, 0.0, 0.0, 0.0, 0.0]]}}
bs_setyawan_curtarolo_efermi: 1.93360883
bs_hinuma_task_id: mp-2094057
bs_hinuma_band_gap: 4.452
bs_hinuma_cbm: {'band_index': {'1': [32]}, 'kpoint_index': [86, 87], 'kpoint': <pymatgen.electronic_structure.bandstructure.Kpoint object at 0x7fc5d4b5a350>, 'energy': 6.2446, 'projections': {'1': [[0.0, 0.0, 0.0033, 0.0033, 0.00030000000000000003, 0.0002, 0.0, 0.0002, 0.0, 0.00030000000000000003], [0.0, 0.0, 0.0017000000000000001, 0.0017000000000000001, 0.003, 0.0013000000000000002, 0.0019, 0.0013000000000000002, 0.0019, 0.003], [0.0, 0.0, 0.0014, 0.0014, 0.0006000000000000001, 0.001, 0.0004, 0.001, 0.0004, 0.0006000000000000001], [0.0, 0.0, 0.0068000000000000005, 0.0068000000000000005, 0.0015, 0.0006000000000000001, 0.0005, 0.0006000000000000001, 0.0005, 0.0015], [0.038200000000000005, 0.08610000000000001, 0.0, 0.0, 0.0, 0.0, 0.0, 0.0, 0.0, 0.0], [0.018600000000000002, 0.0765, 0.0, 0.0, 0.0, 0.0, 0.0, 0.0, 0.0, 0.0], [0.0095, 0.1925, 0.0, 0.0, 0.0, 0.0, 0.0, 0.0, 0.0, 0.0], [0.0166, 0.0308, 0.0, 0.0, 0.0, 0.0, 0.0, 0.0, 0.0, 0.0], [0.0111, 0.2891, 0.0, 0.0, 0.0, 0.0, 0.0, 0.0, 0.0, 0.0]]}}
bs_hinuma_vbm: {'band_index': {'1': [31]}, 'kpoint_index': [86, 87], 'kpoint': <pymatgen.electronic_structure.bandstructure.Kpoint object at 0x7fc5d4b59be0>, 'energy': 1.7926000000000002, 'projections': {'1': [[0.0, 0.0, 0.0, 0.0, 0.0001, 0.0001, 0.0, 0.0001, 0.0, 0.0001], [0.0143, 0.006200000000000001, 0.0001, 0.0001, 0.0001, 0.0565, 0.12510000000000002, 0.0565, 0.12510000000000002, 0.0001], [0.0022, 0.0063, 0.00030000000000000003, 0.00030000000000000003, 0.11460000000000001, 0.0393, 0.032, 0.0393, 0.032, 0.11460000000000001], [0.0012000000000000001, 0.001, 0.0, 0.0, 0.005, 0.001, 0.0009000000000000001, 0.001, 0.0009000000000000001, 0.005], [0.0, 0.0, 0.0, 0.0, 0.0, 0.0, 0.0, 0.0, 0.0, 0.0], [0.0, 0.0, 0.0, 0.0, 0.0, 0.0, 0.0, 0.0, 0.0, 0.0], [0.0, 0.0, 0.0, 0.0, 0.0, 0.0, 0.0, 0.0, 0.0, 0.0], [0.0, 0.0, 0.0, 0.0, 0.0, 0.0, 0.0, 0.0, 0.0, 0.0], [0.0, 0.0, 0.0, 0.0, 0.0, 0.0, 0.0, 0.0, 0.0, 0.0]]}}
bs_hinuma_efermi: 1.9520014300000001
bs_latimer_munro_task_id: mp-2305394
bs_latimer_munro_band_gap: 4.452
bs_latimer_munro_cbm: {'band_index': {'1': [32]}, 'kpoint_index': [47], 'kpoint': <pymatgen.electronic_structure.bandstructure.Kpoint object at 0x7fc5d4b59d30>, 'energy': 6.2446, 'projections': {'1': [[0.0, 0.0, 0.0033, 0.0033, 0.00030000000000000003, 0.0002, 0.0, 0.0002, 0.0, 0.00030000000000000003], [0.0, 0.0, 0.0017000000000000001, 0.0017000000000000001, 0.003, 0.0013000000000000002, 0.0019, 0.0013000000000000002, 0.0019, 0.003], [0.0, 0.0, 0.0014, 0.0014, 0.0006000000000000001, 0.001, 0.0004, 0.001, 0.0004, 0.0006000000000000001], [0.0, 0.0, 0.0068000000000000005, 0.0068000000000000005, 0.0015, 0.0006000000000000001, 0.0005, 0.0006000000000000001, 0.0005, 0.0015], [0.038200000000000005, 0.08610000000000001, 0.0, 0.0, 0.0, 0.0, 0.0, 0.0, 0.0, 0.0], [0.018600000000000002, 0.0765, 0.0, 0.0, 0.0, 0.0, 0.0, 0.0, 0.0, 0.0], [0.0095, 0.1925, 0.0, 0.0, 0.0, 0.0, 0.0, 0.0, 0.0, 0.0], [0.0166, 0.0308, 0.0, 0.0, 0.0, 0.0, 0.0, 0.0, 0.0, 0.0], [0.0111, 0.2891, 0.0, 0.0, 0.0, 0.0, 0.0, 0.0, 0.0, 0.0]]}}
bs_latimer_munro_vbm: {'band_index': {'1': [31]}, 'kpoint_index': [47], 'kpoint': <pymatgen.electronic_structure.bandstructure.Kpoint object at 0x7fc5d4b5a3c0>, 'energy': 1.7926000000000002, 'projections': {'1': [[0.0, 0.0, 0.0, 0.0, 0.0001, 0.0001, 0.0, 0.0001, 0.0, 0.0001], [0.0143, 0.006200000000000001, 0.0001, 0.0001, 0.0001, 0.0565, 0.12510000000000002, 0.0565, 0.12510000000000002, 0.0001], [0.0022, 0.0063, 0.00030000000000000003, 0.00030000000000000003, 0.11460000000000001, 0.0393, 0.032, 0.0393, 0.032, 0.11460000000000001], [0.0012000000000000001, 0.001, 0.0, 0.0, 0.005, 0.001, 0.0009000000000000001, 0.001, 0.0009000000000000001, 0.005], [0.0, 0.0, 0.0, 0.0, 0.0, 0.0, 0.0, 0.0, 0.0, 0.0], [0.0, 0.0, 0.0, 0.0, 0.0, 0.0, 0.0, 0.0, 0.0, 0.0], [0.0, 0.0, 0.0, 0.0, 0.0, 0.0, 0.0, 0.0, 0.0, 0.0], [0.0, 0.0, 0.0, 0.0, 0.0, 0.0, 0.0, 0.0, 0.0, 0.0], [0.0, 0.0, 0.0, 0.0, 0.0, 0.0, 0.0, 0.0, 0.0, 0.0]]}}
bs_latimer_munro_efermi: 1.97238731