material_id: mp-1110602
band_gap: 1.390499999999999
efermi: 0.13435921
dos_magnetic_ordering: NM
dos_total_task_id: mp-1741515
dos_total_band_gap: 1.4151
dos_total_cbm: 1.4903
dos_total_vbm: 0.0752
dos_total_efermi: 0.05706273
bs_setyawan_curtarolo_task_id: mp-1623431
bs_setyawan_curtarolo_band_gap: 1.390499999999999
bs_setyawan_curtarolo_cbm: {'band_index': {'1': [43]}, 'kpoint_index': [15, 16, 108], 'kpoint': <pymatgen.electronic_structure.bandstructure.Kpoint object at 0x7fc699d63930>, 'energy': 1.4439, 'projections': {'1': [[0.0, 0.0, 0.1012, 0.0025, 0.0053, 0.0053, 0.0053, 0.007500000000000001, 0.007500000000000001, 0.0053], [0.0024000000000000002, 0.0024000000000000002, 0.0, 0.0, 0.0, 0.0, 0.0, 0.0346, 0.0346, 0.0], [0.0, 0.0, 0.0, 0.0, 0.0019, 0.0, 0.0019, 0.0, 0.0, 0.0], [0.0, 0.0, 0.0, 0.0, 0.0, 0.0019, 0.0, 0.0, 0.0, 0.0019], [0.0, 0.0, 0.0, 0.0, 0.0, 0.0, 0.0, 0.0, 0.0, 0.0], [0.0, 0.0, 0.0, 0.0, 0.0, 0.0, 0.0, 0.0, 0.0, 0.0], [0.0, 0.0, 0.0026000000000000003, 0.1446, 0.0, 0.0, 0.0, 0.0, 0.0, 0.0], [0.0009000000000000001, 0.0009000000000000001, 0.0, 0.0, 0.0, 0.0, 0.0, 0.0, 0.0, 0.0], [0.0, 0.0, 0.0078000000000000005, 0.4339, 0.0, 0.0, 0.0, 0.0, 0.0, 0.0]]}}
bs_setyawan_curtarolo_vbm: {'band_index': {'1': [40, 41, 42]}, 'kpoint_index': [0, 48, 49], 'kpoint': <pymatgen.electronic_structure.bandstructure.Kpoint object at 0x7fc5d4b5a200>, 'energy': 0.0534, 'projections': {'1': [[0.0, 0.0, 0.0, 0.0, 0.0, 0.0, 0.0, 0.0, 0.0, 0.0], [0.0005, 0.0005, 0.0, 0.0, 0.027, 0.0007, 0.027, 0.0, 0.0, 0.0007], [0.0, 0.0, 0.0, 0.0, 0.0, 0.0206, 0.0, 0.027, 0.027, 0.0206], [0.0007, 0.0007, 0.0, 0.0, 0.0206, 0.0, 0.0206, 0.0007, 0.0007, 0.0], [0.0, 0.0, 0.0008, 0.0098, 0.0, 0.0, 0.0, 0.0, 0.0, 0.0], [0.0, 0.0, 0.031400000000000004, 0.37260000000000004, 0.0, 0.0, 0.0, 0.0, 0.0, 0.0], [0.0, 0.0, 0.0, 0.0, 0.0, 0.0, 0.0, 0.0, 0.0, 0.0], [0.0, 0.0, 0.024, 0.2844, 0.0, 0.0, 0.0, 0.0, 0.0, 0.0], [0.0, 0.0, 0.0, 0.0, 0.0, 0.0, 0.0, 0.0, 0.0, 0.0]]}}
bs_setyawan_curtarolo_efermi: 0.13435921
bs_hinuma_task_id: mp-2097032
bs_hinuma_band_gap: 1.390499999999999
bs_hinuma_cbm: {'band_index': {'1': [43]}, 'kpoint_index': [15, 16, 74], 'kpoint': <pymatgen.electronic_structure.bandstructure.Kpoint object at 0x7fc5d4b5a350>, 'energy': 1.4439, 'projections': {'1': [[0.0, 0.0, 0.1012, 0.0025, 0.0053, 0.0053, 0.0053, 0.007500000000000001, 0.007500000000000001, 0.0053], [0.0024000000000000002, 0.0024000000000000002, 0.0, 0.0, 0.0, 0.0, 0.0, 0.0346, 0.0346, 0.0], [0.0, 0.0, 0.0, 0.0, 0.0019, 0.0, 0.0019, 0.0, 0.0, 0.0], [0.0, 0.0, 0.0, 0.0, 0.0, 0.0019, 0.0, 0.0, 0.0, 0.0019], [0.0, 0.0, 0.0, 0.0, 0.0, 0.0, 0.0, 0.0, 0.0, 0.0], [0.0, 0.0, 0.0, 0.0, 0.0, 0.0, 0.0, 0.0, 0.0, 0.0], [0.0, 0.0, 0.0026000000000000003, 0.1446, 0.0, 0.0, 0.0, 0.0, 0.0, 0.0], [0.0009000000000000001, 0.0009000000000000001, 0.0, 0.0, 0.0, 0.0, 0.0, 0.0, 0.0, 0.0], [0.0, 0.0, 0.0078000000000000005, 0.4339, 0.0, 0.0, 0.0, 0.0, 0.0, 0.0]]}}
bs_hinuma_vbm: {'band_index': {'1': [40, 41, 42]}, 'kpoint_index': [0, 39, 40], 'kpoint': <pymatgen.electronic_structure.bandstructure.Kpoint object at 0x7fc5d4b5a190>, 'energy': 0.0534, 'projections': {'1': [[0.0, 0.0, 0.0, 0.0, 0.0, 0.0, 0.0, 0.0, 0.0, 0.0], [0.0005, 0.0005, 0.0, 0.0, 0.027, 0.0007, 0.027, 0.0, 0.0, 0.0007], [0.0, 0.0, 0.0, 0.0, 0.0, 0.0206, 0.0, 0.027, 0.027, 0.0206], [0.0007, 0.0007, 0.0, 0.0, 0.0206, 0.0, 0.0206, 0.0007, 0.0007, 0.0], [0.0, 0.0, 0.0008, 0.0098, 0.0, 0.0, 0.0, 0.0, 0.0, 0.0], [0.0, 0.0, 0.031400000000000004, 0.37260000000000004, 0.0, 0.0, 0.0, 0.0, 0.0, 0.0], [0.0, 0.0, 0.0, 0.0, 0.0, 0.0, 0.0, 0.0, 0.0, 0.0], [0.0, 0.0, 0.024, 0.2844, 0.0, 0.0, 0.0, 0.0, 0.0, 0.0], [0.0, 0.0, 0.0, 0.0, 0.0, 0.0, 0.0, 0.0, 0.0, 0.0]]}}
bs_hinuma_efermi: 0.15028783
bs_latimer_munro_task_id: mp-2426968
bs_latimer_munro_band_gap: 1.390499999999999
bs_latimer_munro_cbm: {'band_index': {'1': [43]}, 'kpoint_index': [88, 89, 96], 'kpoint': <pymatgen.electronic_structure.bandstructure.Kpoint object at 0x7fc5d4b5a430>, 'energy': 1.4439, 'projections': {'1': [[0.0, 0.0, 0.1012, 0.0025, 0.007500000000000001, 0.0053, 0.007500000000000001, 0.0053, 0.0053, 0.0053], [0.0, 0.0, 0.0, 0.0, 0.0, 0.0, 0.0, 0.0019, 0.0019, 0.0], [0.0024000000000000002, 0.0024000000000000002, 0.0, 0.0, 0.0346, 0.0, 0.0346, 0.0, 0.0, 0.0], [0.0, 0.0, 0.0, 0.0, 0.0, 0.0019, 0.0, 0.0, 0.0, 0.0019], [0.0009000000000000001, 0.0009000000000000001, 0.0, 0.0, 0.0, 0.0, 0.0, 0.0, 0.0, 0.0], [0.0, 0.0, 0.0, 0.0, 0.0, 0.0, 0.0, 0.0, 0.0, 0.0], [0.0, 0.0, 0.0103, 0.5786, 0.0, 0.0, 0.0, 0.0, 0.0, 0.0], [0.0, 0.0, 0.0, 0.0, 0.0, 0.0, 0.0, 0.0, 0.0, 0.0], [0.0, 0.0, 0.0, 0.0, 0.0, 0.0, 0.0, 0.0, 0.0, 0.0]]}}
bs_latimer_munro_vbm: {'band_index': {'1': [40, 41, 42]}, 'kpoint_index': [23, 24, 41, 111, 112], 'kpoint': <pymatgen.electronic_structure.bandstructure.Kpoint object at 0x7fc5d4b59d30>, 'energy': 0.0534, 'projections': {'1': [[0.0, 0.0, 0.0, 0.0, 0.0, 0.0, 0.0, 0.0, 0.0, 0.0], [0.0009000000000000001, 0.0009000000000000001, 0.0, 0.0, 0.0002, 0.013600000000000001, 0.0002, 0.0, 0.0, 0.013600000000000001], [0.0004, 0.0004, 0.0, 0.0, 0.0, 0.0346, 0.0, 0.0002, 0.0002, 0.0346], [0.0, 0.0, 0.0, 0.0, 0.0346, 0.0, 0.0346, 0.013600000000000001, 0.013600000000000001, 0.0], [0.0, 0.0, 0.0158, 0.18710000000000002, 0.0, 0.0, 0.0, 0.0, 0.0, 0.0], [0.0, 0.0, 0.0002, 0.0023, 0.0, 0.0, 0.0, 0.0, 0.0, 0.0], [0.0, 0.0, 0.0, 0.0, 0.0, 0.0, 0.0, 0.0, 0.0, 0.0], [0.0, 0.0, 0.0403, 0.47750000000000004, 0.0, 0.0, 0.0, 0.0, 0.0, 0.0], [0.0, 0.0, 0.0, 0.0, 0.0, 0.0, 0.0, 0.0, 0.0, 0.0]]}}
bs_latimer_munro_efermi: 0.17956731