material_id: mp-1092268
band_gap: 0.5371
efermi: 7.34495217
dos_magnetic_ordering: NM
dos_total_task_id: mp-1757796
dos_total_band_gap: 0.5248
dos_total_cbm: 7.8146
dos_total_vbm: 7.2898
dos_total_efermi: 7.289899
bs_setyawan_curtarolo_task_id: mp-1625643
bs_setyawan_curtarolo_band_gap: 0.5371
bs_setyawan_curtarolo_cbm: {'band_index': {'1': [26]}, 'kpoint_index': [0, 69, 70], 'kpoint': <pymatgen.electronic_structure.bandstructure.Kpoint object at 0x7fc699d63930>, 'energy': 7.8105, 'projections': {'1': [[0.0105, 0.0105, 0.0794, 0.0794, 0.005, 0.005, 0.0437, 0.0437], [0.0, 0.0, 0.029300000000000003, 0.029300000000000003, 0.0, 0.0, 0.006200000000000001, 0.006200000000000001], [0.011300000000000001, 0.011300000000000001, 0.0238, 0.0238, 0.0006000000000000001, 0.0006000000000000001, 0.011, 0.011], [0.0, 0.0, 0.0, 0.0, 0.0, 0.0, 0.0, 0.0], [0.0, 0.0, 0.0, 0.0, 0.0, 0.0, 0.0, 0.0], [0.0, 0.0, 0.0, 0.0, 0.0, 0.0, 0.0, 0.0], [0.0066, 0.0066, 0.0, 0.0, 0.0, 0.0, 0.0, 0.0], [0.0, 0.0, 0.0, 0.0, 0.0, 0.0, 0.0, 0.0], [0.0005, 0.0005, 0.0, 0.0, 0.0, 0.0, 0.0, 0.0]]}}
bs_setyawan_curtarolo_vbm: {'band_index': {'1': [25]}, 'kpoint_index': [82, 83, 152], 'kpoint': <pymatgen.electronic_structure.bandstructure.Kpoint object at 0x7fc5d4b5a200>, 'energy': 7.2734, 'projections': {'1': [[0.0, 0.0, 0.0, 0.0, 0.0, 0.0, 0.0, 0.0], [0.0, 0.0, 0.0, 0.0, 0.0, 0.0, 0.0, 0.0], [0.0, 0.0, 0.0, 0.0, 0.0, 0.0, 0.0, 0.0], [0.055400000000000005, 0.055400000000000005, 0.006900000000000001, 0.006900000000000001, 0.22360000000000002, 0.22360000000000002, 0.0076, 0.0076], [0.0234, 0.0234, 0.0, 0.0, 0.0, 0.0, 0.0, 0.0], [0.0, 0.0, 0.0, 0.0, 0.0, 0.0, 0.0, 0.0], [0.0, 0.0, 0.0, 0.0, 0.0, 0.0, 0.0, 0.0], [0.0247, 0.0247, 0.0, 0.0, 0.0, 0.0, 0.0, 0.0], [0.0, 0.0, 0.0, 0.0, 0.0, 0.0, 0.0, 0.0]]}}
bs_setyawan_curtarolo_efermi: 7.34495217
bs_hinuma_task_id: mp-2091650
bs_hinuma_band_gap: 0.5371
bs_hinuma_cbm: {'band_index': {'1': [26]}, 'kpoint_index': [0, 69, 70], 'kpoint': <pymatgen.electronic_structure.bandstructure.Kpoint object at 0x7fc5d4b59d30>, 'energy': 7.8105, 'projections': {'1': [[0.0105, 0.0105, 0.0794, 0.0794, 0.005, 0.005, 0.0437, 0.0437], [0.0, 0.0, 0.029300000000000003, 0.029300000000000003, 0.0, 0.0, 0.006200000000000001, 0.006200000000000001], [0.011300000000000001, 0.011300000000000001, 0.0238, 0.0238, 0.0006000000000000001, 0.0006000000000000001, 0.011, 0.011], [0.0, 0.0, 0.0, 0.0, 0.0, 0.0, 0.0, 0.0], [0.0, 0.0, 0.0, 0.0, 0.0, 0.0, 0.0, 0.0], [0.0, 0.0, 0.0, 0.0, 0.0, 0.0, 0.0, 0.0], [0.0066, 0.0066, 0.0, 0.0, 0.0, 0.0, 0.0, 0.0], [0.0, 0.0, 0.0, 0.0, 0.0, 0.0, 0.0, 0.0], [0.0005, 0.0005, 0.0, 0.0, 0.0, 0.0, 0.0, 0.0]]}}
bs_hinuma_vbm: {'band_index': {'1': [25]}, 'kpoint_index': [82, 83, 152], 'kpoint': <pymatgen.electronic_structure.bandstructure.Kpoint object at 0x7fc5d4b59c50>, 'energy': 7.2734, 'projections': {'1': [[0.0, 0.0, 0.0, 0.0, 0.0, 0.0, 0.0, 0.0], [0.0, 0.0, 0.0, 0.0, 0.0, 0.0, 0.0, 0.0], [0.0, 0.0, 0.0, 0.0, 0.0, 0.0, 0.0, 0.0], [0.055400000000000005, 0.055400000000000005, 0.006900000000000001, 0.006900000000000001, 0.22360000000000002, 0.22360000000000002, 0.0076, 0.0076], [0.0234, 0.0234, 0.0, 0.0, 0.0, 0.0, 0.0, 0.0], [0.0, 0.0, 0.0, 0.0, 0.0, 0.0, 0.0, 0.0], [0.0, 0.0, 0.0, 0.0, 0.0, 0.0, 0.0, 0.0], [0.0247, 0.0247, 0.0, 0.0, 0.0, 0.0, 0.0, 0.0], [0.0, 0.0, 0.0, 0.0, 0.0, 0.0, 0.0, 0.0]]}}
bs_hinuma_efermi: 7.34495216
bs_latimer_munro_task_id: mp-2311837
bs_latimer_munro_band_gap: 0.5371
bs_latimer_munro_cbm: {'band_index': {'1': [26]}, 'kpoint_index': [37, 38, 190, 191, 304, 305], 'kpoint': <pymatgen.electronic_structure.bandstructure.Kpoint object at 0x7fc5d4b59e80>, 'energy': 7.8105, 'projections': {'1': [[0.0105, 0.0105, 0.0794, 0.0794, 0.005, 0.005, 0.0437, 0.0437], [0.0, 0.0, 0.029300000000000003, 0.029300000000000003, 0.0, 0.0, 0.006200000000000001, 0.006200000000000001], [0.011300000000000001, 0.011300000000000001, 0.0238, 0.0238, 0.0006000000000000001, 0.0006000000000000001, 0.011, 0.011], [0.0, 0.0, 0.0, 0.0, 0.0, 0.0, 0.0, 0.0], [0.0, 0.0, 0.0, 0.0, 0.0, 0.0, 0.0, 0.0], [0.0, 0.0, 0.0, 0.0, 0.0, 0.0, 0.0, 0.0], [0.0066, 0.0066, 0.0, 0.0, 0.0, 0.0, 0.0, 0.0], [0.0, 0.0, 0.0, 0.0, 0.0, 0.0, 0.0, 0.0], [0.0005, 0.0005, 0.0, 0.0, 0.0, 0.0, 0.0, 0.0]]}}
bs_latimer_munro_vbm: {'band_index': {'1': [25]}, 'kpoint_index': [101, 102, 203, 204], 'kpoint': <pymatgen.electronic_structure.bandstructure.Kpoint object at 0x7fc5d4b5a3c0>, 'energy': 7.2734, 'projections': {'1': [[0.0, 0.0, 0.0, 0.0, 0.0, 0.0, 0.0, 0.0], [0.0, 0.0, 0.0, 0.0, 0.0, 0.0, 0.0, 0.0], [0.0, 0.0, 0.0, 0.0, 0.0, 0.0, 0.0, 0.0], [0.055400000000000005, 0.055400000000000005, 0.006900000000000001, 0.006900000000000001, 0.22360000000000002, 0.22360000000000002, 0.0076, 0.0076], [0.0234, 0.0234, 0.0, 0.0, 0.0, 0.0, 0.0, 0.0], [0.0, 0.0, 0.0, 0.0, 0.0, 0.0, 0.0, 0.0], [0.0, 0.0, 0.0, 0.0, 0.0, 0.0, 0.0, 0.0], [0.0247, 0.0247, 0.0, 0.0, 0.0, 0.0, 0.0, 0.0], [0.0, 0.0, 0.0, 0.0, 0.0, 0.0, 0.0, 0.0]]}}
bs_latimer_munro_efermi: 7.36628075