material_id: mp-18733
band_gap: 3.8702
efermi: 0.11197659
dos_magnetic_ordering: NM
dos_total_task_id: mp-2275294
dos_total_band_gap: 3.8302
dos_total_cbm: 3.8414
dos_total_vbm: 0.0112
dos_total_efermi: 0.01454876
bs_setyawan_curtarolo_task_id: mp-1602168
bs_setyawan_curtarolo_band_gap: 3.8702
bs_setyawan_curtarolo_cbm: {'band_index': {'1': [44]}, 'kpoint_index': ['6'], 'kpoint': <pymatgen.electronic_structure.bandstructure.Kpoint object at 0x7fc699d63930>, 'energy': 3.8617, 'projections': {'1': [[0.002, 0.0002, 0.0001, 0.0001, 0.00030000000000000003, 0.00030000000000000003, 0.00030000000000000003, 0.00030000000000000003, 0.0002, 0.0002, 0.00030000000000000003, 0.00030000000000000003], [0.0005, 0.0015, 0.0004, 0.0004, 0.0001, 0.0171, 0.0001, 0.0001, 0.0063, 0.0063, 0.0001, 0.0171], [0.0001, 0.003, 0.0001, 0.0001, 0.004200000000000001, 0.0041, 0.0183, 0.0183, 0.0001, 0.0001, 0.0041, 0.0041], [0.0016, 0.0044, 0.0011, 0.0011, 0.0216, 0.0046, 0.0004, 0.0004, 0.019, 0.019, 0.0216, 0.0046], [0.0, 0.0001, 0.09970000000000001, 0.09970000000000001, 0.0, 0.0, 0.0, 0.0, 0.0, 0.0, 0.0, 0.0], [0.0, 0.0, 0.0438, 0.0438, 0.0, 0.0, 0.0, 0.0, 0.0, 0.0, 0.0, 0.0], [0.0, 0.0, 0.0004, 0.0004, 0.0, 0.0, 0.0, 0.0, 0.0, 0.0, 0.0, 0.0], [0.0, 0.0, 0.13140000000000002, 0.13140000000000002, 0.0, 0.0, 0.0, 0.0, 0.0, 0.0, 0.0, 0.0], [0.0, 0.0, 0.0332, 0.0332, 0.0, 0.0, 0.0, 0.0, 0.0, 0.0, 0.0, 0.0]]}}
bs_setyawan_curtarolo_vbm: {'band_index': {'1': [43]}, 'kpoint_index': [0, 38, 39], 'kpoint': <pymatgen.electronic_structure.bandstructure.Kpoint object at 0x7fc5d4b59e80>, 'energy': -0.0085, 'projections': {'1': [[0.0, 0.0, 0.0, 0.0, 0.0, 0.0, 0.0, 0.0, 0.0, 0.0, 0.0, 0.0], [0.0, 0.0, 0.0, 0.0, 0.0, 0.0951, 0.0951, 0.0951, 0.0, 0.0, 0.0, 0.0951], [0.0, 0.0, 0.0, 0.0, 0.0, 0.0, 0.0, 0.0, 0.0, 0.0, 0.0, 0.0], [0.0, 0.0, 0.0, 0.0, 0.1268, 0.0317, 0.0317, 0.0317, 0.0, 0.0, 0.1268, 0.0317], [0.0, 0.0, 0.0, 0.0, 0.0, 0.0, 0.0, 0.0, 0.0, 0.0, 0.0, 0.0], [0.0, 0.0, 0.0, 0.0, 0.0, 0.0, 0.0, 0.0, 0.0, 0.0, 0.0, 0.0], [0.0, 0.0, 0.0, 0.0, 0.0, 0.0, 0.0, 0.0, 0.0, 0.0, 0.0, 0.0], [0.0, 0.0, 0.0, 0.0, 0.0, 0.0, 0.0, 0.0, 0.0, 0.0, 0.0, 0.0], [0.0, 0.0, 0.0, 0.0, 0.0, 0.0, 0.0, 0.0, 0.0, 0.0, 0.0, 0.0]]}}
bs_setyawan_curtarolo_efermi: 0.11197659
bs_hinuma_task_id: mp-2065186
bs_hinuma_band_gap: 3.8702
bs_hinuma_cbm: {'band_index': {'1': [44]}, 'kpoint_index': ['6'], 'kpoint': <pymatgen.electronic_structure.bandstructure.Kpoint object at 0x7fc5d4b5a3c0>, 'energy': 3.8617, 'projections': {'1': [[0.002, 0.0002, 0.0001, 0.0001, 0.00030000000000000003, 0.00030000000000000003, 0.00030000000000000003, 0.00030000000000000003, 0.0002, 0.0002, 0.00030000000000000003, 0.00030000000000000003], [0.0005, 0.0015, 0.0004, 0.0004, 0.0001, 0.0171, 0.0001, 0.0001, 0.0063, 0.0063, 0.0001, 0.0171], [0.0001, 0.003, 0.0001, 0.0001, 0.004200000000000001, 0.0041, 0.0183, 0.0183, 0.0001, 0.0001, 0.0041, 0.0041], [0.0016, 0.0044, 0.0011, 0.0011, 0.0216, 0.0046, 0.0004, 0.0004, 0.019, 0.019, 0.0216, 0.0046], [0.0, 0.0001, 0.09970000000000001, 0.09970000000000001, 0.0, 0.0, 0.0, 0.0, 0.0, 0.0, 0.0, 0.0], [0.0, 0.0, 0.0438, 0.0438, 0.0, 0.0, 0.0, 0.0, 0.0, 0.0, 0.0, 0.0], [0.0, 0.0, 0.0004, 0.0004, 0.0, 0.0, 0.0, 0.0, 0.0, 0.0, 0.0, 0.0], [0.0, 0.0, 0.13140000000000002, 0.13140000000000002, 0.0, 0.0, 0.0, 0.0, 0.0, 0.0, 0.0, 0.0], [0.0, 0.0, 0.0332, 0.0332, 0.0, 0.0, 0.0, 0.0, 0.0, 0.0, 0.0, 0.0]]}}
bs_hinuma_vbm: {'band_index': {'1': [43]}, 'kpoint_index': [0, 38, 39], 'kpoint': <pymatgen.electronic_structure.bandstructure.Kpoint object at 0x7fc5d4b59d30>, 'energy': -0.0085, 'projections': {'1': [[0.0, 0.0, 0.0, 0.0, 0.0, 0.0, 0.0, 0.0, 0.0, 0.0, 0.0, 0.0], [0.0, 0.0, 0.0, 0.0, 0.0, 0.0951, 0.0951, 0.0951, 0.0, 0.0, 0.0, 0.0951], [0.0, 0.0, 0.0, 0.0, 0.0, 0.0, 0.0, 0.0, 0.0, 0.0, 0.0, 0.0], [0.0, 0.0, 0.0, 0.0, 0.1268, 0.0317, 0.0317, 0.0317, 0.0, 0.0, 0.1268, 0.0317], [0.0, 0.0, 0.0, 0.0, 0.0, 0.0, 0.0, 0.0, 0.0, 0.0, 0.0, 0.0], [0.0, 0.0, 0.0, 0.0, 0.0, 0.0, 0.0, 0.0, 0.0, 0.0, 0.0, 0.0], [0.0, 0.0, 0.0, 0.0, 0.0, 0.0, 0.0, 0.0, 0.0, 0.0, 0.0, 0.0], [0.0, 0.0, 0.0, 0.0, 0.0, 0.0, 0.0, 0.0, 0.0, 0.0, 0.0, 0.0], [0.0, 0.0, 0.0, 0.0, 0.0, 0.0, 0.0, 0.0, 0.0, 0.0, 0.0, 0.0]]}}
bs_hinuma_efermi: 0.11197659
bs_latimer_munro_task_id: mp-2688269
bs_latimer_munro_band_gap: 3.8699000000000003
bs_latimer_munro_cbm: {'band_index': {'1': [44]}, 'kpoint_index': ['20'], 'kpoint': <pymatgen.electronic_structure.bandstructure.Kpoint object at 0x7fc5d4b5a350>, 'energy': 3.8614, 'projections': {'1': [[0.0004, 0.0005, 0.0, 0.0, 0.0001, 0.0001, 0.0001, 0.0001, 0.0002, 0.0002, 0.0001, 0.0001], [0.00030000000000000003, 0.0023, 0.0004, 0.0004, 0.0001, 0.0145, 0.0001, 0.0001, 0.0068000000000000005, 0.0068000000000000005, 0.0001, 0.0145], [0.0001, 0.0013000000000000002, 0.0, 0.0, 0.0055000000000000005, 0.0055000000000000005, 0.0198, 0.0198, 0.0, 0.0, 0.0055000000000000005, 0.0055000000000000005], [0.001, 0.006900000000000001, 0.0012000000000000001, 0.0012000000000000001, 0.0179, 0.0036000000000000003, 0.00030000000000000003, 0.00030000000000000003, 0.0204, 0.0204, 0.0179, 0.0036000000000000003], [0.0, 0.0001, 0.0931, 0.0931, 0.0, 0.0, 0.0, 0.0, 0.0, 0.0, 0.0, 0.0], [0.0, 0.0, 0.046400000000000004, 0.046400000000000004, 0.0, 0.0, 0.0, 0.0, 0.0, 0.0, 0.0, 0.0], [0.0, 0.0, 0.00030000000000000003, 0.00030000000000000003, 0.0, 0.0, 0.0, 0.0, 0.0, 0.0, 0.0, 0.0], [0.0, 0.0, 0.1391, 0.1391, 0.0, 0.0, 0.0, 0.0, 0.0, 0.0, 0.0, 0.0], [0.0, 0.0, 0.031, 0.031, 0.0, 0.0, 0.0, 0.0, 0.0, 0.0, 0.0, 0.0]]}}
bs_latimer_munro_vbm: {'band_index': {'1': [43]}, 'kpoint_index': [25, 26, 43, 94, 95], 'kpoint': <pymatgen.electronic_structure.bandstructure.Kpoint object at 0x7fc5d4b59c50>, 'energy': -0.0085, 'projections': {'1': [[0.0, 0.0, 0.0, 0.0, 0.0, 0.0, 0.0, 0.0, 0.0, 0.0, 0.0, 0.0], [0.0, 0.0, 0.0, 0.0, 0.0, 0.0951, 0.0951, 0.0951, 0.0, 0.0, 0.0, 0.0951], [0.0, 0.0, 0.0, 0.0, 0.0, 0.0, 0.0, 0.0, 0.0, 0.0, 0.0, 0.0], [0.0, 0.0, 0.0, 0.0, 0.1268, 0.0317, 0.0317, 0.0317, 0.0, 0.0, 0.1268, 0.0317], [0.0, 0.0, 0.0, 0.0, 0.0, 0.0, 0.0, 0.0, 0.0, 0.0, 0.0, 0.0], [0.0, 0.0, 0.0, 0.0, 0.0, 0.0, 0.0, 0.0, 0.0, 0.0, 0.0, 0.0], [0.0, 0.0, 0.0, 0.0, 0.0, 0.0, 0.0, 0.0, 0.0, 0.0, 0.0, 0.0], [0.0, 0.0, 0.0, 0.0, 0.0, 0.0, 0.0, 0.0, 0.0, 0.0, 0.0, 0.0], [0.0, 0.0, 0.0, 0.0, 0.0, 0.0, 0.0, 0.0, 0.0, 0.0, 0.0, 0.0]]}}
bs_latimer_munro_efermi: 0.11502209000000001