material_id: mp-17827
band_gap: 1.4465
efermi: 3.40623488
dos_magnetic_ordering: NM
dos_total_task_id: mp-1730690
dos_total_band_gap: 1.4958999999999991
dos_total_cbm: 4.8126
dos_total_vbm: 3.3167
dos_total_efermi: 3.32000026
bs_setyawan_curtarolo_task_id: mp-1624511
bs_setyawan_curtarolo_band_gap: 1.4465
bs_setyawan_curtarolo_cbm: {'band_index': {'1': [90]}, 'kpoint_index': [12, 13, 68], 'kpoint': <pymatgen.electronic_structure.bandstructure.Kpoint object at 0x7fc699d63930>, 'energy': 4.7557, 'projections': {'1': [[0.001, 0.001, 0.001, 0.001, 0.001, 0.001, 0.0, 0.0, 0.0026000000000000003, 0.0026000000000000003, 0.0015, 0.0015, 0.0015, 0.0015, 0.0008, 0.0008, 0.0015, 0.0015, 0.0, 0.0, 0.0008, 0.0008, 0.0008, 0.0008], [0.0002, 0.0, 0.0002, 0.0002, 0.0, 0.0002, 0.003, 0.003, 0.0, 0.0, 0.0007, 0.0007, 0.0005, 0.0002, 0.0015, 0.0004, 0.0002, 0.0005, 0.0025, 0.0025, 0.0015, 0.0004, 0.0007, 0.0007], [0.0, 0.0, 0.0, 0.0, 0.0, 0.0, 0.0, 0.0, 0.0001, 0.0001, 0.0001, 0.0001, 0.0001, 0.0001, 0.0001, 0.0001, 0.0001, 0.0001, 0.0, 0.0, 0.0001, 0.0001, 0.0001, 0.0001], [0.0001, 0.00030000000000000003, 0.0001, 0.0001, 0.00030000000000000003, 0.0001, 0.003, 0.003, 0.0, 0.0, 0.0002, 0.0002, 0.0004, 0.0007, 0.0002, 0.0014, 0.0007, 0.0004, 0.0025, 0.0025, 0.0002, 0.0014, 0.001, 0.001], [0.0095, 0.0078000000000000005, 0.0001, 0.0001, 0.0078000000000000005, 0.0095, 0.0, 0.0, 0.0, 0.0, 0.0002, 0.0002, 0.0006000000000000001, 0.0001, 0.0001, 0.00030000000000000003, 0.0001, 0.0006000000000000001, 0.00030000000000000003, 0.00030000000000000003, 0.0001, 0.00030000000000000003, 0.0001, 0.0001], [0.032600000000000004, 0.0419, 0.0006000000000000001, 0.0006000000000000001, 0.0419, 0.032600000000000004, 0.0, 0.0, 0.0, 0.0, 0.0001, 0.0001, 0.0001, 0.0, 0.0001, 0.0016, 0.0, 0.0001, 0.0001, 0.0001, 0.0001, 0.0016, 0.0023, 0.0023], [0.0023, 0.0023, 0.0023, 0.0023, 0.0023, 0.0023, 0.0, 0.0, 0.0015, 0.0015, 0.0006000000000000001, 0.0006000000000000001, 0.0006000000000000001, 0.0006000000000000001, 0.0001, 0.0001, 0.0006000000000000001, 0.0006000000000000001, 0.0, 0.0, 0.0001, 0.0001, 0.0001, 0.0001], [0.0175, 0.0082, 0.0495, 0.0495, 0.0082, 0.0175, 0.0, 0.0, 0.0, 0.0, 0.0001, 0.0001, 0.0, 0.0001, 0.0026000000000000003, 0.001, 0.0001, 0.0, 0.0001, 0.0001, 0.0026000000000000003, 0.001, 0.0004, 0.0004], [0.0021000000000000003, 0.0038, 0.0115, 0.0115, 0.0038, 0.0021000000000000003, 0.0, 0.0, 0.0, 0.0, 0.0004, 0.0004, 0.0, 0.0005, 0.0002, 0.0, 0.0005, 0.0, 0.00030000000000000003, 0.00030000000000000003, 0.0002, 0.0, 0.0002, 0.0002]]}}
bs_setyawan_curtarolo_vbm: {'band_index': {'1': [89]}, 'kpoint_index': ['27'], 'kpoint': <pymatgen.electronic_structure.bandstructure.Kpoint object at 0x7fc5d4b59e80>, 'energy': 3.3092, 'projections': {'1': [[0.0001, 0.0001, 0.0001, 0.0001, 0.0001, 0.0001, 0.0, 0.0, 0.0, 0.0, 0.0005, 0.0005, 0.0005, 0.0005, 0.0002, 0.0002, 0.0005, 0.0005, 0.0, 0.0, 0.0002, 0.0002, 0.0002, 0.0002], [0.0011, 0.0008, 0.0007, 0.0007, 0.0008, 0.0011, 0.0013000000000000002, 0.0013000000000000002, 0.0026000000000000003, 0.0026000000000000003, 0.0176, 0.0176, 0.007, 0.0219, 0.0198, 0.0241, 0.0219, 0.007, 0.005, 0.005, 0.0198, 0.0241, 0.0256, 0.0256], [0.0001, 0.0001, 0.0001, 0.0001, 0.0001, 0.0001, 0.0, 0.0, 0.0, 0.0, 0.0, 0.0, 0.0, 0.0, 0.0028, 0.0028, 0.0, 0.0, 0.0, 0.0, 0.0028, 0.0028, 0.0028, 0.0028], [0.0007, 0.0009000000000000001, 0.001, 0.001, 0.0009000000000000001, 0.0007, 0.0013000000000000002, 0.0013000000000000002, 0.0026000000000000003, 0.0026000000000000003, 0.0134, 0.0134, 0.024, 0.0092, 0.026500000000000003, 0.0222, 0.0092, 0.024, 0.005, 0.005, 0.026600000000000002, 0.0222, 0.0207, 0.0207], [0.0007, 0.0007, 0.0007, 0.0007, 0.0007, 0.0007, 0.0, 0.0, 0.0167, 0.0167, 0.0001, 0.0001, 0.0001, 0.0, 0.0, 0.0, 0.0, 0.0001, 0.0, 0.0, 0.0, 0.0, 0.0, 0.0], [0.0018000000000000002, 0.0006000000000000001, 0.0023, 0.0023, 0.0006000000000000001, 0.0018000000000000002, 0.0, 0.0, 0.0001, 0.0001, 0.0001, 0.0001, 0.0001, 0.0001, 0.0, 0.0, 0.0001, 0.0001, 0.0, 0.0, 0.0, 0.0, 0.0, 0.0], [0.00030000000000000003, 0.00030000000000000003, 0.00030000000000000003, 0.00030000000000000003, 0.00030000000000000003, 0.00030000000000000003, 0.0, 0.0, 0.0, 0.0, 0.0, 0.0, 0.0, 0.0, 0.0, 0.0, 0.0, 0.0, 0.0, 0.0, 0.0, 0.0, 0.0, 0.0], [0.0013000000000000002, 0.0025, 0.0008, 0.0008, 0.0025, 0.0013000000000000002, 0.0, 0.0, 0.0001, 0.0001, 0.0001, 0.0001, 0.0001, 0.0002, 0.0, 0.0, 0.0002, 0.0001, 0.0, 0.0, 0.0, 0.0, 0.0, 0.0], [0.0007, 0.0008, 0.0007, 0.0007, 0.0008, 0.0007, 0.0, 0.0, 0.0167, 0.0167, 0.0001, 0.0001, 0.0, 0.0001, 0.0, 0.0, 0.0001, 0.0, 0.0, 0.0, 0.0, 0.0, 0.0, 0.0]]}}
bs_setyawan_curtarolo_efermi: 3.40623488
bs_hinuma_task_id: mp-2101704
bs_hinuma_band_gap: 1.4465
bs_hinuma_cbm: {'band_index': {'1': [90]}, 'kpoint_index': [12, 13, 79], 'kpoint': <pymatgen.electronic_structure.bandstructure.Kpoint object at 0x7fc5d4b5a200>, 'energy': 4.7557, 'projections': {'1': [[0.001, 0.001, 0.001, 0.001, 0.001, 0.001, 0.0, 0.0, 0.0026000000000000003, 0.0026000000000000003, 0.0015, 0.0015, 0.0015, 0.0015, 0.0008, 0.0008, 0.0015, 0.0015, 0.0, 0.0, 0.0008, 0.0008, 0.0008, 0.0008], [0.0002, 0.0, 0.0002, 0.0002, 0.0, 0.0002, 0.003, 0.003, 0.0, 0.0, 0.0007, 0.0007, 0.0005, 0.0002, 0.0015, 0.0004, 0.0002, 0.0005, 0.0025, 0.0025, 0.0015, 0.0004, 0.0007, 0.0007], [0.0, 0.0, 0.0, 0.0, 0.0, 0.0, 0.0, 0.0, 0.0001, 0.0001, 0.0001, 0.0001, 0.0001, 0.0001, 0.0001, 0.0001, 0.0001, 0.0001, 0.0, 0.0, 0.0001, 0.0001, 0.0001, 0.0001], [0.0001, 0.00030000000000000003, 0.0001, 0.0001, 0.00030000000000000003, 0.0001, 0.003, 0.003, 0.0, 0.0, 0.0002, 0.0002, 0.0004, 0.0007, 0.0002, 0.0014, 0.0007, 0.0004, 0.0025, 0.0025, 0.0002, 0.0014, 0.001, 0.001], [0.0095, 0.0078000000000000005, 0.0001, 0.0001, 0.0078000000000000005, 0.0095, 0.0, 0.0, 0.0, 0.0, 0.0002, 0.0002, 0.0006000000000000001, 0.0001, 0.0001, 0.00030000000000000003, 0.0001, 0.0006000000000000001, 0.00030000000000000003, 0.00030000000000000003, 0.0001, 0.00030000000000000003, 0.0001, 0.0001], [0.032600000000000004, 0.0419, 0.0006000000000000001, 0.0006000000000000001, 0.0419, 0.032600000000000004, 0.0, 0.0, 0.0, 0.0, 0.0001, 0.0001, 0.0001, 0.0, 0.0001, 0.0016, 0.0, 0.0001, 0.0001, 0.0001, 0.0001, 0.0016, 0.0023, 0.0023], [0.0023, 0.0023, 0.0023, 0.0023, 0.0023, 0.0023, 0.0, 0.0, 0.0015, 0.0015, 0.0006000000000000001, 0.0006000000000000001, 0.0006000000000000001, 0.0006000000000000001, 0.0001, 0.0001, 0.0006000000000000001, 0.0006000000000000001, 0.0, 0.0, 0.0001, 0.0001, 0.0001, 0.0001], [0.0175, 0.0082, 0.0495, 0.0495, 0.0082, 0.0175, 0.0, 0.0, 0.0, 0.0, 0.0001, 0.0001, 0.0, 0.0001, 0.0026000000000000003, 0.001, 0.0001, 0.0, 0.0001, 0.0001, 0.0026000000000000003, 0.001, 0.0004, 0.0004], [0.0021000000000000003, 0.0038, 0.0115, 0.0115, 0.0038, 0.0021000000000000003, 0.0, 0.0, 0.0, 0.0, 0.0004, 0.0004, 0.0, 0.0005, 0.0002, 0.0, 0.0005, 0.0, 0.00030000000000000003, 0.00030000000000000003, 0.0002, 0.0, 0.0002, 0.0002]]}}
bs_hinuma_vbm: {'band_index': {'1': [89]}, 'kpoint_index': ['27'], 'kpoint': <pymatgen.electronic_structure.bandstructure.Kpoint object at 0x7fc5d4b59c50>, 'energy': 3.3092, 'projections': {'1': [[0.0001, 0.0001, 0.0001, 0.0001, 0.0001, 0.0001, 0.0, 0.0, 0.0, 0.0, 0.0005, 0.0005, 0.0005, 0.0005, 0.0002, 0.0002, 0.0005, 0.0005, 0.0, 0.0, 0.0002, 0.0002, 0.0002, 0.0002], [0.0011, 0.0008, 0.0007, 0.0007, 0.0008, 0.0011, 0.0013000000000000002, 0.0013000000000000002, 0.0026000000000000003, 0.0026000000000000003, 0.0176, 0.0176, 0.007, 0.0219, 0.0198, 0.0241, 0.0219, 0.007, 0.005, 0.005, 0.0198, 0.0241, 0.0256, 0.0256], [0.0001, 0.0001, 0.0001, 0.0001, 0.0001, 0.0001, 0.0, 0.0, 0.0, 0.0, 0.0, 0.0, 0.0, 0.0, 0.0028, 0.0028, 0.0, 0.0, 0.0, 0.0, 0.0028, 0.0028, 0.0028, 0.0028], [0.0007, 0.0009000000000000001, 0.001, 0.001, 0.0009000000000000001, 0.0007, 0.0013000000000000002, 0.0013000000000000002, 0.0026000000000000003, 0.0026000000000000003, 0.0134, 0.0134, 0.024, 0.0092, 0.026500000000000003, 0.0222, 0.0092, 0.024, 0.005, 0.005, 0.026600000000000002, 0.0222, 0.0207, 0.0207], [0.0007, 0.0007, 0.0007, 0.0007, 0.0007, 0.0007, 0.0, 0.0, 0.0167, 0.0167, 0.0001, 0.0001, 0.0001, 0.0, 0.0, 0.0, 0.0, 0.0001, 0.0, 0.0, 0.0, 0.0, 0.0, 0.0], [0.0018000000000000002, 0.0006000000000000001, 0.0023, 0.0023, 0.0006000000000000001, 0.0018000000000000002, 0.0, 0.0, 0.0001, 0.0001, 0.0001, 0.0001, 0.0001, 0.0001, 0.0, 0.0, 0.0001, 0.0001, 0.0, 0.0, 0.0, 0.0, 0.0, 0.0], [0.00030000000000000003, 0.00030000000000000003, 0.00030000000000000003, 0.00030000000000000003, 0.00030000000000000003, 0.00030000000000000003, 0.0, 0.0, 0.0, 0.0, 0.0, 0.0, 0.0, 0.0, 0.0, 0.0, 0.0, 0.0, 0.0, 0.0, 0.0, 0.0, 0.0, 0.0], [0.0013000000000000002, 0.0025, 0.0008, 0.0008, 0.0025, 0.0013000000000000002, 0.0, 0.0, 0.0001, 0.0001, 0.0001, 0.0001, 0.0001, 0.0002, 0.0, 0.0, 0.0002, 0.0001, 0.0, 0.0, 0.0, 0.0, 0.0, 0.0], [0.0007, 0.0008, 0.0007, 0.0007, 0.0008, 0.0007, 0.0, 0.0, 0.0167, 0.0167, 0.0001, 0.0001, 0.0, 0.0001, 0.0, 0.0, 0.0001, 0.0, 0.0, 0.0, 0.0, 0.0, 0.0, 0.0]]}}
bs_hinuma_efermi: 3.40623488
bs_latimer_munro_task_id: mp-2308700
bs_latimer_munro_band_gap: 1.4465
bs_latimer_munro_cbm: {'band_index': {'1': [90]}, 'kpoint_index': [16, 17, 38], 'kpoint': <pymatgen.electronic_structure.bandstructure.Kpoint object at 0x7fc5d4b5a3c0>, 'energy': 4.7557, 'projections': {'1': [[0.001, 0.001, 0.001, 0.001, 0.001, 0.001, 0.0, 0.0, 0.0026000000000000003, 0.0026000000000000003, 0.0015, 0.0015, 0.0015, 0.0015, 0.0008, 0.0008, 0.0015, 0.0015, 0.0, 0.0, 0.0008, 0.0008, 0.0008, 0.0008], [0.0002, 0.0, 0.0002, 0.0002, 0.0, 0.0002, 0.003, 0.003, 0.0, 0.0, 0.0007, 0.0007, 0.0005, 0.0002, 0.0015, 0.0004, 0.0002, 0.0005, 0.0025, 0.0025, 0.0015, 0.0004, 0.0007, 0.0007], [0.0, 0.0, 0.0, 0.0, 0.0, 0.0, 0.0, 0.0, 0.0001, 0.0001, 0.0001, 0.0001, 0.0001, 0.0001, 0.0001, 0.0001, 0.0001, 0.0001, 0.0, 0.0, 0.0001, 0.0001, 0.0001, 0.0001], [0.0001, 0.00030000000000000003, 0.0001, 0.0001, 0.00030000000000000003, 0.0001, 0.003, 0.003, 0.0, 0.0, 0.0002, 0.0002, 0.0004, 0.0007, 0.0002, 0.0014, 0.0007, 0.0004, 0.0025, 0.0025, 0.0002, 0.0014, 0.001, 0.001], [0.0095, 0.0078000000000000005, 0.0001, 0.0001, 0.0078000000000000005, 0.0095, 0.0, 0.0, 0.0, 0.0, 0.0002, 0.0002, 0.0006000000000000001, 0.0001, 0.0001, 0.00030000000000000003, 0.0001, 0.0006000000000000001, 0.00030000000000000003, 0.00030000000000000003, 0.0001, 0.00030000000000000003, 0.0001, 0.0001], [0.032600000000000004, 0.0419, 0.0006000000000000001, 0.0006000000000000001, 0.0419, 0.032600000000000004, 0.0, 0.0, 0.0, 0.0, 0.0001, 0.0001, 0.0001, 0.0, 0.0001, 0.0016, 0.0, 0.0001, 0.0001, 0.0001, 0.0001, 0.0016, 0.0023, 0.0023], [0.0023, 0.0023, 0.0023, 0.0023, 0.0023, 0.0023, 0.0, 0.0, 0.0015, 0.0015, 0.0006000000000000001, 0.0006000000000000001, 0.0006000000000000001, 0.0006000000000000001, 0.0001, 0.0001, 0.0006000000000000001, 0.0006000000000000001, 0.0, 0.0, 0.0001, 0.0001, 0.0001, 0.0001], [0.0175, 0.0082, 0.0495, 0.0495, 0.0082, 0.0175, 0.0, 0.0, 0.0, 0.0, 0.0001, 0.0001, 0.0, 0.0001, 0.0026000000000000003, 0.001, 0.0001, 0.0, 0.0001, 0.0001, 0.0026000000000000003, 0.001, 0.0004, 0.0004], [0.0021000000000000003, 0.0038, 0.0115, 0.0115, 0.0038, 0.0021000000000000003, 0.0, 0.0, 0.0, 0.0, 0.0004, 0.0004, 0.0, 0.0005, 0.0002, 0.0, 0.0005, 0.0, 0.00030000000000000003, 0.00030000000000000003, 0.0002, 0.0, 0.0002, 0.0002]]}}
bs_latimer_munro_vbm: {'band_index': {'1': [89]}, 'kpoint_index': ['74'], 'kpoint': <pymatgen.electronic_structure.bandstructure.Kpoint object at 0x7fc5d4b5a430>, 'energy': 3.3092, 'projections': {'1': [[0.0001, 0.0001, 0.0001, 0.0001, 0.0001, 0.0001, 0.0, 0.0, 0.0, 0.0, 0.0005, 0.0005, 0.0005, 0.0005, 0.0002, 0.0002, 0.0005, 0.0005, 0.0, 0.0, 0.0002, 0.0002, 0.0002, 0.0002], [0.0011, 0.0008, 0.0007, 0.0007, 0.0008, 0.0011, 0.0013000000000000002, 0.0013000000000000002, 0.0026000000000000003, 0.0026000000000000003, 0.0176, 0.0176, 0.007, 0.0219, 0.0198, 0.0241, 0.0219, 0.007, 0.005, 0.005, 0.0198, 0.0241, 0.0256, 0.0256], [0.0001, 0.0001, 0.0001, 0.0001, 0.0001, 0.0001, 0.0, 0.0, 0.0, 0.0, 0.0, 0.0, 0.0, 0.0, 0.0028, 0.0028, 0.0, 0.0, 0.0, 0.0, 0.0028, 0.0028, 0.0028, 0.0028], [0.0007, 0.0009000000000000001, 0.001, 0.001, 0.0009000000000000001, 0.0007, 0.0013000000000000002, 0.0013000000000000002, 0.0026000000000000003, 0.0026000000000000003, 0.0134, 0.0134, 0.024, 0.0092, 0.026600000000000002, 0.0222, 0.0092, 0.024, 0.005, 0.005, 0.026600000000000002, 0.0222, 0.0207, 0.0207], [0.0007, 0.0007, 0.0007, 0.0007, 0.0007, 0.0007, 0.0, 0.0, 0.0167, 0.0167, 0.0001, 0.0001, 0.0001, 0.0, 0.0, 0.0, 0.0, 0.0001, 0.0, 0.0, 0.0, 0.0, 0.0, 0.0], [0.0018000000000000002, 0.0006000000000000001, 0.0023, 0.0023, 0.0006000000000000001, 0.0018000000000000002, 0.0, 0.0, 0.0001, 0.0001, 0.0001, 0.0001, 0.0001, 0.0001, 0.0, 0.0, 0.0001, 0.0001, 0.0, 0.0, 0.0, 0.0, 0.0, 0.0], [0.00030000000000000003, 0.00030000000000000003, 0.00030000000000000003, 0.00030000000000000003, 0.00030000000000000003, 0.00030000000000000003, 0.0, 0.0, 0.0, 0.0, 0.0, 0.0, 0.0, 0.0, 0.0, 0.0, 0.0, 0.0, 0.0, 0.0, 0.0, 0.0, 0.0, 0.0], [0.0013000000000000002, 0.0025, 0.0008, 0.0008, 0.0025, 0.0013000000000000002, 0.0, 0.0, 0.0001, 0.0001, 0.0001, 0.0001, 0.0001, 0.0002, 0.0, 0.0, 0.0002, 0.0001, 0.0, 0.0, 0.0, 0.0, 0.0, 0.0], [0.0007, 0.0008, 0.0007, 0.0007, 0.0008, 0.0007, 0.0, 0.0, 0.0167, 0.0167, 0.0001, 0.0001, 0.0, 0.0001, 0.0, 0.0, 0.0001, 0.0, 0.0, 0.0, 0.0, 0.0, 0.0, 0.0]]}}
bs_latimer_munro_efermi: 3.40315