material_id: mp-1208589
band_gap: 1.3428
efermi: 3.06747802
dos_magnetic_ordering: FM
dos_total_task_id: mp-1744390
dos_total_band_gap: 1.8170000000000002
dos_total_cbm: 4.1546
dos_total_vbm: 2.3376
dos_total_efermi: 2.83223327
bs_setyawan_curtarolo_task_id: mp-1586485
bs_setyawan_curtarolo_band_gap: 1.3428
bs_setyawan_curtarolo_cbm: {'band_index': {'1': [50], '-1': []}, 'kpoint_index': [0], 'kpoint': <pymatgen.electronic_structure.bandstructure.Kpoint object at 0x7fc699d63930>, 'energy': 4.1722, 'projections': {'1': [[0.0005, 0.0005, 0.0054, 0.0054, 0.00030000000000000003, 0.00030000000000000003, 0.00030000000000000003, 0.00030000000000000003, 0.0012000000000000001, 0.0012000000000000001, 0.0012000000000000001, 0.0012000000000000001], [0.0, 0.0, 0.0, 0.0, 0.0009000000000000001, 0.0009000000000000001, 0.0009000000000000001, 0.0009000000000000001, 0.0001, 0.0001, 0.0001, 0.0001], [0.0, 0.0, 0.0, 0.0, 0.013300000000000001, 0.013300000000000001, 0.013300000000000001, 0.013300000000000001, 0.0021000000000000003, 0.0021000000000000003, 0.0021000000000000003, 0.0021000000000000003], [0.0033, 0.0033, 0.0001, 0.0001, 0.0001, 0.0001, 0.0001, 0.0001, 0.0054, 0.0054, 0.0054, 0.0054], [0.0, 0.0, 0.0, 0.0, 0.0, 0.0, 0.0, 0.0, 0.0, 0.0, 0.0, 0.0], [0.0274, 0.0274, 0.19770000000000001, 0.19770000000000001, 0.0, 0.0, 0.0, 0.0, 0.0, 0.0, 0.0, 0.0], [0.0925, 0.0925, 0.0594, 0.0594, 0.0, 0.0, 0.0, 0.0, 0.0, 0.0, 0.0, 0.0], [0.0, 0.0, 0.0, 0.0, 0.0, 0.0, 0.0, 0.0, 0.0, 0.0, 0.0, 0.0], [0.0068000000000000005, 0.0068000000000000005, 0.00030000000000000003, 0.00030000000000000003, 0.0, 0.0, 0.0, 0.0, 0.0, 0.0, 0.0, 0.0]]}}
bs_setyawan_curtarolo_vbm: {'band_index': {'-1': [45], '1': []}, 'kpoint_index': ['104'], 'kpoint': <pymatgen.electronic_structure.bandstructure.Kpoint object at 0x7fc5d4b5a3c0>, 'energy': 2.8294, 'projections': {'-1': [[0.0001, 0.0001, 0.0, 0.0, 0.0001, 0.0001, 0.0001, 0.0001, 0.0001, 0.0001, 0.0001, 0.0001], [0.0, 0.0, 0.0, 0.0, 0.010400000000000001, 0.010400000000000001, 0.010400000000000001, 0.010400000000000001, 0.0085, 0.0085, 0.0085, 0.0085], [0.0001, 0.0001, 0.0, 0.0, 0.0123, 0.0123, 0.0123, 0.0123, 0.0059, 0.0059, 0.0059, 0.0059], [0.0006000000000000001, 0.0006000000000000001, 0.0009000000000000001, 0.0009000000000000001, 0.0103, 0.0103, 0.0102, 0.0103, 0.020200000000000003, 0.020200000000000003, 0.020200000000000003, 0.020200000000000003], [0.0004, 0.0004, 0.0005, 0.0005, 0.0, 0.0, 0.0, 0.0, 0.0, 0.0, 0.0, 0.0], [0.0007, 0.0007, 0.1003, 0.1003, 0.0, 0.0, 0.0, 0.0, 0.0, 0.0, 0.0, 0.0], [0.0, 0.0, 0.0388, 0.0388, 0.0, 0.0, 0.0, 0.0, 0.0, 0.0, 0.0, 0.0], [0.0, 0.0, 0.0, 0.0, 0.0, 0.0, 0.0, 0.0, 0.0, 0.0, 0.0, 0.0], [0.0033, 0.0033, 0.1713, 0.1713, 0.0, 0.0, 0.0, 0.0, 0.0, 0.0, 0.0, 0.0]]}}
bs_setyawan_curtarolo_efermi: 3.06747802