material_id: mp-1049304
band_gap: 1.6667
efermi: -1.35647857
dos_magnetic_ordering: FM
dos_total_task_id: mp-1680293
dos_total_band_gap: 1.7383000000000002
dos_total_cbm: 0.2697
dos_total_vbm: -1.4686
dos_total_efermi: -1.48793558
bs_setyawan_curtarolo_task_id: mp-1048862
bs_setyawan_curtarolo_band_gap: 1.6667
bs_setyawan_curtarolo_cbm: {'band_index': {'1': [195], '-1': []}, 'kpoint_index': ['76'], 'kpoint': <pymatgen.electronic_structure.bandstructure.Kpoint object at 0x7fc699d63930>, 'energy': 0.1695, 'projections': {'1': [[0.00030000000000000003, 0.0, 0.00030000000000000003, 0.0, 0.0, 0.00030000000000000003, 0.0004, 0.0002, 0.0002, 0.0004, 0.0002, 0.0004, 0.0019, 0.00030000000000000003, 0.002, 0.0004, 0.0002, 0.0, 0.0004, 0.0, 0.0002, 0.0008, 0.0004, 0.0019, 0.0, 0.0001, 0.0, 0.00030000000000000003, 0.0001, 0.0008, 0.0002, 0.0, 0.0002, 0.0002, 0.0002, 0.0001, 0.0008, 0.0002, 0.00030000000000000003, 0.0001, 0.0001, 0.0002, 0.0, 0.0001, 0.0001], [0.0002, 0.0, 0.0001, 0.0, 0.0001, 0.0, 0.0, 0.0001, 0.0008, 0.0006000000000000001, 0.00030000000000000003, 0.00030000000000000003, 0.0009000000000000001, 0.0068000000000000005, 0.011600000000000001, 0.0012000000000000001, 0.0038, 0.0004, 0.0066, 0.0004, 0.00030000000000000003, 0.0035, 0.0021000000000000003, 0.0057, 0.0001, 0.0048000000000000004, 0.0016, 0.0036000000000000003, 0.0005, 0.0263, 0.0006000000000000001, 0.0021000000000000003, 0.0037, 0.0038, 0.0001, 0.00030000000000000003, 0.01, 0.0058000000000000005, 0.0006000000000000001, 0.0011, 0.0, 0.0071, 0.0, 0.0, 0.0009000000000000001], [0.0, 0.0, 0.0, 0.0, 0.0, 0.0, 0.0004, 0.0, 0.0, 0.0004, 0.0, 0.0004, 0.0035, 0.0004, 0.0036000000000000003, 0.0064, 0.0016, 0.0, 0.0066, 0.0, 0.0016, 0.0011, 0.0063, 0.0035, 0.0001, 0.0006000000000000001, 0.0001, 0.0004, 0.0051, 0.0012000000000000001, 0.0002, 0.0001, 0.0002, 0.0006000000000000001, 0.0006000000000000001, 0.0053, 0.0011, 0.0016, 0.0005, 0.0028, 0.0028, 0.0002, 0.0, 0.0051, 0.0029000000000000002], [0.0, 0.0001, 0.0001, 0.0, 0.0, 0.0002, 0.0005, 0.0007, 0.0, 0.0, 0.0005, 0.00030000000000000003, 0.0108, 0.0004, 0.0007, 0.0054, 0.003, 0.0001, 0.0001, 0.0002, 0.0063, 0.0221, 0.0043, 0.0061, 0.0023, 0.001, 0.001, 0.0037, 0.0001, 0.0006000000000000001, 0.0073, 0.0004, 0.0039000000000000003, 0.0021000000000000003, 0.006, 0.00030000000000000003, 0.0159, 0.0007, 0.007, 0.0002, 0.0013000000000000002, 0.0005, 0.0005, 0.0005, 0.0005], [0.0002, 0.0, 0.0002, 0.0, 0.0, 0.0, 0.0018000000000000002, 0.08370000000000001, 0.005200000000000001, 0.0118, 0.047, 0.0221, 0.0, 0.0, 0.0, 0.0, 0.0, 0.0, 0.0, 0.0, 0.0, 0.0, 0.0, 0.0, 0.0, 0.0, 0.0, 0.0, 0.0, 0.0, 0.0, 0.0, 0.0, 0.0, 0.0, 0.0, 0.0, 0.0, 0.0, 0.0, 0.0, 0.0, 0.0, 0.0, 0.0], [0.0001, 0.0, 0.0001, 0.0, 0.0001, 0.0004, 0.027, 0.004, 0.0148, 0.0275, 0.0032, 0.0001, 0.0, 0.0, 0.0, 0.0, 0.0, 0.0, 0.0, 0.0, 0.0, 0.0, 0.0, 0.0, 0.0, 0.0, 0.0, 0.0, 0.0, 0.0, 0.0, 0.0, 0.0, 0.0, 0.0, 0.0, 0.0, 0.0, 0.0, 0.0, 0.0, 0.0, 0.0, 0.0, 0.0], [0.0001, 0.0001, 0.0001, 0.0001, 0.0001, 0.0001, 0.0152, 0.020200000000000003, 0.020900000000000002, 0.0158, 0.0199, 0.0154, 0.0, 0.0, 0.0, 0.0, 0.0, 0.0, 0.0, 0.0, 0.0, 0.0, 0.0, 0.0, 0.0, 0.0, 0.0, 0.0, 0.0, 0.0, 0.0, 0.0, 0.0, 0.0, 0.0, 0.0, 0.0, 0.0, 0.0, 0.0, 0.0, 0.0, 0.0, 0.0, 0.0], [0.00030000000000000003, 0.0001, 0.00030000000000000003, 0.0, 0.0, 0.0, 0.008700000000000001, 0.0103, 0.0001, 0.0097, 0.011, 0.036000000000000004, 0.0, 0.0, 0.0, 0.0, 0.0, 0.0, 0.0, 0.0, 0.0, 0.0, 0.0, 0.0, 0.0, 0.0, 0.0, 0.0, 0.0, 0.0, 0.0, 0.0, 0.0, 0.0, 0.0, 0.0, 0.0, 0.0, 0.0, 0.0, 0.0, 0.0, 0.0, 0.0, 0.0], [0.0001, 0.0, 0.0001, 0.0, 0.0, 0.00030000000000000003, 0.021500000000000002, 0.007200000000000001, 0.089, 0.0125, 0.0427, 0.0014, 0.0, 0.0, 0.0, 0.0, 0.0, 0.0, 0.0, 0.0, 0.0, 0.0, 0.0, 0.0, 0.0, 0.0, 0.0, 0.0, 0.0, 0.0, 0.0, 0.0, 0.0, 0.0, 0.0, 0.0, 0.0, 0.0, 0.0, 0.0, 0.0, 0.0, 0.0, 0.0, 0.0]]}}
bs_setyawan_curtarolo_vbm: {'band_index': {'1': [194], '-1': []}, 'kpoint_index': [35, 36, 65], 'kpoint': <pymatgen.electronic_structure.bandstructure.Kpoint object at 0x7fc5d4b59e80>, 'energy': -1.4972, 'projections': {'1': [[0.0, 0.0, 0.0, 0.0, 0.0, 0.0, 0.0001, 0.0, 0.0, 0.0001, 0.0, 0.0001, 0.0001, 0.0, 0.0001, 0.0, 0.0, 0.0, 0.0, 0.0, 0.0, 0.0, 0.0, 0.0001, 0.0, 0.0, 0.0, 0.0, 0.0, 0.0, 0.0, 0.0, 0.0, 0.0, 0.0, 0.0, 0.0, 0.0, 0.0, 0.0, 0.0, 0.0, 0.0, 0.0, 0.0], [0.0, 0.00030000000000000003, 0.0001, 0.0, 0.00030000000000000003, 0.0, 0.0, 0.0001, 0.0, 0.0001, 0.0, 0.00030000000000000003, 0.0, 0.0012000000000000001, 0.0, 0.0001, 0.0014, 0.0687, 0.0001, 0.1544, 0.0006000000000000001, 0.0004, 0.0004, 0.0001, 0.0076, 0.0033, 0.0045000000000000005, 0.0023, 0.0012000000000000001, 0.00030000000000000003, 0.0002, 0.024200000000000003, 0.0009000000000000001, 0.0043, 0.0001, 0.0012000000000000001, 0.0015, 0.0002, 0.0002, 0.0055000000000000005, 0.0056, 0.00030000000000000003, 0.0187, 0.0, 0.0], [0.0, 0.0002, 0.0, 0.0002, 0.0002, 0.0, 0.00030000000000000003, 0.0, 0.0, 0.00030000000000000003, 0.0, 0.00030000000000000003, 0.001, 0.00030000000000000003, 0.001, 0.002, 0.0004, 0.027, 0.002, 0.0264, 0.00030000000000000003, 0.0004, 0.0019, 0.001, 0.0, 0.0047, 0.0, 0.00030000000000000003, 0.0001, 0.0004, 0.0018000000000000002, 0.0, 0.0017000000000000001, 0.0046, 0.0048000000000000004, 0.0001, 0.0004, 0.00030000000000000003, 0.00030000000000000003, 0.0002, 0.0002, 0.0017000000000000001, 0.027200000000000002, 0.0001, 0.0002], [0.0001, 0.0001, 0.0, 0.0004, 0.0001, 0.0, 0.0002, 0.0, 0.0001, 0.0002, 0.0001, 0.0, 0.0001, 0.0012000000000000001, 0.0, 0.00030000000000000003, 0.0, 0.09530000000000001, 0.00030000000000000003, 0.0053, 0.0008, 0.0011, 0.0, 0.0, 0.016, 0.0018000000000000002, 0.0198, 0.0002, 0.0004, 0.0012000000000000001, 0.0008, 0.0002, 0.0, 0.0008, 0.005200000000000001, 0.0004, 0.0, 0.0012000000000000001, 0.0023, 0.0018000000000000002, 0.0019, 0.0006000000000000001, 0.1471, 0.0016, 0.007500000000000001], [0.0001, 0.0005, 0.0001, 0.0007, 0.0, 0.0, 0.0007, 0.0002, 0.0, 0.0041, 0.0002, 0.0013000000000000002, 0.0, 0.0, 0.0, 0.0, 0.0, 0.0, 0.0, 0.0, 0.0, 0.0, 0.0, 0.0, 0.0, 0.0, 0.0, 0.0, 0.0, 0.0, 0.0, 0.0, 0.0, 0.0, 0.0, 0.0, 0.0, 0.0, 0.0, 0.0, 0.0, 0.0, 0.0, 0.0, 0.0], [0.0, 0.0, 0.0001, 0.0, 0.0, 0.0, 0.0, 0.0011, 0.00030000000000000003, 0.0079, 0.0027, 0.0082, 0.0, 0.0, 0.0, 0.0, 0.0, 0.0, 0.0, 0.0, 0.0, 0.0, 0.0, 0.0, 0.0, 0.0, 0.0, 0.0, 0.0, 0.0, 0.0, 0.0, 0.0, 0.0, 0.0, 0.0, 0.0, 0.0, 0.0, 0.0, 0.0, 0.0, 0.0, 0.0, 0.0], [0.0002, 0.0, 0.0002, 0.0, 0.0, 0.0002, 0.0002, 0.0004, 0.0004, 0.0002, 0.0004, 0.0002, 0.0, 0.0, 0.0, 0.0, 0.0, 0.0, 0.0, 0.0, 0.0, 0.0, 0.0, 0.0, 0.0, 0.0, 0.0, 0.0, 0.0, 0.0, 0.0, 0.0, 0.0, 0.0, 0.0, 0.0, 0.0, 0.0, 0.0, 0.0, 0.0, 0.0, 0.0, 0.0, 0.0], [0.0001, 0.0, 0.0, 0.0, 0.0, 0.0, 0.0103, 0.0016, 0.0024000000000000002, 0.0028, 0.0001, 0.0025, 0.0, 0.0, 0.0, 0.0, 0.0, 0.0, 0.0, 0.0, 0.0, 0.0, 0.0, 0.0, 0.0, 0.0, 0.0, 0.0, 0.0, 0.0, 0.0, 0.0, 0.0, 0.0, 0.0, 0.0, 0.0, 0.0, 0.0, 0.0, 0.0, 0.0, 0.0, 0.0, 0.0], [0.0001, 0.00030000000000000003, 0.0, 0.0001, 0.0008, 0.0001, 0.0032, 0.0, 0.00030000000000000003, 0.0, 0.0001, 0.0028, 0.0, 0.0, 0.0, 0.0, 0.0, 0.0, 0.0, 0.0, 0.0, 0.0, 0.0, 0.0, 0.0, 0.0, 0.0, 0.0, 0.0, 0.0, 0.0, 0.0, 0.0, 0.0, 0.0, 0.0, 0.0, 0.0, 0.0, 0.0, 0.0, 0.0, 0.0, 0.0, 0.0]]}}
bs_setyawan_curtarolo_efermi: -1.35647857