material_id: mp-1079487
band_gap: 1.4999999999999991
efermi: 2.0684847
dos_magnetic_ordering: NM
dos_total_task_id: mp-2280071
dos_total_band_gap: 1.4774
dos_total_cbm: 3.443
dos_total_vbm: 1.9656
dos_total_efermi: 1.95452735
bs_setyawan_curtarolo_task_id: mp-1602018
bs_setyawan_curtarolo_band_gap: 1.4999999999999991
bs_setyawan_curtarolo_cbm: {'band_index': {'1': [37]}, 'kpoint_index': [26], 'kpoint': <pymatgen.electronic_structure.bandstructure.Kpoint object at 0x7fc699d63930>, 'energy': 3.4494, 'projections': {'1': [[0.0001, 0.0001, 0.0022, 0.0022, 0.0004, 0.0004, 0.0029000000000000002, 0.0029000000000000002, 0.0028, 0.0028], [0.0, 0.0, 0.0076, 0.0076, 0.0126, 0.0126, 0.0009000000000000001, 0.0009000000000000001, 0.0005, 0.0005], [0.0, 0.0, 0.042, 0.042, 0.0047, 0.0047, 0.007200000000000001, 0.007200000000000001, 0.007, 0.007], [0.0001, 0.0001, 0.0028, 0.0028, 0.0038, 0.0038, 0.0, 0.0, 0.0004, 0.0004], [0.06810000000000001, 0.06810000000000001, 0.0, 0.0, 0.0, 0.0, 0.0008, 0.0008, 0.0002, 0.0002], [0.0881, 0.0881, 0.0, 0.0, 0.0, 0.0, 0.00030000000000000003, 0.00030000000000000003, 0.0002, 0.0002], [0.0366, 0.0366, 0.0, 0.0, 0.0, 0.0, 0.0, 0.0, 0.0, 0.0], [0.027800000000000002, 0.027800000000000002, 0.0, 0.0, 0.0, 0.0, 0.0001, 0.0001, 0.0001, 0.0001], [0.0233, 0.0233, 0.0, 0.0, 0.0, 0.0, 0.0014, 0.0014, 0.0019, 0.0019]]}}
bs_setyawan_curtarolo_vbm: {'band_index': {'1': [36]}, 'kpoint_index': [52], 'kpoint': <pymatgen.electronic_structure.bandstructure.Kpoint object at 0x7fc5d4b5a200>, 'energy': 1.9494, 'projections': {'1': [[0.0012000000000000001, 0.0012000000000000001, 0.0014, 0.0014, 0.0001, 0.0001, 0.0, 0.0, 0.0001, 0.0001], [0.0001, 0.0001, 0.0013000000000000002, 0.0013000000000000002, 0.0077, 0.0077, 0.0015, 0.0015, 0.0094, 0.0094], [0.0, 0.0, 0.0148, 0.0148, 0.007500000000000001, 0.007500000000000001, 0.0026000000000000003, 0.0026000000000000003, 0.009300000000000001, 0.0092], [0.00030000000000000003, 0.00030000000000000003, 0.0002, 0.0002, 0.003, 0.003, 0.014400000000000001, 0.014400000000000001, 0.009600000000000001, 0.009600000000000001], [0.0888, 0.0888, 0.0, 0.0, 0.0, 0.0, 0.0001, 0.0001, 0.0001, 0.0001], [0.038400000000000004, 0.038400000000000004, 0.0, 0.0, 0.0, 0.0, 0.0004, 0.0004, 0.0004, 0.0004], [0.1301, 0.1301, 0.0, 0.0, 0.0, 0.0, 0.0001, 0.0001, 0.0001, 0.0001], [0.017, 0.017, 0.0, 0.0, 0.0, 0.0, 0.0001, 0.0001, 0.0002, 0.0002], [0.0296, 0.0296, 0.0, 0.0, 0.0, 0.0, 0.0001, 0.0001, 0.0, 0.0]]}}
bs_setyawan_curtarolo_efermi: 2.0684847
bs_hinuma_task_id: mp-2178258
bs_hinuma_band_gap: 1.4999999999999991
bs_hinuma_cbm: {'band_index': {'1': [37]}, 'kpoint_index': [120], 'kpoint': <pymatgen.electronic_structure.bandstructure.Kpoint object at 0x7fc5d4b59c50>, 'energy': 3.4494, 'projections': {'1': [[0.0001, 0.0001, 0.0022, 0.0022, 0.0004, 0.00030000000000000003, 0.0029000000000000002, 0.0029000000000000002, 0.0028, 0.0028], [0.0, 0.0, 0.0076, 0.0076, 0.0126, 0.0126, 0.0009000000000000001, 0.0009000000000000001, 0.0005, 0.0005], [0.0, 0.0, 0.042, 0.042, 0.0047, 0.0047, 0.007200000000000001, 0.007200000000000001, 0.007, 0.007], [0.0001, 0.0001, 0.0028, 0.0028, 0.0038, 0.0038, 0.0, 0.0, 0.0004, 0.0004], [0.068, 0.06810000000000001, 0.0, 0.0, 0.0, 0.0, 0.0008, 0.0008, 0.0002, 0.0002], [0.0881, 0.0881, 0.0, 0.0, 0.0, 0.0, 0.00030000000000000003, 0.00030000000000000003, 0.0002, 0.0002], [0.0366, 0.0366, 0.0, 0.0, 0.0, 0.0, 0.0, 0.0, 0.0, 0.0], [0.027800000000000002, 0.027800000000000002, 0.0, 0.0, 0.0, 0.0, 0.0001, 0.0001, 0.0001, 0.0001], [0.0233, 0.0233, 0.0, 0.0, 0.0, 0.0, 0.0014, 0.0014, 0.0019, 0.0019]]}}
bs_hinuma_vbm: {'band_index': {'1': [36]}, 'kpoint_index': [37], 'kpoint': <pymatgen.electronic_structure.bandstructure.Kpoint object at 0x7fc5d4b59e80>, 'energy': 1.9494, 'projections': {'1': [[0.0012000000000000001, 0.0012000000000000001, 0.0014, 0.0014, 0.0001, 0.0001, 0.0, 0.0, 0.0001, 0.0001], [0.0001, 0.0001, 0.0013000000000000002, 0.0013000000000000002, 0.0077, 0.0077, 0.0015, 0.0015, 0.0094, 0.0094], [0.0, 0.0, 0.0148, 0.0148, 0.007500000000000001, 0.007500000000000001, 0.0026000000000000003, 0.0026000000000000003, 0.009300000000000001, 0.0092], [0.00030000000000000003, 0.00030000000000000003, 0.0002, 0.0002, 0.003, 0.003, 0.014400000000000001, 0.014400000000000001, 0.009600000000000001, 0.009600000000000001], [0.0888, 0.0888, 0.0, 0.0, 0.0, 0.0, 0.0001, 0.0001, 0.0001, 0.0001], [0.038400000000000004, 0.038400000000000004, 0.0, 0.0, 0.0, 0.0, 0.0004, 0.0004, 0.0004, 0.0004], [0.1301, 0.1301, 0.0, 0.0, 0.0, 0.0, 0.0001, 0.0001, 0.0001, 0.0001], [0.017, 0.017, 0.0, 0.0, 0.0, 0.0, 0.0001, 0.0001, 0.0002, 0.0002], [0.0296, 0.0296, 0.0, 0.0, 0.0, 0.0, 0.0001, 0.0001, 0.0, 0.0]]}}
bs_hinuma_efermi: 2.10646703
bs_latimer_munro_task_id: mp-2608268
bs_latimer_munro_band_gap: 1.4999999999999991
bs_latimer_munro_cbm: {'band_index': {'1': [37]}, 'kpoint_index': [36], 'kpoint': <pymatgen.electronic_structure.bandstructure.Kpoint object at 0x7fc5d4b59be0>, 'energy': 3.4494, 'projections': {'1': [[0.0001, 0.0001, 0.0022, 0.0022, 0.0004, 0.00030000000000000003, 0.0029000000000000002, 0.0029000000000000002, 0.0028, 0.0028], [0.0, 0.0, 0.0076, 0.0076, 0.0126, 0.0126, 0.0009000000000000001, 0.0009000000000000001, 0.0005, 0.0005], [0.0, 0.0, 0.042, 0.042, 0.0047, 0.0047, 0.007200000000000001, 0.007200000000000001, 0.007, 0.007], [0.0001, 0.0001, 0.0028, 0.0028, 0.0038, 0.0038, 0.0, 0.0, 0.0004, 0.0004], [0.068, 0.068, 0.0, 0.0, 0.0, 0.0, 0.0008, 0.0008, 0.0002, 0.0002], [0.0881, 0.0881, 0.0, 0.0, 0.0, 0.0, 0.00030000000000000003, 0.00030000000000000003, 0.0002, 0.0002], [0.0366, 0.0366, 0.0, 0.0, 0.0, 0.0, 0.0, 0.0, 0.0, 0.0], [0.027800000000000002, 0.027800000000000002, 0.0, 0.0, 0.0, 0.0, 0.0001, 0.0001, 0.0001, 0.0001], [0.0233, 0.0233, 0.0, 0.0, 0.0, 0.0, 0.0014, 0.0014, 0.0019, 0.0019]]}}
bs_latimer_munro_vbm: {'band_index': {'1': [36]}, 'kpoint_index': [90], 'kpoint': <pymatgen.electronic_structure.bandstructure.Kpoint object at 0x7fc5d4b59d30>, 'energy': 1.9494, 'projections': {'1': [[0.0012000000000000001, 0.0012000000000000001, 0.0014, 0.0014, 0.0001, 0.0001, 0.0, 0.0, 0.0001, 0.0001], [0.0001, 0.0001, 0.0013000000000000002, 0.0013000000000000002, 0.0077, 0.0077, 0.0015, 0.0015, 0.0094, 0.0094], [0.0, 0.0, 0.0148, 0.0148, 0.007500000000000001, 0.007500000000000001, 0.0026000000000000003, 0.0026000000000000003, 0.009300000000000001, 0.0092], [0.00030000000000000003, 0.00030000000000000003, 0.0002, 0.0002, 0.003, 0.003, 0.014400000000000001, 0.014400000000000001, 0.009600000000000001, 0.009600000000000001], [0.0888, 0.0888, 0.0, 0.0, 0.0, 0.0, 0.0001, 0.0001, 0.0001, 0.0001], [0.038400000000000004, 0.038400000000000004, 0.0, 0.0, 0.0, 0.0, 0.0004, 0.0004, 0.0004, 0.0004], [0.1301, 0.1301, 0.0, 0.0, 0.0, 0.0, 0.0001, 0.0001, 0.0001, 0.0001], [0.017, 0.017, 0.0, 0.0, 0.0, 0.0, 0.0001, 0.0001, 0.0002, 0.0002], [0.0296, 0.0296, 0.0, 0.0, 0.0, 0.0, 0.0001, 0.0001, 0.0, 0.0]]}}
bs_latimer_munro_efermi: 2.10055075