material_id: mp-16969
band_gap: 4.6846
efermi: 1.7549556800000001
dos_magnetic_ordering: NM
dos_total_task_id: mp-1752414
dos_total_band_gap: 4.682
dos_total_cbm: 6.3353
dos_total_vbm: 1.6533
dos_total_efermi: 1.637235529999999
bs_setyawan_curtarolo_task_id: mp-1619405
bs_setyawan_curtarolo_band_gap: 4.6846
bs_setyawan_curtarolo_cbm: {'band_index': {'1': [104]}, 'kpoint_index': [0, 75, 76, 100], 'kpoint': <pymatgen.electronic_structure.bandstructure.Kpoint object at 0x7fc699d63930>, 'energy': 6.3217, 'projections': {'1': [[0.0219, 0.0219, 0.0219, 0.022, 0.0236, 0.0236, 0.023700000000000002, 0.0236, 0.0028, 0.0028, 0.0028, 0.0028, 0.0066, 0.0066, 0.0066, 0.0066, 0.0081, 0.0081, 0.0081, 0.0081, 0.008, 0.008, 0.008, 0.008, 0.008, 0.008, 0.008, 0.008, 0.0076, 0.0076, 0.0076, 0.0076], [0.0001, 0.0001, 0.0001, 0.0001, 0.0005, 0.0005, 0.0005, 0.0005, 0.0001, 0.0001, 0.0001, 0.0001, 0.0, 0.0, 0.0, 0.0, 0.0008, 0.0008, 0.0008, 0.0008, 0.0004, 0.0004, 0.0005, 0.0005, 0.0001, 0.0001, 0.0001, 0.0001, 0.0009000000000000001, 0.0009000000000000001, 0.0009000000000000001, 0.0009000000000000001], [0.0, 0.0, 0.0, 0.0, 0.002, 0.002, 0.002, 0.002, 0.0, 0.0, 0.0, 0.0, 0.0004, 0.0004, 0.0004, 0.0004, 0.0, 0.0, 0.0, 0.0, 0.0, 0.0, 0.0, 0.0, 0.0005, 0.0005, 0.0005, 0.0005, 0.0001, 0.0001, 0.0001, 0.0001], [0.00030000000000000003, 0.00030000000000000003, 0.00030000000000000003, 0.00030000000000000003, 0.00030000000000000003, 0.00030000000000000003, 0.00030000000000000003, 0.00030000000000000003, 0.0, 0.0, 0.0, 0.0, 0.0015, 0.0015, 0.0015, 0.0015, 0.0007, 0.0007, 0.0008, 0.0007, 0.0, 0.0, 0.0, 0.0, 0.0, 0.0, 0.0, 0.0, 0.0, 0.0, 0.0, 0.0], [0.006, 0.006, 0.006, 0.006, 0.0023, 0.0023, 0.0023, 0.0023, 0.0, 0.0, 0.0, 0.0, 0.0, 0.0, 0.0, 0.0, 0.0, 0.0, 0.0, 0.0, 0.0, 0.0, 0.0, 0.0, 0.0, 0.0, 0.0, 0.0, 0.0, 0.0, 0.0, 0.0], [0.0001, 0.0001, 0.0001, 0.0001, 0.0026000000000000003, 0.0026000000000000003, 0.0026000000000000003, 0.0026000000000000003, 0.0, 0.0, 0.0, 0.0, 0.0, 0.0, 0.0, 0.0, 0.0, 0.0, 0.0, 0.0, 0.0, 0.0, 0.0, 0.0, 0.0, 0.0, 0.0, 0.0, 0.0, 0.0, 0.0, 0.0], [0.0002, 0.0002, 0.0002, 0.0002, 0.00030000000000000003, 0.00030000000000000003, 0.00030000000000000003, 0.00030000000000000003, 0.0, 0.0, 0.0, 0.0, 0.0, 0.0, 0.0, 0.0, 0.0, 0.0, 0.0, 0.0, 0.0, 0.0, 0.0, 0.0, 0.0, 0.0, 0.0, 0.0, 0.0, 0.0, 0.0, 0.0], [0.001, 0.001, 0.001, 0.001, 0.0002, 0.0002, 0.0002, 0.0002, 0.0, 0.0, 0.0, 0.0, 0.0, 0.0, 0.0, 0.0, 0.0, 0.0, 0.0, 0.0, 0.0, 0.0, 0.0, 0.0, 0.0, 0.0, 0.0, 0.0, 0.0, 0.0, 0.0, 0.0], [0.0002, 0.0002, 0.0002, 0.0002, 0.0002, 0.0002, 0.0002, 0.0002, 0.0, 0.0, 0.0, 0.0, 0.0, 0.0, 0.0, 0.0, 0.0, 0.0, 0.0, 0.0, 0.0, 0.0, 0.0, 0.0, 0.0, 0.0, 0.0, 0.0, 0.0, 0.0, 0.0, 0.0]]}}
bs_setyawan_curtarolo_vbm: {'band_index': {'1': [103]}, 'kpoint_index': [0, 75, 76, 100], 'kpoint': <pymatgen.electronic_structure.bandstructure.Kpoint object at 0x7fc5d4b5a430>, 'energy': 1.6371, 'projections': {'1': [[0.0006000000000000001, 0.0006000000000000001, 0.0006000000000000001, 0.0006000000000000001, 0.0007, 0.0007, 0.0007, 0.0007, 0.0, 0.0, 0.0, 0.0, 0.0, 0.0, 0.0, 0.0, 0.0, 0.0, 0.0, 0.0, 0.0002, 0.0002, 0.0002, 0.0002, 0.0, 0.0, 0.0, 0.0, 0.0001, 0.0001, 0.0001, 0.0001], [0.007200000000000001, 0.007200000000000001, 0.007200000000000001, 0.007200000000000001, 0.0043, 0.0043, 0.0043, 0.0043, 0.0002, 0.0002, 0.0002, 0.0002, 0.051800000000000006, 0.0519, 0.051800000000000006, 0.051800000000000006, 0.0019, 0.0019, 0.0019, 0.0019, 0.0033, 0.0033, 0.0033, 0.0033, 0.0063, 0.006200000000000001, 0.006200000000000001, 0.006200000000000001, 0.0126, 0.0126, 0.0126, 0.0126], [0.0019, 0.0019, 0.0019, 0.0018000000000000002, 0.0053, 0.0053, 0.0053, 0.0053, 0.0, 0.0, 0.0, 0.0, 0.06860000000000001, 0.0687, 0.0687, 0.06860000000000001, 0.0002, 0.0002, 0.0002, 0.0002, 0.0074, 0.0074, 0.0074, 0.0074, 0.0, 0.0, 0.0, 0.0, 0.0028, 0.0028, 0.0028, 0.0028], [0.001, 0.001, 0.001, 0.001, 0.0001, 0.0001, 0.0001, 0.0001, 0.0, 0.0, 0.0, 0.0, 0.006500000000000001, 0.006500000000000001, 0.006500000000000001, 0.006500000000000001, 0.0051, 0.0051, 0.0051, 0.0051, 0.006200000000000001, 0.006200000000000001, 0.006200000000000001, 0.006200000000000001, 0.002, 0.002, 0.002, 0.002, 0.0043, 0.0043, 0.0043, 0.0043], [0.00030000000000000003, 0.00030000000000000003, 0.00030000000000000003, 0.00030000000000000003, 0.0034000000000000002, 0.0034000000000000002, 0.0034000000000000002, 0.0034000000000000002, 0.0, 0.0, 0.0, 0.0, 0.0, 0.0, 0.0, 0.0, 0.0, 0.0, 0.0, 0.0, 0.0, 0.0, 0.0, 0.0, 0.0, 0.0, 0.0, 0.0, 0.0, 0.0, 0.0, 0.0], [0.0016, 0.0017000000000000001, 0.0016, 0.0017000000000000001, 0.0002, 0.0002, 0.0002, 0.0002, 0.0, 0.0, 0.0, 0.0, 0.0, 0.0, 0.0, 0.0, 0.0, 0.0, 0.0, 0.0, 0.0, 0.0, 0.0, 0.0, 0.0, 0.0, 0.0, 0.0, 0.0, 0.0, 0.0, 0.0], [0.0044, 0.0044, 0.0044, 0.0044, 0.0, 0.0, 0.0, 0.0, 0.0, 0.0, 0.0, 0.0, 0.0, 0.0, 0.0, 0.0, 0.0, 0.0, 0.0, 0.0, 0.0, 0.0, 0.0, 0.0, 0.0, 0.0, 0.0, 0.0, 0.0, 0.0, 0.0, 0.0], [0.0, 0.0, 0.0, 0.0, 0.0022, 0.0022, 0.0022, 0.0022, 0.0, 0.0, 0.0, 0.0, 0.0, 0.0, 0.0, 0.0, 0.0, 0.0, 0.0, 0.0, 0.0, 0.0, 0.0, 0.0, 0.0, 0.0, 0.0, 0.0, 0.0, 0.0, 0.0, 0.0], [0.0017000000000000001, 0.0017000000000000001, 0.0017000000000000001, 0.0017000000000000001, 0.0028, 0.0028, 0.0028, 0.0028, 0.0, 0.0, 0.0, 0.0, 0.0, 0.0, 0.0, 0.0, 0.0, 0.0, 0.0, 0.0, 0.0, 0.0, 0.0, 0.0, 0.0, 0.0, 0.0, 0.0, 0.0, 0.0, 0.0, 0.0]]}}
bs_setyawan_curtarolo_efermi: 1.7549556800000001
bs_latimer_munro_task_id: mp-2426753
bs_latimer_munro_band_gap: 4.6846
bs_latimer_munro_cbm: {'band_index': {'1': [104]}, 'kpoint_index': [11, 12, 53, 54, 68, 103, 104, 131, 143], 'kpoint': <pymatgen.electronic_structure.bandstructure.Kpoint object at 0x7fc5d4b5a200>, 'energy': 6.3217, 'projections': {'1': [[0.0219, 0.022, 0.0219, 0.0219, 0.0236, 0.0236, 0.0236, 0.023700000000000002, 0.0028, 0.0028, 0.0028, 0.0028, 0.0066, 0.0066, 0.0066, 0.0066, 0.0081, 0.0081, 0.0081, 0.0081, 0.008, 0.008, 0.008, 0.008, 0.008, 0.008, 0.008, 0.008, 0.0076, 0.0076, 0.0076, 0.0076], [0.0001, 0.0001, 0.0001, 0.0001, 0.0005, 0.0005, 0.0005, 0.0005, 0.0001, 0.0001, 0.0001, 0.0001, 0.0, 0.0, 0.0, 0.0, 0.0008, 0.0008, 0.0008, 0.0008, 0.0004, 0.0004, 0.0004, 0.0004, 0.0001, 0.0001, 0.0001, 0.0001, 0.0009000000000000001, 0.0009000000000000001, 0.0009000000000000001, 0.0009000000000000001], [0.0, 0.0, 0.0, 0.0, 0.002, 0.002, 0.002, 0.002, 0.0, 0.0, 0.0, 0.0, 0.0004, 0.0004, 0.0004, 0.0004, 0.0, 0.0, 0.0, 0.0, 0.0, 0.0, 0.0, 0.0, 0.0005, 0.0005, 0.0005, 0.0005, 0.0001, 0.0001, 0.0001, 0.0001], [0.00030000000000000003, 0.00030000000000000003, 0.00030000000000000003, 0.00030000000000000003, 0.00030000000000000003, 0.00030000000000000003, 0.00030000000000000003, 0.00030000000000000003, 0.0, 0.0, 0.0, 0.0, 0.0015, 0.0015, 0.0015, 0.0015, 0.0007, 0.0007, 0.0007, 0.0007, 0.0, 0.0, 0.0, 0.0, 0.0, 0.0, 0.0, 0.0, 0.0, 0.0, 0.0, 0.0], [0.006, 0.006, 0.006, 0.006, 0.0023, 0.0023, 0.0023, 0.0023, 0.0, 0.0, 0.0, 0.0, 0.0, 0.0, 0.0, 0.0, 0.0, 0.0, 0.0, 0.0, 0.0, 0.0, 0.0, 0.0, 0.0, 0.0, 0.0, 0.0, 0.0, 0.0, 0.0, 0.0], [0.0001, 0.0001, 0.0001, 0.0001, 0.0026000000000000003, 0.0026000000000000003, 0.0026000000000000003, 0.0026000000000000003, 0.0, 0.0, 0.0, 0.0, 0.0, 0.0, 0.0, 0.0, 0.0, 0.0, 0.0, 0.0, 0.0, 0.0, 0.0, 0.0, 0.0, 0.0, 0.0, 0.0, 0.0, 0.0, 0.0, 0.0], [0.0002, 0.0002, 0.00030000000000000003, 0.0002, 0.00030000000000000003, 0.00030000000000000003, 0.00030000000000000003, 0.00030000000000000003, 0.0, 0.0, 0.0, 0.0, 0.0, 0.0, 0.0, 0.0, 0.0, 0.0, 0.0, 0.0, 0.0, 0.0, 0.0, 0.0, 0.0, 0.0, 0.0, 0.0, 0.0, 0.0, 0.0, 0.0], [0.001, 0.001, 0.001, 0.001, 0.0002, 0.0002, 0.0002, 0.0002, 0.0, 0.0, 0.0, 0.0, 0.0, 0.0, 0.0, 0.0, 0.0, 0.0, 0.0, 0.0, 0.0, 0.0, 0.0, 0.0, 0.0, 0.0, 0.0, 0.0, 0.0, 0.0, 0.0, 0.0], [0.0002, 0.0002, 0.0002, 0.0002, 0.0002, 0.0002, 0.0002, 0.0002, 0.0, 0.0, 0.0, 0.0, 0.0, 0.0, 0.0, 0.0, 0.0, 0.0, 0.0, 0.0, 0.0, 0.0, 0.0, 0.0, 0.0, 0.0, 0.0, 0.0, 0.0, 0.0, 0.0, 0.0]]}}
bs_latimer_munro_vbm: {'band_index': {'1': [103]}, 'kpoint_index': [11, 12, 53, 54, 68, 103, 104, 131, 143], 'kpoint': <pymatgen.electronic_structure.bandstructure.Kpoint object at 0x7fc5d4b59c50>, 'energy': 1.6371, 'projections': {'1': [[0.0006000000000000001, 0.0006000000000000001, 0.0006000000000000001, 0.0006000000000000001, 0.0007, 0.0007, 0.0007, 0.0007, 0.0, 0.0, 0.0, 0.0, 0.0, 0.0, 0.0, 0.0, 0.0, 0.0, 0.0, 0.0, 0.0002, 0.0002, 0.0002, 0.0002, 0.0, 0.0, 0.0, 0.0, 0.0001, 0.0001, 0.0001, 0.0001], [0.007200000000000001, 0.007200000000000001, 0.007200000000000001, 0.007200000000000001, 0.0043, 0.0043, 0.0044, 0.0043, 0.0002, 0.0002, 0.0002, 0.0002, 0.0519, 0.051800000000000006, 0.0519, 0.051800000000000006, 0.0019, 0.0019, 0.0019, 0.0019, 0.0033, 0.0033, 0.0033, 0.0033, 0.006200000000000001, 0.006200000000000001, 0.0063, 0.006200000000000001, 0.0126, 0.0126, 0.0126, 0.0126], [0.0019, 0.0019, 0.0019, 0.0019, 0.0053, 0.0053, 0.0053, 0.0053, 0.0, 0.0, 0.0, 0.0, 0.0687, 0.0687, 0.0687, 0.06860000000000001, 0.0002, 0.0002, 0.0002, 0.0002, 0.0074, 0.0074, 0.0074, 0.0074, 0.0, 0.0, 0.0, 0.0, 0.0028, 0.0028, 0.0028, 0.0028], [0.001, 0.001, 0.001, 0.001, 0.0001, 0.0001, 0.0001, 0.0001, 0.0, 0.0, 0.0, 0.0, 0.006500000000000001, 0.0066, 0.006500000000000001, 0.006500000000000001, 0.0051, 0.0051, 0.0051, 0.0051, 0.006200000000000001, 0.006200000000000001, 0.006200000000000001, 0.006200000000000001, 0.002, 0.0019, 0.002, 0.002, 0.0043, 0.0043, 0.0043, 0.0043], [0.00030000000000000003, 0.00030000000000000003, 0.00030000000000000003, 0.00030000000000000003, 0.0034000000000000002, 0.0034000000000000002, 0.0034000000000000002, 0.0034000000000000002, 0.0, 0.0, 0.0, 0.0, 0.0, 0.0, 0.0, 0.0, 0.0, 0.0, 0.0, 0.0, 0.0, 0.0, 0.0, 0.0, 0.0, 0.0, 0.0, 0.0, 0.0, 0.0, 0.0, 0.0], [0.0017000000000000001, 0.0017000000000000001, 0.0017000000000000001, 0.0017000000000000001, 0.0002, 0.0002, 0.0002, 0.0002, 0.0, 0.0, 0.0, 0.0, 0.0, 0.0, 0.0, 0.0, 0.0, 0.0, 0.0, 0.0, 0.0, 0.0, 0.0, 0.0, 0.0, 0.0, 0.0, 0.0, 0.0, 0.0, 0.0, 0.0], [0.0044, 0.0044, 0.0044, 0.0044, 0.0, 0.0, 0.0, 0.0, 0.0, 0.0, 0.0, 0.0, 0.0, 0.0, 0.0, 0.0, 0.0, 0.0, 0.0, 0.0, 0.0, 0.0, 0.0, 0.0, 0.0, 0.0, 0.0, 0.0, 0.0, 0.0, 0.0, 0.0], [0.0, 0.0, 0.0, 0.0, 0.0022, 0.0022, 0.0022, 0.0022, 0.0, 0.0, 0.0, 0.0, 0.0, 0.0, 0.0, 0.0, 0.0, 0.0, 0.0, 0.0, 0.0, 0.0, 0.0, 0.0, 0.0, 0.0, 0.0, 0.0, 0.0, 0.0, 0.0, 0.0], [0.0018000000000000002, 0.0018000000000000002, 0.0017000000000000001, 0.0017000000000000001, 0.0028, 0.0028, 0.0028, 0.0028, 0.0, 0.0, 0.0, 0.0, 0.0, 0.0, 0.0, 0.0, 0.0, 0.0, 0.0, 0.0, 0.0, 0.0, 0.0, 0.0, 0.0, 0.0, 0.0, 0.0, 0.0, 0.0, 0.0, 0.0]]}}
bs_latimer_munro_efermi: 1.7805277800000001