material_id: mp-1347
band_gap: 0.26169999999999904
efermi: 7.26887033
dos_magnetic_ordering: NM
dos_total_task_id: mp-1705438
dos_total_band_gap: 0.23259999999999903
dos_total_cbm: 7.4302
dos_total_vbm: 7.197599999999999
dos_total_efermi: 7.17822169
bs_setyawan_curtarolo_task_id: mp-1598767
bs_setyawan_curtarolo_band_gap: 0.26169999999999904
bs_setyawan_curtarolo_cbm: {'band_index': {'1': [56, 57]}, 'kpoint_index': [0, 179, 180], 'kpoint': <pymatgen.electronic_structure.bandstructure.Kpoint object at 0x7fc699d63930>, 'energy': 7.438, 'projections': {'1': [[0.0, 0.00030000000000000003, 0.00030000000000000003, 0.0005, 0.0005, 0.0, 0.0, 0.0, 0.0, 0.0, 0.0, 0.0, 0.0, 0.0], [0.0, 0.0, 0.0, 0.0, 0.0, 0.0, 0.0015, 0.0014, 0.0014, 0.0014, 0.0015, 0.0015, 0.0015, 0.0014], [0.0002, 0.0, 0.0, 0.0, 0.0, 0.0002, 0.0001, 0.0001, 0.0001, 0.0001, 0.0001, 0.0001, 0.0001, 0.0001], [0.0, 0.0001, 0.0001, 0.0, 0.0, 0.0, 0.0008, 0.001, 0.001, 0.001, 0.0008, 0.0008, 0.0008, 0.001], [0.0313, 0.0, 0.0, 0.0, 0.0, 0.0313, 0.0, 0.0, 0.0, 0.0, 0.0, 0.0, 0.0, 0.0], [0.0, 0.015300000000000001, 0.015300000000000001, 0.0, 0.0, 0.0, 0.0, 0.0, 0.0, 0.0, 0.0, 0.0, 0.0, 0.0], [0.0018000000000000002, 0.0014, 0.0014, 0.0019, 0.0019, 0.0018000000000000002, 0.0, 0.0, 0.0, 0.0, 0.0, 0.0, 0.0, 0.0], [0.0, 0.0, 0.0, 0.003, 0.003, 0.0, 0.0, 0.0, 0.0, 0.0, 0.0, 0.0, 0.0, 0.0], [0.027800000000000002, 0.0297, 0.0297, 0.0302, 0.0302, 0.027800000000000002, 0.0, 0.0, 0.0, 0.0, 0.0, 0.0, 0.0, 0.0], [0.0, 0.0, 0.0, 0.0038, 0.0038, 0.0, 0.0, 0.0, 0.0, 0.0, 0.0, 0.0, 0.0, 0.0], [0.0016, 0.0162, 0.0162, 0.0273, 0.0273, 0.0016, 0.0, 0.0, 0.0, 0.0, 0.0, 0.0, 0.0, 0.0], [0.0, 0.0, 0.0, 0.0016, 0.0016, 0.0, 0.0, 0.0, 0.0, 0.0, 0.0, 0.0, 0.0, 0.0], [0.0064, 0.0, 0.0, 0.0, 0.0, 0.0064, 0.0, 0.0, 0.0, 0.0, 0.0, 0.0, 0.0, 0.0], [0.0, 0.0001, 0.0001, 0.0, 0.0, 0.0, 0.0, 0.0, 0.0, 0.0, 0.0, 0.0, 0.0, 0.0], [0.00030000000000000003, 0.0, 0.0, 0.0, 0.0, 0.00030000000000000003, 0.0, 0.0, 0.0, 0.0, 0.0, 0.0, 0.0, 0.0], [0.0, 0.0059, 0.0059, 0.0, 0.0, 0.0, 0.0, 0.0, 0.0, 0.0, 0.0, 0.0, 0.0, 0.0]]}}
bs_setyawan_curtarolo_vbm: {'band_index': {'1': [54, 55]}, 'kpoint_index': ['36'], 'kpoint': <pymatgen.electronic_structure.bandstructure.Kpoint object at 0x7fc5d4b59c50>, 'energy': 7.1763, 'projections': {'1': [[0.0, 0.0, 0.0, 0.0, 0.0, 0.0, 0.0, 0.0004, 0.0004, 0.0002, 0.00030000000000000003, 0.0, 0.00030000000000000003, 0.0002], [0.0008, 0.00030000000000000003, 0.00030000000000000003, 0.0, 0.0, 0.0008, 0.0039000000000000003, 0.0006000000000000001, 0.0006000000000000001, 0.0033, 0.0012000000000000001, 0.0039000000000000003, 0.0012000000000000001, 0.0033], [0.0018000000000000002, 0.0045000000000000005, 0.0045000000000000005, 0.00030000000000000003, 0.0004, 0.0018000000000000002, 0.0213, 0.002, 0.002, 0.0057, 0.0198, 0.0213, 0.0198, 0.0057], [0.0066, 0.0033, 0.0033, 0.0002, 0.0001, 0.0066, 0.009300000000000001, 0.036000000000000004, 0.036000000000000004, 0.0375, 0.0056, 0.009300000000000001, 0.0056, 0.0375], [0.0022, 0.0022, 0.0022, 0.0039000000000000003, 0.002, 0.0022, 0.0, 0.0, 0.0, 0.0, 0.0, 0.0, 0.0, 0.0], [0.0006000000000000001, 0.0032, 0.0032, 0.0006000000000000001, 0.0026000000000000003, 0.0006000000000000001, 0.0, 0.0, 0.0, 0.0, 0.0, 0.0, 0.0, 0.0], [0.0011, 0.0011, 0.0011, 0.0, 0.0, 0.0011, 0.0, 0.0, 0.0, 0.0, 0.0, 0.0, 0.0, 0.0], [0.0001, 0.0004, 0.0004, 0.0, 0.0, 0.0001, 0.0, 0.0, 0.0, 0.0, 0.0, 0.0, 0.0, 0.0], [0.0011, 0.004200000000000001, 0.004200000000000001, 0.0, 0.0, 0.0011, 0.0, 0.0, 0.0, 0.0, 0.0, 0.0, 0.0, 0.0], [0.0171, 0.0076, 0.0076, 0.0, 0.0, 0.0171, 0.0, 0.0, 0.0, 0.0, 0.0, 0.0, 0.0, 0.0], [0.0001, 0.0001, 0.0001, 0.0, 0.0, 0.0001, 0.0, 0.0, 0.0, 0.0, 0.0, 0.0, 0.0, 0.0], [0.007200000000000001, 0.007500000000000001, 0.007500000000000001, 0.0, 0.0, 0.007200000000000001, 0.0, 0.0, 0.0, 0.0, 0.0, 0.0, 0.0, 0.0], [0.00030000000000000003, 0.0007, 0.0007, 0.0223, 0.0029000000000000002, 0.00030000000000000003, 0.0, 0.0, 0.0, 0.0, 0.0, 0.0, 0.0, 0.0], [0.0017000000000000001, 0.0005, 0.0005, 0.0009000000000000001, 0.0183, 0.0017000000000000001, 0.0, 0.0, 0.0, 0.0, 0.0, 0.0, 0.0, 0.0], [0.0008, 0.0002, 0.0002, 0.023, 0.0054, 0.0008, 0.0, 0.0, 0.0, 0.0, 0.0, 0.0, 0.0, 0.0], [0.0011, 0.0, 0.0, 0.003, 0.022600000000000002, 0.0011, 0.0, 0.0, 0.0, 0.0, 0.0, 0.0, 0.0, 0.0]]}}
bs_setyawan_curtarolo_efermi: 7.26887033
bs_hinuma_task_id: mp-2183058
bs_hinuma_band_gap: 0.26169999999999904
bs_hinuma_cbm: {'band_index': {'1': [56, 57]}, 'kpoint_index': [0, 179, 180], 'kpoint': <pymatgen.electronic_structure.bandstructure.Kpoint object at 0x7fc5d4b59d30>, 'energy': 7.438, 'projections': {'1': [[0.0, 0.00030000000000000003, 0.00030000000000000003, 0.0005, 0.0005, 0.0, 0.0, 0.0, 0.0, 0.0, 0.0, 0.0, 0.0, 0.0], [0.0, 0.0, 0.0, 0.0, 0.0, 0.0, 0.0015, 0.0014, 0.0014, 0.0014, 0.0015, 0.0015, 0.0015, 0.0014], [0.0002, 0.0, 0.0, 0.0, 0.0, 0.0002, 0.0001, 0.0001, 0.0001, 0.0001, 0.0001, 0.0001, 0.0001, 0.0001], [0.0, 0.0001, 0.0001, 0.0, 0.0, 0.0, 0.0008, 0.001, 0.001, 0.001, 0.0008, 0.0008, 0.0008, 0.001], [0.0313, 0.0, 0.0, 0.0, 0.0, 0.0313, 0.0, 0.0, 0.0, 0.0, 0.0, 0.0, 0.0, 0.0], [0.0, 0.015300000000000001, 0.015300000000000001, 0.0, 0.0, 0.0, 0.0, 0.0, 0.0, 0.0, 0.0, 0.0, 0.0, 0.0], [0.0018000000000000002, 0.0014, 0.0014, 0.0019, 0.0019, 0.0018000000000000002, 0.0, 0.0, 0.0, 0.0, 0.0, 0.0, 0.0, 0.0], [0.0, 0.0, 0.0, 0.003, 0.003, 0.0, 0.0, 0.0, 0.0, 0.0, 0.0, 0.0, 0.0, 0.0], [0.027800000000000002, 0.0297, 0.0297, 0.0302, 0.0302, 0.027800000000000002, 0.0, 0.0, 0.0, 0.0, 0.0, 0.0, 0.0, 0.0], [0.0, 0.0, 0.0, 0.0038, 0.0038, 0.0, 0.0, 0.0, 0.0, 0.0, 0.0, 0.0, 0.0, 0.0], [0.0016, 0.0162, 0.0162, 0.0273, 0.0273, 0.0016, 0.0, 0.0, 0.0, 0.0, 0.0, 0.0, 0.0, 0.0], [0.0, 0.0, 0.0, 0.0016, 0.0016, 0.0, 0.0, 0.0, 0.0, 0.0, 0.0, 0.0, 0.0, 0.0], [0.0064, 0.0, 0.0, 0.0, 0.0, 0.0064, 0.0, 0.0, 0.0, 0.0, 0.0, 0.0, 0.0, 0.0], [0.0, 0.0001, 0.0001, 0.0, 0.0, 0.0, 0.0, 0.0, 0.0, 0.0, 0.0, 0.0, 0.0, 0.0], [0.00030000000000000003, 0.0, 0.0, 0.0, 0.0, 0.00030000000000000003, 0.0, 0.0, 0.0, 0.0, 0.0, 0.0, 0.0, 0.0], [0.0, 0.0059, 0.0059, 0.0, 0.0, 0.0, 0.0, 0.0, 0.0, 0.0, 0.0, 0.0, 0.0, 0.0]]}}
bs_hinuma_vbm: {'band_index': {'1': [54, 55]}, 'kpoint_index': ['36'], 'kpoint': <pymatgen.electronic_structure.bandstructure.Kpoint object at 0x7fc5d4b5a3c0>, 'energy': 7.1763, 'projections': {'1': [[0.0, 0.0, 0.0, 0.0, 0.0, 0.0, 0.0, 0.0004, 0.0004, 0.0002, 0.00030000000000000003, 0.0, 0.00030000000000000003, 0.0002], [0.0008, 0.00030000000000000003, 0.00030000000000000003, 0.0, 0.0, 0.0008, 0.0039000000000000003, 0.0006000000000000001, 0.0006000000000000001, 0.0033, 0.0012000000000000001, 0.0039000000000000003, 0.0012000000000000001, 0.0033], [0.0018000000000000002, 0.0045000000000000005, 0.0045000000000000005, 0.00030000000000000003, 0.0004, 0.0018000000000000002, 0.0213, 0.002, 0.002, 0.0057, 0.0198, 0.0213, 0.0198, 0.0057], [0.0066, 0.0033, 0.0033, 0.0002, 0.0001, 0.0066, 0.009300000000000001, 0.036000000000000004, 0.036000000000000004, 0.0375, 0.0056, 0.009300000000000001, 0.0056, 0.0375], [0.0022, 0.0022, 0.0022, 0.0039000000000000003, 0.002, 0.0022, 0.0, 0.0, 0.0, 0.0, 0.0, 0.0, 0.0, 0.0], [0.0006000000000000001, 0.0032, 0.0032, 0.0006000000000000001, 0.0026000000000000003, 0.0006000000000000001, 0.0, 0.0, 0.0, 0.0, 0.0, 0.0, 0.0, 0.0], [0.0011, 0.0011, 0.0011, 0.0, 0.0, 0.0011, 0.0, 0.0, 0.0, 0.0, 0.0, 0.0, 0.0, 0.0], [0.0001, 0.0004, 0.0004, 0.0, 0.0, 0.0001, 0.0, 0.0, 0.0, 0.0, 0.0, 0.0, 0.0, 0.0], [0.0011, 0.004200000000000001, 0.004200000000000001, 0.0, 0.0, 0.0011, 0.0, 0.0, 0.0, 0.0, 0.0, 0.0, 0.0, 0.0], [0.0171, 0.0076, 0.0076, 0.0, 0.0, 0.0171, 0.0, 0.0, 0.0, 0.0, 0.0, 0.0, 0.0, 0.0], [0.0001, 0.0001, 0.0001, 0.0, 0.0, 0.0001, 0.0, 0.0, 0.0, 0.0, 0.0, 0.0, 0.0, 0.0], [0.007200000000000001, 0.007500000000000001, 0.007500000000000001, 0.0, 0.0, 0.007200000000000001, 0.0, 0.0, 0.0, 0.0, 0.0, 0.0, 0.0, 0.0], [0.00030000000000000003, 0.0007, 0.0007, 0.0223, 0.0029000000000000002, 0.00030000000000000003, 0.0, 0.0, 0.0, 0.0, 0.0, 0.0, 0.0, 0.0], [0.0017000000000000001, 0.0005, 0.0005, 0.0009000000000000001, 0.0183, 0.0017000000000000001, 0.0, 0.0, 0.0, 0.0, 0.0, 0.0, 0.0, 0.0], [0.0008, 0.0002, 0.0002, 0.023, 0.0054, 0.0008, 0.0, 0.0, 0.0, 0.0, 0.0, 0.0, 0.0, 0.0], [0.0011, 0.0, 0.0, 0.003, 0.022600000000000002, 0.0011, 0.0, 0.0, 0.0, 0.0, 0.0, 0.0, 0.0, 0.0]]}}
bs_hinuma_efermi: 7.26887033
bs_latimer_munro_task_id: mp-2446165
bs_latimer_munro_band_gap: 0.26169999999999904
bs_latimer_munro_cbm: {'band_index': {'1': [56, 57]}, 'kpoint_index': [106, 107, 265, 266], 'kpoint': <pymatgen.electronic_structure.bandstructure.Kpoint object at 0x7fc5d4b5a350>, 'energy': 7.438, 'projections': {'1': [[0.0002, 0.0001, 0.0001, 0.0004, 0.0004, 0.0002, 0.0, 0.0, 0.0, 0.0, 0.0, 0.0, 0.0, 0.0], [0.0, 0.0, 0.0, 0.0, 0.0, 0.0, 0.0013000000000000002, 0.0013000000000000002, 0.0013000000000000002, 0.0013000000000000002, 0.0013000000000000002, 0.0013000000000000002, 0.0013000000000000002, 0.0013000000000000002], [0.0001, 0.0, 0.0, 0.0, 0.0, 0.0001, 0.0008, 0.0007, 0.0007, 0.0007, 0.0008, 0.0008, 0.0008, 0.0007], [0.0, 0.0002, 0.0002, 0.0, 0.0, 0.0, 0.00030000000000000003, 0.0004, 0.0004, 0.0004, 0.00030000000000000003, 0.00030000000000000003, 0.00030000000000000003, 0.0004], [0.0172, 0.0, 0.0, 0.0, 0.0, 0.0172, 0.0, 0.0, 0.0, 0.0, 0.0, 0.0, 0.0, 0.0], [0.0, 0.025500000000000002, 0.025500000000000002, 0.0, 0.0, 0.0, 0.0, 0.0, 0.0, 0.0, 0.0, 0.0, 0.0, 0.0], [0.015600000000000001, 0.014, 0.014, 0.0149, 0.0149, 0.015600000000000001, 0.0, 0.0, 0.0, 0.0, 0.0, 0.0, 0.0, 0.0], [0.0, 0.0, 0.0, 0.006900000000000001, 0.006900000000000001, 0.0, 0.0, 0.0, 0.0, 0.0, 0.0, 0.0, 0.0, 0.0], [0.015300000000000001, 0.016, 0.016, 0.016900000000000002, 0.016900000000000002, 0.015300000000000001, 0.0, 0.0, 0.0, 0.0, 0.0, 0.0, 0.0, 0.0], [0.0, 0.0, 0.0, 0.0016, 0.0016, 0.0, 0.0, 0.0, 0.0, 0.0, 0.0, 0.0, 0.0, 0.0], [0.014400000000000001, 0.006900000000000001, 0.006900000000000001, 0.0238, 0.0238, 0.014400000000000001, 0.0, 0.0, 0.0, 0.0, 0.0, 0.0, 0.0, 0.0], [0.0, 0.0, 0.0, 0.004, 0.004, 0.0, 0.0, 0.0, 0.0, 0.0, 0.0, 0.0, 0.0, 0.0], [0.0035, 0.0, 0.0, 0.0, 0.0, 0.0035, 0.0, 0.0, 0.0, 0.0, 0.0, 0.0, 0.0, 0.0], [0.0, 0.0017000000000000001, 0.0017000000000000001, 0.0, 0.0, 0.0, 0.0, 0.0, 0.0, 0.0, 0.0, 0.0, 0.0, 0.0], [0.0026000000000000003, 0.0, 0.0, 0.0, 0.0, 0.0026000000000000003, 0.0, 0.0, 0.0, 0.0, 0.0, 0.0, 0.0, 0.0], [0.0, 0.0048000000000000004, 0.0048000000000000004, 0.0, 0.0, 0.0, 0.0, 0.0, 0.0, 0.0, 0.0, 0.0, 0.0, 0.0]]}}
bs_latimer_munro_vbm: {'band_index': {'1': [54, 55]}, 'kpoint_index': ['70'], 'kpoint': <pymatgen.electronic_structure.bandstructure.Kpoint object at 0x7fc5d4b59be0>, 'energy': 7.1763, 'projections': {'1': [[0.0, 0.0, 0.0, 0.0, 0.0, 0.0, 0.0002, 0.00030000000000000003, 0.0002, 0.0002, 0.0002, 0.0002, 0.0002, 0.00030000000000000003], [0.0, 0.0106, 0.0106, 0.0051, 0.0051, 0.0, 0.0102, 0.0558, 0.0562, 0.0562, 0.0112, 0.0112, 0.0102, 0.0558], [0.0, 0.0011, 0.0011, 0.0, 0.0, 0.0, 0.0012000000000000001, 0.0027, 0.0033, 0.0033, 0.0018000000000000002, 0.0018000000000000002, 0.0012000000000000001, 0.0027], [0.0005, 0.0001, 0.0001, 0.0006000000000000001, 0.0006000000000000001, 0.0005, 0.0012000000000000001, 0.0001, 0.0011, 0.0011, 0.0015, 0.0015, 0.0012000000000000001, 0.0001], [0.0, 0.0001, 0.0001, 0.0004, 0.0004, 0.0, 0.0, 0.0, 0.0, 0.0, 0.0, 0.0, 0.0, 0.0], [0.0022, 0.004, 0.004, 0.0021000000000000003, 0.0021000000000000003, 0.0017000000000000001, 0.0, 0.0, 0.0, 0.0, 0.0, 0.0, 0.0, 0.0], [0.0, 0.0009000000000000001, 0.0009000000000000001, 0.0055000000000000005, 0.0055000000000000005, 0.0, 0.0, 0.0, 0.0, 0.0, 0.0, 0.0, 0.0, 0.0], [0.0024000000000000002, 0.0007, 0.0007, 0.0014, 0.0014, 0.0029000000000000002, 0.0, 0.0, 0.0, 0.0, 0.0, 0.0, 0.0, 0.0], [0.0, 0.0008, 0.0008, 0.00030000000000000003, 0.00030000000000000003, 0.0, 0.0, 0.0, 0.0, 0.0, 0.0, 0.0, 0.0, 0.0], [0.0061, 0.0021000000000000003, 0.0021000000000000003, 0.0008, 0.0008, 0.0106, 0.0, 0.0, 0.0, 0.0, 0.0, 0.0, 0.0, 0.0], [0.0, 0.0001, 0.0001, 0.0001, 0.0001, 0.0, 0.0, 0.0, 0.0, 0.0, 0.0, 0.0, 0.0, 0.0], [0.0055000000000000005, 0.0007, 0.0007, 0.0001, 0.0001, 0.0103, 0.0, 0.0, 0.0, 0.0, 0.0, 0.0, 0.0, 0.0], [0.0, 0.0206, 0.0206, 0.0066, 0.0066, 0.0, 0.0, 0.0, 0.0, 0.0, 0.0, 0.0, 0.0, 0.0], [0.0211, 0.0001, 0.0001, 0.0, 0.0, 0.0162, 0.0, 0.0, 0.0, 0.0, 0.0, 0.0, 0.0, 0.0], [0.0, 0.0043, 0.0043, 0.0078000000000000005, 0.0078000000000000005, 0.0, 0.0, 0.0, 0.0, 0.0, 0.0, 0.0, 0.0, 0.0], [0.0166, 0.0006000000000000001, 0.0006000000000000001, 0.0008, 0.0008, 0.012100000000000001, 0.0, 0.0, 0.0, 0.0, 0.0, 0.0, 0.0, 0.0]]}}
bs_latimer_munro_efermi: 7.26914195