material_id: mp-11168
band_gap: 0.494299999999999
efermi: 6.92787877
dos_magnetic_ordering: NM
dos_total_task_id: mp-1670045
dos_total_band_gap: 0.49859999999999904
dos_total_cbm: 7.3923
dos_total_vbm: 6.8937
dos_total_efermi: 6.89761748
bs_setyawan_curtarolo_task_id: mp-928558
bs_setyawan_curtarolo_band_gap: 0.494299999999999
bs_setyawan_curtarolo_cbm: {'band_index': {'1': [57]}, 'kpoint_index': ['40'], 'kpoint': <pymatgen.electronic_structure.bandstructure.Kpoint object at 0x7fc699d63930>, 'energy': 7.3913, 'projections': {}}
bs_setyawan_curtarolo_vbm: {'band_index': {'1': [56]}, 'kpoint_index': ['11'], 'kpoint': <pymatgen.electronic_structure.bandstructure.Kpoint object at 0x7fc5d4b5a190>, 'energy': 6.897, 'projections': {}}
bs_setyawan_curtarolo_efermi: 6.92787877
bs_hinuma_task_id: mp-2182483
bs_hinuma_band_gap: 0.49540000000000006
bs_hinuma_cbm: {'band_index': {'1': [57]}, 'kpoint_index': ['27'], 'kpoint': <pymatgen.electronic_structure.bandstructure.Kpoint object at 0x7fc5d4b59e80>, 'energy': 7.3936, 'projections': {'1': [[0.0009000000000000001, 0.0008, 0.0008, 0.0004, 0.0004, 0.0012000000000000001, 0.0002, 0.0012000000000000001, 0.0002, 0.0043, 0.0044, 0.008, 0.0016, 0.0016, 0.0044], [0.0, 0.0002, 0.0002, 0.0015, 0.0015, 0.0036000000000000003, 0.013000000000000001, 0.0036000000000000003, 0.013000000000000001, 0.0, 0.0032, 0.0, 0.004, 0.004, 0.0032], [0.0, 0.0004, 0.0004, 0.0094, 0.0094, 0.0001, 0.0028, 0.0001, 0.0028, 0.0, 0.0004, 0.0, 0.0021000000000000003, 0.0021000000000000003, 0.0004], [0.0005, 0.0009000000000000001, 0.0009000000000000001, 0.018600000000000002, 0.018600000000000002, 0.027800000000000002, 0.0016, 0.027800000000000002, 0.0016, 0.0027, 0.0039000000000000003, 0.014400000000000001, 0.0091, 0.0091, 0.0039000000000000003], [0.0, 0.0007, 0.0007, 0.0, 0.0, 0.0, 0.0, 0.0, 0.0, 0.0, 0.022500000000000003, 0.0, 0.0064, 0.0064, 0.022500000000000003], [0.0082, 0.0019, 0.0019, 0.0, 0.0, 0.0, 0.0, 0.0, 0.0, 0.0135, 0.0008, 0.0263, 0.0269, 0.0269, 0.0008], [0.0023, 0.0014, 0.0014, 0.0, 0.0, 0.0, 0.0, 0.0, 0.0, 0.0137, 0.0086, 0.0086, 0.0108, 0.0108, 0.0086], [0.0, 0.0027, 0.0027, 0.0, 0.0, 0.0, 0.0, 0.0, 0.0, 0.0, 0.016, 0.0, 0.0034000000000000002, 0.0034000000000000002, 0.016], [0.0025, 0.0041, 0.0041, 0.0, 0.0, 0.0, 0.0, 0.0, 0.0, 0.028300000000000002, 0.0296, 0.0747, 0.0017000000000000001, 0.0017000000000000001, 0.0296]]}}
bs_hinuma_vbm: {'band_index': {'1': [56]}, 'kpoint_index': ['7'], 'kpoint': <pymatgen.electronic_structure.bandstructure.Kpoint object at 0x7fc5d4b59c50>, 'energy': 6.8982, 'projections': {'1': [[0.0005, 0.0005, 0.0012000000000000001, 0.001, 0.0009000000000000001, 0.001, 0.0009000000000000001, 0.0004, 0.0004, 0.0023, 0.0023, 0.0001, 0.0029000000000000002, 0.0001, 0.0011], [0.0004, 0.00030000000000000003, 0.0001, 0.0051, 0.029400000000000003, 0.0011, 0.013600000000000001, 0.0008, 0.001, 0.0048000000000000004, 0.0021000000000000003, 0.0041, 0.006, 0.0034000000000000002, 0.0002], [0.0004, 0.0004, 0.0, 0.0005, 0.0043, 0.0005, 0.0043, 0.006, 0.006, 0.0057, 0.0057, 0.005, 0.0123, 0.005, 0.009600000000000001], [0.0001, 0.0002, 0.0002, 0.0028, 0.0016, 0.0068000000000000005, 0.017400000000000002, 0.0014, 0.0012000000000000001, 0.0086, 0.011300000000000001, 0.0055000000000000005, 0.017400000000000002, 0.006200000000000001, 0.0001], [0.003, 0.0046, 0.0021000000000000003, 0.0, 0.0, 0.0, 0.0, 0.0, 0.0, 0.0043, 0.0112, 0.0273, 0.0111, 0.014100000000000001, 0.0058000000000000005], [0.007, 0.004200000000000001, 0.0066, 0.0, 0.0, 0.0, 0.0, 0.0, 0.0, 0.0007, 0.004200000000000001, 0.0046, 0.00030000000000000003, 0.0041, 0.024], [0.0004, 0.0004, 0.0006000000000000001, 0.0, 0.0, 0.0, 0.0, 0.0, 0.0, 0.043500000000000004, 0.043500000000000004, 0.0013000000000000002, 0.001, 0.0013000000000000002, 0.0001], [0.0024000000000000002, 0.005200000000000001, 0.0026000000000000003, 0.0, 0.0, 0.0, 0.0, 0.0, 0.0, 0.007200000000000001, 0.0036000000000000003, 0.002, 0.0008, 0.0025, 0.0082], [0.012100000000000001, 0.0105, 0.0008, 0.0, 0.0, 0.0, 0.0, 0.0, 0.0, 0.019, 0.0122, 0.029500000000000002, 0.0229, 0.0427, 0.0175]]}}
bs_hinuma_efermi: 7.08413066
bs_latimer_munro_task_id: mp-2688744
bs_latimer_munro_band_gap: 0.49439999999999906
bs_latimer_munro_cbm: {'band_index': {'1': [57]}, 'kpoint_index': ['82'], 'kpoint': <pymatgen.electronic_structure.bandstructure.Kpoint object at 0x7fc5d4b59d30>, 'energy': 7.3936, 'projections': {'1': [[0.0009000000000000001, 0.0008, 0.0008, 0.0004, 0.0004, 0.0012000000000000001, 0.0002, 0.0012000000000000001, 0.0002, 0.0043, 0.0044, 0.008, 0.0016, 0.0016, 0.0044], [0.0, 0.0002, 0.0002, 0.0015, 0.0015, 0.0036000000000000003, 0.013000000000000001, 0.0036000000000000003, 0.013000000000000001, 0.0, 0.0032, 0.0, 0.004, 0.004, 0.0032], [0.0, 0.0004, 0.0004, 0.0094, 0.0094, 0.0001, 0.0028, 0.0001, 0.0028, 0.0, 0.0004, 0.0, 0.0021000000000000003, 0.0021000000000000003, 0.0004], [0.0005, 0.0009000000000000001, 0.0009000000000000001, 0.018600000000000002, 0.018600000000000002, 0.027800000000000002, 0.0016, 0.027800000000000002, 0.0016, 0.0027, 0.0039000000000000003, 0.014400000000000001, 0.0091, 0.0091, 0.0039000000000000003], [0.0, 0.0007, 0.0007, 0.0, 0.0, 0.0, 0.0, 0.0, 0.0, 0.0, 0.022500000000000003, 0.0, 0.0064, 0.0064, 0.022500000000000003], [0.0082, 0.0019, 0.0019, 0.0, 0.0, 0.0, 0.0, 0.0, 0.0, 0.0135, 0.0008, 0.0263, 0.0269, 0.0269, 0.0008], [0.0023, 0.0014, 0.0014, 0.0, 0.0, 0.0, 0.0, 0.0, 0.0, 0.0137, 0.0086, 0.0086, 0.0108, 0.0108, 0.0086], [0.0, 0.0027, 0.0027, 0.0, 0.0, 0.0, 0.0, 0.0, 0.0, 0.0, 0.016, 0.0, 0.0034000000000000002, 0.0034000000000000002, 0.016], [0.0025, 0.0041, 0.0041, 0.0, 0.0, 0.0, 0.0, 0.0, 0.0, 0.028300000000000002, 0.0296, 0.0747, 0.0017000000000000001, 0.0017000000000000001, 0.0296]]}}
bs_latimer_munro_vbm: {'band_index': {'1': [56]}, 'kpoint_index': ['55'], 'kpoint': <pymatgen.electronic_structure.bandstructure.Kpoint object at 0x7fc5d4b5a430>, 'energy': 6.8992, 'projections': {'1': [[0.0002, 0.00030000000000000003, 0.0002, 0.0, 0.0013000000000000002, 0.0011, 0.0011, 0.0013000000000000002, 0.0, 0.0018000000000000002, 0.0, 0.0005, 0.0005, 0.0, 0.0018000000000000002], [0.0013000000000000002, 0.0005, 0.0009000000000000001, 0.0171, 0.009300000000000001, 0.0019, 0.0004, 0.0041, 0.0122, 0.0022, 0.0015, 0.0091, 0.0017000000000000001, 0.0057, 0.0007], [0.0001, 0.0, 0.0001, 0.0098, 0.001, 0.0028, 0.0028, 0.001, 0.0098, 0.005200000000000001, 0.0074, 0.0038, 0.0038, 0.0234, 0.005200000000000001], [0.0002, 0.0014, 0.0006000000000000001, 0.0028, 0.0048000000000000004, 0.0, 0.0016, 0.01, 0.0077, 0.003, 0.0006000000000000001, 0.0039000000000000003, 0.0114, 0.015, 0.0045000000000000005], [0.0021000000000000003, 0.0005, 0.0009000000000000001, 0.0, 0.0, 0.0, 0.0, 0.0, 0.0, 0.0018000000000000002, 0.0009000000000000001, 0.0109, 0.023700000000000002, 0.0099, 0.010100000000000001], [0.008, 0.0097, 0.0007, 0.0, 0.0, 0.0, 0.0, 0.0, 0.0, 0.0018000000000000002, 0.050300000000000004, 0.014700000000000001, 0.0137, 0.016800000000000002, 0.0061], [0.002, 0.0027, 0.002, 0.0, 0.0, 0.0, 0.0, 0.0, 0.0, 0.0198, 0.0049, 0.0027, 0.0027, 0.0, 0.0198], [0.0004, 0.0036000000000000003, 0.0078000000000000005, 0.0, 0.0, 0.0, 0.0, 0.0, 0.0, 0.0063, 0.0181, 0.008700000000000001, 0.0097, 0.0222, 0.002], [0.0031000000000000003, 0.0005, 0.0043, 0.0, 0.0, 0.0, 0.0, 0.0, 0.0, 0.0105, 0.0015, 0.0565, 0.0437, 0.0245, 0.0021000000000000003]]}}
bs_latimer_munro_efermi: 7.06972714