material_id: mp-1390902
band_gap: 4.7085
efermi: -3.60133421
dos_magnetic_ordering: NM
dos_total_task_id: mp-1752347
dos_total_band_gap: 4.6982
dos_total_cbm: 1.0442
dos_total_vbm: -3.654
dos_total_efermi: -3.64569475
bs_setyawan_curtarolo_task_id: mp-1620745
bs_setyawan_curtarolo_band_gap: 4.7085
bs_setyawan_curtarolo_cbm: {'band_index': {'1': [31]}, 'kpoint_index': [79, 80], 'kpoint': <pymatgen.electronic_structure.bandstructure.Kpoint object at 0x7fc699d63930>, 'energy': 1.0452, 'projections': {'1': [[0.0, 0.0, 0.0, 0.0, 0.0, 0.0, 0.0, 0.0], [0.0, 0.0, 0.0013000000000000002, 0.0145, 0.007200000000000001, 0.0145, 0.0013000000000000002, 0.007200000000000001], [0.0, 0.0, 0.00030000000000000003, 0.004200000000000001, 0.009300000000000001, 0.004200000000000001, 0.00030000000000000003, 0.009300000000000001], [0.0, 0.0, 0.0, 0.002, 0.0046, 0.002, 0.0, 0.0046], [0.0019, 0.0359, 0.0, 0.0, 0.0, 0.0, 0.0, 0.0], [0.0038, 0.0852, 0.0, 0.0, 0.0, 0.0, 0.0, 0.0], [0.00030000000000000003, 0.23190000000000002, 0.0, 0.0, 0.0, 0.0, 0.0, 0.0], [0.0009000000000000001, 0.12190000000000001, 0.0, 0.0, 0.0, 0.0, 0.0, 0.0], [0.0049, 0.3488, 0.0, 0.0, 0.0, 0.0, 0.0, 0.0]]}}
bs_setyawan_curtarolo_vbm: {'band_index': {'1': [30]}, 'kpoint_index': ['60'], 'kpoint': <pymatgen.electronic_structure.bandstructure.Kpoint object at 0x7fc5d4b5a3c0>, 'energy': -3.6633, 'projections': {'1': [[0.0, 0.0, 0.0, 0.0, 0.0, 0.0, 0.0, 0.0], [0.0001, 0.0, 0.0694, 0.0557, 0.0585, 0.0557, 0.0694, 0.0585], [0.0, 0.0, 0.0105, 0.00030000000000000003, 0.0318, 0.00030000000000000003, 0.0105, 0.0318], [0.00030000000000000003, 0.0002, 0.002, 0.1188, 0.0618, 0.1188, 0.002, 0.0618], [0.0001, 0.0001, 0.0, 0.0, 0.0, 0.0, 0.0, 0.0], [0.0005, 0.0, 0.0, 0.0, 0.0, 0.0, 0.0, 0.0], [0.0, 0.0, 0.0, 0.0, 0.0, 0.0, 0.0, 0.0], [0.0006000000000000001, 0.00030000000000000003, 0.0, 0.0, 0.0, 0.0, 0.0, 0.0], [0.0001, 0.00030000000000000003, 0.0, 0.0, 0.0, 0.0, 0.0, 0.0]]}}
bs_setyawan_curtarolo_efermi: -3.60133421
bs_hinuma_task_id: mp-2095412
bs_hinuma_band_gap: 4.7085
bs_hinuma_cbm: {'band_index': {'1': [31]}, 'kpoint_index': [79, 80], 'kpoint': <pymatgen.electronic_structure.bandstructure.Kpoint object at 0x7fc5d4b59d30>, 'energy': 1.0452, 'projections': {'1': [[0.0, 0.0, 0.0, 0.0, 0.0, 0.0, 0.0, 0.0], [0.0, 0.0, 0.0105, 0.0009000000000000001, 0.0004, 0.0009000000000000001, 0.0105, 0.0004], [0.0, 0.0, 0.0045000000000000005, 0.0006000000000000001, 0.0102, 0.0006000000000000001, 0.0045000000000000005, 0.0102], [0.0, 0.0, 0.006, 0.0, 0.0102, 0.0, 0.006, 0.0102], [0.0019, 0.12840000000000001, 0.0, 0.0, 0.0, 0.0, 0.0, 0.0], [0.0, 0.2871, 0.0, 0.0, 0.0, 0.0, 0.0, 0.0], [0.002, 0.21780000000000002, 0.0, 0.0, 0.0, 0.0, 0.0, 0.0], [0.0079, 0.002, 0.0, 0.0, 0.0, 0.0, 0.0, 0.0], [0.0, 0.1884, 0.0, 0.0, 0.0, 0.0, 0.0, 0.0]]}}
bs_hinuma_vbm: {'band_index': {'1': [30]}, 'kpoint_index': ['60'], 'kpoint': <pymatgen.electronic_structure.bandstructure.Kpoint object at 0x7fc5d4b59c50>, 'energy': -3.6633, 'projections': {'1': [[0.0, 0.0, 0.0, 0.0, 0.0, 0.0, 0.0, 0.0], [0.0, 0.0, 0.0009000000000000001, 0.0019, 0.0026000000000000003, 0.0019, 0.0009000000000000001, 0.0026000000000000003], [0.00030000000000000003, 0.0001, 0.12010000000000001, 0.0219, 0.061500000000000006, 0.0219, 0.12010000000000001, 0.061500000000000006], [0.0001, 0.0001, 0.0538, 0.12840000000000001, 0.0179, 0.12840000000000001, 0.0538, 0.0179], [0.0001, 0.0001, 0.0, 0.0, 0.0, 0.0, 0.0, 0.0], [0.0008, 0.0004, 0.0, 0.0, 0.0, 0.0, 0.0, 0.0], [0.0004, 0.0001, 0.0, 0.0, 0.0, 0.0, 0.0, 0.0], [0.0, 0.0001, 0.0, 0.0, 0.0, 0.0, 0.0, 0.0], [0.0, 0.0001, 0.0, 0.0, 0.0, 0.0, 0.0, 0.0]]}}
bs_hinuma_efermi: -3.60133413
bs_latimer_munro_task_id: mp-2304092
bs_latimer_munro_band_gap: 4.7093
bs_latimer_munro_cbm: {'band_index': {'1': [31]}, 'kpoint_index': [46], 'kpoint': <pymatgen.electronic_structure.bandstructure.Kpoint object at 0x7fc5d4b5a190>, 'energy': 1.0452, 'projections': {'1': [[0.0, 0.0, 0.0, 0.0, 0.0, 0.0, 0.0, 0.0], [0.0, 0.0, 0.0102, 0.00030000000000000003, 0.0, 0.00030000000000000003, 0.0102, 0.0], [0.0, 0.0, 0.0094, 0.005200000000000001, 0.0012000000000000001, 0.005200000000000001, 0.0094, 0.0012000000000000001], [0.0, 0.0, 0.0012000000000000001, 0.015600000000000001, 0.00030000000000000003, 0.015600000000000001, 0.0012000000000000001, 0.00030000000000000003], [0.0, 0.30000000000000004, 0.0, 0.0, 0.0, 0.0, 0.0, 0.0], [0.004, 0.059500000000000004, 0.0, 0.0, 0.0, 0.0, 0.0, 0.0], [0.0016, 0.2592, 0.0, 0.0, 0.0, 0.0, 0.0, 0.0], [0.00030000000000000003, 0.19770000000000001, 0.0, 0.0, 0.0, 0.0, 0.0, 0.0], [0.0059, 0.007200000000000001, 0.0, 0.0, 0.0, 0.0, 0.0, 0.0]]}}
bs_latimer_munro_vbm: {'band_index': {'1': [30]}, 'kpoint_index': ['34'], 'kpoint': <pymatgen.electronic_structure.bandstructure.Kpoint object at 0x7fc5d4b5a200>, 'energy': -3.6641, 'projections': {'1': [[0.0, 0.0, 0.0, 0.0, 0.0, 0.0, 0.0, 0.0], [0.0002, 0.0001, 0.0328, 0.0234, 0.0257, 0.0234, 0.0328, 0.0257], [0.0001, 0.0001, 0.0694, 0.0083, 0.0562, 0.0083, 0.0694, 0.0562], [0.0, 0.0, 0.021400000000000002, 0.16540000000000002, 0.0061, 0.16540000000000002, 0.021400000000000002, 0.0061], [0.0, 0.0001, 0.0, 0.0, 0.0, 0.0, 0.0, 0.0], [0.0011, 0.0001, 0.0, 0.0, 0.0, 0.0, 0.0, 0.0], [0.0001, 0.0002, 0.0, 0.0, 0.0, 0.0, 0.0, 0.0], [0.00030000000000000003, 0.00030000000000000003, 0.0, 0.0, 0.0, 0.0, 0.0, 0.0], [0.0, 0.00030000000000000003, 0.0, 0.0, 0.0, 0.0, 0.0, 0.0]]}}
bs_latimer_munro_efermi: -3.49231879