material_id: mp-1188093
band_gap: 0.9546999999999991
efermi: 4.52308104
dos_magnetic_ordering: NM
dos_total_task_id: mp-1669531
dos_total_band_gap: 1.234
dos_total_cbm: 5.389
dos_total_vbm: 4.155
dos_total_efermi: 4.15914107
bs_setyawan_curtarolo_task_id: mp-1609134
bs_setyawan_curtarolo_band_gap: 0.9546999999999991
bs_setyawan_curtarolo_cbm: {'band_index': {'1': [76]}, 'kpoint_index': [0, 66, 67, 89], 'kpoint': <pymatgen.electronic_structure.bandstructure.Kpoint object at 0x7fc699d63930>, 'energy': 5.3835, 'projections': {'1': [[0.0, 0.0, 0.0005, 0.0005, 0.0005, 0.0005, 0.0, 0.0, 0.0067, 0.0067, 0.0067, 0.0067, 0.007500000000000001, 0.007500000000000001, 0.007500000000000001, 0.007500000000000001], [0.0001, 0.0001, 0.0026000000000000003, 0.0026000000000000003, 0.0026000000000000003, 0.0026000000000000003, 0.0001, 0.0001, 0.0035, 0.0035, 0.0035, 0.0035, 0.00030000000000000003, 0.00030000000000000003, 0.00030000000000000003, 0.00030000000000000003], [0.0049, 0.0049, 0.034800000000000005, 0.034800000000000005, 0.034800000000000005, 0.034800000000000005, 0.0436, 0.0436, 0.0, 0.0, 0.0, 0.0, 0.0, 0.0, 0.0, 0.0], [0.0, 0.0, 0.0017000000000000001, 0.0017000000000000001, 0.0017000000000000001, 0.0017000000000000001, 0.0, 0.0, 0.0014, 0.0014, 0.0014, 0.0014, 0.0025, 0.0025, 0.0025, 0.0025], [0.0033, 0.0033, 0.0, 0.0, 0.0, 0.0, 0.0, 0.0, 0.0, 0.0, 0.0, 0.0, 0.0, 0.0, 0.0, 0.0], [0.0, 0.0, 0.0, 0.0, 0.0, 0.0, 0.0, 0.0, 0.0, 0.0, 0.0, 0.0, 0.0, 0.0, 0.0, 0.0], [0.0, 0.0, 0.0, 0.0, 0.0, 0.0, 0.0, 0.0, 0.0, 0.0, 0.0, 0.0, 0.0, 0.0, 0.0, 0.0], [0.0009000000000000001, 0.0009000000000000001, 0.0, 0.0, 0.0, 0.0, 0.0, 0.0, 0.0, 0.0, 0.0, 0.0, 0.0, 0.0, 0.0, 0.0], [0.0, 0.0, 0.0, 0.0, 0.0, 0.0, 0.0, 0.0, 0.0, 0.0, 0.0, 0.0, 0.0, 0.0, 0.0, 0.0]]}}
bs_setyawan_curtarolo_vbm: {'band_index': {'1': [75]}, 'kpoint_index': [9, 10, 49], 'kpoint': <pymatgen.electronic_structure.bandstructure.Kpoint object at 0x7fc5d4b5a200>, 'energy': 4.4288, 'projections': {'1': [[0.0, 0.0, 0.0315, 0.0315, 0.0315, 0.0315, 0.0, 0.0, 0.0006000000000000001, 0.0006000000000000001, 0.0006000000000000001, 0.0006000000000000001, 0.0012000000000000001, 0.0012000000000000001, 0.0012000000000000001, 0.0012000000000000001], [0.0059, 0.0059, 0.0, 0.0, 0.0, 0.0, 0.0011, 0.0011, 0.074, 0.074, 0.074, 0.074, 0.0349, 0.0349, 0.0349, 0.0349], [0.0011, 0.0011, 0.0004, 0.0004, 0.0004, 0.0004, 0.0, 0.0, 0.0056, 0.0056, 0.0056, 0.0056, 0.009000000000000001, 0.009000000000000001, 0.009000000000000001, 0.009000000000000001], [0.0, 0.0, 0.0001, 0.0001, 0.0001, 0.0001, 0.0, 0.0, 0.0038, 0.0038, 0.0038, 0.0038, 0.0019, 0.0019, 0.0019, 0.0019], [0.0006000000000000001, 0.0006000000000000001, 0.0002, 0.0002, 0.0002, 0.0002, 0.0, 0.0, 0.0, 0.0, 0.0, 0.0, 0.0, 0.0, 0.0, 0.0], [0.0, 0.0, 0.0, 0.0, 0.0, 0.0, 0.0, 0.0, 0.0, 0.0, 0.0, 0.0, 0.0, 0.0, 0.0, 0.0], [0.0, 0.0, 0.0, 0.0, 0.0, 0.0, 0.0, 0.0, 0.0, 0.0, 0.0, 0.0, 0.0, 0.0, 0.0, 0.0], [0.0002, 0.0002, 0.0, 0.0, 0.0, 0.0, 0.0, 0.0, 0.0, 0.0, 0.0, 0.0, 0.0, 0.0, 0.0, 0.0], [0.0, 0.0, 0.0, 0.0, 0.0, 0.0, 0.0, 0.0, 0.0, 0.0, 0.0, 0.0, 0.0, 0.0, 0.0, 0.0]]}}
bs_setyawan_curtarolo_efermi: 4.52308104
bs_latimer_munro_task_id: mp-2325446
bs_latimer_munro_band_gap: 0.9546999999999991
bs_latimer_munro_cbm: {'band_index': {'1': [76]}, 'kpoint_index': [12, 13, 53, 54, 65, 78, 103, 129, 139], 'kpoint': <pymatgen.electronic_structure.bandstructure.Kpoint object at 0x7fc5d4b5a350>, 'energy': 5.3835, 'projections': {'1': [[0.0, 0.0, 0.0005, 0.0005, 0.0005, 0.0005, 0.0, 0.0, 0.0067, 0.0067, 0.0067, 0.0067, 0.007500000000000001, 0.007500000000000001, 0.007500000000000001, 0.007500000000000001], [0.0001, 0.0001, 0.0026000000000000003, 0.0026000000000000003, 0.0026000000000000003, 0.0026000000000000003, 0.0001, 0.0001, 0.0035, 0.0035, 0.0035, 0.0035, 0.00030000000000000003, 0.00030000000000000003, 0.00030000000000000003, 0.00030000000000000003], [0.0049, 0.0049, 0.034800000000000005, 0.034800000000000005, 0.034800000000000005, 0.034800000000000005, 0.0436, 0.0436, 0.0, 0.0, 0.0, 0.0, 0.0, 0.0, 0.0, 0.0], [0.0, 0.0, 0.0017000000000000001, 0.0017000000000000001, 0.0017000000000000001, 0.0017000000000000001, 0.0, 0.0, 0.0014, 0.0014, 0.0014, 0.0014, 0.0025, 0.0025, 0.0025, 0.0025], [0.0033, 0.0033, 0.0, 0.0, 0.0, 0.0, 0.0, 0.0, 0.0, 0.0, 0.0, 0.0, 0.0, 0.0, 0.0, 0.0], [0.0, 0.0, 0.0, 0.0, 0.0, 0.0, 0.0, 0.0, 0.0, 0.0, 0.0, 0.0, 0.0, 0.0, 0.0, 0.0], [0.0, 0.0, 0.0, 0.0, 0.0, 0.0, 0.0, 0.0, 0.0, 0.0, 0.0, 0.0, 0.0, 0.0, 0.0, 0.0], [0.0009000000000000001, 0.0009000000000000001, 0.0, 0.0, 0.0, 0.0, 0.0, 0.0, 0.0, 0.0, 0.0, 0.0, 0.0, 0.0, 0.0, 0.0], [0.0, 0.0, 0.0, 0.0, 0.0, 0.0, 0.0, 0.0, 0.0, 0.0, 0.0, 0.0, 0.0, 0.0, 0.0, 0.0]]}}
bs_latimer_munro_vbm: {'band_index': {'1': [75]}, 'kpoint_index': [112, 113, 120], 'kpoint': <pymatgen.electronic_structure.bandstructure.Kpoint object at 0x7fc5d4b59d30>, 'energy': 4.4288, 'projections': {'1': [[0.0, 0.0, 0.0315, 0.0315, 0.0315, 0.0315, 0.0, 0.0, 0.0006000000000000001, 0.0006000000000000001, 0.0006000000000000001, 0.0006000000000000001, 0.0012000000000000001, 0.0012000000000000001, 0.0012000000000000001, 0.0012000000000000001], [0.0059, 0.0059, 0.0, 0.0, 0.0, 0.0, 0.0011, 0.0011, 0.074, 0.074, 0.074, 0.074, 0.0349, 0.0349, 0.0349, 0.0349], [0.0011, 0.0011, 0.0004, 0.0004, 0.0004, 0.0004, 0.0, 0.0, 0.0056, 0.0056, 0.0056, 0.0056, 0.009000000000000001, 0.009000000000000001, 0.009000000000000001, 0.009000000000000001], [0.0, 0.0, 0.0001, 0.0001, 0.0001, 0.0001, 0.0, 0.0, 0.0038, 0.0038, 0.0038, 0.0038, 0.0019, 0.0019, 0.0019, 0.0019], [0.0006000000000000001, 0.0006000000000000001, 0.0002, 0.0002, 0.0002, 0.0002, 0.0, 0.0, 0.0, 0.0, 0.0, 0.0, 0.0, 0.0, 0.0, 0.0], [0.0, 0.0, 0.0, 0.0, 0.0, 0.0, 0.0, 0.0, 0.0, 0.0, 0.0, 0.0, 0.0, 0.0, 0.0, 0.0], [0.0, 0.0, 0.0, 0.0, 0.0, 0.0, 0.0, 0.0, 0.0, 0.0, 0.0, 0.0, 0.0, 0.0, 0.0, 0.0], [0.0002, 0.0002, 0.0, 0.0, 0.0, 0.0, 0.0, 0.0, 0.0, 0.0, 0.0, 0.0, 0.0, 0.0, 0.0, 0.0], [0.0, 0.0, 0.0, 0.0, 0.0, 0.0, 0.0, 0.0, 0.0, 0.0, 0.0, 0.0, 0.0, 0.0, 0.0, 0.0]]}}
bs_latimer_munro_efermi: 4.53217826