material_id: mp-18601
band_gap: 1.0799
efermi: 3.00109596
dos_magnetic_ordering: FM
dos_total_task_id: mp-1761569
dos_total_band_gap: 1.2197
dos_total_cbm: 4.2309
dos_total_vbm: 3.0112
dos_total_efermi: 3.01611486
bs_setyawan_curtarolo_task_id: mp-821233
bs_setyawan_curtarolo_band_gap: 1.0799
bs_setyawan_curtarolo_cbm: {'band_index': {'1': [144]}, 'kpoint_index': ['107'], 'kpoint': <pymatgen.electronic_structure.bandstructure.Kpoint object at 0x7fc699d63930>, 'energy': 4.0765, 'projections': {}}
bs_setyawan_curtarolo_vbm: {'band_index': {'1': [143]}, 'kpoint_index': [0, 43, 44], 'kpoint': <pymatgen.electronic_structure.bandstructure.Kpoint object at 0x7fc5d4b59e80>, 'energy': 2.9966, 'projections': {}}
bs_setyawan_curtarolo_efermi: 3.00109596
bs_hinuma_task_id: mp-2100512
bs_hinuma_band_gap: 1.164999999999999
bs_hinuma_cbm: {'band_index': {'1': [144], '-1': []}, 'kpoint_index': ['104'], 'kpoint': <pymatgen.electronic_structure.bandstructure.Kpoint object at 0x7fc5d4b5a3c0>, 'energy': 4.164, 'projections': {'1': [[0.0018000000000000002, 0.0018000000000000002, 0.0018000000000000002, 0.0018000000000000002, 0.0, 0.0, 0.0, 0.0, 0.0008, 0.0008, 0.0008, 0.0008, 0.0036000000000000003, 0.0036000000000000003, 0.0036000000000000003, 0.0036000000000000003, 0.0036000000000000003, 0.0036000000000000003, 0.0036000000000000003, 0.0036000000000000003, 0.0, 0.0, 0.0, 0.0, 0.0005, 0.0005, 0.0005, 0.0005, 0.0021000000000000003, 0.0021000000000000003, 0.0021000000000000003, 0.0021000000000000003], [0.0029000000000000002, 0.0029000000000000002, 0.0029000000000000002, 0.0029000000000000002, 0.0, 0.0, 0.0, 0.0, 0.0006000000000000001, 0.0006000000000000001, 0.0006000000000000001, 0.0006000000000000001, 0.0033, 0.0033, 0.0033, 0.0033, 0.0033, 0.0033, 0.0033, 0.0033, 0.0, 0.0, 0.0, 0.0, 0.0015, 0.0015, 0.0015, 0.0015, 0.003, 0.003, 0.003, 0.003], [0.0001, 0.0001, 0.0001, 0.0001, 0.0, 0.0, 0.0, 0.0, 0.0004, 0.00030000000000000003, 0.0004, 0.0004, 0.001, 0.001, 0.001, 0.001, 0.001, 0.001, 0.001, 0.001, 0.0, 0.0, 0.0, 0.0, 0.0055000000000000005, 0.0055000000000000005, 0.0055000000000000005, 0.0054, 0.0001, 0.0001, 0.0001, 0.0001], [0.0, 0.0, 0.0, 0.0, 0.00030000000000000003, 0.00030000000000000003, 0.00030000000000000003, 0.00030000000000000003, 0.0, 0.0, 0.0, 0.0, 0.0059, 0.0059, 0.0059, 0.0059, 0.0059, 0.0059, 0.0059, 0.0059, 0.022, 0.022, 0.022, 0.022, 0.0009000000000000001, 0.0009000000000000001, 0.0009000000000000001, 0.0009000000000000001, 0.0, 0.0, 0.0, 0.0], [0.0, 0.0, 0.0, 0.0, 0.0015, 0.0015, 0.0015, 0.0015, 0.024800000000000003, 0.024800000000000003, 0.024800000000000003, 0.024800000000000003, 0.0, 0.0, 0.0, 0.0, 0.0, 0.0, 0.0, 0.0, 0.0, 0.0, 0.0, 0.0, 0.0, 0.0, 0.0, 0.0, 0.0, 0.0, 0.0, 0.0], [0.0037, 0.0037, 0.0037, 0.0037, 0.0, 0.0, 0.0, 0.0, 0.020900000000000002, 0.020900000000000002, 0.020900000000000002, 0.020900000000000002, 0.0, 0.0, 0.0, 0.0, 0.0, 0.0, 0.0, 0.0, 0.0, 0.0, 0.0, 0.0, 0.0, 0.0, 0.0, 0.0, 0.0, 0.0, 0.0, 0.0], [0.0018000000000000002, 0.0018000000000000002, 0.0018000000000000002, 0.0018000000000000002, 0.0, 0.0, 0.0, 0.0, 0.0318, 0.031900000000000005, 0.0318, 0.031900000000000005, 0.0, 0.0, 0.0, 0.0, 0.0, 0.0, 0.0, 0.0, 0.0, 0.0, 0.0, 0.0, 0.0, 0.0, 0.0, 0.0, 0.0, 0.0, 0.0, 0.0], [0.0, 0.0, 0.0, 0.0, 0.0591, 0.0592, 0.0591, 0.0591, 0.0078000000000000005, 0.0078000000000000005, 0.0078000000000000005, 0.0078000000000000005, 0.0, 0.0, 0.0, 0.0, 0.0, 0.0, 0.0, 0.0, 0.0, 0.0, 0.0, 0.0, 0.0, 0.0, 0.0, 0.0, 0.0, 0.0, 0.0, 0.0], [0.0005, 0.0005, 0.0005, 0.0005, 0.0, 0.0, 0.0, 0.0, 0.0011, 0.0011, 0.0011, 0.0011, 0.0, 0.0, 0.0, 0.0, 0.0, 0.0, 0.0, 0.0, 0.0, 0.0, 0.0, 0.0, 0.0, 0.0, 0.0, 0.0, 0.0, 0.0, 0.0, 0.0]]}}
bs_hinuma_vbm: {'band_index': {'1': [143], '-1': []}, 'kpoint_index': [0, 43, 44], 'kpoint': <pymatgen.electronic_structure.bandstructure.Kpoint object at 0x7fc5d4b59d30>, 'energy': 2.999, 'projections': {'1': [[0.0, 0.0, 0.0, 0.0, 0.0021000000000000003, 0.0021000000000000003, 0.0021000000000000003, 0.0021000000000000003, 0.0, 0.0, 0.0, 0.0, 0.0, 0.0, 0.0, 0.0, 0.0, 0.0, 0.0, 0.0, 0.0016, 0.0016, 0.0016, 0.0016, 0.0, 0.0, 0.0, 0.0, 0.0001, 0.0001, 0.0001, 0.0001], [0.0005, 0.0005, 0.0005, 0.0005, 0.0013000000000000002, 0.0013000000000000002, 0.0013000000000000002, 0.0013000000000000002, 0.0023, 0.0023, 0.0023, 0.0023, 0.007500000000000001, 0.007500000000000001, 0.007500000000000001, 0.007500000000000001, 0.007500000000000001, 0.007500000000000001, 0.007500000000000001, 0.007500000000000001, 0.0328, 0.0328, 0.0328, 0.0328, 0.036500000000000005, 0.036500000000000005, 0.0366, 0.036500000000000005, 0.0511, 0.0511, 0.0512, 0.0511], [0.0001, 0.0001, 0.0001, 0.0001, 0.0, 0.0, 0.0, 0.0, 0.0, 0.0, 0.0, 0.0, 0.0014, 0.0014, 0.0014, 0.0014, 0.0014, 0.0014, 0.0014, 0.0014, 0.0036000000000000003, 0.0036000000000000003, 0.0036000000000000003, 0.0036000000000000003, 0.0024000000000000002, 0.0024000000000000002, 0.0024000000000000002, 0.0024000000000000002, 0.0011, 0.0011, 0.0011, 0.0011], [0.0, 0.0, 0.0, 0.0, 0.0, 0.0, 0.0, 0.0, 0.0, 0.0, 0.0, 0.0, 0.0005, 0.0005, 0.0005, 0.0005, 0.0005, 0.0005, 0.0005, 0.0005, 0.0, 0.0, 0.0, 0.0, 0.0, 0.0, 0.0, 0.0, 0.0, 0.0, 0.0, 0.0], [0.0, 0.0, 0.0, 0.0, 0.0, 0.0, 0.0, 0.0, 0.01, 0.01, 0.01, 0.01, 0.0, 0.0, 0.0, 0.0, 0.0, 0.0, 0.0, 0.0, 0.0, 0.0, 0.0, 0.0, 0.0, 0.0, 0.0, 0.0, 0.0, 0.0, 0.0, 0.0], [0.0004, 0.0004, 0.0004, 0.0004, 0.0089, 0.0089, 0.0089, 0.0089, 0.0, 0.0, 0.0, 0.0, 0.0, 0.0, 0.0, 0.0, 0.0, 0.0, 0.0, 0.0, 0.0, 0.0, 0.0, 0.0, 0.0, 0.0, 0.0, 0.0, 0.0, 0.0, 0.0, 0.0], [0.0002, 0.0002, 0.0002, 0.0002, 0.0036000000000000003, 0.0036000000000000003, 0.0036000000000000003, 0.0036000000000000003, 0.0, 0.0, 0.0, 0.0, 0.0, 0.0, 0.0, 0.0, 0.0, 0.0, 0.0, 0.0, 0.0, 0.0, 0.0, 0.0, 0.0, 0.0, 0.0, 0.0, 0.0, 0.0, 0.0, 0.0], [0.0, 0.0, 0.0, 0.0, 0.0, 0.0, 0.0, 0.0, 0.00030000000000000003, 0.00030000000000000003, 0.00030000000000000003, 0.00030000000000000003, 0.0, 0.0, 0.0, 0.0, 0.0, 0.0, 0.0, 0.0, 0.0, 0.0, 0.0, 0.0, 0.0, 0.0, 0.0, 0.0, 0.0, 0.0, 0.0, 0.0], [0.0, 0.0, 0.0, 0.0, 0.0351, 0.0351, 0.0351, 0.0351, 0.0, 0.0, 0.0, 0.0, 0.0, 0.0, 0.0, 0.0, 0.0, 0.0, 0.0, 0.0, 0.0, 0.0, 0.0, 0.0, 0.0, 0.0, 0.0, 0.0, 0.0, 0.0, 0.0, 0.0]]}}
bs_hinuma_efermi: 3.20480839
bs_latimer_munro_task_id: mp-2308288
bs_latimer_munro_band_gap: 1.164999999999999
bs_latimer_munro_cbm: {'band_index': {'1': [144], '-1': []}, 'kpoint_index': ['145'], 'kpoint': <pymatgen.electronic_structure.bandstructure.Kpoint object at 0x7fc5d4b5a200>, 'energy': 4.164, 'projections': {'1': [[0.0018000000000000002, 0.0018000000000000002, 0.0018000000000000002, 0.0018000000000000002, 0.0, 0.0, 0.0, 0.0, 0.0008, 0.0008, 0.0008, 0.0008, 0.0036000000000000003, 0.0036000000000000003, 0.0036000000000000003, 0.0036000000000000003, 0.0036000000000000003, 0.0036000000000000003, 0.0036000000000000003, 0.0036000000000000003, 0.0, 0.0, 0.0, 0.0, 0.0005, 0.0005, 0.0005, 0.0005, 0.0021000000000000003, 0.0021000000000000003, 0.0021000000000000003, 0.0021000000000000003], [0.0029000000000000002, 0.0029000000000000002, 0.0029000000000000002, 0.0029000000000000002, 0.0, 0.0, 0.0, 0.0, 0.0006000000000000001, 0.0006000000000000001, 0.0006000000000000001, 0.0006000000000000001, 0.0033, 0.0033, 0.0033, 0.0033, 0.0033, 0.0033, 0.0033, 0.0033, 0.0, 0.0, 0.0, 0.0, 0.0015, 0.0015, 0.0015, 0.0015, 0.003, 0.003, 0.003, 0.003], [0.0001, 0.0001, 0.0001, 0.0001, 0.0, 0.0, 0.0, 0.0, 0.0004, 0.0004, 0.0004, 0.0004, 0.001, 0.001, 0.001, 0.001, 0.001, 0.001, 0.001, 0.001, 0.0, 0.0, 0.0, 0.0, 0.0055000000000000005, 0.0055000000000000005, 0.0055000000000000005, 0.0055000000000000005, 0.0001, 0.0001, 0.0001, 0.0001], [0.0, 0.0, 0.0, 0.0, 0.00030000000000000003, 0.00030000000000000003, 0.00030000000000000003, 0.00030000000000000003, 0.0, 0.0, 0.0, 0.0, 0.0059, 0.0059, 0.0059, 0.0059, 0.0059, 0.0059, 0.0059, 0.0059, 0.022, 0.022, 0.022, 0.022, 0.0009000000000000001, 0.0009000000000000001, 0.0009000000000000001, 0.0009000000000000001, 0.0, 0.0, 0.0, 0.0], [0.0, 0.0, 0.0, 0.0, 0.0015, 0.0015, 0.0015, 0.0015, 0.024800000000000003, 0.024800000000000003, 0.024800000000000003, 0.024800000000000003, 0.0, 0.0, 0.0, 0.0, 0.0, 0.0, 0.0, 0.0, 0.0, 0.0, 0.0, 0.0, 0.0, 0.0, 0.0, 0.0, 0.0, 0.0, 0.0, 0.0], [0.0037, 0.0037, 0.0037, 0.0037, 0.0, 0.0, 0.0, 0.0, 0.020900000000000002, 0.020900000000000002, 0.020900000000000002, 0.020900000000000002, 0.0, 0.0, 0.0, 0.0, 0.0, 0.0, 0.0, 0.0, 0.0, 0.0, 0.0, 0.0, 0.0, 0.0, 0.0, 0.0, 0.0, 0.0, 0.0, 0.0], [0.0018000000000000002, 0.0018000000000000002, 0.0018000000000000002, 0.0018000000000000002, 0.0, 0.0, 0.0, 0.0, 0.031900000000000005, 0.031900000000000005, 0.031900000000000005, 0.0318, 0.0, 0.0, 0.0, 0.0, 0.0, 0.0, 0.0, 0.0, 0.0, 0.0, 0.0, 0.0, 0.0, 0.0, 0.0, 0.0, 0.0, 0.0, 0.0, 0.0], [0.0, 0.0, 0.0, 0.0, 0.0591, 0.0591, 0.0591, 0.0591, 0.0078000000000000005, 0.0078000000000000005, 0.0078000000000000005, 0.0078000000000000005, 0.0, 0.0, 0.0, 0.0, 0.0, 0.0, 0.0, 0.0, 0.0, 0.0, 0.0, 0.0, 0.0, 0.0, 0.0, 0.0, 0.0, 0.0, 0.0, 0.0], [0.0005, 0.0005, 0.0005, 0.0005, 0.0, 0.0, 0.0, 0.0, 0.0011, 0.0011, 0.0011, 0.0011, 0.0, 0.0, 0.0, 0.0, 0.0, 0.0, 0.0, 0.0, 0.0, 0.0, 0.0, 0.0, 0.0, 0.0, 0.0, 0.0, 0.0, 0.0, 0.0, 0.0]]}}
bs_latimer_munro_vbm: {'band_index': {'1': [143], '-1': []}, 'kpoint_index': [24, 25, 122, 123, 197, 198], 'kpoint': <pymatgen.electronic_structure.bandstructure.Kpoint object at 0x7fc5d4b59be0>, 'energy': 2.999, 'projections': {'1': [[0.0, 0.0, 0.0, 0.0, 0.0021000000000000003, 0.0021000000000000003, 0.0021000000000000003, 0.0021000000000000003, 0.0, 0.0, 0.0, 0.0, 0.0, 0.0, 0.0, 0.0, 0.0, 0.0, 0.0, 0.0, 0.0016, 0.0016, 0.0016, 0.0016, 0.0, 0.0, 0.0, 0.0, 0.0001, 0.0001, 0.0001, 0.0001], [0.0005, 0.0005, 0.0005, 0.0005, 0.0013000000000000002, 0.0013000000000000002, 0.0013000000000000002, 0.0013000000000000002, 0.0023, 0.0023, 0.0023, 0.0023, 0.007500000000000001, 0.007500000000000001, 0.007500000000000001, 0.007500000000000001, 0.007500000000000001, 0.007500000000000001, 0.007500000000000001, 0.007500000000000001, 0.0328, 0.0328, 0.0328, 0.0328, 0.0366, 0.0366, 0.0366, 0.036500000000000005, 0.0511, 0.0511, 0.0511, 0.0511], [0.0001, 0.0001, 0.0001, 0.0001, 0.0, 0.0, 0.0, 0.0, 0.0, 0.0, 0.0, 0.0, 0.0014, 0.0014, 0.0014, 0.0014, 0.0014, 0.0014, 0.0014, 0.0014, 0.0036000000000000003, 0.0036000000000000003, 0.0036000000000000003, 0.0036000000000000003, 0.0024000000000000002, 0.0024000000000000002, 0.0024000000000000002, 0.0024000000000000002, 0.0011, 0.0011, 0.0011, 0.0011], [0.0, 0.0, 0.0, 0.0, 0.0, 0.0, 0.0, 0.0, 0.0, 0.0, 0.0, 0.0, 0.0005, 0.0005, 0.0005, 0.0005, 0.0005, 0.0005, 0.0005, 0.0005, 0.0, 0.0, 0.0, 0.0, 0.0, 0.0, 0.0, 0.0, 0.0, 0.0, 0.0, 0.0], [0.0, 0.0, 0.0, 0.0, 0.0, 0.0, 0.0, 0.0, 0.01, 0.01, 0.01, 0.01, 0.0, 0.0, 0.0, 0.0, 0.0, 0.0, 0.0, 0.0, 0.0, 0.0, 0.0, 0.0, 0.0, 0.0, 0.0, 0.0, 0.0, 0.0, 0.0, 0.0], [0.0004, 0.0004, 0.0004, 0.0004, 0.0089, 0.0089, 0.0089, 0.0089, 0.0, 0.0, 0.0, 0.0, 0.0, 0.0, 0.0, 0.0, 0.0, 0.0, 0.0, 0.0, 0.0, 0.0, 0.0, 0.0, 0.0, 0.0, 0.0, 0.0, 0.0, 0.0, 0.0, 0.0], [0.0002, 0.0002, 0.0002, 0.0002, 0.0036000000000000003, 0.0036000000000000003, 0.0036000000000000003, 0.0036000000000000003, 0.0, 0.0, 0.0, 0.0, 0.0, 0.0, 0.0, 0.0, 0.0, 0.0, 0.0, 0.0, 0.0, 0.0, 0.0, 0.0, 0.0, 0.0, 0.0, 0.0, 0.0, 0.0, 0.0, 0.0], [0.0, 0.0, 0.0, 0.0, 0.0, 0.0, 0.0, 0.0, 0.00030000000000000003, 0.00030000000000000003, 0.00030000000000000003, 0.00030000000000000003, 0.0, 0.0, 0.0, 0.0, 0.0, 0.0, 0.0, 0.0, 0.0, 0.0, 0.0, 0.0, 0.0, 0.0, 0.0, 0.0, 0.0, 0.0, 0.0, 0.0], [0.0, 0.0, 0.0, 0.0, 0.0351, 0.0351, 0.0351, 0.0351, 0.0, 0.0, 0.0, 0.0, 0.0, 0.0, 0.0, 0.0, 0.0, 0.0, 0.0, 0.0, 0.0, 0.0, 0.0, 0.0, 0.0, 0.0, 0.0, 0.0, 0.0, 0.0, 0.0, 0.0]]}}
bs_latimer_munro_efermi: 3.20292824