material_id: mp-1040834
band_gap: 1.4003
efermi: 2.90959988
dos_magnetic_ordering: FM
dos_total_task_id: mp-1743252
dos_total_band_gap: 1.4007
dos_total_cbm: 4.1974
dos_total_vbm: 2.7967
dos_total_efermi: 2.80500968
bs_setyawan_curtarolo_task_id: mp-1040847
bs_setyawan_curtarolo_band_gap: 1.4003
bs_setyawan_curtarolo_cbm: {'band_index': {'1': [49], '-1': []}, 'kpoint_index': ['78'], 'kpoint': <pymatgen.electronic_structure.bandstructure.Kpoint object at 0x7fc699d63930>, 'energy': 4.2245, 'projections': {'1': [[0.0001, 0.0, 0.0002, 0.0001, 0.001, 0.0009000000000000001, 0.0041, 0.0008, 0.0013000000000000002, 0.0001, 0.0002, 0.0004], [0.0111, 0.0002, 0.0001, 0.0001, 0.0001, 0.0009000000000000001, 0.0041, 0.0011, 0.0016, 0.0059, 0.0018000000000000002, 0.005], [0.0025, 0.00030000000000000003, 0.00030000000000000003, 0.00030000000000000003, 0.0085, 0.0002, 0.0047, 0.0027, 0.0004, 0.011600000000000001, 0.005, 0.0009000000000000001], [0.0004, 0.0001, 0.001, 0.0011, 0.0009000000000000001, 0.0095, 0.0227, 0.0009000000000000001, 0.0005, 0.0145, 0.0018000000000000002, 0.0024000000000000002], [0.007200000000000001, 0.0716, 0.0252, 0.0059, 0.0, 0.0, 0.0, 0.0, 0.0, 0.0, 0.0, 0.0], [0.057600000000000005, 0.0027, 0.014100000000000001, 0.00030000000000000003, 0.0, 0.0, 0.0, 0.0, 0.0, 0.0, 0.0, 0.0], [0.027100000000000003, 0.065, 0.0108, 0.0442, 0.0, 0.0, 0.0, 0.0, 0.0, 0.0, 0.0, 0.0], [0.0049, 0.057, 0.0446, 0.0012000000000000001, 0.0, 0.0, 0.0, 0.0, 0.0, 0.0, 0.0, 0.0], [0.1174, 0.0098, 0.0091, 0.0517, 0.0, 0.0, 0.0, 0.0, 0.0, 0.0, 0.0, 0.0]]}}
bs_setyawan_curtarolo_vbm: {'band_index': {'-1': [46], '1': []}, 'kpoint_index': [13, 14, 91], 'kpoint': <pymatgen.electronic_structure.bandstructure.Kpoint object at 0x7fc5d4b5a350>, 'energy': 2.8242000000000003, 'projections': {'-1': [[0.0, 0.0047, 0.0034000000000000002, 0.0001, 0.0, 0.0004, 0.0005, 0.0, 0.0, 0.0021000000000000003, 0.0016, 0.0], [0.0001, 0.0059, 0.0016, 0.0024000000000000002, 0.0002, 0.0012000000000000001, 0.0002, 0.0032, 0.0088, 0.0726, 0.0173, 0.0011], [0.0002, 0.0001, 0.0039000000000000003, 0.0071, 0.0, 0.0004, 0.0018000000000000002, 0.0038, 0.0111, 0.0027, 0.0425, 0.0009000000000000001], [0.0, 0.0019, 0.0026000000000000003, 0.0, 0.0, 0.0023, 0.0037, 0.0001, 0.0002, 0.0443, 0.0297, 0.0023], [0.0, 0.0434, 0.0626, 0.0089, 0.0, 0.0, 0.0, 0.0, 0.0, 0.0, 0.0, 0.0], [0.0006000000000000001, 0.011300000000000001, 0.0021000000000000003, 0.0284, 0.0, 0.0, 0.0, 0.0, 0.0, 0.0, 0.0, 0.0], [0.0028, 0.0155, 0.013000000000000001, 0.1792, 0.0, 0.0, 0.0, 0.0, 0.0, 0.0, 0.0, 0.0], [0.0001, 0.0199, 0.0256, 0.010100000000000001, 0.0, 0.0, 0.0, 0.0, 0.0, 0.0, 0.0, 0.0], [0.0015, 0.0016, 0.0471, 0.053200000000000004, 0.0, 0.0, 0.0, 0.0, 0.0, 0.0, 0.0, 0.0]]}}
bs_setyawan_curtarolo_efermi: 2.90959988
bs_hinuma_task_id: mp-2099783
bs_hinuma_band_gap: 1.4165
bs_hinuma_cbm: {'band_index': {'1': [49], '-1': []}, 'kpoint_index': ['69'], 'kpoint': <pymatgen.electronic_structure.bandstructure.Kpoint object at 0x7fc5d4b5a430>, 'energy': 4.2252, 'projections': {'1': [[0.0001, 0.0, 0.0001, 0.0001, 0.0009000000000000001, 0.0009000000000000001, 0.0041, 0.0009000000000000001, 0.0013000000000000002, 0.0001, 0.00030000000000000003, 0.00030000000000000003], [0.0082, 0.0001, 0.0001, 0.0001, 0.0001, 0.005200000000000001, 0.0004, 0.002, 0.0009000000000000001, 0.0162, 0.0008, 0.006900000000000001], [0.0025, 0.00030000000000000003, 0.00030000000000000003, 0.00030000000000000003, 0.0085, 0.00030000000000000003, 0.0038, 0.0027, 0.0005, 0.010400000000000001, 0.0059, 0.001], [0.0033, 0.0001, 0.0011, 0.0011, 0.0015, 0.0047, 0.0274, 0.0002, 0.0011, 0.0049, 0.0019, 0.0007], [0.06910000000000001, 0.031, 0.014700000000000001, 0.027200000000000002, 0.0, 0.0, 0.0, 0.0, 0.0, 0.0, 0.0, 0.0], [0.0402, 0.0234, 0.0015, 0.0002, 0.0, 0.0, 0.0, 0.0, 0.0, 0.0, 0.0, 0.0], [0.0219, 0.07350000000000001, 0.006200000000000001, 0.044, 0.0, 0.0, 0.0, 0.0, 0.0, 0.0, 0.0, 0.0], [0.0274, 0.030500000000000003, 0.058, 0.0022, 0.0, 0.0, 0.0, 0.0, 0.0, 0.0, 0.0, 0.0], [0.0558, 0.0476, 0.0235, 0.0302, 0.0, 0.0, 0.0, 0.0, 0.0, 0.0, 0.0, 0.0]]}}
bs_hinuma_vbm: {'band_index': {'-1': [45, 46], '1': []}, 'kpoint_index': [11, 12], 'kpoint': <pymatgen.electronic_structure.bandstructure.Kpoint object at 0x7fc5d4b59e80>, 'energy': 2.8087, 'projections': {'-1': [[0.0, 0.0014, 0.0055000000000000005, 0.0014, 0.0001, 0.0006000000000000001, 0.0001, 0.0, 0.0, 0.0006000000000000001, 0.0025, 0.0006000000000000001], [0.0, 0.0063, 0.0, 0.0063, 0.00030000000000000003, 0.0, 0.00030000000000000003, 0.0, 0.0, 0.0074, 0.0, 0.0074], [0.00030000000000000003, 0.0024000000000000002, 0.0067, 0.0024000000000000002, 0.0008, 0.001, 0.0008, 0.0067, 0.018600000000000002, 0.002, 0.0603, 0.002], [0.0, 0.00030000000000000003, 0.0007, 0.00030000000000000003, 0.0005, 0.0053, 0.0005, 0.0006000000000000001, 0.0017000000000000001, 0.0274, 0.0806, 0.0274], [0.0, 0.0405, 0.0, 0.0405, 0.0, 0.0, 0.0, 0.0, 0.0, 0.0, 0.0, 0.0], [0.0, 0.0037, 0.0, 0.0037, 0.0, 0.0, 0.0, 0.0, 0.0, 0.0, 0.0, 0.0], [0.0041, 0.10840000000000001, 0.0229, 0.10840000000000001, 0.0, 0.0, 0.0, 0.0, 0.0, 0.0, 0.0, 0.0], [0.0002, 0.0563, 0.0146, 0.0563, 0.0, 0.0, 0.0, 0.0, 0.0, 0.0, 0.0, 0.0], [0.0005, 0.0238, 0.0187, 0.0238, 0.0, 0.0, 0.0, 0.0, 0.0, 0.0, 0.0, 0.0]]}}
bs_hinuma_efermi: 2.882606
bs_latimer_munro_task_id: mp-2301057
bs_latimer_munro_band_gap: 1.4165
bs_latimer_munro_cbm: {'band_index': {'1': [49], '-1': []}, 'kpoint_index': ['145'], 'kpoint': <pymatgen.electronic_structure.bandstructure.Kpoint object at 0x7fc5d4b5a200>, 'energy': 4.2252, 'projections': {'1': [[0.0001, 0.0001, 0.0, 0.0001, 0.0009000000000000001, 0.0041, 0.0009000000000000001, 0.0009000000000000001, 0.0013000000000000002, 0.00030000000000000003, 0.0001, 0.00030000000000000003], [0.0017000000000000001, 0.0002, 0.0004, 0.0002, 0.0041, 0.0001, 0.0041, 0.0033, 0.0006000000000000001, 0.0036000000000000003, 0.0016, 0.0036000000000000003], [0.0122, 0.0, 0.0001, 0.0, 0.0007, 0.0009000000000000001, 0.0007, 0.0012000000000000001, 0.0015, 0.0038, 0.0126, 0.0038], [0.0002, 0.0013000000000000002, 0.0001, 0.0013000000000000002, 0.005200000000000001, 0.030500000000000003, 0.005200000000000001, 0.0004, 0.0004, 0.0012000000000000001, 0.0173, 0.0012000000000000001], [0.0175, 0.045, 0.037, 0.045, 0.0, 0.0, 0.0, 0.0, 0.0, 0.0, 0.0, 0.0], [0.006200000000000001, 0.0026000000000000003, 0.0011, 0.0026000000000000003, 0.0, 0.0, 0.0, 0.0, 0.0, 0.0, 0.0, 0.0], [0.1842, 0.020900000000000002, 0.010400000000000001, 0.020900000000000002, 0.0, 0.0, 0.0, 0.0, 0.0, 0.0, 0.0, 0.0], [0.0001, 0.006500000000000001, 0.036500000000000005, 0.006500000000000001, 0.0, 0.0, 0.0, 0.0, 0.0, 0.0, 0.0, 0.0], [0.006200000000000001, 0.0287, 0.12090000000000001, 0.0287, 0.0, 0.0, 0.0, 0.0, 0.0, 0.0, 0.0, 0.0]]}}
bs_latimer_munro_vbm: {'band_index': {'-1': [45, 46], '1': []}, 'kpoint_index': [43, 44, 57], 'kpoint': <pymatgen.electronic_structure.bandstructure.Kpoint object at 0x7fc5d4b5a190>, 'energy': 2.8087, 'projections': {'-1': [[0.0, 0.0014, 0.0055000000000000005, 0.0014, 0.0001, 0.0006000000000000001, 0.0001, 0.0, 0.0, 0.0006000000000000001, 0.0025, 0.0006000000000000001], [0.0, 0.0063, 0.0, 0.0063, 0.00030000000000000003, 0.0, 0.00030000000000000003, 0.0, 0.0, 0.0074, 0.0, 0.0074], [0.00030000000000000003, 0.0024000000000000002, 0.0067, 0.0024000000000000002, 0.0008, 0.001, 0.0008, 0.0067, 0.018600000000000002, 0.002, 0.0603, 0.002], [0.0, 0.00030000000000000003, 0.0007, 0.00030000000000000003, 0.0005, 0.0053, 0.0005, 0.0006000000000000001, 0.0017000000000000001, 0.0274, 0.0806, 0.0274], [0.0, 0.0405, 0.0, 0.0405, 0.0, 0.0, 0.0, 0.0, 0.0, 0.0, 0.0, 0.0], [0.0, 0.0037, 0.0, 0.0037, 0.0, 0.0, 0.0, 0.0, 0.0, 0.0, 0.0, 0.0], [0.0041, 0.10840000000000001, 0.0229, 0.10840000000000001, 0.0, 0.0, 0.0, 0.0, 0.0, 0.0, 0.0, 0.0], [0.0002, 0.0563, 0.0146, 0.0563, 0.0, 0.0, 0.0, 0.0, 0.0, 0.0, 0.0, 0.0], [0.0005, 0.0238, 0.0187, 0.0238, 0.0, 0.0, 0.0, 0.0, 0.0, 0.0, 0.0, 0.0]]}}
bs_latimer_munro_efermi: 2.88256484