material_id: mp-1220291
band_gap: 0.7722
efermi: -0.29164855
dos_magnetic_ordering: FiM
dos_total_task_id: mp-1730291
dos_total_band_gap: 7.0346
dos_total_cbm: 6.1117
dos_total_vbm: -0.9229
dos_total_efermi: -0.33563298
bs_setyawan_curtarolo_task_id: mp-1619853
bs_setyawan_curtarolo_band_gap: 0.7722
bs_setyawan_curtarolo_cbm: {'band_index': {'-1': [29], '1': []}, 'kpoint_index': [13, 14, 111], 'kpoint': <pymatgen.electronic_structure.bandstructure.Kpoint object at 0x7fc699d63930>, 'energy': 0.4068, 'projections': {'-1': [[0.0098, 0.0, 0.006500000000000001, 0.0005, 0.00030000000000000003, 0.0002, 0.001, 0.0005], [0.0, 0.0001, 0.0784, 0.013000000000000001, 0.1469, 0.0118, 0.0, 0.018500000000000003], [0.0, 0.0, 0.0, 0.0, 0.0, 0.0, 0.0, 0.0], [0.0001, 0.0005, 0.11420000000000001, 0.2656, 0.0083, 0.0021000000000000003, 0.0001, 0.0002], [0.0269, 0.00030000000000000003, 0.0, 0.0, 0.0, 0.0, 0.0, 0.0], [0.0, 0.0, 0.0, 0.0, 0.0, 0.0, 0.0, 0.0], [0.0122, 0.0022, 0.0, 0.0, 0.0, 0.0, 0.0, 0.0], [0.0, 0.0, 0.0, 0.0, 0.0, 0.0, 0.0, 0.0], [0.014100000000000001, 0.0011, 0.0, 0.0, 0.0, 0.0, 0.0, 0.0]]}}
bs_setyawan_curtarolo_vbm: {'band_index': {'-1': [28], '1': []}, 'kpoint_index': [0, 38, 39], 'kpoint': <pymatgen.electronic_structure.bandstructure.Kpoint object at 0x7fc5d4b59be0>, 'energy': -0.3654, 'projections': {'-1': [[0.0, 0.0, 0.0, 0.0, 0.0, 0.0, 0.0, 0.0], [0.0, 0.0, 0.0, 0.0, 0.0, 0.0, 0.0, 0.0], [0.0002, 0.0614, 0.21, 0.21, 0.21, 0.028, 0.028, 0.028], [0.0, 0.0, 0.0, 0.0, 0.0, 0.0, 0.0, 0.0], [0.0, 0.0, 0.0, 0.0, 0.0, 0.0, 0.0, 0.0], [0.0, 0.0, 0.0, 0.0, 0.0, 0.0, 0.0, 0.0], [0.0, 0.0, 0.0, 0.0, 0.0, 0.0, 0.0, 0.0], [0.0, 0.0, 0.0, 0.0, 0.0, 0.0, 0.0, 0.0], [0.0, 0.0, 0.0, 0.0, 0.0, 0.0, 0.0, 0.0]]}}
bs_setyawan_curtarolo_efermi: -0.29164855
bs_hinuma_task_id: mp-2112677
bs_hinuma_band_gap: 0.7722
bs_hinuma_cbm: {'band_index': {'-1': [29], '1': []}, 'kpoint_index': [13, 14, 111], 'kpoint': <pymatgen.electronic_structure.bandstructure.Kpoint object at 0x7fc5d4b5a190>, 'energy': 0.4068, 'projections': {'-1': [[0.0098, 0.0, 0.006500000000000001, 0.0005, 0.00030000000000000003, 0.0002, 0.001, 0.0005], [0.0, 0.0001, 0.0784, 0.013000000000000001, 0.1469, 0.0118, 0.0, 0.018500000000000003], [0.0, 0.0, 0.0, 0.0, 0.0, 0.0, 0.0, 0.0], [0.0001, 0.0005, 0.11420000000000001, 0.2656, 0.0083, 0.0021000000000000003, 0.0001, 0.0002], [0.0269, 0.00030000000000000003, 0.0, 0.0, 0.0, 0.0, 0.0, 0.0], [0.0, 0.0, 0.0, 0.0, 0.0, 0.0, 0.0, 0.0], [0.0122, 0.0022, 0.0, 0.0, 0.0, 0.0, 0.0, 0.0], [0.0, 0.0, 0.0, 0.0, 0.0, 0.0, 0.0, 0.0], [0.014100000000000001, 0.0011, 0.0, 0.0, 0.0, 0.0, 0.0, 0.0]]}}
bs_hinuma_vbm: {'band_index': {'-1': [28], '1': []}, 'kpoint_index': [0, 38, 39], 'kpoint': <pymatgen.electronic_structure.bandstructure.Kpoint object at 0x7fc5d4b5a200>, 'energy': -0.3654, 'projections': {'-1': [[0.0, 0.0, 0.0, 0.0, 0.0, 0.0, 0.0, 0.0], [0.0, 0.0, 0.0, 0.0, 0.0, 0.0, 0.0, 0.0], [0.0002, 0.0614, 0.21, 0.21, 0.21, 0.028, 0.028, 0.028], [0.0, 0.0, 0.0, 0.0, 0.0, 0.0, 0.0, 0.0], [0.0, 0.0, 0.0, 0.0, 0.0, 0.0, 0.0, 0.0], [0.0, 0.0, 0.0, 0.0, 0.0, 0.0, 0.0, 0.0], [0.0, 0.0, 0.0, 0.0, 0.0, 0.0, 0.0, 0.0], [0.0, 0.0, 0.0, 0.0, 0.0, 0.0, 0.0, 0.0], [0.0, 0.0, 0.0, 0.0, 0.0, 0.0, 0.0, 0.0]]}}
bs_hinuma_efermi: -0.29164855
bs_latimer_munro_task_id: mp-2426806
bs_latimer_munro_band_gap: 0.7722
bs_latimer_munro_cbm: {'band_index': {'-1': [29], '1': []}, 'kpoint_index': [25, 26, 128], 'kpoint': <pymatgen.electronic_structure.bandstructure.Kpoint object at 0x7fc5d4b59e80>, 'energy': 0.4068, 'projections': {'-1': [[0.0098, 0.0, 0.0005, 0.00030000000000000003, 0.006500000000000001, 0.001, 0.0005, 0.0002], [0.0, 0.0002, 0.2534, 0.012700000000000001, 0.0233, 0.0, 0.0033, 0.0089], [0.0, 0.0, 0.0, 0.0, 0.0, 0.0, 0.0, 0.0], [0.0, 0.0004, 0.0252, 0.1426, 0.1693, 0.0, 0.015300000000000001, 0.0051], [0.0004, 0.0013000000000000002, 0.0, 0.0, 0.0, 0.0, 0.0, 0.0], [0.0, 0.0, 0.0, 0.0, 0.0, 0.0, 0.0, 0.0], [0.0122, 0.0022, 0.0, 0.0, 0.0, 0.0, 0.0, 0.0], [0.0, 0.0, 0.0, 0.0, 0.0, 0.0, 0.0, 0.0], [0.040600000000000004, 0.0, 0.0, 0.0, 0.0, 0.0, 0.0, 0.0]]}}
bs_latimer_munro_vbm: {'band_index': {'-1': [28], '1': []}, 'kpoint_index': [98, 99, 115], 'kpoint': <pymatgen.electronic_structure.bandstructure.Kpoint object at 0x7fc5d4b59c50>, 'energy': -0.3654, 'projections': {'-1': [[0.0, 0.0, 0.0, 0.0, 0.0, 0.0, 0.0, 0.0], [0.0, 0.0, 0.0, 0.0, 0.0, 0.0, 0.0, 0.0], [0.0002, 0.0614, 0.21, 0.21, 0.21, 0.028, 0.028, 0.028], [0.0, 0.0, 0.0, 0.0, 0.0, 0.0, 0.0, 0.0], [0.0, 0.0, 0.0, 0.0, 0.0, 0.0, 0.0, 0.0], [0.0, 0.0, 0.0, 0.0, 0.0, 0.0, 0.0, 0.0], [0.0, 0.0, 0.0, 0.0, 0.0, 0.0, 0.0, 0.0], [0.0, 0.0, 0.0, 0.0, 0.0, 0.0, 0.0, 0.0], [0.0, 0.0, 0.0, 0.0, 0.0, 0.0, 0.0, 0.0]]}}
bs_latimer_munro_efermi: -0.29366916