material_id: mp-1044762
band_gap: 0.0317
efermi: 4.82781469
dos_magnetic_ordering: FM
dos_total_task_id: mp-1684422
dos_total_band_gap: 0.5065000000000001
dos_total_cbm: 5.2314
dos_total_vbm: 4.7249
dos_total_efermi: 4.82781469
bs_setyawan_curtarolo_task_id: mp-1044769
bs_setyawan_curtarolo_band_gap: 1.0704
bs_setyawan_curtarolo_cbm: {'band_index': {'1': [84], '-1': []}, 'kpoint_index': [85, 86, 108], 'kpoint': <pymatgen.electronic_structure.bandstructure.Kpoint object at 0x7fc699d63930>, 'energy': 5.0804, 'projections': {'1': [[0.0, 0.0, 0.0, 0.0001, 0.0, 0.0001, 0.00030000000000000003, 0.0004, 0.0, 0.0001, 0.0014, 0.0004, 0.0002, 0.0009000000000000001, 0.0, 0.0013000000000000002, 0.0002, 0.0004, 0.0002, 0.0008], [0.0, 0.0, 0.0001, 0.0, 0.0001, 0.0, 0.0005, 0.0005, 0.0, 0.0119, 0.0129, 0.0012000000000000001, 0.0002, 0.0009000000000000001, 0.0, 0.011600000000000001, 0.0132, 0.0011, 0.0001, 0.0011], [0.0006000000000000001, 0.0006000000000000001, 0.0001, 0.0, 0.0001, 0.0, 0.0014, 0.0014, 0.0, 0.0008, 0.0056, 0.0002, 0.0028, 0.00030000000000000003, 0.0, 0.005200000000000001, 0.0009000000000000001, 0.0002, 0.0033, 0.00030000000000000003], [0.0001, 0.0001, 0.001, 0.0002, 0.001, 0.0002, 0.0002, 0.0002, 0.0031000000000000003, 0.0043, 0.0088, 0.0025, 0.0034000000000000002, 0.0004, 0.0029000000000000002, 0.008, 0.0049, 0.0023, 0.0037, 0.0005], [0.0013000000000000002, 0.0013000000000000002, 0.0029000000000000002, 0.026500000000000003, 0.0033, 0.0241, 0.0, 0.0, 0.0, 0.0, 0.0, 0.0, 0.0, 0.0, 0.0, 0.0, 0.0, 0.0, 0.0, 0.0], [0.0044, 0.0043, 0.0039000000000000003, 0.0651, 0.0036000000000000003, 0.059000000000000004, 0.0, 0.0, 0.0, 0.0, 0.0, 0.0, 0.0, 0.0, 0.0, 0.0, 0.0, 0.0, 0.0, 0.0], [0.0048000000000000004, 0.0046, 0.0012000000000000001, 0.0043, 0.0012000000000000001, 0.0037, 0.0002, 0.0002, 0.0, 0.0, 0.0, 0.0, 0.0, 0.0, 0.0, 0.0, 0.0, 0.0, 0.0, 0.0], [0.0002, 0.0002, 0.0011, 0.0523, 0.0011, 0.0483, 0.0001, 0.0001, 0.0, 0.0, 0.0, 0.0, 0.0, 0.0, 0.0, 0.0, 0.0, 0.0, 0.0, 0.0], [0.0024000000000000002, 0.0024000000000000002, 0.0001, 0.2202, 0.0001, 0.1973, 0.0, 0.0, 0.0, 0.0, 0.0, 0.0, 0.0, 0.0, 0.0, 0.0, 0.0, 0.0, 0.0, 0.0]]}}
bs_setyawan_curtarolo_vbm: {'band_index': {'1': [83], '-1': []}, 'kpoint_index': [45, 46], 'kpoint': <pymatgen.electronic_structure.bandstructure.Kpoint object at 0x7fc5d4b59be0>, 'energy': 4.01, 'projections': {'1': [[0.0002, 0.0002, 0.0001, 0.001, 0.0001, 0.001, 0.0007, 0.0006000000000000001, 0.0, 0.0, 0.0, 0.0002, 0.0001, 0.0, 0.0, 0.0, 0.0, 0.0002, 0.0001, 0.0], [0.0002, 0.0002, 0.0, 0.0, 0.0, 0.0, 0.0, 0.0, 0.0071, 0.0177, 0.0145, 0.0111, 0.0079, 0.0, 0.0071, 0.0152, 0.016800000000000002, 0.0117, 0.0077, 0.0], [0.00030000000000000003, 0.00030000000000000003, 0.0, 0.0004, 0.0, 0.0004, 0.0001, 0.0001, 0.0007, 0.0091, 0.005, 0.0024000000000000002, 0.0008, 0.0013000000000000002, 0.0007, 0.005, 0.0088, 0.0026000000000000003, 0.0008, 0.0014], [0.0001, 0.0001, 0.0, 0.0001, 0.0, 0.0001, 0.0012000000000000001, 0.0012000000000000001, 0.0012000000000000001, 0.0213, 0.0122, 0.013000000000000001, 0.0057, 0.0055000000000000005, 0.0011, 0.012700000000000001, 0.0205, 0.0137, 0.0053, 0.0057], [0.0009000000000000001, 0.0009000000000000001, 0.0308, 0.0036000000000000003, 0.029900000000000003, 0.0038, 0.0001, 0.0001, 0.0, 0.0, 0.0, 0.0, 0.0, 0.0, 0.0, 0.0, 0.0, 0.0, 0.0, 0.0], [0.0018000000000000002, 0.0017000000000000001, 0.0001, 0.007500000000000001, 0.0001, 0.0079, 0.0001, 0.0001, 0.0, 0.0, 0.0, 0.0, 0.0, 0.0, 0.0, 0.0, 0.0, 0.0, 0.0, 0.0], [0.0001, 0.0, 0.0011, 0.006900000000000001, 0.0011, 0.007200000000000001, 0.0011, 0.0011, 0.0, 0.0, 0.0, 0.0, 0.0, 0.0, 0.0, 0.0, 0.0, 0.0, 0.0, 0.0], [0.0015, 0.0015, 0.0008, 0.013800000000000002, 0.0008, 0.014, 0.0, 0.0, 0.0, 0.0, 0.0, 0.0, 0.0, 0.0, 0.0, 0.0, 0.0, 0.0, 0.0, 0.0], [0.0002, 0.0002, 0.24480000000000002, 0.0021000000000000003, 0.2336, 0.0022, 0.0006000000000000001, 0.0006000000000000001, 0.0, 0.0, 0.0, 0.0, 0.0, 0.0, 0.0, 0.0, 0.0, 0.0, 0.0, 0.0]]}}
bs_setyawan_curtarolo_efermi: 4.05413378