material_id: mp-19287
band_gap: 0.0673
efermi: 5.36429859
dos_magnetic_ordering: NM
dos_total_task_id: mp-1702169
dos_total_band_gap: 0.0327
dos_total_cbm: 5.4222
dos_total_vbm: 5.3895
dos_total_efermi: 5.39766685
bs_setyawan_curtarolo_task_id: mp-1600227
bs_setyawan_curtarolo_band_gap: 0.0673
bs_setyawan_curtarolo_cbm: {'band_index': {'1': [62]}, 'kpoint_index': ['66'], 'kpoint': <pymatgen.electronic_structure.bandstructure.Kpoint object at 0x7fc699d63930>, 'energy': 5.3977, 'projections': {'1': [[0.0005, 0.0005, 0.0004, 0.0004, 0.0015, 0.0015, 0.0015, 0.0015, 0.0006000000000000001, 0.0006000000000000001, 0.0001, 0.0002, 0.0006000000000000001, 0.0002, 0.0001, 0.0006000000000000001, 0.0002, 0.0001, 0.0002, 0.0001], [0.0, 0.0, 0.0, 0.0, 0.001, 0.001, 0.001, 0.001, 0.0059, 0.0059, 0.0076, 0.0012000000000000001, 0.0059, 0.0012000000000000001, 0.0076, 0.0059, 0.0012000000000000001, 0.0076, 0.0012000000000000001, 0.0076], [0.0, 0.0, 0.0, 0.0, 0.0002, 0.0002, 0.0002, 0.0002, 0.0, 0.0, 0.0008, 0.0006000000000000001, 0.0, 0.0006000000000000001, 0.0008, 0.0, 0.0006000000000000001, 0.0008, 0.0006000000000000001, 0.0008], [0.0001, 0.0001, 0.0, 0.0, 0.0, 0.0, 0.0, 0.0, 0.0018000000000000002, 0.0018000000000000002, 0.0045000000000000005, 0.0002, 0.0018000000000000002, 0.0002, 0.0045000000000000005, 0.0018000000000000002, 0.0002, 0.0045000000000000005, 0.0002, 0.0045000000000000005], [0.0, 0.0, 0.0, 0.0, 0.0, 0.0, 0.0, 0.0, 0.0, 0.0, 0.0, 0.0, 0.0, 0.0, 0.0, 0.0, 0.0, 0.0, 0.0, 0.0], [0.0, 0.0, 0.0374, 0.0374, 0.0, 0.0, 0.0, 0.0, 0.0, 0.0, 0.0, 0.0, 0.0, 0.0, 0.0, 0.0, 0.0, 0.0, 0.0, 0.0], [0.0, 0.0, 0.028, 0.028, 0.0, 0.0, 0.0, 0.0, 0.0, 0.0, 0.0, 0.0, 0.0, 0.0, 0.0, 0.0, 0.0, 0.0, 0.0, 0.0], [0.0, 0.0, 0.0, 0.0, 0.0, 0.0, 0.0, 0.0, 0.0, 0.0, 0.0, 0.0, 0.0, 0.0, 0.0, 0.0, 0.0, 0.0, 0.0, 0.0], [0.0, 0.0, 0.3255, 0.3255, 0.0, 0.0, 0.0, 0.0, 0.0, 0.0, 0.0, 0.0, 0.0, 0.0, 0.0, 0.0, 0.0, 0.0, 0.0, 0.0]]}}
bs_setyawan_curtarolo_vbm: {'band_index': {'1': [61]}, 'kpoint_index': ['69'], 'kpoint': <pymatgen.electronic_structure.bandstructure.Kpoint object at 0x7fc5d4b59d30>, 'energy': 5.3304, 'projections': {'1': [[0.0002, 0.0002, 0.0005, 0.0005, 0.0005, 0.0005, 0.0005, 0.0005, 0.0, 0.0, 0.0001, 0.00030000000000000003, 0.0, 0.00030000000000000003, 0.0001, 0.0, 0.00030000000000000003, 0.0001, 0.00030000000000000003, 0.0001], [0.0, 0.0, 0.0, 0.0, 0.00030000000000000003, 0.00030000000000000003, 0.00030000000000000003, 0.00030000000000000003, 0.0002, 0.0002, 0.004, 0.0004, 0.0002, 0.0004, 0.004, 0.0002, 0.0004, 0.004, 0.0004, 0.004], [0.0, 0.0, 0.0, 0.0, 0.0001, 0.0001, 0.0001, 0.0001, 0.003, 0.003, 0.0071, 0.0001, 0.003, 0.0001, 0.0071, 0.003, 0.0001, 0.0071, 0.0001, 0.0071], [0.0, 0.0, 0.0001, 0.0001, 0.0001, 0.0001, 0.0001, 0.0001, 0.00030000000000000003, 0.00030000000000000003, 0.0028, 0.0008, 0.00030000000000000003, 0.0008, 0.0028, 0.00030000000000000003, 0.0008, 0.0028, 0.0008, 0.0028], [0.0, 0.0, 0.0, 0.0, 0.0, 0.0, 0.0, 0.0, 0.0, 0.0, 0.0, 0.0, 0.0, 0.0, 0.0, 0.0, 0.0, 0.0, 0.0, 0.0], [0.0, 0.0, 0.1715, 0.1715, 0.0, 0.0, 0.0, 0.0, 0.0, 0.0, 0.0, 0.0, 0.0, 0.0, 0.0, 0.0, 0.0, 0.0, 0.0, 0.0], [0.0, 0.0, 0.05, 0.05, 0.0, 0.0, 0.0, 0.0, 0.0, 0.0, 0.0, 0.0, 0.0, 0.0, 0.0, 0.0, 0.0, 0.0, 0.0, 0.0], [0.0, 0.0, 0.0, 0.0, 0.0, 0.0, 0.0, 0.0, 0.0, 0.0, 0.0, 0.0, 0.0, 0.0, 0.0, 0.0, 0.0, 0.0, 0.0, 0.0], [0.0, 0.0, 0.19090000000000001, 0.19090000000000001, 0.0, 0.0, 0.0, 0.0, 0.0, 0.0, 0.0, 0.0, 0.0, 0.0, 0.0, 0.0, 0.0, 0.0, 0.0, 0.0]]}}
bs_setyawan_curtarolo_efermi: 5.36429859
bs_latimer_munro_task_id: mp-2435716
bs_latimer_munro_band_gap: 0.0673
bs_latimer_munro_cbm: {'band_index': {'1': [62]}, 'kpoint_index': ['3'], 'kpoint': <pymatgen.electronic_structure.bandstructure.Kpoint object at 0x7fc5d4b5a190>, 'energy': 5.3977, 'projections': {'1': [[0.0005, 0.0005, 0.0004, 0.0004, 0.0015, 0.0015, 0.0015, 0.0015, 0.0006000000000000001, 0.0006000000000000001, 0.0001, 0.0002, 0.0006000000000000001, 0.0002, 0.0001, 0.0006000000000000001, 0.0002, 0.0001, 0.0002, 0.0001], [0.0, 0.0, 0.0, 0.0, 0.001, 0.001, 0.001, 0.001, 0.0059, 0.0059, 0.0076, 0.0012000000000000001, 0.0059, 0.0012000000000000001, 0.0076, 0.0059, 0.0012000000000000001, 0.0076, 0.0012000000000000001, 0.0076], [0.0, 0.0, 0.0, 0.0, 0.0002, 0.0002, 0.0002, 0.0002, 0.0, 0.0, 0.0008, 0.0006000000000000001, 0.0, 0.0006000000000000001, 0.0008, 0.0, 0.0006000000000000001, 0.0008, 0.0006000000000000001, 0.0008], [0.0001, 0.0001, 0.0, 0.0, 0.0, 0.0, 0.0, 0.0, 0.0018000000000000002, 0.0018000000000000002, 0.0045000000000000005, 0.0002, 0.0018000000000000002, 0.0002, 0.0045000000000000005, 0.0018000000000000002, 0.0002, 0.0045000000000000005, 0.0002, 0.0045000000000000005], [0.0, 0.0, 0.0, 0.0, 0.0, 0.0, 0.0, 0.0, 0.0, 0.0, 0.0, 0.0, 0.0, 0.0, 0.0, 0.0, 0.0, 0.0, 0.0, 0.0], [0.0, 0.0, 0.0374, 0.0374, 0.0, 0.0, 0.0, 0.0, 0.0, 0.0, 0.0, 0.0, 0.0, 0.0, 0.0, 0.0, 0.0, 0.0, 0.0, 0.0], [0.0, 0.0, 0.028, 0.028, 0.0, 0.0, 0.0, 0.0, 0.0, 0.0, 0.0, 0.0, 0.0, 0.0, 0.0, 0.0, 0.0, 0.0, 0.0, 0.0], [0.0, 0.0, 0.0, 0.0, 0.0, 0.0, 0.0, 0.0, 0.0, 0.0, 0.0, 0.0, 0.0, 0.0, 0.0, 0.0, 0.0, 0.0, 0.0, 0.0], [0.0, 0.0, 0.3255, 0.3255, 0.0, 0.0, 0.0, 0.0, 0.0, 0.0, 0.0, 0.0, 0.0, 0.0, 0.0, 0.0, 0.0, 0.0, 0.0, 0.0]]}}
bs_latimer_munro_vbm: {'band_index': {'1': [61]}, 'kpoint_index': ['6'], 'kpoint': <pymatgen.electronic_structure.bandstructure.Kpoint object at 0x7fc5d4b59be0>, 'energy': 5.3304, 'projections': {'1': [[0.0002, 0.0002, 0.0005, 0.0005, 0.0005, 0.0005, 0.0005, 0.0005, 0.0, 0.0, 0.0001, 0.00030000000000000003, 0.0, 0.00030000000000000003, 0.0001, 0.0, 0.00030000000000000003, 0.0001, 0.00030000000000000003, 0.0001], [0.0, 0.0, 0.0, 0.0, 0.00030000000000000003, 0.00030000000000000003, 0.00030000000000000003, 0.00030000000000000003, 0.0002, 0.0002, 0.004, 0.0004, 0.0002, 0.0004, 0.004, 0.0002, 0.0004, 0.004, 0.0004, 0.004], [0.0, 0.0, 0.0, 0.0, 0.0001, 0.0001, 0.0001, 0.0001, 0.003, 0.003, 0.0071, 0.0001, 0.003, 0.0001, 0.0071, 0.003, 0.0001, 0.0071, 0.0001, 0.0071], [0.0, 0.0, 0.0001, 0.0001, 0.0001, 0.0001, 0.0001, 0.0001, 0.00030000000000000003, 0.00030000000000000003, 0.0028, 0.0008, 0.00030000000000000003, 0.0008, 0.0028, 0.00030000000000000003, 0.0008, 0.0028, 0.0008, 0.0028], [0.0, 0.0, 0.0, 0.0, 0.0, 0.0, 0.0, 0.0, 0.0, 0.0, 0.0, 0.0, 0.0, 0.0, 0.0, 0.0, 0.0, 0.0, 0.0, 0.0], [0.0, 0.0, 0.1715, 0.1715, 0.0, 0.0, 0.0, 0.0, 0.0, 0.0, 0.0, 0.0, 0.0, 0.0, 0.0, 0.0, 0.0, 0.0, 0.0, 0.0], [0.0, 0.0, 0.05, 0.05, 0.0, 0.0, 0.0, 0.0, 0.0, 0.0, 0.0, 0.0, 0.0, 0.0, 0.0, 0.0, 0.0, 0.0, 0.0, 0.0], [0.0, 0.0, 0.0, 0.0, 0.0, 0.0, 0.0, 0.0, 0.0, 0.0, 0.0, 0.0, 0.0, 0.0, 0.0, 0.0, 0.0, 0.0, 0.0, 0.0], [0.0, 0.0, 0.19090000000000001, 0.19090000000000001, 0.0, 0.0, 0.0, 0.0, 0.0, 0.0, 0.0, 0.0, 0.0, 0.0, 0.0, 0.0, 0.0, 0.0, 0.0, 0.0]]}}
bs_latimer_munro_efermi: 5.36429761