material_id: mp-1180460
band_gap: 0.4103
efermi: 0.83637774
dos_magnetic_ordering: FiM
dos_total_task_id: mp-1753081
dos_total_band_gap: 1.029599999999999
dos_total_cbm: 1.7566000000000002
dos_total_vbm: 0.727
dos_total_efermi: 0.73017716
bs_setyawan_curtarolo_task_id: mp-1623384
bs_setyawan_curtarolo_band_gap: 0.4103
bs_setyawan_curtarolo_cbm: {'band_index': {'-1': [77], '1': []}, 'kpoint_index': [133, 134], 'kpoint': <pymatgen.electronic_structure.bandstructure.Kpoint object at 0x7fc699d63930>, 'energy': 1.1231, 'projections': {'-1': [[0.0001, 0.001, 0.0001, 0.0015, 0.0015, 0.0047, 0.00030000000000000003, 0.0, 0.0047, 0.0, 0.00030000000000000003, 0.00030000000000000003, 0.00030000000000000003, 0.0011, 0.0008, 0.0008, 0.0024000000000000002, 0.0001, 0.0001, 0.0001, 0.0001, 0.0, 0.0001, 0.0, 0.0004, 0.0004], [0.0001, 0.0, 0.0001, 0.0001, 0.0001, 0.0011, 0.0001, 0.0031000000000000003, 0.0011, 0.0031000000000000003, 0.0001, 0.0028, 0.0028, 0.0044, 0.0011, 0.0011, 0.0002, 0.09040000000000001, 0.0001, 0.09050000000000001, 0.081, 0.0013000000000000002, 0.081, 0.0006000000000000001, 0.0008, 0.0008], [0.0, 0.0002, 0.0, 0.0, 0.0, 0.0, 0.0035, 0.0029000000000000002, 0.0, 0.0029000000000000002, 0.0035, 0.0, 0.0, 0.0, 0.0016, 0.0016, 0.0061, 0.00030000000000000003, 0.0026000000000000003, 0.00030000000000000003, 0.0005, 0.0008, 0.0005, 0.0, 0.0022, 0.0022], [0.0002, 0.0, 0.0002, 0.0, 0.0, 0.0024000000000000002, 0.0037, 0.0, 0.0024000000000000002, 0.0, 0.0037, 0.0001, 0.0001, 0.0, 0.00030000000000000003, 0.00030000000000000003, 0.0, 0.0224, 0.0, 0.0224, 0.0199, 0.0, 0.0199, 0.0, 0.0, 0.0], [0.0007, 0.0, 0.0007, 0.0, 0.0, 0.0, 0.0, 0.0, 0.0, 0.0, 0.0, 0.0, 0.0, 0.0, 0.0001, 0.0001, 0.0, 0.0, 0.0, 0.0, 0.0001, 0.0, 0.0001, 0.0, 0.0, 0.0], [0.0013000000000000002, 0.0076, 0.0013000000000000002, 0.0, 0.0, 0.0, 0.0, 0.0, 0.0, 0.0, 0.0, 0.0, 0.0, 0.00030000000000000003, 0.0001, 0.0001, 0.0, 0.0005, 0.0, 0.0005, 0.0005, 0.0002, 0.0005, 0.0002, 0.0, 0.0], [0.0002, 0.0037, 0.0002, 0.0, 0.0, 0.0, 0.0, 0.0, 0.0, 0.0, 0.0, 0.0001, 0.0001, 0.00030000000000000003, 0.0, 0.0, 0.0001, 0.0, 0.0, 0.0, 0.0, 0.00030000000000000003, 0.0, 0.0, 0.0, 0.0], [0.0004, 0.0, 0.0004, 0.0, 0.0, 0.0, 0.0, 0.0, 0.0, 0.0, 0.0, 0.0001, 0.0001, 0.0, 0.0, 0.0, 0.0, 0.0002, 0.0, 0.0002, 0.0002, 0.0, 0.0002, 0.0, 0.0, 0.0], [0.004, 0.0002, 0.004, 0.0, 0.0, 0.0, 0.0, 0.0, 0.0, 0.0, 0.0, 0.0, 0.0, 0.0001, 0.0001, 0.0001, 0.0, 0.0, 0.0, 0.0, 0.0001, 0.0001, 0.0001, 0.0, 0.0, 0.0]]}}
bs_setyawan_curtarolo_vbm: {'band_index': {'1': [78], '-1': []}, 'kpoint_index': ['258'], 'kpoint': <pymatgen.electronic_structure.bandstructure.Kpoint object at 0x7fc5d4b59c50>, 'energy': 0.7128, 'projections': {'1': [[0.0, 0.0, 0.0, 0.0033, 0.0033, 0.004, 0.0039000000000000003, 0.0004, 0.004, 0.0004, 0.0039000000000000003, 0.0001, 0.0001, 0.0, 0.0, 0.0, 0.0, 0.0, 0.0, 0.0, 0.0001, 0.0001, 0.0001, 0.0, 0.0007, 0.0007], [0.0004, 0.0, 0.0004, 0.0007, 0.0007, 0.0043, 0.0007, 0.0, 0.0043, 0.0, 0.0007, 0.0025, 0.0025, 0.0001, 0.002, 0.002, 0.0001, 0.057300000000000004, 0.0, 0.057300000000000004, 0.0733, 0.0, 0.0733, 0.00030000000000000003, 0.0067, 0.0067], [0.0, 0.0, 0.0, 0.0007, 0.0007, 0.0012000000000000001, 0.006, 0.0006000000000000001, 0.0012000000000000001, 0.0006000000000000001, 0.006, 0.0, 0.0, 0.0, 0.002, 0.002, 0.0004, 0.0001, 0.0, 0.0001, 0.0004, 0.0, 0.0004, 0.0, 0.0033, 0.0033], [0.0, 0.0, 0.0, 0.0008, 0.0008, 0.0007, 0.0045000000000000005, 0.0004, 0.0007, 0.0004, 0.0045000000000000005, 0.0001, 0.0001, 0.0201, 0.0001, 0.0001, 0.0167, 0.0279, 0.0233, 0.0279, 0.0318, 0.0012000000000000001, 0.0318, 0.004, 0.0007, 0.0007], [0.0024000000000000002, 0.0337, 0.0024000000000000002, 0.0, 0.0, 0.0, 0.0, 0.0, 0.0, 0.0, 0.0, 0.0002, 0.0002, 0.0, 0.0, 0.0, 0.0002, 0.0, 0.0001, 0.0, 0.0, 0.0001, 0.0, 0.0002, 0.0, 0.0], [0.0041, 0.0002, 0.0041, 0.0, 0.0, 0.0, 0.0, 0.0, 0.0, 0.0, 0.0, 0.0, 0.0, 0.0, 0.0, 0.0, 0.0, 0.0004, 0.0, 0.0004, 0.0004, 0.0, 0.0004, 0.0, 0.0, 0.0], [0.001, 0.0002, 0.001, 0.0, 0.0, 0.0, 0.0, 0.0, 0.0, 0.0, 0.0, 0.0001, 0.0001, 0.0, 0.0, 0.0, 0.0, 0.0, 0.0, 0.0, 0.0, 0.0, 0.0, 0.0, 0.0, 0.0], [0.0061, 0.00030000000000000003, 0.0061, 0.0, 0.0, 0.0, 0.0, 0.0, 0.0, 0.0, 0.0, 0.0001, 0.0001, 0.0, 0.0, 0.0, 0.0001, 0.0001, 0.0, 0.0001, 0.0001, 0.0001, 0.0001, 0.0, 0.0, 0.0], [0.0009000000000000001, 0.0001, 0.0009000000000000001, 0.0, 0.0, 0.0, 0.0, 0.0, 0.0, 0.0, 0.0, 0.0, 0.0, 0.0, 0.0, 0.0, 0.0, 0.0, 0.0, 0.0, 0.0001, 0.0001, 0.0001, 0.0, 0.0, 0.0]]}}
bs_setyawan_curtarolo_efermi: 0.83637774