material_id: mp-1046012
band_gap: 1.646199999999999
efermi: 2.88013262
dos_magnetic_ordering: NM
dos_total_task_id: mp-1682645
dos_total_band_gap: 1.6731
dos_total_cbm: 4.4328
dos_total_vbm: 2.7597
dos_total_efermi: 2.7452383
bs_setyawan_curtarolo_task_id: mp-1046018
bs_setyawan_curtarolo_band_gap: 1.646199999999999
bs_setyawan_curtarolo_cbm: {'band_index': {'1': [72]}, 'kpoint_index': [85], 'kpoint': <pymatgen.electronic_structure.bandstructure.Kpoint object at 0x7fc699d63930>, 'energy': 4.408, 'projections': {'1': [[0.0098, 0.0098, 0.0051, 0.0051, 0.0004, 0.005200000000000001, 0.0051, 0.0004, 0.0048000000000000004, 0.0036000000000000003, 0.0036000000000000003, 0.005, 0.0061, 0.0111, 0.006, 0.011300000000000001], [0.0001, 0.0001, 0.0006000000000000001, 0.0006000000000000001, 0.0074, 0.0281, 0.028900000000000002, 0.007, 0.016900000000000002, 0.0074, 0.0074, 0.0162, 0.0, 0.0002, 0.0, 0.0001], [0.0008, 0.0009000000000000001, 0.0002, 0.0002, 0.038200000000000005, 0.0151, 0.0161, 0.037200000000000004, 0.020200000000000003, 0.0033, 0.0032, 0.02, 0.0017000000000000001, 0.0, 0.0016, 0.0], [0.0001, 0.0001, 0.0, 0.0, 0.0017000000000000001, 0.0001, 0.0001, 0.0017000000000000001, 0.0004, 0.00030000000000000003, 0.0004, 0.00030000000000000003, 0.0001, 0.0, 0.0001, 0.0], [0.0001, 0.0001, 0.0001, 0.0001, 0.0001, 0.0, 0.0, 0.0001, 0.0, 0.0, 0.0, 0.0, 0.0, 0.0, 0.0, 0.0], [0.0, 0.0, 0.00030000000000000003, 0.00030000000000000003, 0.002, 0.0004, 0.0004, 0.0021000000000000003, 0.0, 0.0, 0.0, 0.0, 0.0, 0.0, 0.0, 0.0], [0.0033, 0.0033, 0.0001, 0.0001, 0.0005, 0.0014, 0.0015, 0.0005, 0.0, 0.0, 0.0, 0.0, 0.0, 0.0, 0.0, 0.0], [0.0, 0.0, 0.0001, 0.0001, 0.0001, 0.00030000000000000003, 0.00030000000000000003, 0.0001, 0.0, 0.0, 0.0, 0.0, 0.0, 0.0, 0.0, 0.0], [0.0, 0.0, 0.0012000000000000001, 0.0012000000000000001, 0.0007, 0.0001, 0.0, 0.0007, 0.0, 0.0, 0.0, 0.0, 0.0, 0.0, 0.0, 0.0]]}}
bs_setyawan_curtarolo_vbm: {'band_index': {'1': [71]}, 'kpoint_index': [86], 'kpoint': <pymatgen.electronic_structure.bandstructure.Kpoint object at 0x7fc5d4b5a430>, 'energy': 2.7618, 'projections': {'1': [[0.0, 0.0, 0.0, 0.0, 0.11850000000000001, 0.0007, 0.0007, 0.11810000000000001, 0.0, 0.0006000000000000001, 0.0006000000000000001, 0.0, 0.0, 0.0001, 0.0, 0.0001], [0.0, 0.0, 0.0, 0.0, 0.06520000000000001, 0.00030000000000000003, 0.00030000000000000003, 0.0648, 0.0009000000000000001, 0.06280000000000001, 0.062200000000000005, 0.001, 0.0, 0.0002, 0.0, 0.0002], [0.0007, 0.0007, 0.0001, 0.0001, 0.0017000000000000001, 0.0001, 0.0001, 0.0017000000000000001, 0.002, 0.0086, 0.008700000000000001, 0.002, 0.007200000000000001, 0.002, 0.007200000000000001, 0.0019], [0.0, 0.0, 0.0002, 0.0002, 0.0, 0.0007, 0.0007, 0.0, 0.076, 0.0012000000000000001, 0.0012000000000000001, 0.0762, 0.00030000000000000003, 0.0, 0.00030000000000000003, 0.0], [0.0, 0.0, 0.0026000000000000003, 0.0026000000000000003, 0.0002, 0.00030000000000000003, 0.00030000000000000003, 0.0002, 0.0, 0.0, 0.0, 0.0, 0.0, 0.0, 0.0, 0.0], [0.0009000000000000001, 0.001, 0.00030000000000000003, 0.00030000000000000003, 0.0, 0.0001, 0.0001, 0.0, 0.0, 0.0, 0.0, 0.0, 0.0, 0.0, 0.0, 0.0], [0.0, 0.0, 0.0001, 0.0001, 0.0004, 0.0002, 0.0002, 0.0004, 0.0, 0.0, 0.0, 0.0, 0.0, 0.0, 0.0, 0.0], [0.0001, 0.0001, 0.0001, 0.0001, 0.0002, 0.0007, 0.0007, 0.0002, 0.0, 0.0, 0.0, 0.0, 0.0, 0.0, 0.0, 0.0], [0.0, 0.0, 0.0001, 0.0001, 0.0004, 0.0001, 0.0001, 0.0004, 0.0, 0.0, 0.0, 0.0, 0.0, 0.0, 0.0, 0.0]]}}
bs_setyawan_curtarolo_efermi: 2.88013262