material_id: mp-1019509
band_gap: 6.6956
efermi: 0.06310031
dos_magnetic_ordering: NM
dos_total_task_id: mp-1700134
dos_total_band_gap: 6.680400000000001
dos_total_cbm: 6.6615
dos_total_vbm: -0.0189
dos_total_efermi: -0.01561012
bs_setyawan_curtarolo_task_id: mp-1598629
bs_setyawan_curtarolo_band_gap: 6.6956
bs_setyawan_curtarolo_cbm: {'band_index': {'1': [36]}, 'kpoint_index': [0, 109, 110, 146], 'kpoint': <pymatgen.electronic_structure.bandstructure.Kpoint object at 0x7fc699d63930>, 'energy': 6.6708, 'projections': {'1': [[0.0148, 0.0148, 0.061900000000000004, 0.061900000000000004, 0.0171, 0.0171, 0.0303, 0.0303, 0.033, 0.033, 0.023700000000000002, 0.023700000000000002, 0.0092], [0.00030000000000000003, 0.00030000000000000003, 0.0, 0.0, 0.0, 0.0, 0.007, 0.007, 0.0002, 0.0002, 0.0074, 0.0074, 0.0], [0.0032, 0.0032, 0.0045000000000000005, 0.0045000000000000005, 0.018600000000000002, 0.018600000000000002, 0.0027, 0.0027, 0.0182, 0.0182, 0.0005, 0.0005, 0.0], [0.0038, 0.0038, 0.0, 0.0, 0.0013000000000000002, 0.0013000000000000002, 0.0092, 0.0092, 0.0056, 0.0056, 0.0089, 0.0089, 0.0023], [0.0, 0.0, 0.0, 0.0, 0.0, 0.0, 0.0, 0.0, 0.0, 0.0, 0.0, 0.0, 0.0], [0.0, 0.0, 0.0, 0.0, 0.0, 0.0, 0.0, 0.0, 0.0, 0.0, 0.0, 0.0, 0.0], [0.0, 0.0, 0.0, 0.0, 0.0, 0.0, 0.0, 0.0, 0.0, 0.0, 0.0, 0.0, 0.0], [0.0, 0.0, 0.0, 0.0, 0.0, 0.0, 0.0, 0.0, 0.0, 0.0, 0.0, 0.0, 0.0], [0.0, 0.0, 0.0, 0.0, 0.0, 0.0, 0.0, 0.0, 0.0, 0.0, 0.0, 0.0, 0.0]]}}
bs_setyawan_curtarolo_vbm: {'band_index': {'1': [35]}, 'kpoint_index': ['86'], 'kpoint': <pymatgen.electronic_structure.bandstructure.Kpoint object at 0x7fc5d4b5a350>, 'energy': -0.024800000000000003, 'projections': {'1': [[0.0001, 0.0001, 0.0002, 0.0002, 0.0, 0.0, 0.0001, 0.0001, 0.0008, 0.0008, 0.0005, 0.0005, 0.0], [0.0, 0.0, 0.00030000000000000003, 0.00030000000000000003, 0.07060000000000001, 0.07060000000000001, 0.0008, 0.0008, 0.0054, 0.0054, 0.002, 0.002, 0.0911], [0.0013000000000000002, 0.0013000000000000002, 0.0004, 0.0004, 0.0137, 0.0137, 0.0431, 0.0431, 0.0245, 0.0245, 0.0408, 0.0408, 0.0105], [0.0016, 0.0016, 0.0012000000000000001, 0.0012000000000000001, 0.0867, 0.0867, 0.015, 0.015, 0.0227, 0.0227, 0.0031000000000000003, 0.0031000000000000003, 0.0], [0.0, 0.0, 0.0, 0.0, 0.0, 0.0, 0.0, 0.0, 0.0, 0.0, 0.0, 0.0, 0.0], [0.0, 0.0, 0.0, 0.0, 0.0, 0.0, 0.0, 0.0, 0.0, 0.0, 0.0, 0.0, 0.0], [0.0, 0.0, 0.0, 0.0, 0.0, 0.0, 0.0, 0.0, 0.0, 0.0, 0.0, 0.0, 0.0], [0.0, 0.0, 0.0, 0.0, 0.0, 0.0, 0.0, 0.0, 0.0, 0.0, 0.0, 0.0, 0.0], [0.0, 0.0, 0.0, 0.0, 0.0, 0.0, 0.0, 0.0, 0.0, 0.0, 0.0, 0.0, 0.0]]}}
bs_setyawan_curtarolo_efermi: 0.06310031
bs_latimer_munro_task_id: mp-2434337
bs_latimer_munro_band_gap: 6.6956
bs_latimer_munro_cbm: {'band_index': {'1': [36]}, 'kpoint_index': [20, 21, 73, 74, 138, 139, 158, 195, 214], 'kpoint': <pymatgen.electronic_structure.bandstructure.Kpoint object at 0x7fc5d4b59e80>, 'energy': 6.6708, 'projections': {'1': [[0.0148, 0.0148, 0.061900000000000004, 0.061900000000000004, 0.0171, 0.0171, 0.0303, 0.0303, 0.033, 0.033, 0.023700000000000002, 0.023700000000000002, 0.0092], [0.00030000000000000003, 0.00030000000000000003, 0.0, 0.0, 0.0, 0.0, 0.007, 0.007, 0.0002, 0.0002, 0.0074, 0.0074, 0.0], [0.0032, 0.0032, 0.0045000000000000005, 0.0045000000000000005, 0.018600000000000002, 0.018600000000000002, 0.0027, 0.0027, 0.0182, 0.0182, 0.0005, 0.0005, 0.0], [0.0038, 0.0038, 0.0, 0.0, 0.0013000000000000002, 0.0013000000000000002, 0.0092, 0.0092, 0.0056, 0.0056, 0.0089, 0.0089, 0.0023], [0.0, 0.0, 0.0, 0.0, 0.0, 0.0, 0.0, 0.0, 0.0, 0.0, 0.0, 0.0, 0.0], [0.0, 0.0, 0.0, 0.0, 0.0, 0.0, 0.0, 0.0, 0.0, 0.0, 0.0, 0.0, 0.0], [0.0, 0.0, 0.0, 0.0, 0.0, 0.0, 0.0, 0.0, 0.0, 0.0, 0.0, 0.0, 0.0], [0.0, 0.0, 0.0, 0.0, 0.0, 0.0, 0.0, 0.0, 0.0, 0.0, 0.0, 0.0, 0.0], [0.0, 0.0, 0.0, 0.0, 0.0, 0.0, 0.0, 0.0, 0.0, 0.0, 0.0, 0.0, 0.0]]}}
bs_latimer_munro_vbm: {'band_index': {'1': [35]}, 'kpoint_index': ['192'], 'kpoint': <pymatgen.electronic_structure.bandstructure.Kpoint object at 0x7fc5d4b59be0>, 'energy': -0.024800000000000003, 'projections': {'1': [[0.0001, 0.0001, 0.0002, 0.0002, 0.0, 0.0, 0.0001, 0.0001, 0.0008, 0.0008, 0.0005, 0.0005, 0.0], [0.0, 0.0, 0.00030000000000000003, 0.00030000000000000003, 0.07060000000000001, 0.07060000000000001, 0.0008, 0.0008, 0.0054, 0.0054, 0.002, 0.002, 0.0911], [0.0013000000000000002, 0.0013000000000000002, 0.0004, 0.0004, 0.0137, 0.0137, 0.0431, 0.0431, 0.0245, 0.0245, 0.0408, 0.0408, 0.0105], [0.0016, 0.0016, 0.0012000000000000001, 0.0012000000000000001, 0.0867, 0.0867, 0.015, 0.015, 0.0227, 0.0227, 0.0031000000000000003, 0.0031000000000000003, 0.0], [0.0, 0.0, 0.0, 0.0, 0.0, 0.0, 0.0, 0.0, 0.0, 0.0, 0.0, 0.0, 0.0], [0.0, 0.0, 0.0, 0.0, 0.0, 0.0, 0.0, 0.0, 0.0, 0.0, 0.0, 0.0, 0.0], [0.0, 0.0, 0.0, 0.0, 0.0, 0.0, 0.0, 0.0, 0.0, 0.0, 0.0, 0.0, 0.0], [0.0, 0.0, 0.0, 0.0, 0.0, 0.0, 0.0, 0.0, 0.0, 0.0, 0.0, 0.0, 0.0], [0.0, 0.0, 0.0, 0.0, 0.0, 0.0, 0.0, 0.0, 0.0, 0.0, 0.0, 0.0, 0.0]]}}
bs_latimer_munro_efermi: 0.029163460000000002