material_id: mp-1041934
band_gap: 0.0
efermi: 5.24176681
dos_magnetic_ordering: FM
dos_total_task_id: mp-1739030
dos_total_band_gap: 0.0
dos_total_cbm: 5.2231
dos_total_vbm: 5.2568
dos_total_efermi: 5.24176681
bs_setyawan_curtarolo_task_id: mp-1045203
bs_setyawan_curtarolo_band_gap: 0.8945999999999991
bs_setyawan_curtarolo_cbm: {'band_index': {'-1': [54], '1': []}, 'kpoint_index': [0, 82, 83], 'kpoint': <pymatgen.electronic_structure.bandstructure.Kpoint object at 0x7fc699d63930>, 'energy': 5.4135, 'projections': {'-1': [[0.08, 0.08, 0.027, 0.027, 0.0117, 0.0117, 0.0217, 0.0115, 0.0217, 0.0115, 0.0115, 0.0115, 0.0217, 0.0217], [0.0, 0.0, 0.0005, 0.0005, 0.0, 0.0, 0.0001, 0.0007, 0.0004, 0.0001, 0.0001, 0.0007, 0.0004, 0.0001], [0.0, 0.0, 0.001, 0.001, 0.0, 0.0, 0.0023, 0.0006000000000000001, 0.001, 0.0006000000000000001, 0.0006000000000000001, 0.0006000000000000001, 0.001, 0.0023], [0.0, 0.0, 0.0015, 0.0015, 0.0, 0.0, 0.0002, 0.0006000000000000001, 0.0012000000000000001, 0.0012000000000000001, 0.0012000000000000001, 0.0006000000000000001, 0.0012000000000000001, 0.0002], [0.0008, 0.0, 0.0182, 0.0182, 0.0041, 0.005200000000000001, 0.0, 0.0, 0.0, 0.0, 0.0, 0.0, 0.0, 0.0], [0.0006000000000000001, 0.0001, 0.00030000000000000003, 0.00030000000000000003, 0.0007, 0.0009000000000000001, 0.0, 0.0, 0.0, 0.0, 0.0, 0.0, 0.0, 0.0], [0.0, 0.0, 0.0058000000000000005, 0.0058000000000000005, 0.0198, 0.0176, 0.0, 0.0, 0.0, 0.0, 0.0, 0.0, 0.0, 0.0], [0.0, 0.0004, 0.0009000000000000001, 0.0009000000000000001, 0.002, 0.0027, 0.0, 0.0, 0.0, 0.0, 0.0, 0.0, 0.0, 0.0], [0.00030000000000000003, 0.0011, 0.0061, 0.0061, 0.0014, 0.0017000000000000001, 0.0, 0.0, 0.0, 0.0, 0.0, 0.0, 0.0, 0.0]]}}
bs_setyawan_curtarolo_vbm: {'band_index': {'1': [65], '-1': []}, 'kpoint_index': [0, 82, 83], 'kpoint': <pymatgen.electronic_structure.bandstructure.Kpoint object at 0x7fc5d4b5a190>, 'energy': 4.5189, 'projections': {'1': [[0.0, 0.0, 0.00030000000000000003, 0.00030000000000000003, 0.0, 0.0, 0.0007, 0.0007, 0.0007, 0.0007, 0.0007, 0.0007, 0.0007, 0.0007], [0.00030000000000000003, 0.00030000000000000003, 0.0026000000000000003, 0.0026000000000000003, 0.0007, 0.0004, 0.0106, 0.014400000000000001, 0.0049, 0.00030000000000000003, 0.00030000000000000003, 0.014400000000000001, 0.0049, 0.0106], [0.0006000000000000001, 0.0006000000000000001, 0.005200000000000001, 0.005200000000000001, 0.0006000000000000001, 0.0018000000000000002, 0.0057, 0.009600000000000001, 0.0286, 0.009600000000000001, 0.009600000000000001, 0.009600000000000001, 0.0286, 0.0057], [0.0009000000000000001, 0.0009000000000000001, 0.0079, 0.0079, 0.0021000000000000003, 0.0013000000000000002, 0.0318, 0.0082, 0.014700000000000001, 0.0223, 0.0223, 0.0082, 0.014700000000000001, 0.0318], [0.0, 0.0, 0.0729, 0.0729, 0.0, 0.0, 0.0, 0.0, 0.0, 0.0, 0.0, 0.0, 0.0, 0.0], [0.0, 0.0, 0.0196, 0.0196, 0.0, 0.0, 0.0, 0.0, 0.0, 0.0, 0.0, 0.0, 0.0, 0.0], [0.0, 0.0, 0.08660000000000001, 0.08660000000000001, 0.0, 0.0, 0.0, 0.0, 0.0, 0.0, 0.0, 0.0, 0.0, 0.0], [0.0, 0.0, 0.058800000000000005, 0.058800000000000005, 0.0, 0.0, 0.0, 0.0, 0.0, 0.0, 0.0, 0.0, 0.0, 0.0], [0.0, 0.0, 0.024300000000000002, 0.024300000000000002, 0.0, 0.0, 0.0, 0.0, 0.0, 0.0, 0.0, 0.0, 0.0, 0.0]]}}
bs_setyawan_curtarolo_efermi: 4.55392041