material_id: mp-1025577
band_gap: 0.906
efermi: 1.9105228300000001
dos_magnetic_ordering: NM
dos_total_task_id: mp-1742740
dos_total_band_gap: 0.8892
dos_total_cbm: 2.6646
dos_total_vbm: 1.7754
dos_total_efermi: 1.776292419999999
bs_setyawan_curtarolo_task_id: mp-1654701
bs_setyawan_curtarolo_band_gap: 0.906
bs_setyawan_curtarolo_cbm: {'band_index': {'1': [36]}, 'kpoint_index': [37, 38, 138], 'kpoint': <pymatgen.electronic_structure.bandstructure.Kpoint object at 0x7fc699d63930>, 'energy': 2.667399999999999, 'projections': {'1': [[0.0539, 0.0, 0.0, 0.0, 0.0, 0.0, 0.0, 0.0, 0.0], [0.0, 0.0, 0.0, 0.0, 0.0, 0.0, 0.0083, 0.0083, 0.0], [0.0, 0.0, 0.0, 0.0, 0.0, 0.0, 0.0, 0.0, 0.0], [0.0, 0.0, 0.0, 0.0, 0.0, 0.0, 0.0083, 0.0083, 0.0], [0.0, 0.0, 0.0, 0.0, 0.0, 0.0, 0.0, 0.0, 0.0], [0.0, 0.0, 0.0, 0.0, 0.0, 0.0, 0.0, 0.0, 0.0], [0.6988000000000001, 0.0, 0.0, 0.0, 0.0, 0.0, 0.0, 0.0, 0.0], [0.0, 0.0, 0.0, 0.0, 0.0, 0.0, 0.0, 0.0, 0.0], [0.0, 0.0, 0.0, 0.0, 0.0, 0.0, 0.0, 0.0, 0.0]]}}
bs_setyawan_curtarolo_vbm: {'band_index': {'1': [35]}, 'kpoint_index': [37, 38, 138], 'kpoint': <pymatgen.electronic_structure.bandstructure.Kpoint object at 0x7fc5d4b5a430>, 'energy': 1.7614, 'projections': {'1': [[0.0, 0.0, 0.0, 0.0, 0.0, 0.0, 0.0, 0.0, 0.0], [0.0, 0.005, 0.0, 0.032600000000000004, 0.0324, 0.0001, 0.0, 0.0, 0.0001], [0.0, 0.0, 0.0, 0.0, 0.0, 0.0, 0.0, 0.0, 0.0], [0.0, 0.005, 0.0, 0.032600000000000004, 0.0324, 0.0001, 0.0, 0.0, 0.0001], [0.0, 0.2822, 0.0004, 0.0005, 0.0005, 0.0, 0.0, 0.0, 0.0], [0.0, 0.0, 0.0001, 0.0004, 0.0004, 0.0, 0.0, 0.0, 0.0], [0.0, 0.0, 0.0, 0.0, 0.0, 0.0, 0.0, 0.0, 0.0], [0.0, 0.0, 0.0001, 0.0004, 0.0004, 0.0, 0.0, 0.0, 0.0], [0.0, 0.2822, 0.0004, 0.0005, 0.0005, 0.0, 0.0, 0.0, 0.0]]}}
bs_setyawan_curtarolo_efermi: 1.9105228300000001
bs_hinuma_task_id: mp-2099494
bs_hinuma_band_gap: 0.906
bs_hinuma_cbm: {'band_index': {'1': [36]}, 'kpoint_index': [37, 38, 141], 'kpoint': <pymatgen.electronic_structure.bandstructure.Kpoint object at 0x7fc5d4b5a200>, 'energy': 2.667399999999999, 'projections': {'1': [[0.0539, 0.0, 0.0, 0.0, 0.0, 0.0, 0.0, 0.0, 0.0], [0.0, 0.0, 0.0, 0.0, 0.0, 0.0, 0.0083, 0.0083, 0.0], [0.0, 0.0, 0.0, 0.0, 0.0, 0.0, 0.0, 0.0, 0.0], [0.0, 0.0, 0.0, 0.0, 0.0, 0.0, 0.0083, 0.0083, 0.0], [0.0, 0.0, 0.0, 0.0, 0.0, 0.0, 0.0, 0.0, 0.0], [0.0, 0.0, 0.0, 0.0, 0.0, 0.0, 0.0, 0.0, 0.0], [0.6988000000000001, 0.0, 0.0, 0.0, 0.0, 0.0, 0.0, 0.0, 0.0], [0.0, 0.0, 0.0, 0.0, 0.0, 0.0, 0.0, 0.0, 0.0], [0.0, 0.0, 0.0, 0.0, 0.0, 0.0, 0.0, 0.0, 0.0]]}}
bs_hinuma_vbm: {'band_index': {'1': [35]}, 'kpoint_index': [37, 38, 141], 'kpoint': <pymatgen.electronic_structure.bandstructure.Kpoint object at 0x7fc5d4b5a3c0>, 'energy': 1.7614, 'projections': {'1': [[0.0, 0.0, 0.0, 0.0, 0.0, 0.0, 0.0, 0.0, 0.0], [0.0, 0.005, 0.0, 0.032600000000000004, 0.0324, 0.0001, 0.0, 0.0, 0.0001], [0.0, 0.0, 0.0, 0.0, 0.0, 0.0, 0.0, 0.0, 0.0], [0.0, 0.005, 0.0, 0.032600000000000004, 0.0324, 0.0001, 0.0, 0.0, 0.0001], [0.0, 0.2822, 0.0004, 0.0005, 0.0005, 0.0, 0.0, 0.0, 0.0], [0.0, 0.0, 0.0001, 0.0004, 0.0004, 0.0, 0.0, 0.0, 0.0], [0.0, 0.0, 0.0, 0.0, 0.0, 0.0, 0.0, 0.0, 0.0], [0.0, 0.0, 0.0001, 0.0004, 0.0004, 0.0, 0.0, 0.0, 0.0], [0.0, 0.2822, 0.0004, 0.0005, 0.0005, 0.0, 0.0, 0.0, 0.0]]}}
bs_hinuma_efermi: 1.9105228300000001
bs_latimer_munro_task_id: mp-2301297
bs_latimer_munro_band_gap: 0.906
bs_latimer_munro_cbm: {'band_index': {'1': [36]}, 'kpoint_index': [13, 14, 147], 'kpoint': <pymatgen.electronic_structure.bandstructure.Kpoint object at 0x7fc5d4b5a350>, 'energy': 2.667399999999999, 'projections': {'1': [[0.0539, 0.0, 0.0, 0.0, 0.0, 0.0, 0.0, 0.0, 0.0], [0.0, 0.0, 0.0, 0.0, 0.0, 0.0, 0.0083, 0.0083, 0.0], [0.0, 0.0, 0.0, 0.0, 0.0, 0.0, 0.0, 0.0, 0.0], [0.0, 0.0, 0.0, 0.0, 0.0, 0.0, 0.0083, 0.0083, 0.0], [0.0, 0.0, 0.0, 0.0, 0.0, 0.0, 0.0, 0.0, 0.0], [0.0, 0.0, 0.0, 0.0, 0.0, 0.0, 0.0, 0.0, 0.0], [0.6988000000000001, 0.0, 0.0, 0.0, 0.0, 0.0, 0.0, 0.0, 0.0], [0.0, 0.0, 0.0, 0.0, 0.0, 0.0, 0.0, 0.0, 0.0], [0.0, 0.0, 0.0, 0.0, 0.0, 0.0, 0.0, 0.0, 0.0]]}}
bs_latimer_munro_vbm: {'band_index': {'1': [35]}, 'kpoint_index': [13, 14, 147], 'kpoint': <pymatgen.electronic_structure.bandstructure.Kpoint object at 0x7fc5d4b59d30>, 'energy': 1.7614, 'projections': {'1': [[0.0, 0.0, 0.0, 0.0, 0.0, 0.0, 0.0, 0.0, 0.0], [0.0, 0.005, 0.0, 0.032600000000000004, 0.0324, 0.0001, 0.0, 0.0, 0.0001], [0.0, 0.0, 0.0, 0.0, 0.0, 0.0, 0.0, 0.0, 0.0], [0.0, 0.005, 0.0, 0.032600000000000004, 0.0324, 0.0001, 0.0, 0.0, 0.0001], [0.0, 0.2822, 0.0004, 0.0005, 0.0005, 0.0, 0.0, 0.0, 0.0], [0.0, 0.0, 0.0001, 0.0004, 0.0004, 0.0, 0.0, 0.0, 0.0], [0.0, 0.0, 0.0, 0.0, 0.0, 0.0, 0.0, 0.0, 0.0], [0.0, 0.0, 0.0001, 0.0004, 0.0004, 0.0, 0.0, 0.0, 0.0], [0.0, 0.2822, 0.0004, 0.0005, 0.0005, 0.0, 0.0, 0.0, 0.0]]}}
bs_latimer_munro_efermi: 1.9083232300000001