material_id: mp-16060
band_gap: 1.0268
efermi: -0.63589991
dos_magnetic_ordering: NM
dos_total_task_id: mp-2275641
dos_total_band_gap: 0.9979
dos_total_cbm: 0.2059
dos_total_vbm: -0.792
dos_total_efermi: -0.80261622
bs_setyawan_curtarolo_task_id: mp-1599584
bs_setyawan_curtarolo_band_gap: 1.0268
bs_setyawan_curtarolo_cbm: {'band_index': {'1': [50, 51]}, 'kpoint_index': [0, 46, 47], 'kpoint': <pymatgen.electronic_structure.bandstructure.Kpoint object at 0x7fc699d63930>, 'energy': 0.2268, 'projections': {'1': [[0.0, 0.0, 0.0, 0.0, 0.0, 0.0, 0.0, 0.0045000000000000005, 0.0, 0.0045000000000000005, 0.0045000000000000005, 0.0045000000000000005], [0.002, 0.002, 0.0, 0.0, 0.0008, 0.0008, 0.0008, 0.0245, 0.0008, 0.0245, 0.0245, 0.0245], [0.0, 0.0, 0.0, 0.0, 0.0, 0.0, 0.0, 0.0354, 0.0, 0.0354, 0.0354, 0.0354], [0.002, 0.002, 0.0, 0.0, 0.0008, 0.0008, 0.0008, 0.0245, 0.0008, 0.0245, 0.0245, 0.0245], [0.0, 0.0, 0.0, 0.0, 0.0, 0.0, 0.0, 0.0, 0.0, 0.0, 0.0, 0.0], [0.0004, 0.0004, 0.0004, 0.2604, 0.0, 0.0, 0.0, 0.0, 0.0, 0.0, 0.0, 0.0], [0.0, 0.0, 0.0, 0.0, 0.0, 0.0, 0.0, 0.0, 0.0, 0.0, 0.0, 0.0], [0.0004, 0.0004, 0.0004, 0.2604, 0.0, 0.0, 0.0, 0.0, 0.0, 0.0, 0.0, 0.0], [0.0, 0.0, 0.0, 0.0, 0.0, 0.0, 0.0, 0.0, 0.0, 0.0, 0.0, 0.0]]}}
bs_setyawan_curtarolo_vbm: {'band_index': {'1': [49]}, 'kpoint_index': [16, 17, 110], 'kpoint': <pymatgen.electronic_structure.bandstructure.Kpoint object at 0x7fc5d4b5a190>, 'energy': -0.8, 'projections': {'1': [[0.0, 0.0, 0.0, 0.0, 0.0, 0.0, 0.0, 0.0, 0.0, 0.0, 0.0, 0.0], [0.0, 0.0, 0.0, 0.0, 0.0039000000000000003, 0.0039000000000000003, 0.0039000000000000003, 0.025400000000000002, 0.0039000000000000003, 0.025400000000000002, 0.025400000000000002, 0.025400000000000002], [0.0, 0.0, 0.0, 0.0, 0.0, 0.0, 0.0, 0.0, 0.0, 0.0, 0.0, 0.0], [0.0, 0.0, 0.0, 0.0, 0.0039000000000000003, 0.0039000000000000003, 0.0039000000000000003, 0.025400000000000002, 0.0039000000000000003, 0.025400000000000002, 0.025400000000000002, 0.025400000000000002], [0.0, 0.0, 0.0, 0.0, 0.0, 0.0, 0.0, 0.0, 0.0, 0.0, 0.0, 0.0], [0.1647, 0.1647, 0.0, 0.0, 0.0, 0.0, 0.0, 0.0, 0.0, 0.0, 0.0, 0.0], [0.0, 0.0, 0.0, 0.0, 0.0, 0.0, 0.0, 0.0, 0.0, 0.0, 0.0, 0.0], [0.1648, 0.1647, 0.0, 0.0, 0.0, 0.0, 0.0, 0.0, 0.0, 0.0, 0.0, 0.0], [0.0, 0.0, 0.0099, 0.0529, 0.0, 0.0, 0.0, 0.0, 0.0, 0.0, 0.0, 0.0]]}}
bs_setyawan_curtarolo_efermi: -0.63589991
bs_hinuma_task_id: mp-2065152
bs_hinuma_band_gap: 1.0268
bs_hinuma_cbm: {'band_index': {'1': [50, 51]}, 'kpoint_index': [0, 49, 50, 86], 'kpoint': <pymatgen.electronic_structure.bandstructure.Kpoint object at 0x7fc5d4b5a350>, 'energy': 0.2268, 'projections': {'1': [[0.0, 0.0, 0.0, 0.0, 0.0, 0.0, 0.0, 0.0045000000000000005, 0.0, 0.0045000000000000005, 0.0045000000000000005, 0.0045000000000000005], [0.002, 0.002, 0.0, 0.0, 0.0008, 0.0008, 0.0008, 0.0245, 0.0008, 0.0245, 0.0245, 0.0245], [0.0, 0.0, 0.0, 0.0, 0.0, 0.0, 0.0, 0.0354, 0.0, 0.0354, 0.0354, 0.0354], [0.002, 0.002, 0.0, 0.0, 0.0008, 0.0008, 0.0008, 0.0245, 0.0008, 0.0245, 0.0245, 0.0245], [0.0, 0.0, 0.0, 0.0, 0.0, 0.0, 0.0, 0.0, 0.0, 0.0, 0.0, 0.0], [0.0004, 0.0004, 0.0004, 0.2604, 0.0, 0.0, 0.0, 0.0, 0.0, 0.0, 0.0, 0.0], [0.0, 0.0, 0.0, 0.0, 0.0, 0.0, 0.0, 0.0, 0.0, 0.0, 0.0, 0.0], [0.0004, 0.0004, 0.0004, 0.2604, 0.0, 0.0, 0.0, 0.0, 0.0, 0.0, 0.0, 0.0], [0.0, 0.0, 0.0, 0.0, 0.0, 0.0, 0.0, 0.0, 0.0, 0.0, 0.0, 0.0]]}}
bs_hinuma_vbm: {'band_index': {'1': [49]}, 'kpoint_index': [16, 17, 87], 'kpoint': <pymatgen.electronic_structure.bandstructure.Kpoint object at 0x7fc5d4b59d30>, 'energy': -0.8, 'projections': {'1': [[0.0, 0.0, 0.0, 0.0, 0.0, 0.0, 0.0, 0.0, 0.0, 0.0, 0.0, 0.0], [0.0, 0.0, 0.0, 0.0, 0.0039000000000000003, 0.0039000000000000003, 0.0039000000000000003, 0.025400000000000002, 0.0039000000000000003, 0.025400000000000002, 0.025400000000000002, 0.025400000000000002], [0.0, 0.0, 0.0, 0.0, 0.0, 0.0, 0.0, 0.0, 0.0, 0.0, 0.0, 0.0], [0.0, 0.0, 0.0, 0.0, 0.0039000000000000003, 0.0039000000000000003, 0.0039000000000000003, 0.025400000000000002, 0.0039000000000000003, 0.025400000000000002, 0.025400000000000002, 0.025400000000000002], [0.0, 0.0, 0.0, 0.0, 0.0, 0.0, 0.0, 0.0, 0.0, 0.0, 0.0, 0.0], [0.1647, 0.1647, 0.0, 0.0, 0.0, 0.0, 0.0, 0.0, 0.0, 0.0, 0.0, 0.0], [0.0, 0.0, 0.0, 0.0, 0.0, 0.0, 0.0, 0.0, 0.0, 0.0, 0.0, 0.0], [0.1648, 0.1647, 0.0, 0.0, 0.0, 0.0, 0.0, 0.0, 0.0, 0.0, 0.0, 0.0], [0.0, 0.0, 0.0099, 0.0529, 0.0, 0.0, 0.0, 0.0, 0.0, 0.0, 0.0, 0.0]]}}
bs_hinuma_efermi: -0.71444089
bs_latimer_munro_task_id: mp-2711706
bs_latimer_munro_band_gap: 1.0268
bs_latimer_munro_cbm: {'band_index': {'1': [50, 51]}, 'kpoint_index': [23, 24, 85, 86, 157, 158, 175, 190, 204], 'kpoint': <pymatgen.electronic_structure.bandstructure.Kpoint object at 0x7fc5d4b59be0>, 'energy': 0.2268, 'projections': {'1': [[0.0, 0.0, 0.0, 0.0, 0.0, 0.0, 0.0, 0.0045000000000000005, 0.0, 0.0045000000000000005, 0.0045000000000000005, 0.0045000000000000005], [0.002, 0.002, 0.0, 0.0, 0.0008, 0.0008, 0.0008, 0.0245, 0.0008, 0.0245, 0.0245, 0.0245], [0.0, 0.0, 0.0, 0.0, 0.0, 0.0, 0.0, 0.0354, 0.0, 0.0354, 0.0354, 0.0354], [0.002, 0.002, 0.0, 0.0, 0.0008, 0.0008, 0.0008, 0.0245, 0.0008, 0.0245, 0.0245, 0.0245], [0.0, 0.0, 0.0, 0.0, 0.0, 0.0, 0.0, 0.0, 0.0, 0.0, 0.0, 0.0], [0.0004, 0.0004, 0.0004, 0.2604, 0.0, 0.0, 0.0, 0.0, 0.0, 0.0, 0.0, 0.0], [0.0, 0.0, 0.0, 0.0, 0.0, 0.0, 0.0, 0.0, 0.0, 0.0, 0.0, 0.0], [0.0004, 0.0004, 0.0004, 0.2604, 0.0, 0.0, 0.0, 0.0, 0.0, 0.0, 0.0, 0.0], [0.0, 0.0, 0.0, 0.0, 0.0, 0.0, 0.0, 0.0, 0.0, 0.0, 0.0, 0.0]]}}
bs_latimer_munro_vbm: {'band_index': {'1': [49]}, 'kpoint_index': [46, 47, 52, 220], 'kpoint': <pymatgen.electronic_structure.bandstructure.Kpoint object at 0x7fc5d4b59e80>, 'energy': -0.8, 'projections': {'1': [[0.0, 0.0, 0.0, 0.0, 0.0, 0.0, 0.0, 0.0, 0.0, 0.0, 0.0, 0.0], [0.0, 0.0, 0.0, 0.0, 0.0039000000000000003, 0.0039000000000000003, 0.0039000000000000003, 0.025400000000000002, 0.0039000000000000003, 0.025400000000000002, 0.025400000000000002, 0.025400000000000002], [0.0, 0.0, 0.0, 0.0, 0.0, 0.0, 0.0, 0.0, 0.0, 0.0, 0.0, 0.0], [0.0, 0.0, 0.0, 0.0, 0.0039000000000000003, 0.0039000000000000003, 0.0039000000000000003, 0.025400000000000002, 0.0039000000000000003, 0.025400000000000002, 0.025400000000000002, 0.025400000000000002], [0.0, 0.0, 0.0, 0.0, 0.0, 0.0, 0.0, 0.0, 0.0, 0.0, 0.0, 0.0], [0.1647, 0.1647, 0.0, 0.0, 0.0, 0.0, 0.0, 0.0, 0.0, 0.0, 0.0, 0.0], [0.0, 0.0, 0.0, 0.0, 0.0, 0.0, 0.0, 0.0, 0.0, 0.0, 0.0, 0.0], [0.1648, 0.1647, 0.0, 0.0, 0.0, 0.0, 0.0, 0.0, 0.0, 0.0, 0.0, 0.0], [0.0, 0.0, 0.0099, 0.0529, 0.0, 0.0, 0.0, 0.0, 0.0, 0.0, 0.0, 0.0]]}}
bs_latimer_munro_efermi: -0.75596001