material_id: mp-1102430
band_gap: 0.6951
efermi: 8.24384425
dos_magnetic_ordering: NM
dos_total_task_id: mp-2276741
dos_total_band_gap: 0.6875
dos_total_cbm: 8.8946
dos_total_vbm: 8.2071
dos_total_efermi: 8.20719312
bs_setyawan_curtarolo_task_id: mp-1604164
bs_setyawan_curtarolo_band_gap: 0.6951
bs_setyawan_curtarolo_cbm: {'band_index': {'1': [40]}, 'kpoint_index': [0, 36, 37], 'kpoint': <pymatgen.electronic_structure.bandstructure.Kpoint object at 0x7fc699d63930>, 'energy': 8.8936, 'projections': {'1': [[0.0005, 0.0005, 0.0005, 0.0005, 0.0004, 0.0004, 0.0004, 0.0004, 0.0039000000000000003, 0.0039000000000000003, 0.0039000000000000003, 0.0038], [0.018600000000000002, 0.018600000000000002, 0.018600000000000002, 0.018600000000000002, 0.009600000000000001, 0.009600000000000001, 0.009600000000000001, 0.009600000000000001, 0.0006000000000000001, 0.0006000000000000001, 0.0005, 0.0005], [0.018600000000000002, 0.018600000000000002, 0.018600000000000002, 0.018600000000000002, 0.009600000000000001, 0.009600000000000001, 0.009600000000000001, 0.009600000000000001, 0.0006000000000000001, 0.0006000000000000001, 0.0005, 0.0006000000000000001], [0.018600000000000002, 0.018600000000000002, 0.018600000000000002, 0.018600000000000002, 0.009600000000000001, 0.009600000000000001, 0.009600000000000001, 0.009600000000000001, 0.0005, 0.0006000000000000001, 0.0005, 0.0006000000000000001], [0.0006000000000000001, 0.0006000000000000001, 0.0006000000000000001, 0.0006000000000000001, 0.0027, 0.0027, 0.0027, 0.0027, 0.0001, 0.0001, 0.0001, 0.0001], [0.0006000000000000001, 0.0006000000000000001, 0.0006000000000000001, 0.0006000000000000001, 0.0027, 0.0027, 0.0027, 0.0027, 0.0001, 0.0001, 0.0001, 0.0001], [0.0, 0.0, 0.0, 0.0, 0.0, 0.0, 0.0, 0.0, 0.0, 0.0, 0.0, 0.0], [0.0006000000000000001, 0.0006000000000000001, 0.0006000000000000001, 0.0006000000000000001, 0.0027, 0.0027, 0.0027, 0.0027, 0.0001, 0.0001, 0.0001, 0.0001], [0.0, 0.0, 0.0, 0.0, 0.0, 0.0, 0.0, 0.0, 0.0, 0.0, 0.0, 0.0]]}}
bs_setyawan_curtarolo_vbm: {'band_index': {'1': [39]}, 'kpoint_index': ['26'], 'kpoint': <pymatgen.electronic_structure.bandstructure.Kpoint object at 0x7fc5d4b59e80>, 'energy': 8.1985, 'projections': {'1': [[0.0018000000000000002, 0.0006000000000000001, 0.0006000000000000001, 0.0018000000000000002, 0.0013000000000000002, 0.0004, 0.0004, 0.0013000000000000002, 0.0, 0.0033, 0.0033, 0.0], [0.011300000000000001, 0.0122, 0.0122, 0.011300000000000001, 0.0149, 0.0154, 0.0154, 0.0149, 0.0155, 0.019700000000000002, 0.019700000000000002, 0.0155], [0.0015, 0.0106, 0.0106, 0.0015, 0.0013000000000000002, 0.013900000000000001, 0.013900000000000001, 0.0013000000000000002, 0.0, 0.0001, 0.0001, 0.0], [0.038, 0.006500000000000001, 0.006500000000000001, 0.038, 0.0517, 0.0082, 0.0082, 0.0517, 0.0161, 0.0211, 0.0211, 0.0161], [0.0, 0.00030000000000000003, 0.00030000000000000003, 0.0, 0.0, 0.0002, 0.0002, 0.0, 0.003, 0.0019, 0.0019, 0.003], [0.0007, 0.0002, 0.0002, 0.0007, 0.0006000000000000001, 0.0001, 0.0001, 0.0006000000000000001, 0.019200000000000002, 0.0008, 0.0008, 0.019200000000000002], [0.0, 0.0002, 0.0002, 0.0, 0.0, 0.0001, 0.0001, 0.0, 0.0047, 0.0048000000000000004, 0.0048000000000000004, 0.0047], [0.0009000000000000001, 0.0001, 0.0001, 0.0009000000000000001, 0.0006000000000000001, 0.0, 0.0, 0.0006000000000000001, 0.0018000000000000002, 0.0122, 0.0122, 0.0018000000000000002], [0.0012000000000000001, 0.0001, 0.0001, 0.0012000000000000001, 0.0006000000000000001, 0.0, 0.0, 0.0006000000000000001, 0.0068000000000000005, 0.005, 0.0051, 0.0068000000000000005]]}}
bs_setyawan_curtarolo_efermi: 8.24384425
bs_hinuma_task_id: mp-2183154
bs_hinuma_band_gap: 0.6951
bs_hinuma_cbm: {'band_index': {'1': [40]}, 'kpoint_index': [0, 36, 37], 'kpoint': <pymatgen.electronic_structure.bandstructure.Kpoint object at 0x7fc5d4b59c50>, 'energy': 8.8936, 'projections': {'1': [[0.0005, 0.0005, 0.0005, 0.0005, 0.0004, 0.0004, 0.0004, 0.0004, 0.0039000000000000003, 0.0039000000000000003, 0.0039000000000000003, 0.0038], [0.018600000000000002, 0.018600000000000002, 0.018600000000000002, 0.018600000000000002, 0.009600000000000001, 0.009600000000000001, 0.009600000000000001, 0.009600000000000001, 0.0006000000000000001, 0.0006000000000000001, 0.0005, 0.0005], [0.018600000000000002, 0.018600000000000002, 0.018600000000000002, 0.018600000000000002, 0.009600000000000001, 0.009600000000000001, 0.009600000000000001, 0.009600000000000001, 0.0006000000000000001, 0.0006000000000000001, 0.0005, 0.0006000000000000001], [0.018600000000000002, 0.018600000000000002, 0.018600000000000002, 0.018600000000000002, 0.009600000000000001, 0.009600000000000001, 0.009600000000000001, 0.009600000000000001, 0.0005, 0.0006000000000000001, 0.0005, 0.0006000000000000001], [0.0006000000000000001, 0.0006000000000000001, 0.0006000000000000001, 0.0006000000000000001, 0.0027, 0.0027, 0.0027, 0.0027, 0.0001, 0.0001, 0.0001, 0.0001], [0.0006000000000000001, 0.0006000000000000001, 0.0006000000000000001, 0.0006000000000000001, 0.0027, 0.0027, 0.0027, 0.0027, 0.0001, 0.0001, 0.0001, 0.0001], [0.0, 0.0, 0.0, 0.0, 0.0, 0.0, 0.0, 0.0, 0.0, 0.0, 0.0, 0.0], [0.0006000000000000001, 0.0006000000000000001, 0.0006000000000000001, 0.0006000000000000001, 0.0027, 0.0027, 0.0027, 0.0027, 0.0001, 0.0001, 0.0001, 0.0001], [0.0, 0.0, 0.0, 0.0, 0.0, 0.0, 0.0, 0.0, 0.0, 0.0, 0.0, 0.0]]}}
bs_hinuma_vbm: {'band_index': {'1': [39]}, 'kpoint_index': ['26'], 'kpoint': <pymatgen.electronic_structure.bandstructure.Kpoint object at 0x7fc5d4b5a190>, 'energy': 8.1985, 'projections': {'1': [[0.0018000000000000002, 0.0006000000000000001, 0.0006000000000000001, 0.0018000000000000002, 0.0013000000000000002, 0.0004, 0.0004, 0.0013000000000000002, 0.0, 0.0033, 0.0033, 0.0], [0.011300000000000001, 0.0122, 0.0122, 0.011300000000000001, 0.0149, 0.0154, 0.0154, 0.0149, 0.0155, 0.019700000000000002, 0.019700000000000002, 0.0155], [0.0015, 0.0106, 0.0106, 0.0015, 0.0013000000000000002, 0.013900000000000001, 0.013900000000000001, 0.0013000000000000002, 0.0, 0.0001, 0.0001, 0.0], [0.038, 0.006500000000000001, 0.006500000000000001, 0.038, 0.0517, 0.0082, 0.0082, 0.0517, 0.0161, 0.0211, 0.0211, 0.0161], [0.0, 0.00030000000000000003, 0.00030000000000000003, 0.0, 0.0, 0.0002, 0.0002, 0.0, 0.003, 0.0019, 0.0019, 0.003], [0.0007, 0.0002, 0.0002, 0.0007, 0.0006000000000000001, 0.0001, 0.0001, 0.0006000000000000001, 0.019200000000000002, 0.0008, 0.0008, 0.019200000000000002], [0.0, 0.0002, 0.0002, 0.0, 0.0, 0.0001, 0.0001, 0.0, 0.0047, 0.0048000000000000004, 0.0048000000000000004, 0.0047], [0.0009000000000000001, 0.0001, 0.0001, 0.0009000000000000001, 0.0006000000000000001, 0.0, 0.0, 0.0006000000000000001, 0.0018000000000000002, 0.0122, 0.0122, 0.0018000000000000002], [0.0012000000000000001, 0.0001, 0.0001, 0.0012000000000000001, 0.0006000000000000001, 0.0, 0.0, 0.0006000000000000001, 0.0068000000000000005, 0.005, 0.0051, 0.0068000000000000005]]}}
bs_hinuma_efermi: 8.24384425
bs_latimer_munro_task_id: mp-2603802
bs_latimer_munro_band_gap: 0.6951
bs_latimer_munro_cbm: {'band_index': {'1': [40]}, 'kpoint_index': [25, 26, 91], 'kpoint': <pymatgen.electronic_structure.bandstructure.Kpoint object at 0x7fc5d4b5a3c0>, 'energy': 8.8936, 'projections': {'1': [[0.0005, 0.0005, 0.0005, 0.0005, 0.0004, 0.0004, 0.0004, 0.0004, 0.0039000000000000003, 0.0039000000000000003, 0.0039000000000000003, 0.0039000000000000003], [0.018600000000000002, 0.018600000000000002, 0.018600000000000002, 0.018600000000000002, 0.009600000000000001, 0.009600000000000001, 0.009600000000000001, 0.009600000000000001, 0.0005, 0.0005, 0.0006000000000000001, 0.0006000000000000001], [0.018600000000000002, 0.018600000000000002, 0.018600000000000002, 0.018600000000000002, 0.009600000000000001, 0.009600000000000001, 0.009600000000000001, 0.009600000000000001, 0.0005, 0.0006000000000000001, 0.0005, 0.0005], [0.018600000000000002, 0.018600000000000002, 0.018600000000000002, 0.018600000000000002, 0.009600000000000001, 0.009600000000000001, 0.009600000000000001, 0.009600000000000001, 0.0006000000000000001, 0.0005, 0.0006000000000000001, 0.0006000000000000001], [0.0006000000000000001, 0.0006000000000000001, 0.0006000000000000001, 0.0006000000000000001, 0.0027, 0.0027, 0.0027, 0.0027, 0.0001, 0.0001, 0.0001, 0.0001], [0.0006000000000000001, 0.0006000000000000001, 0.0006000000000000001, 0.0006000000000000001, 0.0027, 0.0027, 0.0027, 0.0027, 0.0001, 0.0001, 0.0001, 0.0001], [0.0, 0.0, 0.0, 0.0, 0.0, 0.0, 0.0, 0.0, 0.0, 0.0, 0.0, 0.0], [0.0006000000000000001, 0.0006000000000000001, 0.0006000000000000001, 0.0006000000000000001, 0.0027, 0.0027, 0.0027, 0.0027, 0.0001, 0.0001, 0.0001, 0.0001], [0.0, 0.0, 0.0, 0.0, 0.0, 0.0, 0.0, 0.0, 0.0, 0.0, 0.0, 0.0]]}}
bs_latimer_munro_vbm: {'band_index': {'1': [39]}, 'kpoint_index': ['15'], 'kpoint': <pymatgen.electronic_structure.bandstructure.Kpoint object at 0x7fc5d4b5a430>, 'energy': 8.1985, 'projections': {'1': [[0.0006000000000000001, 0.0018000000000000002, 0.0006000000000000001, 0.0018000000000000002, 0.0004, 0.0013000000000000002, 0.0004, 0.0013000000000000002, 0.0033, 0.0, 0.0033, 0.0], [0.0106, 0.0015, 0.0106, 0.0015, 0.013900000000000001, 0.0013000000000000002, 0.013900000000000001, 0.0013000000000000002, 0.0001, 0.0, 0.0001, 0.0], [0.006500000000000001, 0.038, 0.006500000000000001, 0.038, 0.0082, 0.0517, 0.0082, 0.0517, 0.0211, 0.0161, 0.0211, 0.0161], [0.0122, 0.011300000000000001, 0.0122, 0.011300000000000001, 0.0154, 0.0149, 0.0154, 0.0149, 0.019700000000000002, 0.0155, 0.019700000000000002, 0.0155], [0.0002, 0.0007, 0.0002, 0.0007, 0.0001, 0.0006000000000000001, 0.0001, 0.0006000000000000001, 0.0008, 0.019200000000000002, 0.0008, 0.019200000000000002], [0.0001, 0.0009000000000000001, 0.0001, 0.0009000000000000001, 0.0, 0.0006000000000000001, 0.0, 0.0006000000000000001, 0.0122, 0.0018000000000000002, 0.0122, 0.0018000000000000002], [0.0, 0.0011, 0.0, 0.0011, 0.0, 0.0005, 0.0, 0.0005, 0.0092, 0.0017000000000000001, 0.0092, 0.0017000000000000001], [0.00030000000000000003, 0.0, 0.00030000000000000003, 0.0, 0.0002, 0.0, 0.0002, 0.0, 0.0019, 0.003, 0.0019, 0.003], [0.0002, 0.0002, 0.0002, 0.0002, 0.0001, 0.0001, 0.0001, 0.0001, 0.0006000000000000001, 0.0098, 0.0006000000000000001, 0.0098]]}}
bs_latimer_munro_efermi: 8.2630261