material_id: mp-1077369
band_gap: 0.036999999999999006
efermi: -2.38576851
dos_magnetic_ordering: FM
dos_total_task_id: mp-1699686
dos_total_band_gap: 4.4275
dos_total_cbm: 1.7963
dos_total_vbm: -2.631199999999999
dos_total_efermi: -2.41219398
bs_setyawan_curtarolo_task_id: mp-1590997
bs_setyawan_curtarolo_band_gap: 0.036999999999999006
bs_setyawan_curtarolo_cbm: {'band_index': {'-1': [16], '1': []}, 'kpoint_index': [0, 237, 238], 'kpoint': <pymatgen.electronic_structure.bandstructure.Kpoint object at 0x7fc699d63930>, 'energy': -2.3694, 'projections': {'-1': [[0.0076, 0.0076, 0.0009000000000000001, 0.0009000000000000001, 0.0019, 0.0019], [0.0, 0.0, 0.0, 0.0, 0.0, 0.0], [0.0002, 0.0002, 0.1044, 0.1044, 0.1091, 0.1091], [0.0, 0.0, 0.0, 0.0, 0.0, 0.0], [0.0, 0.0, 0.0, 0.0, 0.0, 0.0], [0.0, 0.0, 0.0, 0.0, 0.0, 0.0], [0.0012000000000000001, 0.0012000000000000001, 0.0, 0.0, 0.0, 0.0], [0.0, 0.0, 0.0, 0.0, 0.0, 0.0], [0.0, 0.0, 0.0, 0.0, 0.0, 0.0]]}}
bs_setyawan_curtarolo_vbm: {'band_index': {'-1': [14, 15], '1': []}, 'kpoint_index': [0, 237, 238], 'kpoint': <pymatgen.electronic_structure.bandstructure.Kpoint object at 0x7fc5d4b59be0>, 'energy': -2.4064, 'projections': {'-1': [[0.0, 0.0, 0.0, 0.0, 0.0, 0.0], [0.006200000000000001, 0.006200000000000001, 0.12, 0.12, 0.1217, 0.1217], [0.0, 0.0, 0.0, 0.0, 0.0, 0.0], [0.0, 0.0, 0.0002, 0.0002, 0.0002, 0.0002], [0.0, 0.0, 0.0, 0.0, 0.0, 0.0], [0.0, 0.0, 0.0, 0.0, 0.0, 0.0], [0.0, 0.0, 0.0, 0.0, 0.0, 0.0], [0.0, 0.0, 0.0, 0.0, 0.0, 0.0], [0.0, 0.0, 0.0, 0.0, 0.0, 0.0]]}}
bs_setyawan_curtarolo_efermi: -2.38576851
bs_hinuma_task_id: mp-2188062
bs_hinuma_band_gap: 0.036999999999999006
bs_hinuma_cbm: {'band_index': {'-1': [16], '1': []}, 'kpoint_index': [0, 237, 238], 'kpoint': <pymatgen.electronic_structure.bandstructure.Kpoint object at 0x7fc5d4b5a3c0>, 'energy': -2.3694, 'projections': {'-1': [[0.0076, 0.0076, 0.0009000000000000001, 0.0009000000000000001, 0.0019, 0.0019], [0.0, 0.0, 0.0, 0.0, 0.0, 0.0], [0.0002, 0.0002, 0.1044, 0.1044, 0.1091, 0.1091], [0.0, 0.0, 0.0, 0.0, 0.0, 0.0], [0.0, 0.0, 0.0, 0.0, 0.0, 0.0], [0.0, 0.0, 0.0, 0.0, 0.0, 0.0], [0.0012000000000000001, 0.0012000000000000001, 0.0, 0.0, 0.0, 0.0], [0.0, 0.0, 0.0, 0.0, 0.0, 0.0], [0.0, 0.0, 0.0, 0.0, 0.0, 0.0]]}}
bs_hinuma_vbm: {'band_index': {'-1': [14, 15], '1': []}, 'kpoint_index': [0, 237, 238], 'kpoint': <pymatgen.electronic_structure.bandstructure.Kpoint object at 0x7fc5d4b5a190>, 'energy': -2.4064, 'projections': {'-1': [[0.0, 0.0, 0.0, 0.0, 0.0, 0.0], [0.006200000000000001, 0.006200000000000001, 0.11900000000000001, 0.11900000000000001, 0.1206, 0.1206], [0.0, 0.0, 0.0, 0.0, 0.0, 0.0], [0.0001, 0.0001, 0.0012000000000000001, 0.0012000000000000001, 0.0012000000000000001, 0.0012000000000000001], [0.0, 0.0, 0.0, 0.0, 0.0, 0.0], [0.0, 0.0, 0.0, 0.0, 0.0, 0.0], [0.0, 0.0, 0.0, 0.0, 0.0, 0.0], [0.0, 0.0, 0.0, 0.0, 0.0, 0.0], [0.0, 0.0, 0.0, 0.0, 0.0, 0.0]]}}
bs_hinuma_efermi: -2.38576851
bs_latimer_munro_task_id: mp-2340286
bs_latimer_munro_band_gap: 0.036999999999999006
bs_latimer_munro_cbm: {'band_index': {'-1': [16], '1': []}, 'kpoint_index': [150, 151, 687, 688, 730], 'kpoint': <pymatgen.electronic_structure.bandstructure.Kpoint object at 0x7fc5d4b59d30>, 'energy': -2.3694, 'projections': {'-1': [[0.0076, 0.0076, 0.0009000000000000001, 0.0009000000000000001, 0.0019, 0.0019], [0.0, 0.0, 0.0, 0.0, 0.0, 0.0], [0.0002, 0.0002, 0.1044, 0.1044, 0.1091, 0.1091], [0.0, 0.0, 0.0, 0.0, 0.0, 0.0], [0.0, 0.0, 0.0, 0.0, 0.0, 0.0], [0.0, 0.0, 0.0, 0.0, 0.0, 0.0], [0.0012000000000000001, 0.0012000000000000001, 0.0, 0.0, 0.0, 0.0], [0.0, 0.0, 0.0, 0.0, 0.0, 0.0], [0.0, 0.0, 0.0, 0.0, 0.0, 0.0]]}}
bs_latimer_munro_vbm: {'band_index': {'-1': [14, 15], '1': []}, 'kpoint_index': [150, 151, 687, 688, 730], 'kpoint': <pymatgen.electronic_structure.bandstructure.Kpoint object at 0x7fc5d4b59c50>, 'energy': -2.4064, 'projections': {'-1': [[0.0, 0.0, 0.0, 0.0, 0.0, 0.0], [0.0018000000000000002, 0.0018000000000000002, 0.034800000000000005, 0.034800000000000005, 0.035300000000000005, 0.035300000000000005], [0.0, 0.0, 0.0, 0.0, 0.0, 0.0], [0.0044, 0.0044, 0.0854, 0.0854, 0.08660000000000001, 0.08660000000000001], [0.0, 0.0, 0.0, 0.0, 0.0, 0.0], [0.0, 0.0, 0.0, 0.0, 0.0, 0.0], [0.0, 0.0, 0.0, 0.0, 0.0, 0.0], [0.0, 0.0, 0.0, 0.0, 0.0, 0.0], [0.0, 0.0, 0.0, 0.0, 0.0, 0.0]]}}
bs_latimer_munro_efermi: -2.38580688