material_id: mp-1206644
band_gap: 2.5719000000000003
efermi: 2.56760146
dos_magnetic_ordering: NM
dos_total_task_id: mp-1754859
dos_total_band_gap: 2.5383
dos_total_cbm: 4.9199
dos_total_vbm: 2.3816
dos_total_efermi: 2.35357801
bs_setyawan_curtarolo_task_id: mp-1637232
bs_setyawan_curtarolo_band_gap: 2.5719000000000003
bs_setyawan_curtarolo_cbm: {'band_index': {'1': [39, 40, 41]}, 'kpoint_index': [0, 49, 50], 'kpoint': <pymatgen.electronic_structure.bandstructure.Kpoint object at 0x7fc699d63930>, 'energy': 4.9242, 'projections': {'1': [[0.0, 0.0, 0.0, 0.0, 0.0, 0.0, 0.0, 0.0, 0.0, 0.0], [0.001, 0.001, 0.0, 0.0, 0.00030000000000000003, 0.00030000000000000003, 0.0, 0.0, 0.007200000000000001, 0.007200000000000001], [0.0, 0.0, 0.0, 0.0, 0.0055000000000000005, 0.0055000000000000005, 0.007200000000000001, 0.007200000000000001, 0.0, 0.0], [0.0013000000000000002, 0.0013000000000000002, 0.0, 0.0, 0.0, 0.0, 0.00030000000000000003, 0.00030000000000000003, 0.0055000000000000005, 0.0055000000000000005], [0.0005, 0.0005, 0.0045000000000000005, 0.01, 0.0, 0.0, 0.0, 0.0, 0.0, 0.0], [0.012100000000000001, 0.012100000000000001, 0.1212, 0.2675, 0.0, 0.0, 0.0, 0.0, 0.0, 0.0], [0.0, 0.0, 0.0, 0.0, 0.0, 0.0, 0.0, 0.0, 0.0, 0.0], [0.0092, 0.0092, 0.09230000000000001, 0.2039, 0.0, 0.0, 0.0, 0.0, 0.0, 0.0], [0.0, 0.0, 0.0, 0.0, 0.0, 0.0, 0.0, 0.0, 0.0, 0.0]]}}
bs_setyawan_curtarolo_vbm: {'band_index': {'1': [36, 37, 38]}, 'kpoint_index': [0, 49, 50], 'kpoint': <pymatgen.electronic_structure.bandstructure.Kpoint object at 0x7fc5d4b59c50>, 'energy': 2.3523, 'projections': {'1': [[0.0, 0.0, 0.0, 0.0, 0.0, 0.0, 0.0, 0.0, 0.0, 0.0], [0.0, 0.0, 0.0, 0.0, 0.1656, 0.1656, 0.0, 0.0, 0.00030000000000000003, 0.00030000000000000003], [0.0, 0.0, 0.0, 0.0, 0.0206, 0.0206, 0.00030000000000000003, 0.00030000000000000003, 0.0, 0.0], [0.0, 0.0, 0.0, 0.0, 0.0, 0.0, 0.1656, 0.1656, 0.0206, 0.0206], [0.0, 0.0, 0.0, 0.0, 0.0, 0.0, 0.0, 0.0, 0.0, 0.0], [0.0, 0.0, 0.0, 0.0, 0.0, 0.0, 0.0, 0.0, 0.0, 0.0], [0.0, 0.0, 0.0, 0.0, 0.0, 0.0, 0.0, 0.0, 0.0, 0.0], [0.0, 0.0, 0.0, 0.0, 0.0, 0.0, 0.0, 0.0, 0.0, 0.0], [0.0, 0.0, 0.0, 0.0, 0.0, 0.0, 0.0, 0.0, 0.0, 0.0]]}}
bs_setyawan_curtarolo_efermi: 2.56760146
bs_hinuma_task_id: mp-2096799
bs_hinuma_band_gap: 2.5719000000000003
bs_hinuma_cbm: {'band_index': {'1': [39, 40, 41]}, 'kpoint_index': [0, 40, 41], 'kpoint': <pymatgen.electronic_structure.bandstructure.Kpoint object at 0x7fc5d4b5a430>, 'energy': 4.9242, 'projections': {'1': [[0.0, 0.0, 0.0, 0.0, 0.0, 0.0, 0.0, 0.0, 0.0, 0.0], [0.001, 0.001, 0.0, 0.0, 0.00030000000000000003, 0.00030000000000000003, 0.0, 0.0, 0.007200000000000001, 0.007200000000000001], [0.0, 0.0, 0.0, 0.0, 0.0055000000000000005, 0.0055000000000000005, 0.007200000000000001, 0.007200000000000001, 0.0, 0.0], [0.0013000000000000002, 0.0013000000000000002, 0.0, 0.0, 0.0, 0.0, 0.00030000000000000003, 0.00030000000000000003, 0.0055000000000000005, 0.0055000000000000005], [0.0005, 0.0005, 0.0045000000000000005, 0.01, 0.0, 0.0, 0.0, 0.0, 0.0, 0.0], [0.012100000000000001, 0.012100000000000001, 0.1212, 0.2675, 0.0, 0.0, 0.0, 0.0, 0.0, 0.0], [0.0, 0.0, 0.0, 0.0, 0.0, 0.0, 0.0, 0.0, 0.0, 0.0], [0.0092, 0.0092, 0.09230000000000001, 0.2039, 0.0, 0.0, 0.0, 0.0, 0.0, 0.0], [0.0, 0.0, 0.0, 0.0, 0.0, 0.0, 0.0, 0.0, 0.0, 0.0]]}}
bs_hinuma_vbm: {'band_index': {'1': [36, 37, 38]}, 'kpoint_index': [0, 40, 41], 'kpoint': <pymatgen.electronic_structure.bandstructure.Kpoint object at 0x7fc5d4b5a200>, 'energy': 2.3523, 'projections': {'1': [[0.0, 0.0, 0.0, 0.0, 0.0, 0.0, 0.0, 0.0, 0.0, 0.0], [0.0, 0.0, 0.0, 0.0, 0.1656, 0.1656, 0.0, 0.0, 0.00030000000000000003, 0.00030000000000000003], [0.0, 0.0, 0.0, 0.0, 0.0206, 0.0206, 0.00030000000000000003, 0.00030000000000000003, 0.0, 0.0], [0.0, 0.0, 0.0, 0.0, 0.0, 0.0, 0.1656, 0.1656, 0.0206, 0.0206], [0.0, 0.0, 0.0, 0.0, 0.0, 0.0, 0.0, 0.0, 0.0, 0.0], [0.0, 0.0, 0.0, 0.0, 0.0, 0.0, 0.0, 0.0, 0.0, 0.0], [0.0, 0.0, 0.0, 0.0, 0.0, 0.0, 0.0, 0.0, 0.0, 0.0], [0.0, 0.0, 0.0, 0.0, 0.0, 0.0, 0.0, 0.0, 0.0, 0.0], [0.0, 0.0, 0.0, 0.0, 0.0, 0.0, 0.0, 0.0, 0.0, 0.0]]}}
bs_hinuma_efermi: 2.47426797
bs_latimer_munro_task_id: mp-2307193
bs_latimer_munro_band_gap: 2.5719000000000003
bs_latimer_munro_cbm: {'band_index': {'1': [39, 40, 41]}, 'kpoint_index': [24, 25, 97, 98, 115], 'kpoint': <pymatgen.electronic_structure.bandstructure.Kpoint object at 0x7fc5d4b59d30>, 'energy': 4.9242, 'projections': {'1': [[0.0, 0.0, 0.0, 0.0, 0.0, 0.0, 0.0, 0.0, 0.0, 0.0], [0.0015, 0.0015, 0.0, 0.0, 0.0021000000000000003, 0.0021000000000000003, 0.0, 0.0, 0.0025, 0.0025], [0.0004, 0.0004, 0.0, 0.0, 0.008400000000000001, 0.008400000000000001, 0.0025, 0.0025, 0.0, 0.0], [0.0004, 0.0004, 0.0, 0.0, 0.0, 0.0, 0.0021000000000000003, 0.0021000000000000003, 0.0083, 0.008400000000000001], [0.0035, 0.0035, 0.0354, 0.0782, 0.0, 0.0, 0.0, 0.0, 0.0, 0.0], [0.004200000000000001, 0.004200000000000001, 0.0419, 0.0925, 0.0, 0.0, 0.0, 0.0, 0.0, 0.0], [0.0, 0.0, 0.0, 0.0, 0.0, 0.0, 0.0, 0.0, 0.0, 0.0], [0.014100000000000001, 0.014100000000000001, 0.14070000000000002, 0.31070000000000003, 0.0, 0.0, 0.0, 0.0, 0.0, 0.0], [0.0, 0.0, 0.0, 0.0, 0.0, 0.0, 0.0, 0.0, 0.0, 0.0]]}}
bs_latimer_munro_vbm: {'band_index': {'1': [36, 37, 38]}, 'kpoint_index': [24, 25, 97, 98, 115], 'kpoint': <pymatgen.electronic_structure.bandstructure.Kpoint object at 0x7fc5d4b59e80>, 'energy': 2.3523, 'projections': {'1': [[0.0, 0.0, 0.0, 0.0, 0.0, 0.0, 0.0, 0.0, 0.0, 0.0], [0.0, 0.0, 0.0, 0.0, 0.0176, 0.0176, 0.0, 0.0, 0.11080000000000001, 0.11080000000000001], [0.0, 0.0, 0.0, 0.0, 0.0582, 0.0582, 0.11080000000000001, 0.11080000000000001, 0.0, 0.0], [0.0, 0.0, 0.0, 0.0, 0.0, 0.0, 0.0176, 0.0176, 0.0582, 0.0582], [0.0, 0.0, 0.0, 0.0, 0.0, 0.0, 0.0, 0.0, 0.0, 0.0], [0.0, 0.0, 0.0, 0.0, 0.0, 0.0, 0.0, 0.0, 0.0, 0.0], [0.0, 0.0, 0.0, 0.0, 0.0, 0.0, 0.0, 0.0, 0.0, 0.0], [0.0, 0.0, 0.0, 0.0, 0.0, 0.0, 0.0, 0.0, 0.0, 0.0], [0.0, 0.0, 0.0, 0.0, 0.0, 0.0, 0.0, 0.0, 0.0, 0.0]]}}
bs_latimer_munro_efermi: 2.39854927