material_id: mp-1214573
band_gap: 1.759999999999999
efermi: 2.11747627
dos_magnetic_ordering: NM
dos_total_task_id: mp-1744457
dos_total_band_gap: 1.9274
dos_total_cbm: 3.9612
dos_total_vbm: 2.0338
dos_total_efermi: 2.04037516
bs_setyawan_curtarolo_task_id: mp-1623743
bs_setyawan_curtarolo_band_gap: 1.759999999999999
bs_setyawan_curtarolo_cbm: {'band_index': {'1': [36]}, 'kpoint_index': [15, 16, 65], 'kpoint': <pymatgen.electronic_structure.bandstructure.Kpoint object at 0x7fc699d63930>, 'energy': 3.7948, 'projections': {'1': [[0.0, 0.0, 0.0082, 0.2354, 0.0058000000000000005, 0.0058000000000000005, 0.0081, 0.0081, 0.0081, 0.0081], [0.0, 0.0, 0.0, 0.0, 0.029400000000000003, 0.029400000000000003, 0.0149, 0.0149, 0.0149, 0.0149], [0.0011, 0.0011, 0.0, 0.0, 0.03, 0.03, 0.0194, 0.0194, 0.0194, 0.0194], [0.0, 0.0, 0.0, 0.0, 0.0, 0.0, 0.0342, 0.0342, 0.0342, 0.0342], [0.0, 0.0, 0.0, 0.0, 0.0, 0.0, 0.0, 0.0, 0.0, 0.0], [0.0, 0.0, 0.0207, 0.0001, 0.0, 0.0, 0.0, 0.0, 0.0, 0.0], [0.0041, 0.0041, 0.0409, 0.0001, 0.0, 0.0, 0.0, 0.0, 0.0, 0.0], [0.0, 0.0, 0.0, 0.0, 0.0, 0.0, 0.0, 0.0, 0.0, 0.0], [0.0, 0.0, 0.0838, 0.0, 0.0, 0.0, 0.0, 0.0, 0.0, 0.0]]}}
bs_setyawan_curtarolo_vbm: {'band_index': {'1': [35]}, 'kpoint_index': ['106'], 'kpoint': <pymatgen.electronic_structure.bandstructure.Kpoint object at 0x7fc5d4b59e80>, 'energy': 2.0348, 'projections': {'1': [[0.0, 0.0, 0.001, 0.0016, 0.0001, 0.0001, 0.0001, 0.0001, 0.0001, 0.0001], [0.0009000000000000001, 0.0009000000000000001, 0.0002, 0.0002, 0.0408, 0.0408, 0.09620000000000001, 0.09620000000000001, 0.0047, 0.0047], [0.003, 0.003, 0.0011, 0.0001, 0.0568, 0.0568, 0.0597, 0.0597, 0.0078000000000000005, 0.0078000000000000005], [0.0006000000000000001, 0.0006000000000000001, 0.0011, 0.00030000000000000003, 0.0733, 0.0733, 0.0002, 0.0002, 0.0074, 0.0074], [0.0007, 0.0007, 0.00030000000000000003, 0.0025, 0.0, 0.0, 0.0, 0.0, 0.0, 0.0], [0.0025, 0.0025, 0.0008, 0.0012000000000000001, 0.0, 0.0, 0.0, 0.0, 0.0, 0.0], [0.0002, 0.0002, 0.0005, 0.0, 0.0, 0.0, 0.0, 0.0, 0.0, 0.0], [0.0016, 0.0016, 0.0048000000000000004, 0.0018000000000000002, 0.0, 0.0, 0.0, 0.0, 0.0, 0.0], [0.0005, 0.0005, 0.0004, 0.0001, 0.0, 0.0, 0.0, 0.0, 0.0, 0.0]]}}
bs_setyawan_curtarolo_efermi: 2.11747627
bs_latimer_munro_task_id: mp-2307429
bs_latimer_munro_band_gap: 1.759999999999999
bs_latimer_munro_cbm: {'band_index': {'1': [36]}, 'kpoint_index': [154, 155, 161], 'kpoint': <pymatgen.electronic_structure.bandstructure.Kpoint object at 0x7fc5d4b5a190>, 'energy': 3.7948, 'projections': {'1': [[0.0, 0.0, 0.0079, 0.2353, 0.0058000000000000005, 0.0058000000000000005, 0.0081, 0.0081, 0.0081, 0.0081], [0.0, 0.0, 0.0, 0.0, 0.029300000000000003, 0.029300000000000003, 0.0149, 0.0149, 0.0149, 0.0149], [0.0011, 0.0011, 0.0, 0.0, 0.03, 0.03, 0.0194, 0.0194, 0.0194, 0.0194], [0.0, 0.0, 0.0, 0.0, 0.0, 0.0, 0.034300000000000004, 0.034300000000000004, 0.034300000000000004, 0.034300000000000004], [0.0, 0.0, 0.0, 0.0, 0.0, 0.0, 0.0, 0.0, 0.0, 0.0], [0.0, 0.0, 0.0207, 0.0001, 0.0, 0.0, 0.0, 0.0, 0.0, 0.0], [0.0041, 0.0041, 0.0409, 0.0001, 0.0, 0.0, 0.0, 0.0, 0.0, 0.0], [0.0, 0.0, 0.0, 0.0, 0.0, 0.0, 0.0, 0.0, 0.0, 0.0], [0.0, 0.0, 0.0839, 0.0, 0.0, 0.0, 0.0, 0.0, 0.0, 0.0]]}}
bs_latimer_munro_vbm: {'band_index': {'1': [35]}, 'kpoint_index': ['178'], 'kpoint': <pymatgen.electronic_structure.bandstructure.Kpoint object at 0x7fc5d4b5a3c0>, 'energy': 2.0348, 'projections': {'1': [[0.0, 0.0, 0.001, 0.0016, 0.0001, 0.0001, 0.0001, 0.0001, 0.0001, 0.0001], [0.0009000000000000001, 0.0009000000000000001, 0.0002, 0.0002, 0.0408, 0.0408, 0.09620000000000001, 0.09620000000000001, 0.0047, 0.0047], [0.003, 0.003, 0.0011, 0.0001, 0.0568, 0.0568, 0.0597, 0.0597, 0.0078000000000000005, 0.0078000000000000005], [0.0006000000000000001, 0.0006000000000000001, 0.0011, 0.00030000000000000003, 0.0733, 0.0733, 0.0002, 0.0002, 0.0074, 0.0074], [0.0007, 0.0007, 0.00030000000000000003, 0.0025, 0.0, 0.0, 0.0, 0.0, 0.0, 0.0], [0.0025, 0.0025, 0.0008, 0.0012000000000000001, 0.0, 0.0, 0.0, 0.0, 0.0, 0.0], [0.0002, 0.0002, 0.0005, 0.0, 0.0, 0.0, 0.0, 0.0, 0.0, 0.0], [0.0016, 0.0016, 0.0048000000000000004, 0.0018000000000000002, 0.0, 0.0, 0.0, 0.0, 0.0, 0.0], [0.0005, 0.0005, 0.0004, 0.0001, 0.0, 0.0, 0.0, 0.0, 0.0, 0.0]]}}
bs_latimer_munro_efermi: 2.11910598