material_id: mp-1044331
band_gap: 0.9247000000000001
efermi: 3.37554415
dos_magnetic_ordering: FM
dos_total_task_id: mp-1732875
dos_total_band_gap: 0.946099999999999
dos_total_cbm: 4.2832
dos_total_vbm: 3.3371
dos_total_efermi: 3.34144524
bs_setyawan_curtarolo_task_id: mp-1044339
bs_setyawan_curtarolo_band_gap: 0.9247000000000001
bs_setyawan_curtarolo_cbm: {'band_index': {'1': [61, 62], '-1': []}, 'kpoint_index': [0, 40, 41], 'kpoint': <pymatgen.electronic_structure.bandstructure.Kpoint object at 0x7fc699d63930>, 'energy': 4.2727, 'projections': {'1': [[0.0, 0.0, 0.0, 0.0, 0.0, 0.0, 0.0, 0.0013000000000000002, 0.0012000000000000001, 0.0, 0.0012000000000000001, 0.0013000000000000002, 0.0, 0.0], [0.0002, 0.0047, 0.0036000000000000003, 0.0036000000000000003, 0.0047, 0.0001, 0.0001, 0.0001, 0.0004, 0.0001, 0.0004, 0.0001, 0.0053, 0.0053], [0.0, 0.0, 0.0, 0.0, 0.0, 0.0, 0.0, 0.0008, 0.0008, 0.0, 0.0008, 0.0008, 0.0, 0.0], [0.0008, 0.0007, 0.0018000000000000002, 0.0018000000000000002, 0.0007, 0.00030000000000000003, 0.00030000000000000003, 0.0009000000000000001, 0.0006000000000000001, 0.00030000000000000003, 0.0006000000000000001, 0.0009000000000000001, 0.0188, 0.0188], [0.0, 0.0989, 0.0876, 0.0876, 0.0989, 0.0, 0.0, 0.0, 0.0, 0.0, 0.0, 0.0, 0.0, 0.0], [0.0, 0.0555, 0.006, 0.006, 0.0555, 0.0, 0.0, 0.0, 0.0, 0.0, 0.0, 0.0, 0.0, 0.0], [0.0, 0.0, 0.0, 0.0, 0.0, 0.0, 0.0, 0.0, 0.0, 0.0, 0.0, 0.0, 0.0, 0.0], [0.0, 0.0046, 0.054200000000000005, 0.054200000000000005, 0.0046, 0.0, 0.0, 0.0, 0.0, 0.0, 0.0, 0.0, 0.0, 0.0], [0.0, 0.0212, 0.0323, 0.0323, 0.0212, 0.0, 0.0, 0.0, 0.0, 0.0, 0.0, 0.0, 0.0, 0.0]]}}
bs_setyawan_curtarolo_vbm: {'band_index': {'1': [59, 60], '-1': []}, 'kpoint_index': [0, 40, 41], 'kpoint': <pymatgen.electronic_structure.bandstructure.Kpoint object at 0x7fc5d4b59c50>, 'energy': 3.348, 'projections': {'1': [[0.0, 0.0, 0.0, 0.0, 0.0, 0.0, 0.0, 0.0, 0.0, 0.0, 0.0, 0.0, 0.0, 0.0], [0.0, 0.0008, 0.0, 0.0, 0.0008, 0.0, 0.0027, 0.0027, 0.0, 0.0027, 0.0, 0.0027, 0.0021000000000000003, 0.0021000000000000003], [0.0, 0.0, 0.0, 0.0, 0.0, 0.0, 0.0563, 0.013800000000000002, 0.0143, 0.0563, 0.0143, 0.013800000000000002, 0.0, 0.0], [0.0, 0.0001, 0.0009000000000000001, 0.0009000000000000001, 0.0001, 0.0, 0.0009000000000000001, 0.0009000000000000001, 0.0036000000000000003, 0.0009000000000000001, 0.0036000000000000003, 0.0009000000000000001, 0.0063, 0.0063], [0.0049, 0.0223, 0.016800000000000002, 0.016800000000000002, 0.0223, 0.0029000000000000002, 0.0, 0.0, 0.0, 0.0, 0.0, 0.0, 0.0, 0.0], [0.0023, 0.06860000000000001, 0.0001, 0.0001, 0.06860000000000001, 0.0008, 0.0, 0.0, 0.0, 0.0, 0.0, 0.0, 0.0, 0.0], [0.0, 0.0, 0.0, 0.0, 0.0, 0.0, 0.0, 0.0, 0.0, 0.0, 0.0, 0.0, 0.0, 0.0], [0.0007, 0.023100000000000002, 0.09140000000000001, 0.09140000000000001, 0.023100000000000002, 0.00030000000000000003, 0.0, 0.0, 0.0, 0.0, 0.0, 0.0, 0.0, 0.0], [0.0016, 0.0568, 0.0623, 0.0623, 0.0568, 0.0009000000000000001, 0.0, 0.0, 0.0, 0.0, 0.0, 0.0, 0.0, 0.0]]}}
bs_setyawan_curtarolo_efermi: 3.37554415