material_id: mp-1079645
band_gap: 1.6721
efermi: 1.3471954
dos_magnetic_ordering: NM
dos_total_task_id: mp-2282776
dos_total_band_gap: 1.4804
dos_total_cbm: 2.8078000000000003
dos_total_vbm: 1.3274
dos_total_efermi: 1.389077299999999
bs_setyawan_curtarolo_task_id: mp-1600029
bs_setyawan_curtarolo_band_gap: 1.6721
bs_setyawan_curtarolo_cbm: {'band_index': {'1': [34]}, 'kpoint_index': [0, 40, 41], 'kpoint': <pymatgen.electronic_structure.bandstructure.Kpoint object at 0x7fc699d63930>, 'energy': 2.8575, 'projections': {'1': [[0.0102, 0.0102, 0.0344, 0.07930000000000001, 0.028200000000000003, 0.028300000000000002, 0.028200000000000003, 0.028300000000000002], [0.0, 0.0, 0.0, 0.0, 0.023, 0.023, 0.023, 0.023], [0.0, 0.0, 0.0, 0.0, 0.0064, 0.0064, 0.0064, 0.0064], [0.0, 0.0, 0.0, 0.0, 0.023, 0.023, 0.023, 0.023], [0.0, 0.0, 0.0, 0.0, 0.0, 0.0, 0.0, 0.0], [0.0, 0.0, 0.0, 0.0, 0.0, 0.0, 0.0, 0.0], [0.0, 0.0, 0.007500000000000001, 0.0034000000000000002, 0.0001, 0.0001, 0.0001, 0.0001], [0.0, 0.0, 0.0, 0.0, 0.0, 0.0, 0.0, 0.0], [0.0002, 0.0002, 0.0, 0.0, 0.0, 0.0, 0.0, 0.0]]}}
bs_setyawan_curtarolo_vbm: {'band_index': {'1': [33]}, 'kpoint_index': ['5'], 'kpoint': <pymatgen.electronic_structure.bandstructure.Kpoint object at 0x7fc5d4b5a200>, 'energy': 1.1854, 'projections': {'1': [[0.0002, 0.0002, 0.0, 0.0, 0.0, 0.0, 0.0007, 0.0007], [0.00030000000000000003, 0.0008, 0.0017000000000000001, 0.0032, 0.0614, 0.0614, 0.0737, 0.0737], [0.0001, 0.0001, 0.0, 0.0, 0.0, 0.0, 0.0009000000000000001, 0.0009000000000000001], [0.0008, 0.00030000000000000003, 0.0017000000000000001, 0.0032, 0.0614, 0.0614, 0.0737, 0.0737], [0.0, 0.0, 0.0, 0.0, 0.0, 0.0, 0.0001, 0.0001], [0.0, 0.0001, 0.0071, 0.0064, 0.0, 0.0, 0.0001, 0.0001], [0.0001, 0.0001, 0.0, 0.0, 0.0, 0.0, 0.0, 0.0], [0.0001, 0.0, 0.0071, 0.0064, 0.0, 0.0, 0.0001, 0.0001], [0.0006000000000000001, 0.0006000000000000001, 0.00030000000000000003, 0.0006000000000000001, 0.0, 0.0, 0.0, 0.0]]}}
bs_setyawan_curtarolo_efermi: 1.3471954
bs_hinuma_task_id: mp-2069152
bs_hinuma_band_gap: 1.6721
bs_hinuma_cbm: {'band_index': {'1': [34]}, 'kpoint_index': [0, 40, 41, 93], 'kpoint': <pymatgen.electronic_structure.bandstructure.Kpoint object at 0x7fc5d4b5a350>, 'energy': 2.8575, 'projections': {'1': [[0.0102, 0.0102, 0.0344, 0.07930000000000001, 0.028200000000000003, 0.028300000000000002, 0.028200000000000003, 0.028300000000000002], [0.0, 0.0, 0.0, 0.0, 0.023, 0.023, 0.023, 0.023], [0.0, 0.0, 0.0, 0.0, 0.0064, 0.0064, 0.0064, 0.0064], [0.0, 0.0, 0.0, 0.0, 0.023, 0.023, 0.023, 0.023], [0.0, 0.0, 0.0, 0.0, 0.0, 0.0, 0.0, 0.0], [0.0, 0.0, 0.0, 0.0, 0.0, 0.0, 0.0, 0.0], [0.0, 0.0, 0.007500000000000001, 0.0034000000000000002, 0.0001, 0.0001, 0.0001, 0.0001], [0.0, 0.0, 0.0, 0.0, 0.0, 0.0, 0.0, 0.0], [0.0002, 0.0002, 0.0, 0.0, 0.0, 0.0, 0.0, 0.0]]}}
bs_hinuma_vbm: {'band_index': {'1': [33]}, 'kpoint_index': ['5'], 'kpoint': <pymatgen.electronic_structure.bandstructure.Kpoint object at 0x7fc5d4b5a3c0>, 'energy': 1.1854, 'projections': {'1': [[0.0002, 0.0002, 0.0, 0.0, 0.0, 0.0, 0.0007, 0.0007], [0.00030000000000000003, 0.0008, 0.0017000000000000001, 0.0032, 0.0614, 0.0614, 0.0737, 0.0737], [0.0001, 0.0001, 0.0, 0.0, 0.0, 0.0, 0.0009000000000000001, 0.0009000000000000001], [0.0008, 0.00030000000000000003, 0.0017000000000000001, 0.0032, 0.0614, 0.0614, 0.0737, 0.0737], [0.0, 0.0, 0.0, 0.0, 0.0, 0.0, 0.0001, 0.0001], [0.0, 0.0001, 0.0071, 0.0064, 0.0, 0.0, 0.0001, 0.0001], [0.0001, 0.0001, 0.0, 0.0, 0.0, 0.0, 0.0, 0.0], [0.0001, 0.0, 0.0071, 0.0064, 0.0, 0.0, 0.0001, 0.0001], [0.0006000000000000001, 0.0006000000000000001, 0.00030000000000000003, 0.0006000000000000001, 0.0, 0.0, 0.0, 0.0]]}}
bs_hinuma_efermi: 1.3471954
bs_latimer_munro_task_id: mp-2441619
bs_latimer_munro_band_gap: 1.6721
bs_latimer_munro_cbm: {'band_index': {'1': [34]}, 'kpoint_index': [22, 23, 105, 106, 163, 164, 177], 'kpoint': <pymatgen.electronic_structure.bandstructure.Kpoint object at 0x7fc5d4b59e80>, 'energy': 2.8575, 'projections': {'1': [[0.0102, 0.0102, 0.0344, 0.07930000000000001, 0.028300000000000002, 0.028300000000000002, 0.028300000000000002, 0.028300000000000002], [0.0, 0.0, 0.0, 0.0, 0.023, 0.023, 0.023, 0.023], [0.0, 0.0, 0.0, 0.0, 0.0064, 0.0064, 0.0064, 0.0064], [0.0, 0.0, 0.0, 0.0, 0.023, 0.023, 0.023, 0.023], [0.0, 0.0, 0.0, 0.0, 0.0, 0.0, 0.0, 0.0], [0.0, 0.0, 0.0, 0.0, 0.0, 0.0, 0.0, 0.0], [0.0, 0.0, 0.007500000000000001, 0.0034000000000000002, 0.0001, 0.0001, 0.0001, 0.0001], [0.0, 0.0, 0.0, 0.0, 0.0, 0.0, 0.0, 0.0], [0.0002, 0.0002, 0.0, 0.0, 0.0, 0.0, 0.0, 0.0]]}}
bs_latimer_munro_vbm: {'band_index': {'1': [33]}, 'kpoint_index': ['182'], 'kpoint': <pymatgen.electronic_structure.bandstructure.Kpoint object at 0x7fc5d4b59d30>, 'energy': 1.1854, 'projections': {'1': [[0.0002, 0.0002, 0.0, 0.0, 0.0, 0.0, 0.0007, 0.0007], [0.00030000000000000003, 0.0008, 0.0017000000000000001, 0.0032, 0.0614, 0.0614, 0.0737, 0.0737], [0.0001, 0.0001, 0.0, 0.0, 0.0, 0.0, 0.0009000000000000001, 0.0009000000000000001], [0.0008, 0.00030000000000000003, 0.0017000000000000001, 0.0032, 0.0614, 0.0614, 0.0737, 0.0737], [0.0, 0.0, 0.0, 0.0, 0.0, 0.0, 0.0001, 0.0001], [0.0, 0.0001, 0.0071, 0.0064, 0.0, 0.0, 0.0001, 0.0001], [0.0001, 0.0001, 0.0, 0.0, 0.0, 0.0, 0.0, 0.0], [0.0001, 0.0, 0.0071, 0.0064, 0.0, 0.0, 0.0001, 0.0001], [0.0006000000000000001, 0.0006000000000000001, 0.00030000000000000003, 0.0006000000000000001, 0.0, 0.0, 0.0, 0.0]]}}
bs_latimer_munro_efermi: 1.32932312