material_id: mp-19407
band_gap: 2.356299999999999
efermi: 2.8855650600000002
dos_magnetic_ordering: AFM
dos_total_task_id: mp-2275954
dos_total_band_gap: 2.6717
dos_total_cbm: 5.2408
dos_total_vbm: 2.5691
dos_total_efermi: 2.57331148
bs_setyawan_curtarolo_task_id: mp-819985
bs_setyawan_curtarolo_band_gap: 2.356299999999999
bs_setyawan_curtarolo_cbm: {'band_index': {'1': [54]}, 'kpoint_index': ['105'], 'kpoint': <pymatgen.electronic_structure.bandstructure.Kpoint object at 0x7fc699d63930>, 'energy': 5.1206, 'projections': {}}
bs_setyawan_curtarolo_vbm: {'band_index': {'1': [53]}, 'kpoint_index': ['91'], 'kpoint': <pymatgen.electronic_structure.bandstructure.Kpoint object at 0x7fc5d4b59c50>, 'energy': 2.7643, 'projections': {}}
bs_setyawan_curtarolo_efermi: 2.8855650600000002
bs_latimer_munro_task_id: mp-2431958
bs_latimer_munro_band_gap: 1.5601999999999991
bs_latimer_munro_cbm: {'band_index': {'1': [50], '-1': []}, 'kpoint_index': ['37'], 'kpoint': <pymatgen.electronic_structure.bandstructure.Kpoint object at 0x7fc5d4b59be0>, 'energy': 4.6968, 'projections': {'1': [[0.0011, 0.0011, 0.0004, 0.0004, 0.0002, 0.0002, 0.0002, 0.0002, 0.0016, 0.0016, 0.0016, 0.0016], [0.0, 0.0, 0.0, 0.0, 0.0039000000000000003, 0.0039000000000000003, 0.0039000000000000003, 0.0039000000000000003, 0.001, 0.001, 0.001, 0.001], [0.0, 0.0, 0.0002, 0.0002, 0.0033, 0.0033, 0.0033, 0.0033, 0.0008, 0.0008, 0.0008, 0.0008], [0.0, 0.0, 0.0002, 0.0002, 0.0034000000000000002, 0.0034000000000000002, 0.0034000000000000002, 0.0034000000000000002, 0.0013000000000000002, 0.0013000000000000002, 0.0013000000000000002, 0.0013000000000000002], [0.11380000000000001, 0.11380000000000001, 0.0316, 0.0316, 0.0, 0.0, 0.0, 0.0, 0.0, 0.0, 0.0, 0.0], [0.0218, 0.0218, 0.0235, 0.0235, 0.0, 0.0, 0.0, 0.0, 0.0, 0.0, 0.0, 0.0], [0.0059, 0.0059, 0.0211, 0.0211, 0.0, 0.0, 0.0, 0.0, 0.0, 0.0, 0.0, 0.0], [0.048600000000000004, 0.048600000000000004, 0.0762, 0.0762, 0.0, 0.0, 0.0, 0.0, 0.0, 0.0, 0.0, 0.0], [0.0013000000000000002, 0.0013000000000000002, 0.050300000000000004, 0.050300000000000004, 0.0, 0.0, 0.0, 0.0, 0.0, 0.0, 0.0, 0.0]]}}
bs_latimer_munro_vbm: {'band_index': {'-1': [47], '1': []}, 'kpoint_index': [74, 75, 94, 266, 267, 281, 300], 'kpoint': <pymatgen.electronic_structure.bandstructure.Kpoint object at 0x7fc5d4b5a350>, 'energy': 3.1366, 'projections': {'-1': [[0.0, 0.0, 0.0, 0.0, 0.00030000000000000003, 0.00030000000000000003, 0.00030000000000000003, 0.00030000000000000003, 0.0001, 0.0001, 0.0001, 0.0001], [0.0, 0.0, 0.0, 0.0, 0.001, 0.0009000000000000001, 0.001, 0.0009000000000000001, 0.0039000000000000003, 0.0039000000000000003, 0.0039000000000000003, 0.0039000000000000003], [0.0002, 0.0002, 0.0, 0.0, 0.002, 0.002, 0.002, 0.002, 0.0019, 0.0018000000000000002, 0.0019, 0.0019], [0.0, 0.0, 0.0, 0.0, 0.0095, 0.0095, 0.0095, 0.0095, 0.0016, 0.0016, 0.0016, 0.0016], [0.12010000000000001, 0.12010000000000001, 0.0044, 0.0044, 0.0, 0.0, 0.0, 0.0, 0.0, 0.0, 0.0, 0.0], [0.0, 0.0, 0.0, 0.0, 0.0, 0.0, 0.0, 0.0, 0.0, 0.0, 0.0, 0.0], [0.0, 0.0, 0.0, 0.0, 0.0, 0.0, 0.0, 0.0, 0.0, 0.0, 0.0, 0.0], [0.31, 0.31, 0.0, 0.0, 0.0, 0.0, 0.0, 0.0, 0.0, 0.0, 0.0, 0.0], [0.0, 0.0, 0.0, 0.0, 0.0, 0.0, 0.0, 0.0, 0.0, 0.0, 0.0, 0.0]]}}
bs_latimer_munro_efermi: 3.21040642