material_id: mp-1110786
band_gap: 2.8977
efermi: -0.30861457000000003
dos_magnetic_ordering: NM
dos_total_task_id: mp-1742494
dos_total_band_gap: 3.061499999999999
dos_total_cbm: 2.5662000000000003
dos_total_vbm: -0.4953
dos_total_efermi: -0.48712069
bs_setyawan_curtarolo_task_id: mp-1586419
bs_setyawan_curtarolo_band_gap: 2.8977
bs_setyawan_curtarolo_cbm: {'band_index': {'1': [41]}, 'kpoint_index': [0, 44, 45], 'kpoint': <pymatgen.electronic_structure.bandstructure.Kpoint object at 0x7fc699d63930>, 'energy': 2.4295, 'projections': {'1': [[0.024300000000000002, 0.024300000000000002, 0.0366, 0.1283, 0.011, 0.011, 0.011, 0.011, 0.011, 0.011], [0.0, 0.0, 0.0, 0.0, 0.0, 0.0, 0.0, 0.0046, 0.0046, 0.0], [0.0, 0.0, 0.0, 0.0, 0.0, 0.0046, 0.0, 0.0, 0.0, 0.0046], [0.0, 0.0, 0.0, 0.0, 0.0046, 0.0, 0.0046, 0.0, 0.0, 0.0], [0.0, 0.0, 0.0, 0.0, 0.0, 0.0, 0.0, 0.0, 0.0, 0.0], [0.0, 0.0, 0.0, 0.0, 0.0, 0.0, 0.0, 0.0, 0.0, 0.0], [0.0, 0.0, 0.0, 0.0, 0.0, 0.0, 0.0, 0.0, 0.0, 0.0], [0.0, 0.0, 0.0, 0.0, 0.0, 0.0, 0.0, 0.0, 0.0, 0.0], [0.0, 0.0, 0.0, 0.0, 0.0, 0.0, 0.0, 0.0, 0.0, 0.0]]}}
bs_setyawan_curtarolo_vbm: {'band_index': {'1': [39, 40]}, 'kpoint_index': [57, 58, 84, 85], 'kpoint': <pymatgen.electronic_structure.bandstructure.Kpoint object at 0x7fc5d4b59c50>, 'energy': -0.4682, 'projections': {'1': [[0.0, 0.0, 0.0, 0.0, 0.0008, 0.0006000000000000001, 0.0008, 0.0008, 0.0008, 0.0006000000000000001], [0.0, 0.0, 0.0051, 0.0, 0.0001, 0.0001, 0.0001, 0.031, 0.031, 0.0001], [0.0, 0.0, 0.004, 0.0, 0.0001, 0.024200000000000003, 0.0001, 0.0001, 0.0001, 0.024200000000000003], [0.0, 0.0, 0.0055000000000000005, 0.0, 0.033800000000000004, 0.0001, 0.033800000000000004, 0.0001, 0.0001, 0.0001], [0.0, 0.0, 0.0, 0.0001, 0.0, 0.0, 0.0, 0.0, 0.0, 0.0], [0.0, 0.0, 0.0, 0.0001, 0.0, 0.0, 0.0, 0.0, 0.0, 0.0], [0.0, 0.0, 0.0, 0.3119, 0.0, 0.0, 0.0, 0.0, 0.0, 0.0], [0.0, 0.0, 0.0, 0.0001, 0.0, 0.0, 0.0, 0.0, 0.0, 0.0], [0.0, 0.0, 0.0, 0.4509, 0.0, 0.0, 0.0, 0.0, 0.0, 0.0]]}}
bs_setyawan_curtarolo_efermi: -0.30861457000000003
bs_hinuma_task_id: mp-2053390
bs_hinuma_band_gap: 2.897599999999999
bs_hinuma_cbm: {'band_index': {'1': [41]}, 'kpoint_index': [0, 36, 37], 'kpoint': <pymatgen.electronic_structure.bandstructure.Kpoint object at 0x7fc5d4b5a3c0>, 'energy': 2.4294000000000002, 'projections': {'1': [[0.024300000000000002, 0.024300000000000002, 0.0366, 0.1283, 0.011, 0.011, 0.011, 0.011, 0.011, 0.011], [0.0, 0.0, 0.0, 0.0, 0.0, 0.0, 0.0, 0.0046, 0.0046, 0.0], [0.0, 0.0, 0.0, 0.0, 0.0, 0.0046, 0.0, 0.0, 0.0, 0.0046], [0.0, 0.0, 0.0, 0.0, 0.0046, 0.0, 0.0046, 0.0, 0.0, 0.0], [0.0, 0.0, 0.0, 0.0, 0.0, 0.0, 0.0, 0.0, 0.0, 0.0], [0.0, 0.0, 0.0, 0.0, 0.0, 0.0, 0.0, 0.0, 0.0, 0.0], [0.0, 0.0, 0.0, 0.0, 0.0, 0.0, 0.0, 0.0, 0.0, 0.0], [0.0, 0.0, 0.0, 0.0, 0.0, 0.0, 0.0, 0.0, 0.0, 0.0], [0.0, 0.0, 0.0, 0.0, 0.0, 0.0, 0.0, 0.0, 0.0, 0.0]]}}
bs_hinuma_vbm: {'band_index': {'1': [39, 40]}, 'kpoint_index': [49, 50], 'kpoint': <pymatgen.electronic_structure.bandstructure.Kpoint object at 0x7fc5d4b59be0>, 'energy': -0.4682, 'projections': {'1': [[0.0, 0.0, 0.0, 0.0, 0.0002, 0.0014, 0.0002, 0.0006000000000000001, 0.0006000000000000001, 0.0014], [0.0, 0.0, 0.004, 0.0, 0.0001, 0.0001, 0.0001, 0.024300000000000002, 0.024300000000000002, 0.0001], [0.0, 0.0, 0.009300000000000001, 0.0, 0.0002, 0.056900000000000006, 0.0002, 0.0002, 0.0002, 0.056900000000000006], [0.0, 0.0, 0.0013000000000000002, 0.0, 0.0077, 0.0, 0.0077, 0.0, 0.0, 0.0], [0.0, 0.0, 0.0, 0.0001, 0.0, 0.0, 0.0, 0.0, 0.0, 0.0], [0.0, 0.0, 0.0, 0.0, 0.0, 0.0, 0.0, 0.0, 0.0, 0.0], [0.0, 0.0, 0.0, 0.7319, 0.0, 0.0, 0.0, 0.0, 0.0, 0.0], [0.0, 0.0, 0.0, 0.0001, 0.0, 0.0, 0.0, 0.0, 0.0, 0.0], [0.0, 0.0, 0.0, 0.0309, 0.0, 0.0, 0.0, 0.0, 0.0, 0.0]]}}
bs_hinuma_efermi: -0.31381714
bs_latimer_munro_task_id: mp-2301963
bs_latimer_munro_band_gap: 2.8977
bs_latimer_munro_cbm: {'band_index': {'1': [41]}, 'kpoint_index': [43, 44, 60, 104, 105], 'kpoint': <pymatgen.electronic_structure.bandstructure.Kpoint object at 0x7fc5d4b5a350>, 'energy': 2.4295, 'projections': {'1': [[0.024300000000000002, 0.024300000000000002, 0.0366, 0.1283, 0.011, 0.011, 0.011, 0.011, 0.011, 0.011], [0.0, 0.0, 0.0, 0.0, 0.0, 0.0, 0.0, 0.0046, 0.0046, 0.0], [0.0, 0.0, 0.0, 0.0, 0.0, 0.0046, 0.0, 0.0, 0.0, 0.0046], [0.0, 0.0, 0.0, 0.0, 0.0046, 0.0, 0.0046, 0.0, 0.0, 0.0], [0.0, 0.0, 0.0, 0.0, 0.0, 0.0, 0.0, 0.0, 0.0, 0.0], [0.0, 0.0, 0.0, 0.0, 0.0, 0.0, 0.0, 0.0, 0.0, 0.0], [0.0, 0.0, 0.0, 0.0, 0.0, 0.0, 0.0, 0.0, 0.0, 0.0], [0.0, 0.0, 0.0, 0.0, 0.0, 0.0, 0.0, 0.0, 0.0, 0.0], [0.0, 0.0, 0.0, 0.0, 0.0, 0.0, 0.0, 0.0, 0.0, 0.0]]}}
bs_latimer_munro_vbm: {'band_index': {'1': [39, 40]}, 'kpoint_index': [15, 16, 117], 'kpoint': <pymatgen.electronic_structure.bandstructure.Kpoint object at 0x7fc5d4b5a430>, 'energy': -0.4682, 'projections': {'1': [[0.0, 0.0, 0.0, 0.0, 0.001, 0.0005, 0.001, 0.0007, 0.0007, 0.0005], [0.0, 0.0, 0.0047, 0.0, 0.0001, 0.0001, 0.0001, 0.0286, 0.0286, 0.0001], [0.0, 0.0, 0.0031000000000000003, 0.0, 0.0001, 0.0189, 0.0001, 0.0001, 0.0001, 0.0189], [0.0, 0.0, 0.0068000000000000005, 0.0, 0.0415, 0.0001, 0.0415, 0.0001, 0.0001, 0.0001], [0.0, 0.0, 0.0, 0.0, 0.0, 0.0, 0.0, 0.0, 0.0, 0.0], [0.0, 0.0, 0.0, 0.0001, 0.0, 0.0, 0.0, 0.0, 0.0, 0.0], [0.0, 0.0, 0.0, 0.2434, 0.0, 0.0, 0.0, 0.0, 0.0, 0.0], [0.0, 0.0, 0.0, 0.0001, 0.0, 0.0, 0.0, 0.0, 0.0, 0.0], [0.0, 0.0, 0.0, 0.5195000000000001, 0.0, 0.0, 0.0, 0.0, 0.0, 0.0]]}}
bs_latimer_munro_efermi: -0.30888022