material_id: mp-15895
band_gap: 0.8804000000000001
efermi: 5.69460804
dos_magnetic_ordering: NM
dos_total_task_id: mp-2270440
dos_total_band_gap: 0.8804000000000001
dos_total_cbm: 6.5303
dos_total_vbm: 5.6499
dos_total_efermi: 5.69460804
bs_setyawan_curtarolo_task_id: mp-1597446
bs_setyawan_curtarolo_band_gap: 1.117899999999999
bs_setyawan_curtarolo_cbm: {'band_index': {'1': [56]}, 'kpoint_index': [0, 95, 96, 123], 'kpoint': <pymatgen.electronic_structure.bandstructure.Kpoint object at 0x7fc699d63930>, 'energy': 6.5973, 'projections': {'1': [[0.0177, 0.0177, 0.0162, 0.0161, 0.0663, 0.0663, 0.027600000000000003, 0.027600000000000003, 0.0597, 0.0597, 0.027800000000000002, 0.027800000000000002], [0.0002, 0.0002, 0.0004, 0.0004, 0.0007, 0.0007, 0.0019, 0.0019, 0.0019, 0.0019, 0.006200000000000001, 0.006200000000000001], [0.0, 0.0, 0.0, 0.0, 0.008400000000000001, 0.008400000000000001, 0.0053, 0.0053, 0.0085, 0.0085, 0.004, 0.004], [0.00030000000000000003, 0.00030000000000000003, 0.0, 0.0, 0.0036000000000000003, 0.0036000000000000003, 0.006900000000000001, 0.006900000000000001, 0.011300000000000001, 0.011300000000000001, 0.0004, 0.0004], [0.0009000000000000001, 0.0009000000000000001, 0.0001, 0.0001, 0.0, 0.0, 0.0, 0.0, 0.0, 0.0, 0.0, 0.0], [0.002, 0.002, 0.0057, 0.0057, 0.0, 0.0, 0.0, 0.0, 0.0, 0.0, 0.0, 0.0], [0.0015, 0.0015, 0.0008, 0.0008, 0.0, 0.0, 0.0, 0.0, 0.0, 0.0, 0.0, 0.0], [0.0, 0.0, 0.0, 0.0, 0.0, 0.0, 0.0, 0.0, 0.0, 0.0, 0.0, 0.0], [0.0, 0.0, 0.0018000000000000002, 0.0018000000000000002, 0.0, 0.0, 0.0, 0.0, 0.0, 0.0, 0.0, 0.0]]}}
bs_setyawan_curtarolo_vbm: {'band_index': {'1': [55]}, 'kpoint_index': [0, 95, 96, 123], 'kpoint': <pymatgen.electronic_structure.bandstructure.Kpoint object at 0x7fc5d4b5a190>, 'energy': 5.4794, 'projections': {'1': [[0.0002, 0.0002, 0.00030000000000000003, 0.00030000000000000003, 0.0005, 0.0005, 0.0, 0.0, 0.00030000000000000003, 0.00030000000000000003, 0.0, 0.0], [0.0009000000000000001, 0.0009000000000000001, 0.00030000000000000003, 0.00030000000000000003, 0.0001, 0.0001, 0.020900000000000002, 0.020900000000000002, 0.0142, 0.0142, 0.0196, 0.0196], [0.0002, 0.0002, 0.002, 0.002, 0.0024000000000000002, 0.0024000000000000002, 0.0111, 0.0111, 0.0158, 0.0158, 0.042300000000000004, 0.042300000000000004], [0.00030000000000000003, 0.00030000000000000003, 0.0, 0.0, 0.0001, 0.0001, 0.002, 0.002, 0.0001, 0.0001, 0.0007, 0.0007], [0.0061, 0.0061, 0.0037, 0.0037, 0.0, 0.0, 0.0, 0.0, 0.0, 0.0, 0.0, 0.0], [0.007500000000000001, 0.007500000000000001, 0.023200000000000002, 0.023200000000000002, 0.0, 0.0, 0.0, 0.0, 0.0, 0.0, 0.0, 0.0], [0.0284, 0.0284, 0.0892, 0.0892, 0.0, 0.0, 0.0, 0.0, 0.0, 0.0, 0.0, 0.0], [0.0152, 0.0152, 0.0023, 0.0023, 0.0, 0.0, 0.0, 0.0, 0.0, 0.0, 0.0, 0.0], [0.032, 0.032, 0.0477, 0.0477, 0.0, 0.0, 0.0, 0.0, 0.0, 0.0, 0.0, 0.0]]}}
bs_setyawan_curtarolo_efermi: 5.68700842
bs_latimer_munro_task_id: mp-2691574
bs_latimer_munro_band_gap: 1.117899999999999
bs_latimer_munro_cbm: {'band_index': {'1': [56]}, 'kpoint_index': [23, 24, 41, 175, 176, 213, 214, 226, 239], 'kpoint': <pymatgen.electronic_structure.bandstructure.Kpoint object at 0x7fc5d4b59be0>, 'energy': 6.5973, 'projections': {'1': [[0.0176, 0.0176, 0.0162, 0.0162, 0.0663, 0.0663, 0.027600000000000003, 0.027600000000000003, 0.0597, 0.0597, 0.027800000000000002, 0.027800000000000002], [0.0002, 0.0002, 0.0004, 0.0004, 0.0007, 0.0007, 0.0019, 0.0019, 0.0019, 0.0019, 0.006200000000000001, 0.006200000000000001], [0.0, 0.0, 0.0, 0.0, 0.008400000000000001, 0.008400000000000001, 0.0053, 0.0053, 0.0085, 0.0085, 0.004, 0.004], [0.00030000000000000003, 0.00030000000000000003, 0.0, 0.0, 0.0036000000000000003, 0.0036000000000000003, 0.006900000000000001, 0.006900000000000001, 0.011300000000000001, 0.011300000000000001, 0.0004, 0.0004], [0.0009000000000000001, 0.0009000000000000001, 0.0001, 0.0001, 0.0, 0.0, 0.0, 0.0, 0.0, 0.0, 0.0, 0.0], [0.002, 0.002, 0.0057, 0.0057, 0.0, 0.0, 0.0, 0.0, 0.0, 0.0, 0.0, 0.0], [0.0015, 0.0015, 0.0008, 0.0008, 0.0, 0.0, 0.0, 0.0, 0.0, 0.0, 0.0, 0.0], [0.0, 0.0, 0.0, 0.0, 0.0, 0.0, 0.0, 0.0, 0.0, 0.0, 0.0, 0.0], [0.0, 0.0, 0.0018000000000000002, 0.0018000000000000002, 0.0, 0.0, 0.0, 0.0, 0.0, 0.0, 0.0, 0.0]]}}
bs_latimer_munro_vbm: {'band_index': {'1': [55]}, 'kpoint_index': [23, 24, 41, 175, 176, 213, 214, 226, 239], 'kpoint': <pymatgen.electronic_structure.bandstructure.Kpoint object at 0x7fc5d4b5a430>, 'energy': 5.4794, 'projections': {'1': [[0.0002, 0.0002, 0.00030000000000000003, 0.00030000000000000003, 0.0005, 0.0005, 0.0, 0.0, 0.00030000000000000003, 0.00030000000000000003, 0.0, 0.0], [0.0009000000000000001, 0.0009000000000000001, 0.00030000000000000003, 0.00030000000000000003, 0.0001, 0.0001, 0.020900000000000002, 0.020900000000000002, 0.0142, 0.0142, 0.0196, 0.0196], [0.0002, 0.0002, 0.002, 0.002, 0.0024000000000000002, 0.0024000000000000002, 0.0111, 0.0111, 0.0158, 0.0158, 0.042300000000000004, 0.042300000000000004], [0.00030000000000000003, 0.00030000000000000003, 0.0, 0.0, 0.0001, 0.0001, 0.002, 0.002, 0.0001, 0.0001, 0.0007, 0.0007], [0.0061, 0.0061, 0.0037, 0.0037, 0.0, 0.0, 0.0, 0.0, 0.0, 0.0, 0.0, 0.0], [0.007500000000000001, 0.007500000000000001, 0.023200000000000002, 0.023200000000000002, 0.0, 0.0, 0.0, 0.0, 0.0, 0.0, 0.0, 0.0], [0.0284, 0.0284, 0.0892, 0.0892, 0.0, 0.0, 0.0, 0.0, 0.0, 0.0, 0.0, 0.0], [0.0152, 0.0152, 0.0023, 0.0023, 0.0, 0.0, 0.0, 0.0, 0.0, 0.0, 0.0, 0.0], [0.032, 0.032, 0.0477, 0.0477, 0.0, 0.0, 0.0, 0.0, 0.0, 0.0, 0.0, 0.0]]}}
bs_latimer_munro_efermi: 5.66480563