material_id: mp-1420476
band_gap: 0.1955
efermi: 0.43761687
dos_magnetic_ordering: NM
dos_total_task_id: mp-1705547
dos_total_band_gap: 0.19859999999999903
dos_total_cbm: 0.5680000000000001
dos_total_vbm: 0.3694
dos_total_efermi: 0.40135308000000003
bs_setyawan_curtarolo_task_id: mp-1609015
bs_setyawan_curtarolo_band_gap: 0.1955
bs_setyawan_curtarolo_cbm: {'band_index': {'1': [49], '-1': []}, 'kpoint_index': [315], 'kpoint': <pymatgen.electronic_structure.bandstructure.Kpoint object at 0x7fc699d63930>, 'energy': 0.5741, 'projections': {'1': [[0.0007, 0.0007, 0.0, 0.0, 0.0, 0.0, 0.0, 0.0, 0.0, 0.0, 0.0, 0.0], [0.0, 0.0, 0.0006000000000000001, 0.0006000000000000001, 0.0021000000000000003, 0.0021000000000000003, 0.0005, 0.0005, 0.0, 0.0, 0.0, 0.0], [0.0, 0.0, 0.0019, 0.0019, 0.0005, 0.0005, 0.002, 0.002, 0.0002, 0.0002, 0.0001, 0.0001], [0.0, 0.0, 0.0011, 0.0011, 0.0, 0.0, 0.0, 0.0, 0.0, 0.0, 0.0005, 0.0005], [0.0009000000000000001, 0.0009000000000000001, 0.0, 0.0, 0.00030000000000000003, 0.00030000000000000003, 0.0, 0.0, 0.0, 0.0, 0.0009000000000000001, 0.0009000000000000001], [0.0029000000000000002, 0.0029000000000000002, 0.0, 0.0, 0.0002, 0.0002, 0.0, 0.0, 0.0, 0.0, 0.0057, 0.0057], [0.0014, 0.0014, 0.0, 0.0, 0.0, 0.0, 0.0001, 0.0001, 0.0001, 0.0001, 0.0005, 0.0005], [0.0, 0.0, 0.0, 0.0, 0.0001, 0.0001, 0.0, 0.0, 0.0, 0.0, 0.0005, 0.0005], [0.0, 0.0, 0.0, 0.0, 0.0044, 0.0044, 0.0, 0.0, 0.0, 0.0, 0.0022, 0.0022], [0.06520000000000001, 0.06520000000000001, 0.0, 0.0, 0.0, 0.0, 0.0, 0.0, 0.0, 0.0, 0.0, 0.0], [0.0004, 0.0004, 0.0, 0.0, 0.0, 0.0, 0.0, 0.0, 0.0, 0.0, 0.0, 0.0], [0.0713, 0.0713, 0.0, 0.0, 0.0, 0.0, 0.0, 0.0, 0.0, 0.0, 0.0, 0.0], [0.13, 0.13, 0.0, 0.0, 0.0, 0.0, 0.0, 0.0, 0.0, 0.0, 0.0, 0.0], [0.0688, 0.0688, 0.0, 0.0, 0.0, 0.0, 0.0, 0.0, 0.0, 0.0, 0.0, 0.0], [0.0086, 0.0086, 0.0, 0.0, 0.0, 0.0, 0.0, 0.0, 0.0, 0.0, 0.0, 0.0], [0.0907, 0.0907, 0.0, 0.0, 0.0, 0.0, 0.0, 0.0, 0.0, 0.0, 0.0, 0.0]]}}
bs_setyawan_curtarolo_vbm: {'band_index': {'-1': [48], '1': []}, 'kpoint_index': [314], 'kpoint': <pymatgen.electronic_structure.bandstructure.Kpoint object at 0x7fc5d4b59e80>, 'energy': 0.3786, 'projections': {'-1': [[0.0054, 0.0054, 0.00030000000000000003, 0.00030000000000000003, 0.0005, 0.0005, 0.0, 0.0, 0.0, 0.0, 0.0, 0.0], [0.0004, 0.0004, 0.0722, 0.0722, 0.0, 0.0, 0.0001, 0.0001, 0.0002, 0.0002, 0.0001, 0.0001], [0.0, 0.0, 0.0378, 0.0378, 0.0, 0.0, 0.0006000000000000001, 0.0006000000000000001, 0.0017000000000000001, 0.0017000000000000001, 0.0019, 0.0019], [0.00030000000000000003, 0.00030000000000000003, 0.0813, 0.0813, 0.0002, 0.0002, 0.0007, 0.0007, 0.0005, 0.0005, 0.0, 0.0], [0.0085, 0.0085, 0.0, 0.0, 0.0001, 0.0001, 0.0, 0.0, 0.0, 0.0, 0.0002, 0.0002], [0.0004, 0.0004, 0.0001, 0.0001, 0.0028, 0.0028, 0.0, 0.0, 0.0, 0.0, 0.0024000000000000002, 0.0024000000000000002], [0.0007, 0.0007, 0.0, 0.0, 0.0005, 0.0005, 0.0, 0.0, 0.0, 0.0, 0.0001, 0.0001], [0.0041, 0.0041, 0.0, 0.0, 0.0018000000000000002, 0.0018000000000000002, 0.0, 0.0, 0.0, 0.0, 0.002, 0.002], [0.0001, 0.0001, 0.0, 0.0, 0.0, 0.0, 0.0, 0.0, 0.0, 0.0, 0.0004, 0.0004], [0.006500000000000001, 0.006500000000000001, 0.0, 0.0, 0.0, 0.0, 0.0, 0.0, 0.0, 0.0, 0.0, 0.0], [0.030500000000000003, 0.030500000000000003, 0.0, 0.0, 0.0, 0.0, 0.0, 0.0, 0.0, 0.0, 0.0, 0.0], [0.022, 0.022, 0.0, 0.0, 0.0, 0.0, 0.0, 0.0, 0.0, 0.0, 0.0, 0.0], [0.038700000000000005, 0.038700000000000005, 0.0, 0.0, 0.0, 0.0, 0.0, 0.0, 0.0, 0.0, 0.0, 0.0], [0.0024000000000000002, 0.0024000000000000002, 0.0, 0.0, 0.0, 0.0, 0.0, 0.0, 0.0, 0.0, 0.0, 0.0], [0.0022, 0.0022, 0.0, 0.0, 0.0, 0.0, 0.0, 0.0, 0.0, 0.0, 0.0, 0.0], [0.0039000000000000003, 0.0039000000000000003, 0.0, 0.0, 0.0, 0.0, 0.0, 0.0, 0.0, 0.0, 0.0, 0.0]]}}
bs_setyawan_curtarolo_efermi: 0.43761687
bs_hinuma_task_id: mp-2142009
bs_hinuma_band_gap: 0.1955
bs_hinuma_cbm: {'band_index': {'1': [49], '-1': []}, 'kpoint_index': ['295'], 'kpoint': <pymatgen.electronic_structure.bandstructure.Kpoint object at 0x7fc5d4b5a430>, 'energy': 0.5741, 'projections': {'1': [[0.0007, 0.0007, 0.0, 0.0, 0.0, 0.0, 0.0, 0.0, 0.0, 0.0, 0.0, 0.0], [0.0, 0.0, 0.0006000000000000001, 0.0006000000000000001, 0.0021000000000000003, 0.0021000000000000003, 0.0005, 0.0005, 0.0, 0.0, 0.0, 0.0], [0.0, 0.0, 0.0019, 0.0019, 0.0005, 0.0005, 0.002, 0.002, 0.0002, 0.0002, 0.0001, 0.0001], [0.0, 0.0, 0.0011, 0.0011, 0.0, 0.0, 0.0, 0.0, 0.0, 0.0, 0.0005, 0.0005], [0.0009000000000000001, 0.0009000000000000001, 0.0, 0.0, 0.00030000000000000003, 0.00030000000000000003, 0.0, 0.0, 0.0, 0.0, 0.0009000000000000001, 0.0009000000000000001], [0.0029000000000000002, 0.0029000000000000002, 0.0, 0.0, 0.0002, 0.0002, 0.0, 0.0, 0.0, 0.0, 0.0057, 0.0057], [0.0014, 0.0014, 0.0, 0.0, 0.0, 0.0, 0.0001, 0.0001, 0.0001, 0.0001, 0.0005, 0.0005], [0.0, 0.0, 0.0, 0.0, 0.0001, 0.0001, 0.0, 0.0, 0.0, 0.0, 0.0005, 0.0005], [0.0, 0.0, 0.0, 0.0, 0.0044, 0.0044, 0.0, 0.0, 0.0, 0.0, 0.0022, 0.0022], [0.06520000000000001, 0.06520000000000001, 0.0, 0.0, 0.0, 0.0, 0.0, 0.0, 0.0, 0.0, 0.0, 0.0], [0.0004, 0.0004, 0.0, 0.0, 0.0, 0.0, 0.0, 0.0, 0.0, 0.0, 0.0, 0.0], [0.0714, 0.0714, 0.0, 0.0, 0.0, 0.0, 0.0, 0.0, 0.0, 0.0, 0.0, 0.0], [0.13, 0.13, 0.0, 0.0, 0.0, 0.0, 0.0, 0.0, 0.0, 0.0, 0.0, 0.0], [0.0688, 0.0688, 0.0, 0.0, 0.0, 0.0, 0.0, 0.0, 0.0, 0.0, 0.0, 0.0], [0.0086, 0.0086, 0.0, 0.0, 0.0, 0.0, 0.0, 0.0, 0.0, 0.0, 0.0, 0.0], [0.0907, 0.0907, 0.0, 0.0, 0.0, 0.0, 0.0, 0.0, 0.0, 0.0, 0.0, 0.0]]}}
bs_hinuma_vbm: {'band_index': {'-1': [48], '1': []}, 'kpoint_index': [131], 'kpoint': <pymatgen.electronic_structure.bandstructure.Kpoint object at 0x7fc5d4b5a190>, 'energy': 0.3786, 'projections': {'-1': [[0.0054, 0.0054, 0.00030000000000000003, 0.00030000000000000003, 0.0005, 0.0005, 0.0, 0.0, 0.0, 0.0, 0.0, 0.0], [0.0004, 0.0004, 0.0722, 0.0722, 0.0, 0.0, 0.0001, 0.0001, 0.0002, 0.0002, 0.0001, 0.0001], [0.0, 0.0, 0.0378, 0.0378, 0.0, 0.0, 0.0006000000000000001, 0.0006000000000000001, 0.0017000000000000001, 0.0017000000000000001, 0.0019, 0.0019], [0.00030000000000000003, 0.00030000000000000003, 0.0813, 0.0813, 0.0002, 0.0002, 0.0007, 0.0007, 0.0005, 0.0005, 0.0, 0.0], [0.0085, 0.0085, 0.0, 0.0, 0.0001, 0.0001, 0.0, 0.0, 0.0, 0.0, 0.0002, 0.0002], [0.0004, 0.0004, 0.0001, 0.0001, 0.0028, 0.0028, 0.0, 0.0, 0.0, 0.0, 0.0024000000000000002, 0.0024000000000000002], [0.0007, 0.0007, 0.0, 0.0, 0.0005, 0.0005, 0.0, 0.0, 0.0, 0.0, 0.0001, 0.0001], [0.0041, 0.0041, 0.0, 0.0, 0.0018000000000000002, 0.0018000000000000002, 0.0, 0.0, 0.0, 0.0, 0.002, 0.002], [0.0001, 0.0001, 0.0, 0.0, 0.0, 0.0, 0.0, 0.0, 0.0, 0.0, 0.0004, 0.0004], [0.006500000000000001, 0.006500000000000001, 0.0, 0.0, 0.0, 0.0, 0.0, 0.0, 0.0, 0.0, 0.0, 0.0], [0.030500000000000003, 0.030500000000000003, 0.0, 0.0, 0.0, 0.0, 0.0, 0.0, 0.0, 0.0, 0.0, 0.0], [0.022, 0.022, 0.0, 0.0, 0.0, 0.0, 0.0, 0.0, 0.0, 0.0, 0.0, 0.0], [0.038700000000000005, 0.038700000000000005, 0.0, 0.0, 0.0, 0.0, 0.0, 0.0, 0.0, 0.0, 0.0, 0.0], [0.0024000000000000002, 0.0024000000000000002, 0.0, 0.0, 0.0, 0.0, 0.0, 0.0, 0.0, 0.0, 0.0, 0.0], [0.0022, 0.0022, 0.0, 0.0, 0.0, 0.0, 0.0, 0.0, 0.0, 0.0, 0.0, 0.0], [0.0039000000000000003, 0.0039000000000000003, 0.0, 0.0, 0.0, 0.0, 0.0, 0.0, 0.0, 0.0, 0.0, 0.0]]}}
bs_hinuma_efermi: 0.46018806
bs_latimer_munro_task_id: mp-2711794
bs_latimer_munro_band_gap: 0.1955
bs_latimer_munro_cbm: {'band_index': {'1': [49], '-1': []}, 'kpoint_index': ['78'], 'kpoint': <pymatgen.electronic_structure.bandstructure.Kpoint object at 0x7fc5d4b5a3c0>, 'energy': 0.5741, 'projections': {'1': [[0.0007, 0.0007, 0.0, 0.0, 0.0, 0.0, 0.0, 0.0, 0.0, 0.0, 0.0, 0.0], [0.0, 0.0, 0.0006000000000000001, 0.0006000000000000001, 0.0021000000000000003, 0.0021000000000000003, 0.0005, 0.0005, 0.0, 0.0, 0.0, 0.0], [0.0, 0.0, 0.0019, 0.0019, 0.0005, 0.0005, 0.002, 0.002, 0.0002, 0.0002, 0.0001, 0.0001], [0.0, 0.0, 0.0011, 0.0011, 0.0, 0.0, 0.0, 0.0, 0.0, 0.0, 0.0005, 0.0005], [0.0009000000000000001, 0.0009000000000000001, 0.0, 0.0, 0.00030000000000000003, 0.00030000000000000003, 0.0, 0.0, 0.0, 0.0, 0.0009000000000000001, 0.0009000000000000001], [0.0029000000000000002, 0.0029000000000000002, 0.0, 0.0, 0.0002, 0.0002, 0.0, 0.0, 0.0, 0.0, 0.0057, 0.0057], [0.0014, 0.0014, 0.0, 0.0, 0.0, 0.0, 0.0001, 0.0001, 0.0001, 0.0001, 0.0005, 0.0005], [0.0, 0.0, 0.0, 0.0, 0.0001, 0.0001, 0.0, 0.0, 0.0, 0.0, 0.0005, 0.0005], [0.0, 0.0, 0.0, 0.0, 0.0044, 0.0044, 0.0, 0.0, 0.0, 0.0, 0.0022, 0.0022], [0.0653, 0.0653, 0.0, 0.0, 0.0, 0.0, 0.0, 0.0, 0.0, 0.0, 0.0, 0.0], [0.0004, 0.0004, 0.0, 0.0, 0.0, 0.0, 0.0, 0.0, 0.0, 0.0, 0.0, 0.0], [0.0713, 0.0713, 0.0, 0.0, 0.0, 0.0, 0.0, 0.0, 0.0, 0.0, 0.0, 0.0], [0.13, 0.13, 0.0, 0.0, 0.0, 0.0, 0.0, 0.0, 0.0, 0.0, 0.0, 0.0], [0.0688, 0.0688, 0.0, 0.0, 0.0, 0.0, 0.0, 0.0, 0.0, 0.0, 0.0, 0.0], [0.0086, 0.0086, 0.0, 0.0, 0.0, 0.0, 0.0, 0.0, 0.0, 0.0, 0.0, 0.0], [0.0907, 0.0907, 0.0, 0.0, 0.0, 0.0, 0.0, 0.0, 0.0, 0.0, 0.0, 0.0]]}}
bs_latimer_munro_vbm: {'band_index': {'-1': [48], '1': []}, 'kpoint_index': [0], 'kpoint': <pymatgen.electronic_structure.bandstructure.Kpoint object at 0x7fc5d4b5a200>, 'energy': 0.3786, 'projections': {'-1': [[0.0054, 0.0054, 0.00030000000000000003, 0.00030000000000000003, 0.0005, 0.0005, 0.0, 0.0, 0.0, 0.0, 0.0, 0.0], [0.0004, 0.0004, 0.0722, 0.0722, 0.0, 0.0, 0.0001, 0.0001, 0.0002, 0.0002, 0.0001, 0.0001], [0.0, 0.0, 0.0378, 0.0378, 0.0, 0.0, 0.0006000000000000001, 0.0006000000000000001, 0.0017000000000000001, 0.0017000000000000001, 0.0019, 0.0019], [0.00030000000000000003, 0.00030000000000000003, 0.0813, 0.0813, 0.0002, 0.0002, 0.0007, 0.0007, 0.0005, 0.0005, 0.0, 0.0], [0.0085, 0.0085, 0.0, 0.0, 0.0001, 0.0001, 0.0, 0.0, 0.0, 0.0, 0.0002, 0.0002], [0.0004, 0.0004, 0.0001, 0.0001, 0.0028, 0.0028, 0.0, 0.0, 0.0, 0.0, 0.0024000000000000002, 0.0024000000000000002], [0.0007, 0.0007, 0.0, 0.0, 0.0005, 0.0005, 0.0, 0.0, 0.0, 0.0, 0.0001, 0.0001], [0.0041, 0.0041, 0.0, 0.0, 0.0018000000000000002, 0.0018000000000000002, 0.0, 0.0, 0.0, 0.0, 0.002, 0.002], [0.0001, 0.0001, 0.0, 0.0, 0.0, 0.0, 0.0, 0.0, 0.0, 0.0, 0.0004, 0.0004], [0.006500000000000001, 0.006500000000000001, 0.0, 0.0, 0.0, 0.0, 0.0, 0.0, 0.0, 0.0, 0.0, 0.0], [0.030500000000000003, 0.030500000000000003, 0.0, 0.0, 0.0, 0.0, 0.0, 0.0, 0.0, 0.0, 0.0, 0.0], [0.022, 0.022, 0.0, 0.0, 0.0, 0.0, 0.0, 0.0, 0.0, 0.0, 0.0, 0.0], [0.0388, 0.038700000000000005, 0.0, 0.0, 0.0, 0.0, 0.0, 0.0, 0.0, 0.0, 0.0, 0.0], [0.0024000000000000002, 0.0024000000000000002, 0.0, 0.0, 0.0, 0.0, 0.0, 0.0, 0.0, 0.0, 0.0, 0.0], [0.0022, 0.0022, 0.0, 0.0, 0.0, 0.0, 0.0, 0.0, 0.0, 0.0, 0.0, 0.0], [0.0039000000000000003, 0.0039000000000000003, 0.0, 0.0, 0.0, 0.0, 0.0, 0.0, 0.0, 0.0, 0.0, 0.0]]}}
bs_latimer_munro_efermi: 0.44848724