material_id: mp-15954
band_gap: 0.2625
efermi: 5.97706546
dos_magnetic_ordering: NM
dos_total_task_id: mp-2270908
dos_total_band_gap: 0.2777
dos_total_cbm: 6.0892
dos_total_vbm: 5.8115
dos_total_efermi: 5.81534508
bs_setyawan_curtarolo_task_id: mp-1600844
bs_setyawan_curtarolo_band_gap: 0.2625
bs_setyawan_curtarolo_cbm: {'band_index': {'1': [50, 51]}, 'kpoint_index': ['174'], 'kpoint': <pymatgen.electronic_structure.bandstructure.Kpoint object at 0x7fc699d63930>, 'energy': 6.1078, 'projections': {'1': [[0.0045000000000000005, 0.016800000000000002, 0.0033, 0.015600000000000001, 0.0048000000000000004, 0.0234, 0.0032, 0.0218, 0.0007, 0.0028, 0.00030000000000000003, 0.0024000000000000002], [0.008400000000000001, 0.0037, 0.0085, 0.0039000000000000003, 0.0035, 0.0103, 0.0036000000000000003, 0.010400000000000001, 0.0024000000000000002, 0.0029000000000000002, 0.0026000000000000003, 0.003], [0.0024000000000000002, 0.004200000000000001, 0.0019, 0.0037, 0.0245, 0.0066, 0.0244, 0.006500000000000001, 0.0027, 0.0048000000000000004, 0.0024000000000000002, 0.0045000000000000005], [0.0043, 0.0148, 0.0037, 0.0142, 0.0027, 0.004, 0.0037, 0.005, 0.004200000000000001, 0.0029000000000000002, 0.0046, 0.0034000000000000002], [0.0001, 0.00030000000000000003, 0.0001, 0.00030000000000000003, 0.0, 0.0, 0.0, 0.0, 0.0037, 0.0223, 0.004200000000000001, 0.0228], [0.0002, 0.0006000000000000001, 0.0001, 0.0006000000000000001, 0.0002, 0.0, 0.0002, 0.0, 0.0222, 0.006, 0.0235, 0.0074], [0.0005, 0.0002, 0.0004, 0.0002, 0.0001, 0.0005, 0.0001, 0.0005, 0.0787, 0.0123, 0.0818, 0.0155], [0.0, 0.0002, 0.0, 0.0002, 0.0, 0.0, 0.0001, 0.0, 0.004200000000000001, 0.009000000000000001, 0.0046, 0.0095], [0.00030000000000000003, 0.0008, 0.0002, 0.0007, 0.0, 0.0001, 0.0001, 0.0001, 0.0207, 0.044, 0.0158, 0.0391]]}}
bs_setyawan_curtarolo_vbm: {'band_index': {'1': [49]}, 'kpoint_index': [293, 294], 'kpoint': <pymatgen.electronic_structure.bandstructure.Kpoint object at 0x7fc5d4b5a200>, 'energy': 5.8453, 'projections': {'1': [[0.0047, 0.0047, 0.0047, 0.0047, 0.0, 0.0, 0.0, 0.0, 0.0066, 0.0066, 0.0066, 0.0066], [0.029300000000000003, 0.029300000000000003, 0.029300000000000003, 0.029300000000000003, 0.0303, 0.0303, 0.0303, 0.0303, 0.011600000000000001, 0.011600000000000001, 0.011600000000000001, 0.011600000000000001], [0.0005, 0.0005, 0.0005, 0.0005, 0.018000000000000002, 0.018000000000000002, 0.018000000000000002, 0.018000000000000002, 0.0023, 0.0023, 0.0023, 0.0023], [0.0, 0.0, 0.0, 0.0, 0.0009000000000000001, 0.0009000000000000001, 0.0009000000000000001, 0.0009000000000000001, 0.00030000000000000003, 0.00030000000000000003, 0.00030000000000000003, 0.00030000000000000003], [0.0, 0.0, 0.0, 0.0, 0.0004, 0.0004, 0.0004, 0.0004, 0.022, 0.022, 0.022, 0.022], [0.0, 0.0, 0.0, 0.0, 0.001, 0.001, 0.001, 0.001, 0.006500000000000001, 0.006500000000000001, 0.006500000000000001, 0.006500000000000001], [0.0004, 0.0004, 0.0004, 0.0004, 0.0001, 0.0001, 0.0001, 0.0001, 0.0, 0.0, 0.0, 0.0], [0.0001, 0.0001, 0.0001, 0.0001, 0.00030000000000000003, 0.00030000000000000003, 0.00030000000000000003, 0.00030000000000000003, 0.0158, 0.0158, 0.0158, 0.0158], [0.0001, 0.0001, 0.0001, 0.0001, 0.0009000000000000001, 0.0009000000000000001, 0.0009000000000000001, 0.0009000000000000001, 0.0098, 0.0098, 0.0098, 0.0098]]}}
bs_setyawan_curtarolo_efermi: 5.97706546
bs_latimer_munro_task_id: mp-2712254
bs_latimer_munro_band_gap: 0.2625
bs_latimer_munro_cbm: {'band_index': {'1': [50, 51]}, 'kpoint_index': [28, 29, 789], 'kpoint': <pymatgen.electronic_structure.bandstructure.Kpoint object at 0x7fc5d4b59be0>, 'energy': 6.1078, 'projections': {'1': [[0.0068000000000000005, 0.0131, 0.0068000000000000005, 0.0131, 0.0135, 0.0129, 0.0135, 0.0129, 0.0023, 0.0008, 0.0023, 0.0008], [0.0008, 0.011600000000000001, 0.0008, 0.011600000000000001, 0.003, 0.0111, 0.003, 0.0111, 0.0054, 0.0002, 0.0054, 0.0002], [0.0006000000000000001, 0.0056, 0.0006000000000000001, 0.0056, 0.005200000000000001, 0.0262, 0.005200000000000001, 0.0262, 0.007, 0.00030000000000000003, 0.007, 0.00030000000000000003], [0.0054, 0.013300000000000001, 0.0054, 0.013300000000000001, 0.0005, 0.007200000000000001, 0.0005, 0.007200000000000001, 0.0002, 0.0074, 0.0002, 0.0074], [0.00030000000000000003, 0.0001, 0.00030000000000000003, 0.0, 0.0, 0.0, 0.0, 0.0, 0.0135, 0.012700000000000001, 0.0135, 0.012700000000000001], [0.0002, 0.0005, 0.0002, 0.0005, 0.0001, 0.0001, 0.0001, 0.0001, 0.004200000000000001, 0.0251, 0.004200000000000001, 0.0251], [0.0, 0.0006000000000000001, 0.0, 0.0006000000000000001, 0.00030000000000000003, 0.00030000000000000003, 0.00030000000000000003, 0.00030000000000000003, 0.0434, 0.0502, 0.0434, 0.0502], [0.0001, 0.0001, 0.0001, 0.0001, 0.0, 0.0001, 0.0, 0.0001, 0.0018000000000000002, 0.0117, 0.0018000000000000002, 0.0117], [0.0008, 0.0001, 0.0008, 0.0001, 0.0001, 0.0, 0.0001, 0.0, 0.0551, 0.0041, 0.0551, 0.0041]]}}
bs_latimer_munro_vbm: {'band_index': {'1': [49]}, 'kpoint_index': [282, 283, 1175], 'kpoint': <pymatgen.electronic_structure.bandstructure.Kpoint object at 0x7fc5d4b5a3c0>, 'energy': 5.8453, 'projections': {'1': [[0.0047, 0.0047, 0.0047, 0.0047, 0.0, 0.0, 0.0, 0.0, 0.0066, 0.0066, 0.0066, 0.0066], [0.029300000000000003, 0.029300000000000003, 0.029300000000000003, 0.029300000000000003, 0.0303, 0.0303, 0.0303, 0.0303, 0.011600000000000001, 0.011600000000000001, 0.011600000000000001, 0.011600000000000001], [0.0005, 0.0005, 0.0005, 0.0005, 0.018000000000000002, 0.018000000000000002, 0.018000000000000002, 0.018000000000000002, 0.0023, 0.0023, 0.0023, 0.0023], [0.0, 0.0, 0.0, 0.0, 0.0009000000000000001, 0.0009000000000000001, 0.0009000000000000001, 0.0009000000000000001, 0.00030000000000000003, 0.00030000000000000003, 0.00030000000000000003, 0.00030000000000000003], [0.0, 0.0, 0.0, 0.0, 0.0004, 0.0004, 0.0004, 0.0004, 0.022, 0.022, 0.022, 0.022], [0.0, 0.0, 0.0, 0.0, 0.001, 0.001, 0.001, 0.001, 0.006500000000000001, 0.006500000000000001, 0.006500000000000001, 0.006500000000000001], [0.0004, 0.0004, 0.0004, 0.0004, 0.0001, 0.0001, 0.0001, 0.0001, 0.0, 0.0, 0.0, 0.0], [0.0001, 0.0001, 0.0001, 0.0001, 0.00030000000000000003, 0.00030000000000000003, 0.00030000000000000003, 0.00030000000000000003, 0.0158, 0.0158, 0.0158, 0.0158], [0.0001, 0.0001, 0.0001, 0.0001, 0.0009000000000000001, 0.0009000000000000001, 0.0009000000000000001, 0.0009000000000000001, 0.0098, 0.0098, 0.0098, 0.0098]]}}
bs_latimer_munro_efermi: 5.92858578