material_id: mp-27684
band_gap: 1.099199999999999
efermi: 3.99412161
dos_magnetic_ordering: NM
dos_total_task_id: mp-1669992
dos_total_band_gap: 1.177699999999999
dos_total_cbm: 4.9985
dos_total_vbm: 3.8208
dos_total_efermi: 3.82334449
bs_setyawan_curtarolo_task_id: mp-1598336
bs_setyawan_curtarolo_band_gap: 1.099199999999999
bs_setyawan_curtarolo_cbm: {'band_index': {'1': [70]}, 'kpoint_index': ['2'], 'kpoint': <pymatgen.electronic_structure.bandstructure.Kpoint object at 0x7fc699d63930>, 'energy': 5.0009, 'projections': {'1': [[0.0347, 0.0347, 0.0008, 0.0008, 0.0025, 0.0025, 0.0119, 0.0119, 0.006900000000000001, 0.006900000000000001, 0.0122, 0.0122, 0.0037, 0.0037], [0.001, 0.001, 0.0009000000000000001, 0.0009000000000000001, 0.0307, 0.0307, 0.0213, 0.0213, 0.0298, 0.0298, 0.0078000000000000005, 0.0078000000000000005, 0.0304, 0.0304], [0.0009000000000000001, 0.0009000000000000001, 0.017400000000000002, 0.017400000000000002, 0.0018000000000000002, 0.0018000000000000002, 0.002, 0.002, 0.0099, 0.0099, 0.0048000000000000004, 0.0048000000000000004, 0.0079, 0.0079], [0.0, 0.0, 0.0, 0.0, 0.0, 0.0, 0.0, 0.0, 0.0, 0.0, 0.0, 0.0, 0.0, 0.0], [0.0, 0.0, 0.0, 0.0, 0.0, 0.0, 0.0, 0.0, 0.0, 0.0, 0.0, 0.0, 0.0, 0.0], [0.0002, 0.0002, 0.001, 0.001, 0.0, 0.0, 0.0001, 0.0001, 0.0, 0.0, 0.0, 0.0, 0.0, 0.0], [0.0002, 0.0002, 0.0027, 0.0027, 0.0014, 0.0014, 0.00030000000000000003, 0.00030000000000000003, 0.0, 0.0, 0.0, 0.0, 0.0, 0.0], [0.0, 0.0, 0.0, 0.0, 0.0, 0.0, 0.0, 0.0, 0.0, 0.0, 0.0, 0.0, 0.0, 0.0], [0.0012000000000000001, 0.0012000000000000001, 0.0001, 0.0001, 0.0, 0.0, 0.0, 0.0, 0.0, 0.0, 0.0, 0.0, 0.0, 0.0]]}}
bs_setyawan_curtarolo_vbm: {'band_index': {'1': [69]}, 'kpoint_index': ['27'], 'kpoint': <pymatgen.electronic_structure.bandstructure.Kpoint object at 0x7fc5d4b5a3c0>, 'energy': 3.9017, 'projections': {'1': [[0.0006000000000000001, 0.0006000000000000001, 0.0507, 0.0507, 0.0274, 0.0274, 0.0256, 0.0256, 0.0002, 0.0002, 0.0, 0.0, 0.0002, 0.0002], [0.0002, 0.0002, 0.0005, 0.0005, 0.0025, 0.0025, 0.0022, 0.0022, 0.0685, 0.0685, 0.052000000000000005, 0.052000000000000005, 0.0268, 0.0268], [0.0, 0.0, 0.0056, 0.0056, 0.0045000000000000005, 0.0045000000000000005, 0.0006000000000000001, 0.0006000000000000001, 0.035, 0.035, 0.01, 0.01, 0.0005, 0.0005], [0.0, 0.0, 0.0, 0.0, 0.0006000000000000001, 0.0006000000000000001, 0.0006000000000000001, 0.0006000000000000001, 0.014400000000000001, 0.014400000000000001, 0.0001, 0.0001, 0.0385, 0.0385], [0.0099, 0.0099, 0.0, 0.0, 0.00030000000000000003, 0.00030000000000000003, 0.0001, 0.0001, 0.0, 0.0, 0.0, 0.0, 0.0, 0.0], [0.0017000000000000001, 0.0017000000000000001, 0.0, 0.0, 0.0, 0.0, 0.0, 0.0, 0.0, 0.0, 0.0, 0.0, 0.0, 0.0], [0.002, 0.002, 0.0005, 0.0005, 0.0, 0.0, 0.0, 0.0, 0.0, 0.0, 0.0, 0.0, 0.0, 0.0], [0.0004, 0.0004, 0.0, 0.0, 0.0, 0.0, 0.0, 0.0, 0.0, 0.0, 0.0, 0.0, 0.0, 0.0], [0.0002, 0.0002, 0.0002, 0.0002, 0.0, 0.0, 0.0001, 0.0001, 0.0, 0.0, 0.0, 0.0, 0.0, 0.0]]}}
bs_setyawan_curtarolo_efermi: 3.99412161
bs_latimer_munro_task_id: mp-2611321
bs_latimer_munro_band_gap: 1.0003
bs_latimer_munro_cbm: {'band_index': {'1': [70]}, 'kpoint_index': ['64'], 'kpoint': <pymatgen.electronic_structure.bandstructure.Kpoint object at 0x7fc5d4b5a350>, 'energy': 4.902, 'projections': {'1': [[0.0366, 0.0366, 0.0002, 0.0002, 0.0001, 0.0001, 0.0049, 0.0049, 0.0076, 0.0076, 0.0117, 0.0117, 0.0047, 0.0047], [0.0011, 0.0011, 0.0029000000000000002, 0.0029000000000000002, 0.0263, 0.0263, 0.0216, 0.0216, 0.028900000000000002, 0.028900000000000002, 0.0013000000000000002, 0.0013000000000000002, 0.0273, 0.0273], [0.0007, 0.0007, 0.015600000000000001, 0.015600000000000001, 0.0039000000000000003, 0.0039000000000000003, 0.0046, 0.0046, 0.0098, 0.0098, 0.0073, 0.0073, 0.011600000000000001, 0.011600000000000001], [0.0, 0.0, 0.0, 0.0, 0.0, 0.0, 0.0, 0.0, 0.0, 0.0, 0.0, 0.0, 0.0, 0.0], [0.0, 0.0, 0.0, 0.0, 0.0, 0.0, 0.0, 0.0, 0.0, 0.0, 0.0, 0.0, 0.0, 0.0], [0.00030000000000000003, 0.00030000000000000003, 0.0007, 0.0007, 0.00030000000000000003, 0.00030000000000000003, 0.0001, 0.0001, 0.0, 0.0, 0.0, 0.0, 0.0, 0.0], [0.00030000000000000003, 0.00030000000000000003, 0.0027, 0.0027, 0.0015, 0.0015, 0.001, 0.001, 0.0, 0.0, 0.0, 0.0, 0.0, 0.0], [0.0, 0.0, 0.0, 0.0, 0.0, 0.0, 0.0, 0.0, 0.0, 0.0, 0.0, 0.0, 0.0, 0.0], [0.0012000000000000001, 0.0012000000000000001, 0.0001, 0.0001, 0.0001, 0.0001, 0.0001, 0.0001, 0.0, 0.0, 0.0, 0.0, 0.0, 0.0]]}}
bs_latimer_munro_vbm: {'band_index': {'1': [69]}, 'kpoint_index': ['215'], 'kpoint': <pymatgen.electronic_structure.bandstructure.Kpoint object at 0x7fc5d4b59e80>, 'energy': 3.9017, 'projections': {'1': [[0.0006000000000000001, 0.0006000000000000001, 0.0507, 0.0507, 0.0274, 0.0274, 0.0256, 0.0256, 0.0002, 0.0002, 0.0, 0.0, 0.0002, 0.0002], [0.0002, 0.0002, 0.0005, 0.0005, 0.0025, 0.0025, 0.0022, 0.0022, 0.0685, 0.0685, 0.052000000000000005, 0.052000000000000005, 0.0268, 0.0268], [0.0, 0.0, 0.0056, 0.0056, 0.0045000000000000005, 0.0045000000000000005, 0.0006000000000000001, 0.0006000000000000001, 0.035, 0.035, 0.01, 0.01, 0.0005, 0.0005], [0.0, 0.0, 0.0, 0.0, 0.0006000000000000001, 0.0006000000000000001, 0.0006000000000000001, 0.0006000000000000001, 0.014400000000000001, 0.014400000000000001, 0.0001, 0.0001, 0.0385, 0.0385], [0.0099, 0.0099, 0.0, 0.0, 0.00030000000000000003, 0.00030000000000000003, 0.0001, 0.0001, 0.0, 0.0, 0.0, 0.0, 0.0, 0.0], [0.0017000000000000001, 0.0017000000000000001, 0.0, 0.0, 0.0, 0.0, 0.0, 0.0, 0.0, 0.0, 0.0, 0.0, 0.0, 0.0], [0.002, 0.002, 0.0005, 0.0005, 0.0, 0.0, 0.0, 0.0, 0.0, 0.0, 0.0, 0.0, 0.0, 0.0], [0.0004, 0.0004, 0.0, 0.0, 0.0, 0.0, 0.0, 0.0, 0.0, 0.0, 0.0, 0.0, 0.0, 0.0], [0.0002, 0.0002, 0.0002, 0.0002, 0.0, 0.0, 0.0001, 0.0001, 0.0, 0.0, 0.0, 0.0, 0.0, 0.0]]}}
bs_latimer_munro_efermi: 3.9917485999999993