material_id: mp-28487
band_gap: 0.20289999999999903
efermi: 5.977287
dos_magnetic_ordering: NM
dos_total_task_id: mp-1708947
dos_total_band_gap: 0.32229999999999903
dos_total_cbm: 5.5893
dos_total_vbm: 5.267
dos_total_efermi: 5.26769171
bs_setyawan_curtarolo_task_id: mp-1607532
bs_setyawan_curtarolo_band_gap: 0.20289999999999903
bs_setyawan_curtarolo_cbm: {'band_index': {'1': [64]}, 'kpoint_index': ['473'], 'kpoint': <pymatgen.electronic_structure.bandstructure.Kpoint object at 0x7fc699d63930>, 'energy': 6.0702, 'projections': {'1': [[0.0, 0.0007, 0.0, 0.0007, 0.0, 0.0055000000000000005, 0.0016, 0.0055000000000000005, 0.0016, 0.0001, 0.0001, 0.0187, 0.0187, 0.0001, 0.0001], [0.0005, 0.038200000000000005, 0.0092, 0.038200000000000005, 0.0092, 0.010400000000000001, 0.0, 0.010400000000000001, 0.0, 0.0057, 0.0057, 0.0055000000000000005, 0.0055000000000000005, 0.015700000000000002, 0.015700000000000002], [0.0059, 0.0001, 0.0001, 0.0001, 0.0001, 0.0018000000000000002, 0.0006000000000000001, 0.0018000000000000002, 0.0006000000000000001, 0.0012000000000000001, 0.0012000000000000001, 0.006200000000000001, 0.006200000000000001, 0.0494, 0.0494], [0.0, 0.0088, 0.0051, 0.0088, 0.0051, 0.0159, 0.0004, 0.0159, 0.0004, 0.0017000000000000001, 0.0017000000000000001, 0.0035, 0.0035, 0.0323, 0.0323], [0.0, 0.0002, 0.0001, 0.0002, 0.0001, 0.0013000000000000002, 0.0001, 0.0013000000000000002, 0.0001, 0.0, 0.0, 0.0004, 0.0004, 0.0001, 0.0001], [0.0, 0.0005, 0.0001, 0.0005, 0.0001, 0.0014, 0.0, 0.0014, 0.0, 0.0009000000000000001, 0.0009000000000000001, 0.0, 0.0, 0.0001, 0.0001], [0.0, 0.0, 0.0, 0.0, 0.0, 0.00030000000000000003, 0.0001, 0.00030000000000000003, 0.0001, 0.0, 0.0, 0.0012000000000000001, 0.0012000000000000001, 0.0002, 0.0002], [0.0001, 0.0002, 0.0001, 0.0002, 0.0001, 0.0013000000000000002, 0.0001, 0.0013000000000000002, 0.0001, 0.0001, 0.0001, 0.00030000000000000003, 0.00030000000000000003, 0.0, 0.0], [0.0, 0.0004, 0.0001, 0.0004, 0.0001, 0.0019, 0.0002, 0.0019, 0.0002, 0.0011, 0.0011, 0.0005, 0.0005, 0.0, 0.0]]}}
bs_setyawan_curtarolo_vbm: {'band_index': {'1': [63]}, 'kpoint_index': [252, 253, 492], 'kpoint': <pymatgen.electronic_structure.bandstructure.Kpoint object at 0x7fc5d4b59be0>, 'energy': 5.8673, 'projections': {'1': [[0.07590000000000001, 0.008400000000000001, 0.0497, 0.008400000000000001, 0.0497, 0.006900000000000001, 0.0017000000000000001, 0.006900000000000001, 0.0017000000000000001, 0.0103, 0.0103, 0.0002, 0.0002, 0.0033, 0.0033], [0.0, 0.0, 0.0, 0.0, 0.0, 0.0, 0.0, 0.0, 0.0, 0.0, 0.0, 0.0, 0.0, 0.0, 0.0], [0.0, 0.0165, 0.0079, 0.0165, 0.0079, 0.0004, 0.079, 0.0004, 0.079, 0.030600000000000002, 0.030600000000000002, 0.0246, 0.0246, 0.0028, 0.0028], [0.0, 0.0, 0.0, 0.0, 0.0, 0.0, 0.0, 0.0, 0.0, 0.0, 0.0, 0.0, 0.0, 0.0, 0.0], [0.0, 0.0, 0.0, 0.0, 0.0, 0.0, 0.0, 0.0, 0.0, 0.0, 0.0, 0.0, 0.0, 0.0, 0.0], [0.0, 0.0, 0.0, 0.0, 0.0, 0.0, 0.0, 0.0, 0.0, 0.0, 0.0, 0.0, 0.0, 0.0, 0.0], [0.0041, 0.0004, 0.0026000000000000003, 0.0004, 0.0026000000000000003, 0.0005, 0.0002, 0.0005, 0.0002, 0.0012000000000000001, 0.0012000000000000001, 0.0006000000000000001, 0.0006000000000000001, 0.0005, 0.0005], [0.0, 0.0, 0.0, 0.0, 0.0, 0.0, 0.0, 0.0, 0.0, 0.0, 0.0, 0.0, 0.0, 0.0, 0.0], [0.0, 0.0, 0.0, 0.0, 0.0, 0.0, 0.0, 0.0, 0.0, 0.0, 0.0, 0.0, 0.0, 0.0, 0.0]]}}
bs_setyawan_curtarolo_efermi: 5.977287
bs_hinuma_task_id: mp-2172095
bs_hinuma_band_gap: 0.20289999999999903
bs_hinuma_cbm: {'band_index': {'1': [64]}, 'kpoint_index': ['473'], 'kpoint': <pymatgen.electronic_structure.bandstructure.Kpoint object at 0x7fc5d4b5a200>, 'energy': 6.0702, 'projections': {'1': [[0.0, 0.0007, 0.0, 0.0007, 0.0, 0.0055000000000000005, 0.0016, 0.0055000000000000005, 0.0016, 0.0001, 0.0001, 0.0187, 0.0187, 0.0001, 0.0001], [0.0005, 0.038200000000000005, 0.0092, 0.038200000000000005, 0.0092, 0.010400000000000001, 0.0, 0.010400000000000001, 0.0, 0.0057, 0.0057, 0.0055000000000000005, 0.0055000000000000005, 0.015700000000000002, 0.015700000000000002], [0.0059, 0.0001, 0.0001, 0.0001, 0.0001, 0.0018000000000000002, 0.0006000000000000001, 0.0018000000000000002, 0.0006000000000000001, 0.0012000000000000001, 0.0012000000000000001, 0.006200000000000001, 0.006200000000000001, 0.0494, 0.0494], [0.0, 0.0088, 0.0051, 0.0088, 0.0051, 0.0159, 0.0004, 0.0159, 0.0004, 0.0017000000000000001, 0.0017000000000000001, 0.0035, 0.0035, 0.0323, 0.0323], [0.0, 0.0002, 0.0001, 0.0002, 0.0001, 0.0013000000000000002, 0.0001, 0.0013000000000000002, 0.0001, 0.0, 0.0, 0.0004, 0.0004, 0.0001, 0.0001], [0.0, 0.0005, 0.0001, 0.0005, 0.0001, 0.0014, 0.0, 0.0014, 0.0, 0.0009000000000000001, 0.0009000000000000001, 0.0, 0.0, 0.0001, 0.0001], [0.0, 0.0, 0.0, 0.0, 0.0, 0.00030000000000000003, 0.0001, 0.00030000000000000003, 0.0001, 0.0, 0.0, 0.0012000000000000001, 0.0012000000000000001, 0.0002, 0.0002], [0.0001, 0.0002, 0.0001, 0.0002, 0.0001, 0.0013000000000000002, 0.0001, 0.0013000000000000002, 0.0001, 0.0001, 0.0001, 0.00030000000000000003, 0.00030000000000000003, 0.0, 0.0], [0.0, 0.0004, 0.0001, 0.0004, 0.0001, 0.0019, 0.0002, 0.0019, 0.0002, 0.0011, 0.0011, 0.0005, 0.0005, 0.0, 0.0]]}}
bs_hinuma_vbm: {'band_index': {'1': [63]}, 'kpoint_index': [252, 253, 492], 'kpoint': <pymatgen.electronic_structure.bandstructure.Kpoint object at 0x7fc5d4b59d30>, 'energy': 5.8673, 'projections': {'1': [[0.07590000000000001, 0.008400000000000001, 0.0497, 0.008400000000000001, 0.0497, 0.006900000000000001, 0.0017000000000000001, 0.006900000000000001, 0.0017000000000000001, 0.0103, 0.0103, 0.0002, 0.0002, 0.0033, 0.0033], [0.0, 0.0, 0.0, 0.0, 0.0, 0.0, 0.0, 0.0, 0.0, 0.0, 0.0, 0.0, 0.0, 0.0, 0.0], [0.0, 0.0165, 0.0079, 0.0165, 0.0079, 0.0004, 0.079, 0.0004, 0.079, 0.030600000000000002, 0.030600000000000002, 0.0246, 0.0246, 0.0028, 0.0028], [0.0, 0.0, 0.0, 0.0, 0.0, 0.0, 0.0, 0.0, 0.0, 0.0, 0.0, 0.0, 0.0, 0.0, 0.0], [0.0, 0.0, 0.0, 0.0, 0.0, 0.0, 0.0, 0.0, 0.0, 0.0, 0.0, 0.0, 0.0, 0.0, 0.0], [0.0, 0.0, 0.0, 0.0, 0.0, 0.0, 0.0, 0.0, 0.0, 0.0, 0.0, 0.0, 0.0, 0.0, 0.0], [0.0041, 0.0004, 0.0026000000000000003, 0.0004, 0.0026000000000000003, 0.0005, 0.0002, 0.0005, 0.0002, 0.0012000000000000001, 0.0012000000000000001, 0.0006000000000000001, 0.0006000000000000001, 0.0005, 0.0005], [0.0, 0.0, 0.0, 0.0, 0.0, 0.0, 0.0, 0.0, 0.0, 0.0, 0.0, 0.0, 0.0, 0.0, 0.0], [0.0, 0.0, 0.0, 0.0, 0.0, 0.0, 0.0, 0.0, 0.0, 0.0, 0.0, 0.0, 0.0, 0.0, 0.0]]}}
bs_hinuma_efermi: 5.977287
bs_latimer_munro_task_id: mp-2689335
bs_latimer_munro_band_gap: 0.20289999999999903
bs_latimer_munro_cbm: {'band_index': {'1': [64]}, 'kpoint_index': ['261'], 'kpoint': <pymatgen.electronic_structure.bandstructure.Kpoint object at 0x7fc5d4b5a430>, 'energy': 6.0702, 'projections': {'1': [[0.0, 0.0007, 0.0, 0.0007, 0.0, 0.0055000000000000005, 0.0016, 0.0055000000000000005, 0.0016, 0.0001, 0.0001, 0.0187, 0.0187, 0.0001, 0.0001], [0.0005, 0.038200000000000005, 0.0092, 0.038200000000000005, 0.0092, 0.010400000000000001, 0.0, 0.010400000000000001, 0.0, 0.0057, 0.0057, 0.0055000000000000005, 0.0055000000000000005, 0.015700000000000002, 0.015700000000000002], [0.0059, 0.0001, 0.0001, 0.0001, 0.0001, 0.0018000000000000002, 0.0006000000000000001, 0.0018000000000000002, 0.0006000000000000001, 0.0012000000000000001, 0.0012000000000000001, 0.006200000000000001, 0.006200000000000001, 0.0494, 0.0494], [0.0, 0.0088, 0.0051, 0.0088, 0.0051, 0.0159, 0.0004, 0.0159, 0.0004, 0.0017000000000000001, 0.0017000000000000001, 0.0035, 0.0035, 0.0323, 0.0323], [0.0, 0.0002, 0.0001, 0.0002, 0.0001, 0.0013000000000000002, 0.0001, 0.0013000000000000002, 0.0001, 0.0, 0.0, 0.0004, 0.0004, 0.0001, 0.0001], [0.0, 0.0005, 0.0001, 0.0005, 0.0001, 0.0014, 0.0, 0.0014, 0.0, 0.0009000000000000001, 0.0009000000000000001, 0.0, 0.0, 0.0001, 0.0001], [0.0, 0.0, 0.0, 0.0, 0.0, 0.00030000000000000003, 0.0001, 0.00030000000000000003, 0.0001, 0.0, 0.0, 0.0012000000000000001, 0.0012000000000000001, 0.0002, 0.0002], [0.0001, 0.0002, 0.0001, 0.0002, 0.0001, 0.0013000000000000002, 0.0001, 0.0013000000000000002, 0.0001, 0.0001, 0.0001, 0.00030000000000000003, 0.00030000000000000003, 0.0, 0.0], [0.0, 0.0004, 0.0001, 0.0004, 0.0001, 0.0019, 0.0002, 0.0019, 0.0002, 0.0011, 0.0011, 0.0005, 0.0005, 0.0, 0.0]]}}
bs_latimer_munro_vbm: {'band_index': {'1': [63]}, 'kpoint_index': [241, 242, 645], 'kpoint': <pymatgen.electronic_structure.bandstructure.Kpoint object at 0x7fc5d4b5a3c0>, 'energy': 5.8673, 'projections': {'1': [[0.07590000000000001, 0.008400000000000001, 0.0497, 0.008400000000000001, 0.0497, 0.006900000000000001, 0.0017000000000000001, 0.007, 0.0017000000000000001, 0.0103, 0.0103, 0.0002, 0.0002, 0.0033, 0.0033], [0.0, 0.0, 0.0, 0.0, 0.0, 0.0, 0.0, 0.0, 0.0, 0.0, 0.0, 0.0, 0.0, 0.0, 0.0], [0.0, 0.0165, 0.0079, 0.0165, 0.0079, 0.0004, 0.079, 0.0004, 0.079, 0.030600000000000002, 0.030600000000000002, 0.0246, 0.0246, 0.0028, 0.0028], [0.0, 0.0, 0.0, 0.0, 0.0, 0.0, 0.0, 0.0, 0.0, 0.0, 0.0, 0.0, 0.0, 0.0, 0.0], [0.0, 0.0, 0.0, 0.0, 0.0, 0.0, 0.0, 0.0, 0.0, 0.0, 0.0, 0.0, 0.0, 0.0, 0.0], [0.0, 0.0, 0.0, 0.0, 0.0, 0.0, 0.0, 0.0, 0.0, 0.0, 0.0, 0.0, 0.0, 0.0, 0.0], [0.0041, 0.0004, 0.0026000000000000003, 0.0004, 0.0026000000000000003, 0.0005, 0.0002, 0.0005, 0.0002, 0.0012000000000000001, 0.0012000000000000001, 0.0006000000000000001, 0.0006000000000000001, 0.0005, 0.0005], [0.0, 0.0, 0.0, 0.0, 0.0, 0.0, 0.0, 0.0, 0.0, 0.0, 0.0, 0.0, 0.0, 0.0, 0.0], [0.0, 0.0, 0.0, 0.0, 0.0, 0.0, 0.0, 0.0, 0.0, 0.0, 0.0, 0.0, 0.0, 0.0, 0.0]]}}
bs_latimer_munro_efermi: 5.97355169