material_id: mp-21497
band_gap: 3.1338
efermi: 2.96183512
dos_magnetic_ordering: NM
dos_total_task_id: mp-1708634
dos_total_band_gap: 3.2901
dos_total_cbm: 6.1737
dos_total_vbm: 2.8836
dos_total_efermi: 2.8897130300000002
bs_setyawan_curtarolo_task_id: mp-700848
bs_setyawan_curtarolo_band_gap: 3.1338
bs_setyawan_curtarolo_cbm: {'band_index': {'1': [64]}, 'kpoint_index': [24, 25], 'kpoint': <pymatgen.electronic_structure.bandstructure.Kpoint object at 0x7fc699d63930>, 'energy': 6.0652, 'projections': {}}
bs_setyawan_curtarolo_vbm: {'band_index': {'1': [63]}, 'kpoint_index': ['34'], 'kpoint': <pymatgen.electronic_structure.bandstructure.Kpoint object at 0x7fc5d4b5a190>, 'energy': 2.9314, 'projections': {}}
bs_setyawan_curtarolo_efermi: 2.96183512
bs_latimer_munro_task_id: mp-2446501
bs_latimer_munro_band_gap: 3.135399999999999
bs_latimer_munro_cbm: {'band_index': {'1': [64]}, 'kpoint_index': [111, 112, 124], 'kpoint': <pymatgen.electronic_structure.bandstructure.Kpoint object at 0x7fc5d4b5a3c0>, 'energy': 6.0665, 'projections': {'1': [[0.00030000000000000003, 0.00030000000000000003, 0.001, 0.001, 0.008700000000000001, 0.008700000000000001, 0.0059, 0.0059, 0.0089, 0.0089, 0.0122, 0.0122, 0.0036000000000000003, 0.0036000000000000003, 0.0122, 0.0122], [0.07010000000000001, 0.07010000000000001, 0.0014, 0.0014, 0.0, 0.0, 0.0, 0.0, 0.00030000000000000003, 0.00030000000000000003, 0.0, 0.0, 0.0068000000000000005, 0.0068000000000000005, 0.0, 0.0], [0.0363, 0.0363, 0.053500000000000006, 0.053500000000000006, 0.0033, 0.0033, 0.0, 0.0, 0.0046, 0.0046, 0.0, 0.0, 0.0001, 0.0001, 0.0, 0.0], [0.0, 0.0, 0.0, 0.0, 0.0, 0.0, 0.0, 0.0, 0.0, 0.0, 0.0004, 0.0004, 0.0, 0.0, 0.0004, 0.0004], [0.0, 0.0, 0.0, 0.0, 0.0, 0.0, 0.0, 0.0, 0.0, 0.0, 0.0, 0.0, 0.0, 0.0, 0.0, 0.0], [0.0, 0.0, 0.0001, 0.0001, 0.0, 0.0, 0.0, 0.0, 0.0, 0.0, 0.0, 0.0, 0.0, 0.0, 0.0, 0.0], [0.00030000000000000003, 0.00030000000000000003, 0.0, 0.0, 0.0, 0.0, 0.0, 0.0, 0.0, 0.0, 0.0, 0.0, 0.0, 0.0, 0.0, 0.0], [0.0, 0.0, 0.0, 0.0, 0.0, 0.0, 0.0, 0.0, 0.0, 0.0, 0.0, 0.0, 0.0, 0.0, 0.0, 0.0], [0.0005, 0.0005, 0.0, 0.0, 0.0, 0.0, 0.0, 0.0, 0.0, 0.0, 0.0, 0.0, 0.0, 0.0, 0.0, 0.0]]}}
bs_latimer_munro_vbm: {'band_index': {'1': [63]}, 'kpoint_index': ['121'], 'kpoint': <pymatgen.electronic_structure.bandstructure.Kpoint object at 0x7fc5d4b5a350>, 'energy': 2.9311, 'projections': {'1': [[0.0033, 0.0033, 0.0644, 0.0644, 0.0, 0.0, 0.0, 0.0, 0.0, 0.0, 0.0002, 0.0002, 0.0001, 0.0001, 0.0002, 0.0002], [0.0012000000000000001, 0.0012000000000000001, 0.0172, 0.0172, 0.0, 0.0, 0.11850000000000001, 0.11850000000000001, 0.0012000000000000001, 0.0012000000000000001, 0.021500000000000002, 0.021500000000000002, 0.036500000000000005, 0.036500000000000005, 0.021500000000000002, 0.021500000000000002], [0.0006000000000000001, 0.0006000000000000001, 0.0018000000000000002, 0.0018000000000000002, 0.0001, 0.0001, 0.0196, 0.0196, 0.0171, 0.0171, 0.022600000000000002, 0.022600000000000002, 0.0053, 0.0053, 0.022600000000000002, 0.022600000000000002], [0.0, 0.0, 0.0, 0.0, 0.0001, 0.0001, 0.0, 0.0, 0.0018000000000000002, 0.0018000000000000002, 0.005, 0.005, 0.0008, 0.0008, 0.005, 0.005], [0.0004, 0.0004, 0.0, 0.0, 0.0, 0.0, 0.0, 0.0, 0.0, 0.0, 0.0, 0.0, 0.0, 0.0, 0.0, 0.0], [0.0, 0.0, 0.0, 0.0, 0.0, 0.0, 0.0, 0.0, 0.0, 0.0, 0.0, 0.0, 0.0, 0.0, 0.0, 0.0], [0.0001, 0.0001, 0.0006000000000000001, 0.0006000000000000001, 0.0, 0.0, 0.0, 0.0, 0.0, 0.0, 0.0, 0.0, 0.0, 0.0, 0.0, 0.0], [0.0001, 0.0001, 0.0, 0.0, 0.0, 0.0, 0.0, 0.0, 0.0, 0.0, 0.0, 0.0, 0.0, 0.0, 0.0, 0.0], [0.0, 0.0, 0.0, 0.0, 0.0, 0.0, 0.0, 0.0, 0.0, 0.0, 0.0, 0.0, 0.0, 0.0, 0.0, 0.0]]}}
bs_latimer_munro_efermi: 3.05544253