material_id: mp-20854
band_gap: 2.2615
efermi: -1.12285622
dos_magnetic_ordering: FM
dos_total_task_id: mp-2280100
dos_total_band_gap: 2.2274
dos_total_cbm: 0.9871000000000001
dos_total_vbm: -1.2403
dos_total_efermi: -1.22866039
bs_setyawan_curtarolo_task_id: mp-1589531
bs_setyawan_curtarolo_band_gap: 2.2615
bs_setyawan_curtarolo_cbm: {'band_index': {'1': [37], '-1': []}, 'kpoint_index': [0, 57, 58], 'kpoint': <pymatgen.electronic_structure.bandstructure.Kpoint object at 0x7fc699d63930>, 'energy': 1.0084, 'projections': {'1': [[0.0451, 0.3099, 0.0106, 0.0106, 0.0106, 0.0106, 0.0106, 0.0106], [0.0, 0.0, 0.0258, 0.0437, 0.0023, 0.0437, 0.0258, 0.0023], [0.0, 0.0, 0.012, 0.0009000000000000001, 0.0555, 0.0009000000000000001, 0.012, 0.0555], [0.0, 0.0, 0.021500000000000002, 0.014700000000000001, 0.0014, 0.014700000000000001, 0.021500000000000002, 0.0014], [0.0, 0.0, 0.0, 0.0, 0.0, 0.0, 0.0, 0.0], [0.0, 0.0, 0.0, 0.0, 0.0, 0.0, 0.0, 0.0], [0.0002, 0.0, 0.0, 0.0, 0.0, 0.0, 0.0, 0.0], [0.00030000000000000003, 0.0, 0.0, 0.0, 0.0, 0.0, 0.0, 0.0], [0.0008, 0.0001, 0.0, 0.0, 0.0, 0.0, 0.0, 0.0]]}}
bs_setyawan_curtarolo_vbm: {'band_index': {'1': [35, 36], '-1': []}, 'kpoint_index': [0, 57, 58], 'kpoint': <pymatgen.electronic_structure.bandstructure.Kpoint object at 0x7fc5d4b5a200>, 'energy': -1.253099999999999, 'projections': {'1': [[0.0, 0.0, 0.0001, 0.0002, 0.0005, 0.0002, 0.0001, 0.0005], [0.0, 0.0, 0.010700000000000001, 0.025400000000000002, 0.1262, 0.025400000000000002, 0.010700000000000001, 0.1262], [0.0, 0.0, 0.0027, 0.024900000000000002, 0.0122, 0.024900000000000002, 0.0027, 0.0122], [0.0, 0.0, 0.0463, 0.0005, 0.0555, 0.0005, 0.0463, 0.0555], [0.15280000000000002, 0.0007, 0.0, 0.0, 0.0, 0.0, 0.0, 0.0], [0.0108, 0.008700000000000001, 0.0, 0.0, 0.0, 0.0, 0.0, 0.0], [0.0658, 0.0137, 0.0, 0.0, 0.0, 0.0, 0.0, 0.0], [0.0088, 0.0054, 0.0, 0.0, 0.0, 0.0, 0.0, 0.0], [0.0315, 0.0001, 0.0, 0.0, 0.0, 0.0, 0.0, 0.0]]}}
bs_setyawan_curtarolo_efermi: -1.12285622
bs_hinuma_task_id: mp-2192098
bs_hinuma_band_gap: 2.2615
bs_hinuma_cbm: {'band_index': {'1': [37], '-1': []}, 'kpoint_index': [0, 57, 58, 102], 'kpoint': <pymatgen.electronic_structure.bandstructure.Kpoint object at 0x7fc5d4b59e80>, 'energy': 1.0084, 'projections': {'1': [[0.0451, 0.3099, 0.0106, 0.0106, 0.0106, 0.0106, 0.0106, 0.0106], [0.0, 0.0, 0.0258, 0.0437, 0.0023, 0.0437, 0.0258, 0.0023], [0.0, 0.0, 0.012, 0.0009000000000000001, 0.0555, 0.0009000000000000001, 0.012, 0.0555], [0.0, 0.0, 0.021500000000000002, 0.014700000000000001, 0.0014, 0.014700000000000001, 0.021500000000000002, 0.0014], [0.0, 0.0, 0.0, 0.0, 0.0, 0.0, 0.0, 0.0], [0.0, 0.0, 0.0, 0.0, 0.0, 0.0, 0.0, 0.0], [0.0002, 0.0, 0.0, 0.0, 0.0, 0.0, 0.0, 0.0], [0.00030000000000000003, 0.0, 0.0, 0.0, 0.0, 0.0, 0.0, 0.0], [0.0008, 0.0001, 0.0, 0.0, 0.0, 0.0, 0.0, 0.0]]}}
bs_hinuma_vbm: {'band_index': {'1': [35, 36], '-1': []}, 'kpoint_index': [0, 57, 58, 102], 'kpoint': <pymatgen.electronic_structure.bandstructure.Kpoint object at 0x7fc5d4b5a350>, 'energy': -1.253099999999999, 'projections': {'1': [[0.0, 0.0, 0.0001, 0.0002, 0.0005, 0.0002, 0.0001, 0.0005], [0.0, 0.0, 0.010700000000000001, 0.025400000000000002, 0.1262, 0.025400000000000002, 0.010700000000000001, 0.1262], [0.0, 0.0, 0.0027, 0.024900000000000002, 0.0122, 0.024900000000000002, 0.0027, 0.0122], [0.0, 0.0, 0.0463, 0.0005, 0.0555, 0.0005, 0.0463, 0.0555], [0.15280000000000002, 0.0007, 0.0, 0.0, 0.0, 0.0, 0.0, 0.0], [0.0108, 0.008700000000000001, 0.0, 0.0, 0.0, 0.0, 0.0, 0.0], [0.0658, 0.0137, 0.0, 0.0, 0.0, 0.0, 0.0, 0.0], [0.0088, 0.0054, 0.0, 0.0, 0.0, 0.0, 0.0, 0.0], [0.0315, 0.0001, 0.0, 0.0, 0.0, 0.0, 0.0, 0.0]]}}
bs_hinuma_efermi: -1.11623599
bs_latimer_munro_task_id: mp-2318789
bs_latimer_munro_band_gap: 2.2615
bs_latimer_munro_cbm: {'band_index': {'1': [37], '-1': []}, 'kpoint_index': [14, 15, 31], 'kpoint': <pymatgen.electronic_structure.bandstructure.Kpoint object at 0x7fc5d4b5a3c0>, 'energy': 1.0084, 'projections': {'1': [[0.0451, 0.3099, 0.0106, 0.0106, 0.0106, 0.0106, 0.0106, 0.0106], [0.0, 0.0, 0.0258, 0.0437, 0.0023, 0.0437, 0.0258, 0.0023], [0.0, 0.0, 0.012, 0.0009000000000000001, 0.0555, 0.0009000000000000001, 0.012, 0.0555], [0.0, 0.0, 0.021500000000000002, 0.014700000000000001, 0.0014, 0.014700000000000001, 0.021500000000000002, 0.0014], [0.0, 0.0, 0.0, 0.0, 0.0, 0.0, 0.0, 0.0], [0.0, 0.0, 0.0, 0.0, 0.0, 0.0, 0.0, 0.0], [0.0002, 0.0, 0.0, 0.0, 0.0, 0.0, 0.0, 0.0], [0.00030000000000000003, 0.0, 0.0, 0.0, 0.0, 0.0, 0.0, 0.0], [0.0008, 0.0001, 0.0, 0.0, 0.0, 0.0, 0.0, 0.0]]}}
bs_latimer_munro_vbm: {'band_index': {'1': [35, 36], '-1': []}, 'kpoint_index': [14, 15, 31], 'kpoint': <pymatgen.electronic_structure.bandstructure.Kpoint object at 0x7fc5d4b59c50>, 'energy': -1.253099999999999, 'projections': {'1': [[0.0, 0.0, 0.0001, 0.0002, 0.0005, 0.0002, 0.0001, 0.0005], [0.0, 0.0, 0.010700000000000001, 0.025400000000000002, 0.1262, 0.025400000000000002, 0.010700000000000001, 0.1262], [0.0, 0.0, 0.0027, 0.024900000000000002, 0.0122, 0.024900000000000002, 0.0027, 0.0122], [0.0, 0.0, 0.0463, 0.0005, 0.0555, 0.0005, 0.0463, 0.0555], [0.15280000000000002, 0.0007, 0.0, 0.0, 0.0, 0.0, 0.0, 0.0], [0.0108, 0.008700000000000001, 0.0, 0.0, 0.0, 0.0, 0.0, 0.0], [0.0658, 0.0137, 0.0, 0.0, 0.0, 0.0, 0.0, 0.0], [0.0088, 0.0054, 0.0, 0.0, 0.0, 0.0, 0.0, 0.0], [0.0315, 0.0001, 0.0, 0.0, 0.0, 0.0, 0.0, 0.0]]}}
bs_latimer_munro_efermi: -1.11266737