material_id: mp-2706
band_gap: 3.114999999999999
efermi: -0.7618680800000001
dos_magnetic_ordering: NM
dos_total_task_id: mp-2298063
dos_total_band_gap: 3.0831
dos_total_cbm: 2.1577
dos_total_vbm: -0.9254
dos_total_efermi: -0.9442434
bs_setyawan_curtarolo_task_id: mp-1592831
bs_setyawan_curtarolo_band_gap: 3.114999999999999
bs_setyawan_curtarolo_cbm: {'band_index': {'1': [21]}, 'kpoint_index': [0, 62, 63], 'kpoint': <pymatgen.electronic_structure.bandstructure.Kpoint object at 0x7fc699d63930>, 'energy': 2.1691, 'projections': {'1': [[0.36510000000000004, 0.0123, 0.030600000000000002, 0.030600000000000002, 0.0123], [0.0, 0.0, 0.0, 0.0, 0.0], [0.0, 0.1366, 0.0, 0.0, 0.1366], [0.0, 0.0, 0.0, 0.0, 0.0], [0.0, 0.0, 0.0, 0.0, 0.0], [0.0, 0.0, 0.0, 0.0, 0.0], [0.0465, 0.0, 0.0, 0.0, 0.0], [0.0, 0.0, 0.0, 0.0, 0.0], [0.0, 0.0, 0.0, 0.0, 0.0]]}}
bs_setyawan_curtarolo_vbm: {'band_index': {'1': [20]}, 'kpoint_index': [22, 23, 149], 'kpoint': <pymatgen.electronic_structure.bandstructure.Kpoint object at 0x7fc5d4b59e80>, 'energy': -0.9459000000000001, 'projections': {'1': [[0.0, 0.0, 0.0, 0.0, 0.0], [0.0, 0.19920000000000002, 0.0, 0.0, 0.19920000000000002], [0.0, 0.0, 0.0131, 0.0131, 0.0], [0.0, 0.19920000000000002, 0.0, 0.0, 0.19920000000000002], [0.0, 0.0, 0.0, 0.0, 0.0], [0.006, 0.0, 0.0, 0.0, 0.0], [0.0, 0.0, 0.0, 0.0, 0.0], [0.006, 0.0, 0.0, 0.0, 0.0], [0.0, 0.0, 0.0, 0.0, 0.0]]}}
bs_setyawan_curtarolo_efermi: -0.7618680800000001
bs_hinuma_task_id: mp-2061666
bs_hinuma_band_gap: 3.114999999999999
bs_hinuma_cbm: {'band_index': {'1': [21]}, 'kpoint_index': [0, 66, 67, 116], 'kpoint': <pymatgen.electronic_structure.bandstructure.Kpoint object at 0x7fc5d4b5a430>, 'energy': 2.1691, 'projections': {'1': [[0.36510000000000004, 0.0123, 0.030600000000000002, 0.030600000000000002, 0.0123], [0.0, 0.0, 0.0, 0.0, 0.0], [0.0, 0.1366, 0.0, 0.0, 0.1366], [0.0, 0.0, 0.0, 0.0, 0.0], [0.0, 0.0, 0.0, 0.0, 0.0], [0.0, 0.0, 0.0, 0.0, 0.0], [0.0465, 0.0, 0.0, 0.0, 0.0], [0.0, 0.0, 0.0, 0.0, 0.0], [0.0, 0.0, 0.0, 0.0, 0.0]]}}
bs_hinuma_vbm: {'band_index': {'1': [20]}, 'kpoint_index': [22, 23, 117], 'kpoint': <pymatgen.electronic_structure.bandstructure.Kpoint object at 0x7fc5d4b5a350>, 'energy': -0.9459000000000001, 'projections': {'1': [[0.0, 0.0, 0.0, 0.0, 0.0], [0.0, 0.19920000000000002, 0.0, 0.0, 0.19920000000000002], [0.0, 0.0, 0.0131, 0.0131, 0.0], [0.0, 0.19920000000000002, 0.0, 0.0, 0.19920000000000002], [0.0, 0.0, 0.0, 0.0, 0.0], [0.006, 0.0, 0.0, 0.0, 0.0], [0.0, 0.0, 0.0, 0.0, 0.0], [0.006, 0.0, 0.0, 0.0, 0.0], [0.0, 0.0, 0.0, 0.0, 0.0]]}}
bs_hinuma_efermi: -0.76504013
bs_latimer_munro_task_id: mp-2694781
bs_latimer_munro_band_gap: 3.114999999999999
bs_latimer_munro_cbm: {'band_index': {'1': [21]}, 'kpoint_index': [32, 33, 99, 100, 152, 153, 231, 232, 250], 'kpoint': <pymatgen.electronic_structure.bandstructure.Kpoint object at 0x7fc5d4b59d30>, 'energy': 2.1691, 'projections': {'1': [[0.36510000000000004, 0.0123, 0.030600000000000002, 0.030600000000000002, 0.0123], [0.0, 0.0, 0.0, 0.0, 0.0], [0.0, 0.1366, 0.0, 0.0, 0.1366], [0.0, 0.0, 0.0, 0.0, 0.0], [0.0, 0.0, 0.0, 0.0, 0.0], [0.0, 0.0, 0.0, 0.0, 0.0], [0.0465, 0.0, 0.0, 0.0, 0.0], [0.0, 0.0, 0.0, 0.0, 0.0], [0.0, 0.0, 0.0, 0.0, 0.0]]}}
bs_latimer_munro_vbm: {'band_index': {'1': [20]}, 'kpoint_index': [63, 64, 208, 209], 'kpoint': <pymatgen.electronic_structure.bandstructure.Kpoint object at 0x7fc5d4b5a3c0>, 'energy': -0.9459000000000001, 'projections': {'1': [[0.0, 0.0, 0.0, 0.0, 0.0], [0.0, 0.19920000000000002, 0.0, 0.0, 0.19920000000000002], [0.0, 0.0, 0.0131, 0.0131, 0.0], [0.0, 0.19920000000000002, 0.0, 0.0, 0.19920000000000002], [0.0, 0.0, 0.0, 0.0, 0.0], [0.006, 0.0, 0.0, 0.0, 0.0], [0.0, 0.0, 0.0, 0.0, 0.0], [0.006, 0.0, 0.0, 0.0, 0.0], [0.0, 0.0, 0.0, 0.0, 0.0]]}}
bs_latimer_munro_efermi: -0.76542296