material_id: mp-29797
band_gap: 0.08119999999999901
efermi: 1.513504489999999
dos_magnetic_ordering: FM
dos_total_task_id: mp-2261754
dos_total_band_gap: 4.3231
dos_total_cbm: 5.1047
dos_total_vbm: 0.7816000000000001
dos_total_efermi: 0.78358386
bs_setyawan_curtarolo_task_id: mp-1586294
bs_setyawan_curtarolo_band_gap: 0.08119999999999901
bs_setyawan_curtarolo_cbm: {'band_index': {'1': [24], '-1': []}, 'kpoint_index': [0, 59, 60], 'kpoint': <pymatgen.electronic_structure.bandstructure.Kpoint object at 0x7fc699d63930>, 'energy': 1.5549, 'projections': {'1': [[0.0, 0.0, 0.0, 0.0, 0.0, 0.0], [0.0, 0.0, 0.0, 0.0, 0.0, 0.0], [0.0, 0.0, 0.0, 0.0, 0.0, 0.0], [0.0, 0.0, 0.0, 0.0, 0.0, 0.0], [0.00030000000000000003, 0.00030000000000000003, 0.0001, 0.0001, 0.0, 0.0], [0.0, 0.0, 0.0, 0.0, 0.0, 0.0], [0.0, 0.0, 0.0, 0.0, 0.0, 0.0], [0.0, 0.0, 0.0, 0.0, 0.0, 0.0], [0.0, 0.0, 0.0, 0.0, 0.0, 0.0], [0.0, 0.0, 0.0, 0.0, 0.0, 0.0], [0.4953, 0.4953, 0.0, 0.0, 0.0, 0.0], [0.0, 0.0, 0.0, 0.0, 0.0, 0.0], [0.0, 0.0, 0.0, 0.0, 0.0, 0.0], [0.0, 0.0, 0.0, 0.0, 0.0, 0.0], [0.0, 0.0, 0.0, 0.0, 0.0, 0.0], [0.0, 0.0, 0.0, 0.0, 0.0, 0.0]]}}
bs_setyawan_curtarolo_vbm: {'band_index': {'-1': [37], '1': []}, 'kpoint_index': ['43'], 'kpoint': <pymatgen.electronic_structure.bandstructure.Kpoint object at 0x7fc5d4b5a350>, 'energy': 1.4737, 'projections': {'-1': [[0.0, 0.0, 0.0, 0.0, 0.0, 0.0], [0.001, 0.001, 0.0016, 0.0016, 0.040600000000000004, 0.040600000000000004], [0.0, 0.0, 0.0, 0.0, 0.0146, 0.0146], [0.001, 0.001, 0.0016, 0.0016, 0.040600000000000004, 0.040600000000000004], [0.0, 0.0, 0.0, 0.0, 0.0, 0.0], [0.0028, 0.0028, 0.0, 0.0, 0.0, 0.0], [0.0, 0.0, 0.0, 0.0, 0.0, 0.0], [0.0028, 0.0028, 0.0, 0.0, 0.0, 0.0], [0.0099, 0.0099, 0.0, 0.0, 0.0, 0.0], [0.069, 0.069, 0.0, 0.0, 0.0, 0.0], [0.0, 0.0, 0.0, 0.0, 0.0, 0.0], [0.0013000000000000002, 0.0013000000000000002, 0.0, 0.0, 0.0, 0.0], [0.0, 0.0, 0.0, 0.0, 0.0, 0.0], [0.0013000000000000002, 0.0013000000000000002, 0.0, 0.0, 0.0, 0.0], [0.2195, 0.2195, 0.0, 0.0, 0.0, 0.0], [0.069, 0.069, 0.0, 0.0, 0.0, 0.0]]}}
bs_setyawan_curtarolo_efermi: 1.513504489999999
bs_hinuma_task_id: mp-2188508
bs_hinuma_band_gap: 0.08119999999999901
bs_hinuma_cbm: {'band_index': {'1': [24], '-1': []}, 'kpoint_index': [0, 59, 60], 'kpoint': <pymatgen.electronic_structure.bandstructure.Kpoint object at 0x7fc5d4b5a190>, 'energy': 1.5549, 'projections': {'1': [[0.0, 0.0, 0.0, 0.0, 0.0, 0.0], [0.0, 0.0, 0.0, 0.0, 0.0, 0.0], [0.0, 0.0, 0.0, 0.0, 0.0, 0.0], [0.0, 0.0, 0.0, 0.0, 0.0, 0.0], [0.00030000000000000003, 0.00030000000000000003, 0.0001, 0.0001, 0.0, 0.0], [0.0, 0.0, 0.0, 0.0, 0.0, 0.0], [0.0, 0.0, 0.0, 0.0, 0.0, 0.0], [0.0, 0.0, 0.0, 0.0, 0.0, 0.0], [0.0, 0.0, 0.0, 0.0, 0.0, 0.0], [0.0, 0.0, 0.0, 0.0, 0.0, 0.0], [0.4953, 0.4954, 0.0, 0.0, 0.0, 0.0], [0.0, 0.0, 0.0, 0.0, 0.0, 0.0], [0.0, 0.0, 0.0, 0.0, 0.0, 0.0], [0.0, 0.0, 0.0, 0.0, 0.0, 0.0], [0.0, 0.0, 0.0, 0.0, 0.0, 0.0], [0.0, 0.0, 0.0, 0.0, 0.0, 0.0]]}}
bs_hinuma_vbm: {'band_index': {'-1': [37], '1': []}, 'kpoint_index': ['43'], 'kpoint': <pymatgen.electronic_structure.bandstructure.Kpoint object at 0x7fc5d4b59e80>, 'energy': 1.4737, 'projections': {'-1': [[0.0, 0.0, 0.0, 0.0, 0.0, 0.0], [0.001, 0.001, 0.0016, 0.0016, 0.040600000000000004, 0.040600000000000004], [0.0, 0.0, 0.0, 0.0, 0.0146, 0.0146], [0.001, 0.001, 0.0016, 0.0016, 0.040600000000000004, 0.040600000000000004], [0.0, 0.0, 0.0, 0.0, 0.0, 0.0], [0.0028, 0.0028, 0.0, 0.0, 0.0, 0.0], [0.0, 0.0, 0.0, 0.0, 0.0, 0.0], [0.0028, 0.0028, 0.0, 0.0, 0.0, 0.0], [0.0099, 0.0099, 0.0, 0.0, 0.0, 0.0], [0.069, 0.069, 0.0, 0.0, 0.0, 0.0], [0.0, 0.0, 0.0, 0.0, 0.0, 0.0], [0.0013000000000000002, 0.0013000000000000002, 0.0, 0.0, 0.0, 0.0], [0.0, 0.0, 0.0, 0.0, 0.0, 0.0], [0.0013000000000000002, 0.0013000000000000002, 0.0, 0.0, 0.0, 0.0], [0.2195, 0.2195, 0.0, 0.0, 0.0, 0.0], [0.069, 0.069, 0.0, 0.0, 0.0, 0.0]]}}
bs_hinuma_efermi: 1.5131854200000001
bs_latimer_munro_task_id: mp-2449826
bs_latimer_munro_band_gap: 0.08119999999999901
bs_latimer_munro_cbm: {'band_index': {'1': [24], '-1': []}, 'kpoint_index': [36, 37, 164, 165, 174], 'kpoint': <pymatgen.electronic_structure.bandstructure.Kpoint object at 0x7fc5d4b59c50>, 'energy': 1.5549, 'projections': {'1': [[0.0, 0.0, 0.0, 0.0, 0.0, 0.0], [0.0, 0.0, 0.0, 0.0, 0.0, 0.0], [0.0, 0.0, 0.0, 0.0, 0.0, 0.0], [0.0, 0.0, 0.0, 0.0, 0.0, 0.0], [0.00030000000000000003, 0.00030000000000000003, 0.0001, 0.0001, 0.0, 0.0], [0.0, 0.0, 0.0, 0.0, 0.0, 0.0], [0.0, 0.0, 0.0, 0.0, 0.0, 0.0], [0.0, 0.0, 0.0, 0.0, 0.0, 0.0], [0.0, 0.0, 0.0, 0.0, 0.0, 0.0], [0.0, 0.0, 0.0, 0.0, 0.0, 0.0], [0.4953, 0.4953, 0.0, 0.0, 0.0, 0.0], [0.0, 0.0, 0.0, 0.0, 0.0, 0.0], [0.0, 0.0, 0.0, 0.0, 0.0, 0.0], [0.0, 0.0, 0.0, 0.0, 0.0, 0.0], [0.0, 0.0, 0.0, 0.0, 0.0, 0.0], [0.0, 0.0, 0.0, 0.0, 0.0, 0.0]]}}
bs_latimer_munro_vbm: {'band_index': {'-1': [37], '1': []}, 'kpoint_index': ['148'], 'kpoint': <pymatgen.electronic_structure.bandstructure.Kpoint object at 0x7fc5d4b5a3c0>, 'energy': 1.4737, 'projections': {'-1': [[0.0, 0.0, 0.0, 0.0, 0.0, 0.0], [0.001, 0.001, 0.0016, 0.0016, 0.040600000000000004, 0.040600000000000004], [0.0, 0.0, 0.0, 0.0, 0.0146, 0.0146], [0.001, 0.001, 0.0016, 0.0016, 0.040600000000000004, 0.040600000000000004], [0.0, 0.0, 0.0, 0.0, 0.0, 0.0], [0.0028, 0.0028, 0.0, 0.0, 0.0, 0.0], [0.0, 0.0, 0.0, 0.0, 0.0, 0.0], [0.0028, 0.0028, 0.0, 0.0, 0.0, 0.0], [0.0099, 0.0099, 0.0, 0.0, 0.0, 0.0], [0.069, 0.069, 0.0, 0.0, 0.0, 0.0], [0.0, 0.0, 0.0, 0.0, 0.0, 0.0], [0.0013000000000000002, 0.0013000000000000002, 0.0, 0.0, 0.0, 0.0], [0.0, 0.0, 0.0, 0.0, 0.0, 0.0], [0.0013000000000000002, 0.0013000000000000002, 0.0, 0.0, 0.0, 0.0], [0.2195, 0.2195, 0.0, 0.0, 0.0, 0.0], [0.069, 0.069, 0.0, 0.0, 0.0, 0.0]]}}
bs_latimer_munro_efermi: 1.5128768