material_id: mp-2980
band_gap: 3.3043
efermi: 3.40975975
dos_magnetic_ordering: NM
dos_total_task_id: mp-1744177
dos_total_band_gap: 3.2953
dos_total_cbm: 6.6585
dos_total_vbm: 3.3632
dos_total_efermi: 3.3663928800000003
bs_setyawan_curtarolo_task_id: mp-1654951
bs_setyawan_curtarolo_band_gap: 3.3043
bs_setyawan_curtarolo_cbm: {'band_index': {'1': [112]}, 'kpoint_index': [67], 'kpoint': <pymatgen.electronic_structure.bandstructure.Kpoint object at 0x7fc699d63930>, 'energy': 6.6567, 'projections': {'1': [[0.0005, 0.0005, 0.0005, 0.0005, 0.007200000000000001, 0.007200000000000001, 0.007200000000000001, 0.007200000000000001, 0.007500000000000001, 0.007500000000000001, 0.007500000000000001, 0.007500000000000001, 0.0025, 0.0025, 0.0038, 0.0038, 0.0038, 0.0038, 0.0007, 0.0007, 0.0007, 0.0007, 0.0037, 0.0037, 0.0019, 0.0019, 0.0019, 0.0019, 0.0, 0.0, 0.0, 0.0, 0.0037, 0.0037], [0.0001, 0.0001, 0.0001, 0.0001, 0.0046, 0.0046, 0.0046, 0.0046, 0.0019, 0.0019, 0.0019, 0.0019, 0.0, 0.0, 0.0001, 0.0001, 0.0001, 0.0001, 0.0021000000000000003, 0.0021000000000000003, 0.0021000000000000003, 0.0021000000000000003, 0.0024000000000000002, 0.0024000000000000002, 0.004, 0.004, 0.004, 0.004, 0.0006000000000000001, 0.0006000000000000001, 0.0006000000000000001, 0.0006000000000000001, 0.0024000000000000002, 0.0024000000000000002], [0.00030000000000000003, 0.00030000000000000003, 0.00030000000000000003, 0.00030000000000000003, 0.0066, 0.0066, 0.0066, 0.0066, 0.0035, 0.0035, 0.0035, 0.0035, 0.0, 0.0, 0.0035, 0.0035, 0.0035, 0.0035, 0.0027, 0.0027, 0.0027, 0.0027, 0.0068000000000000005, 0.0068000000000000005, 0.0002, 0.0002, 0.0002, 0.0002, 0.0018000000000000002, 0.0018000000000000002, 0.0018000000000000002, 0.0018000000000000002, 0.0068000000000000005, 0.0068000000000000005], [0.00030000000000000003, 0.00030000000000000003, 0.00030000000000000003, 0.00030000000000000003, 0.014400000000000001, 0.014400000000000001, 0.014400000000000001, 0.014400000000000001, 0.0125, 0.0125, 0.0125, 0.0125, 0.0046, 0.0046, 0.0058000000000000005, 0.0058000000000000005, 0.0058000000000000005, 0.0058000000000000005, 0.0023, 0.0023, 0.0023, 0.0023, 0.0019, 0.0019, 0.0022, 0.0022, 0.0022, 0.0023, 0.0025, 0.0025, 0.0025, 0.0025, 0.0019, 0.0019], [0.0035, 0.0035, 0.0035, 0.0035, 0.0007, 0.0007, 0.0007, 0.0007, 0.0, 0.0, 0.0, 0.0, 0.0, 0.0, 0.0, 0.0, 0.0, 0.0, 0.0, 0.0, 0.0, 0.0, 0.0, 0.0, 0.0, 0.0, 0.0, 0.0, 0.0, 0.0, 0.0, 0.0, 0.0, 0.0], [0.0013000000000000002, 0.0013000000000000002, 0.0013000000000000002, 0.0013000000000000002, 0.001, 0.001, 0.001, 0.001, 0.0016, 0.0016, 0.0016, 0.0016, 0.0, 0.0, 0.0, 0.0, 0.0, 0.0, 0.0, 0.0, 0.0, 0.0, 0.0, 0.0, 0.0, 0.0, 0.0, 0.0, 0.0, 0.0, 0.0, 0.0, 0.0, 0.0], [0.0122, 0.0122, 0.0122, 0.0122, 0.001, 0.001, 0.0011, 0.001, 0.0002, 0.0002, 0.0002, 0.0002, 0.0, 0.0, 0.0, 0.0, 0.0, 0.0, 0.0, 0.0, 0.0, 0.0, 0.0, 0.0, 0.0, 0.0, 0.0, 0.0, 0.0, 0.0, 0.0, 0.0, 0.0, 0.0], [0.0007, 0.0007, 0.0007, 0.0007, 0.0014, 0.0014, 0.0014, 0.0014, 0.0019, 0.0019, 0.0019, 0.0019, 0.0, 0.0, 0.0, 0.0, 0.0, 0.0, 0.0, 0.0, 0.0, 0.0, 0.0, 0.0, 0.0, 0.0, 0.0, 0.0, 0.0, 0.0, 0.0, 0.0, 0.0, 0.0], [0.0001, 0.0001, 0.0001, 0.0001, 0.0026000000000000003, 0.0026000000000000003, 0.0026000000000000003, 0.0026000000000000003, 0.00030000000000000003, 0.00030000000000000003, 0.00030000000000000003, 0.00030000000000000003, 0.0, 0.0, 0.0, 0.0, 0.0, 0.0, 0.0, 0.0, 0.0, 0.0, 0.0, 0.0, 0.0, 0.0, 0.0, 0.0, 0.0, 0.0, 0.0, 0.0, 0.0, 0.0]]}}
bs_setyawan_curtarolo_vbm: {'band_index': {'1': [111]}, 'kpoint_index': [0, 82, 83, 111], 'kpoint': <pymatgen.electronic_structure.bandstructure.Kpoint object at 0x7fc5d4b59be0>, 'energy': 3.3524, 'projections': {'1': [[0.0, 0.0, 0.0, 0.0, 0.0045000000000000005, 0.0045000000000000005, 0.0045000000000000005, 0.0045000000000000005, 0.010400000000000001, 0.010400000000000001, 0.010400000000000001, 0.010400000000000001, 0.0, 0.0, 0.0, 0.0, 0.0, 0.0, 0.0, 0.0, 0.0, 0.0, 0.0, 0.0, 0.0002, 0.0002, 0.0002, 0.0002, 0.0, 0.0, 0.0, 0.0, 0.0, 0.0], [0.0007, 0.0007, 0.0007, 0.0007, 0.0014, 0.0014, 0.0014, 0.0014, 0.0013000000000000002, 0.0013000000000000002, 0.0013000000000000002, 0.0013000000000000002, 0.0085, 0.0085, 0.0007, 0.0007, 0.0007, 0.0007, 0.0005, 0.0005, 0.0005, 0.0005, 0.0, 0.0, 0.0029000000000000002, 0.0029000000000000002, 0.0029000000000000002, 0.0029000000000000002, 0.0091, 0.0091, 0.0091, 0.0091, 0.0, 0.0], [0.0007, 0.0007, 0.0007, 0.0007, 0.0029000000000000002, 0.0029000000000000002, 0.0029000000000000002, 0.0029000000000000002, 0.008700000000000001, 0.008700000000000001, 0.008700000000000001, 0.008700000000000001, 0.0001, 0.0001, 0.0017000000000000001, 0.0017000000000000001, 0.0017000000000000001, 0.0017000000000000001, 0.015700000000000002, 0.015700000000000002, 0.015700000000000002, 0.015700000000000002, 0.035500000000000004, 0.035500000000000004, 0.0341, 0.0341, 0.0341, 0.0341, 0.0205, 0.0205, 0.0205, 0.0205, 0.035500000000000004, 0.035500000000000004], [0.0002, 0.0002, 0.0002, 0.0002, 0.0017000000000000001, 0.0017000000000000001, 0.0017000000000000001, 0.0017000000000000001, 0.0, 0.0, 0.0, 0.0, 0.0, 0.0, 0.0046, 0.0046, 0.0046, 0.0046, 0.0129, 0.0129, 0.0129, 0.0129, 0.0, 0.0, 0.01, 0.01, 0.01, 0.01, 0.00030000000000000003, 0.00030000000000000003, 0.00030000000000000003, 0.00030000000000000003, 0.0, 0.0], [0.0, 0.0, 0.0, 0.0, 0.0001, 0.0001, 0.0001, 0.0001, 0.0001, 0.0001, 0.0001, 0.0001, 0.0, 0.0, 0.0, 0.0, 0.0, 0.0, 0.0, 0.0, 0.0, 0.0, 0.0, 0.0, 0.0, 0.0, 0.0, 0.0, 0.0, 0.0, 0.0, 0.0, 0.0, 0.0], [0.0002, 0.0002, 0.0002, 0.0002, 0.0001, 0.0001, 0.0001, 0.0001, 0.0015, 0.0015, 0.0015, 0.0015, 0.0, 0.0, 0.0, 0.0, 0.0, 0.0, 0.0, 0.0, 0.0, 0.0, 0.0, 0.0, 0.0, 0.0, 0.0, 0.0, 0.0, 0.0, 0.0, 0.0, 0.0, 0.0], [0.0, 0.0, 0.0, 0.0, 0.0004, 0.0004, 0.0004, 0.0004, 0.0013000000000000002, 0.0013000000000000002, 0.0013000000000000002, 0.0013000000000000002, 0.0, 0.0, 0.0, 0.0, 0.0, 0.0, 0.0, 0.0, 0.0, 0.0, 0.0, 0.0, 0.0, 0.0, 0.0, 0.0, 0.0, 0.0, 0.0, 0.0, 0.0, 0.0], [0.0, 0.0, 0.0, 0.0, 0.0004, 0.0004, 0.0004, 0.0004, 0.0002, 0.0002, 0.0002, 0.0002, 0.0, 0.0, 0.0, 0.0, 0.0, 0.0, 0.0, 0.0, 0.0, 0.0, 0.0, 0.0, 0.0, 0.0, 0.0, 0.0, 0.0, 0.0, 0.0, 0.0, 0.0, 0.0], [0.0002, 0.0002, 0.0002, 0.0002, 0.0, 0.0, 0.0, 0.0, 0.0, 0.0, 0.0, 0.0, 0.0, 0.0, 0.0, 0.0, 0.0, 0.0, 0.0, 0.0, 0.0, 0.0, 0.0, 0.0, 0.0, 0.0, 0.0, 0.0, 0.0, 0.0, 0.0, 0.0, 0.0, 0.0]]}}
bs_setyawan_curtarolo_efermi: 3.40975975
bs_latimer_munro_task_id: mp-2301402
bs_latimer_munro_band_gap: 3.3043
bs_latimer_munro_cbm: {'band_index': {'1': [112]}, 'kpoint_index': [0], 'kpoint': <pymatgen.electronic_structure.bandstructure.Kpoint object at 0x7fc5d4b5a430>, 'energy': 6.6567, 'projections': {'1': [[0.0005, 0.0005, 0.0005, 0.0005, 0.007200000000000001, 0.007200000000000001, 0.007200000000000001, 0.007200000000000001, 0.007500000000000001, 0.007500000000000001, 0.007500000000000001, 0.007500000000000001, 0.0025, 0.0025, 0.0038, 0.0038, 0.0038, 0.0038, 0.0007, 0.0007, 0.0007, 0.0007, 0.0037, 0.0037, 0.0019, 0.0019, 0.0019, 0.0019, 0.0, 0.0, 0.0, 0.0, 0.0037, 0.0037], [0.0001, 0.0001, 0.0001, 0.0001, 0.0046, 0.0046, 0.0046, 0.0046, 0.0019, 0.0019, 0.0019, 0.0019, 0.0, 0.0, 0.0001, 0.0001, 0.0001, 0.0001, 0.0021000000000000003, 0.0021000000000000003, 0.0021000000000000003, 0.0021000000000000003, 0.0024000000000000002, 0.0024000000000000002, 0.004, 0.004, 0.004, 0.004, 0.0006000000000000001, 0.0006000000000000001, 0.0006000000000000001, 0.0006000000000000001, 0.0024000000000000002, 0.0024000000000000002], [0.00030000000000000003, 0.00030000000000000003, 0.00030000000000000003, 0.00030000000000000003, 0.0066, 0.0066, 0.0066, 0.0066, 0.0035, 0.0035, 0.0035, 0.0035, 0.0, 0.0, 0.0035, 0.0035, 0.0035, 0.0035, 0.0027, 0.0027, 0.0027, 0.0027, 0.0068000000000000005, 0.0068000000000000005, 0.0002, 0.0002, 0.0002, 0.0002, 0.0018000000000000002, 0.0018000000000000002, 0.0018000000000000002, 0.0018000000000000002, 0.0068000000000000005, 0.0068000000000000005], [0.00030000000000000003, 0.00030000000000000003, 0.00030000000000000003, 0.00030000000000000003, 0.014400000000000001, 0.014400000000000001, 0.014400000000000001, 0.014400000000000001, 0.0125, 0.0125, 0.0125, 0.0125, 0.0046, 0.0046, 0.0058000000000000005, 0.0058000000000000005, 0.0058000000000000005, 0.0058000000000000005, 0.0023, 0.0023, 0.0023, 0.0023, 0.0019, 0.0019, 0.0023, 0.0022, 0.0022, 0.0022, 0.0025, 0.0025, 0.0025, 0.0025, 0.0019, 0.0019], [0.0035, 0.0035, 0.0035, 0.0035, 0.0007, 0.0007, 0.0007, 0.0007, 0.0, 0.0, 0.0, 0.0, 0.0, 0.0, 0.0, 0.0, 0.0, 0.0, 0.0, 0.0, 0.0, 0.0, 0.0, 0.0, 0.0, 0.0, 0.0, 0.0, 0.0, 0.0, 0.0, 0.0, 0.0, 0.0], [0.0013000000000000002, 0.0013000000000000002, 0.0013000000000000002, 0.0013000000000000002, 0.001, 0.001, 0.001, 0.001, 0.0016, 0.0016, 0.0016, 0.0016, 0.0, 0.0, 0.0, 0.0, 0.0, 0.0, 0.0, 0.0, 0.0, 0.0, 0.0, 0.0, 0.0, 0.0, 0.0, 0.0, 0.0, 0.0, 0.0, 0.0, 0.0, 0.0], [0.0122, 0.0122, 0.0122, 0.0122, 0.001, 0.001, 0.001, 0.001, 0.0002, 0.0002, 0.0002, 0.0002, 0.0, 0.0, 0.0, 0.0, 0.0, 0.0, 0.0, 0.0, 0.0, 0.0, 0.0, 0.0, 0.0, 0.0, 0.0, 0.0, 0.0, 0.0, 0.0, 0.0, 0.0, 0.0], [0.0007, 0.0007, 0.0007, 0.0007, 0.0014, 0.0014, 0.0014, 0.0014, 0.002, 0.0019, 0.0019, 0.0019, 0.0, 0.0, 0.0, 0.0, 0.0, 0.0, 0.0, 0.0, 0.0, 0.0, 0.0, 0.0, 0.0, 0.0, 0.0, 0.0, 0.0, 0.0, 0.0, 0.0, 0.0, 0.0], [0.0001, 0.0001, 0.0001, 0.0001, 0.0026000000000000003, 0.0026000000000000003, 0.0026000000000000003, 0.0026000000000000003, 0.00030000000000000003, 0.00030000000000000003, 0.00030000000000000003, 0.00030000000000000003, 0.0, 0.0, 0.0, 0.0, 0.0, 0.0, 0.0, 0.0, 0.0, 0.0, 0.0, 0.0, 0.0, 0.0, 0.0, 0.0, 0.0, 0.0, 0.0, 0.0, 0.0, 0.0]]}}
bs_latimer_munro_vbm: {'band_index': {'1': [111]}, 'kpoint_index': [14, 15, 53, 54, 66, 108, 109, 135, 150], 'kpoint': <pymatgen.electronic_structure.bandstructure.Kpoint object at 0x7fc5d4b5a200>, 'energy': 3.3524, 'projections': {'1': [[0.0, 0.0, 0.0, 0.0, 0.0045000000000000005, 0.0045000000000000005, 0.0045000000000000005, 0.0045000000000000005, 0.010400000000000001, 0.010400000000000001, 0.010400000000000001, 0.010400000000000001, 0.0, 0.0, 0.0, 0.0, 0.0, 0.0, 0.0, 0.0, 0.0, 0.0, 0.0, 0.0, 0.0002, 0.0002, 0.0002, 0.0002, 0.0, 0.0, 0.0, 0.0, 0.0, 0.0], [0.0007, 0.0007, 0.0007, 0.0007, 0.0014, 0.0014, 0.0014, 0.0014, 0.0013000000000000002, 0.0013000000000000002, 0.0013000000000000002, 0.0013000000000000002, 0.0085, 0.0085, 0.0007, 0.0007, 0.0007, 0.0007, 0.0005, 0.0005, 0.0005, 0.0005, 0.0, 0.0, 0.0029000000000000002, 0.0029000000000000002, 0.0029000000000000002, 0.0029000000000000002, 0.0091, 0.0091, 0.0091, 0.0091, 0.0, 0.0], [0.0007, 0.0007, 0.0007, 0.0007, 0.0029000000000000002, 0.0029000000000000002, 0.0029000000000000002, 0.0029000000000000002, 0.008700000000000001, 0.008700000000000001, 0.008700000000000001, 0.008700000000000001, 0.0001, 0.0001, 0.0017000000000000001, 0.0017000000000000001, 0.0017000000000000001, 0.0017000000000000001, 0.015700000000000002, 0.015700000000000002, 0.015700000000000002, 0.015700000000000002, 0.035500000000000004, 0.035500000000000004, 0.0341, 0.0341, 0.0341, 0.0341, 0.0205, 0.0205, 0.0205, 0.0205, 0.035500000000000004, 0.035500000000000004], [0.0002, 0.0002, 0.0002, 0.0002, 0.0017000000000000001, 0.0017000000000000001, 0.0017000000000000001, 0.0017000000000000001, 0.0, 0.0, 0.0, 0.0, 0.0, 0.0, 0.0046, 0.0046, 0.0046, 0.0046, 0.0129, 0.0129, 0.0129, 0.0129, 0.0, 0.0, 0.01, 0.01, 0.01, 0.01, 0.00030000000000000003, 0.00030000000000000003, 0.00030000000000000003, 0.00030000000000000003, 0.0, 0.0], [0.0, 0.0, 0.0, 0.0, 0.0001, 0.0001, 0.0001, 0.0001, 0.0001, 0.0001, 0.0001, 0.0001, 0.0, 0.0, 0.0, 0.0, 0.0, 0.0, 0.0, 0.0, 0.0, 0.0, 0.0, 0.0, 0.0, 0.0, 0.0, 0.0, 0.0, 0.0, 0.0, 0.0, 0.0, 0.0], [0.0002, 0.0002, 0.0002, 0.0002, 0.0001, 0.0001, 0.0001, 0.0001, 0.0015, 0.0015, 0.0015, 0.0015, 0.0, 0.0, 0.0, 0.0, 0.0, 0.0, 0.0, 0.0, 0.0, 0.0, 0.0, 0.0, 0.0, 0.0, 0.0, 0.0, 0.0, 0.0, 0.0, 0.0, 0.0, 0.0], [0.0, 0.0, 0.0, 0.0, 0.0004, 0.0004, 0.0004, 0.0004, 0.0013000000000000002, 0.0013000000000000002, 0.0013000000000000002, 0.0013000000000000002, 0.0, 0.0, 0.0, 0.0, 0.0, 0.0, 0.0, 0.0, 0.0, 0.0, 0.0, 0.0, 0.0, 0.0, 0.0, 0.0, 0.0, 0.0, 0.0, 0.0, 0.0, 0.0], [0.0, 0.0, 0.0, 0.0, 0.0004, 0.0004, 0.0004, 0.0004, 0.0002, 0.0002, 0.0002, 0.0002, 0.0, 0.0, 0.0, 0.0, 0.0, 0.0, 0.0, 0.0, 0.0, 0.0, 0.0, 0.0, 0.0, 0.0, 0.0, 0.0, 0.0, 0.0, 0.0, 0.0, 0.0, 0.0], [0.0002, 0.0002, 0.0002, 0.0002, 0.0, 0.0, 0.0, 0.0, 0.0, 0.0, 0.0, 0.0, 0.0, 0.0, 0.0, 0.0, 0.0, 0.0, 0.0, 0.0, 0.0, 0.0, 0.0, 0.0, 0.0, 0.0, 0.0, 0.0, 0.0, 0.0, 0.0, 0.0, 0.0, 0.0]]}}
bs_latimer_munro_efermi: 3.436605059999999