material_id: mp-28064
band_gap: 2.8648
efermi: -0.13605835
dos_magnetic_ordering: NM
dos_total_task_id: mp-1743030
dos_total_band_gap: 2.8589
dos_total_cbm: 2.641
dos_total_vbm: -0.2179
dos_total_efermi: -0.2248676
bs_setyawan_curtarolo_task_id: mp-1586703
bs_setyawan_curtarolo_band_gap: 2.8648
bs_setyawan_curtarolo_cbm: {'band_index': {'1': [74]}, 'kpoint_index': [18], 'kpoint': <pymatgen.electronic_structure.bandstructure.Kpoint object at 0x7fc699d63930>, 'energy': 2.6488, 'projections': {'1': [[0.0023, 0.0023, 0.007200000000000001, 0.007200000000000001, 0.0131, 0.0131, 0.0059, 0.0059, 0.0001, 0.0001, 0.0005, 0.0005, 0.0059, 0.0059, 0.0067, 0.0067, 0.0032, 0.0032, 0.0018000000000000002, 0.0018000000000000002, 0.0012000000000000001, 0.0012000000000000001, 0.0, 0.0], [0.0016, 0.0016, 0.0001, 0.0001, 0.0061, 0.0061, 0.0253, 0.0253, 0.0009000000000000001, 0.0009000000000000001, 0.0007, 0.0007, 0.00030000000000000003, 0.00030000000000000003, 0.0036000000000000003, 0.0036000000000000003, 0.0063, 0.0063, 0.0, 0.0, 0.002, 0.002, 0.00030000000000000003, 0.00030000000000000003], [0.0021000000000000003, 0.0021000000000000003, 0.0218, 0.0218, 0.014, 0.013900000000000001, 0.0024000000000000002, 0.0024000000000000002, 0.00030000000000000003, 0.00030000000000000003, 0.0005, 0.0005, 0.0142, 0.0142, 0.0011, 0.0011, 0.0024000000000000002, 0.0024000000000000002, 0.0012000000000000001, 0.0012000000000000001, 0.0009000000000000001, 0.0009000000000000001, 0.0, 0.0], [0.0074, 0.0074, 0.0076, 0.0076, 0.0189, 0.0189, 0.0013000000000000002, 0.0013000000000000002, 0.011300000000000001, 0.011300000000000001, 0.009000000000000001, 0.009000000000000001, 0.0007, 0.0007, 0.021500000000000002, 0.021500000000000002, 0.0013000000000000002, 0.0013000000000000002, 0.0036000000000000003, 0.0036000000000000003, 0.0, 0.0, 0.0002, 0.0002], [0.0, 0.0, 0.0, 0.0, 0.0, 0.0, 0.0, 0.0, 0.0, 0.0, 0.0, 0.0, 0.0, 0.0, 0.0, 0.0, 0.0, 0.0, 0.0, 0.0, 0.0, 0.0, 0.0, 0.0], [0.0001, 0.0001, 0.0, 0.0, 0.0, 0.0, 0.0, 0.0, 0.0, 0.0, 0.0, 0.0, 0.0, 0.0, 0.0, 0.0, 0.0, 0.0, 0.0, 0.0, 0.0, 0.0, 0.0, 0.0], [0.0, 0.0, 0.0, 0.0, 0.0, 0.0, 0.0, 0.0, 0.0, 0.0, 0.0, 0.0, 0.0, 0.0, 0.0, 0.0, 0.0, 0.0, 0.0, 0.0, 0.0, 0.0, 0.0, 0.0], [0.0001, 0.0001, 0.0, 0.0, 0.0, 0.0, 0.0, 0.0, 0.0, 0.0, 0.0, 0.0, 0.0, 0.0, 0.0, 0.0, 0.0, 0.0, 0.0, 0.0, 0.0, 0.0, 0.0, 0.0], [0.0001, 0.0001, 0.0, 0.0, 0.0, 0.0, 0.0, 0.0, 0.0, 0.0, 0.0, 0.0, 0.0, 0.0, 0.0, 0.0, 0.0, 0.0, 0.0, 0.0, 0.0, 0.0, 0.0, 0.0]]}}
bs_setyawan_curtarolo_vbm: {'band_index': {'1': [73]}, 'kpoint_index': [0], 'kpoint': <pymatgen.electronic_structure.bandstructure.Kpoint object at 0x7fc5d4b5a3c0>, 'energy': -0.216, 'projections': {'1': [[0.0038, 0.0038, 0.0007, 0.0007, 0.0004, 0.0004, 0.001, 0.001, 0.0007, 0.0007, 0.0006000000000000001, 0.0006000000000000001, 0.0004, 0.0004, 0.0008, 0.0008, 0.0009000000000000001, 0.0009000000000000001, 0.0, 0.0, 0.0, 0.0, 0.0, 0.0], [0.0005, 0.0005, 0.019700000000000002, 0.019700000000000002, 0.0297, 0.0297, 0.015300000000000001, 0.015300000000000001, 0.0403, 0.0403, 0.0175, 0.0175, 0.0317, 0.0317, 0.024, 0.024, 0.0213, 0.0213, 0.001, 0.001, 0.006, 0.006, 0.0005, 0.0005], [0.0001, 0.0001, 0.0078000000000000005, 0.0078000000000000005, 0.0085, 0.0085, 0.0094, 0.0094, 0.0073, 0.0073, 0.0046, 0.0046, 0.0041, 0.0041, 0.008, 0.008, 0.007500000000000001, 0.007500000000000001, 0.0012000000000000001, 0.0012000000000000001, 0.0, 0.0, 0.0017000000000000001, 0.0017000000000000001], [0.00030000000000000003, 0.00030000000000000003, 0.0007, 0.0007, 0.0038, 0.0038, 0.0006000000000000001, 0.0006000000000000001, 0.0009000000000000001, 0.0009000000000000001, 0.0007, 0.0007, 0.0039000000000000003, 0.0039000000000000003, 0.0005, 0.0005, 0.0004, 0.0004, 0.0007, 0.0007, 0.0009000000000000001, 0.0009000000000000001, 0.0, 0.0], [0.0, 0.0, 0.0, 0.0, 0.0, 0.0, 0.0, 0.0, 0.0, 0.0, 0.0, 0.0, 0.0, 0.0, 0.0, 0.0, 0.0, 0.0, 0.0, 0.0, 0.0, 0.0, 0.0, 0.0], [0.0001, 0.0001, 0.0, 0.0, 0.0, 0.0, 0.0, 0.0, 0.0, 0.0, 0.0, 0.0, 0.0, 0.0, 0.0, 0.0, 0.0, 0.0, 0.0, 0.0, 0.0, 0.0, 0.0, 0.0], [0.0, 0.0, 0.0, 0.0, 0.0, 0.0, 0.0, 0.0, 0.0, 0.0, 0.0, 0.0, 0.0, 0.0, 0.0, 0.0, 0.0, 0.0, 0.0, 0.0, 0.0, 0.0, 0.0, 0.0], [0.0, 0.0, 0.0, 0.0, 0.0, 0.0, 0.0, 0.0, 0.0, 0.0, 0.0, 0.0, 0.0, 0.0, 0.0, 0.0, 0.0, 0.0, 0.0, 0.0, 0.0, 0.0, 0.0, 0.0], [0.0, 0.0, 0.0, 0.0, 0.0, 0.0, 0.0, 0.0, 0.0, 0.0, 0.0, 0.0, 0.0, 0.0, 0.0, 0.0, 0.0, 0.0, 0.0, 0.0, 0.0, 0.0, 0.0, 0.0]]}}
bs_setyawan_curtarolo_efermi: -0.13605835
bs_hinuma_task_id: mp-2099201
bs_hinuma_band_gap: 2.8648
bs_hinuma_cbm: {'band_index': {'1': [74]}, 'kpoint_index': [9], 'kpoint': <pymatgen.electronic_structure.bandstructure.Kpoint object at 0x7fc5d4b5a350>, 'energy': 2.6488, 'projections': {'1': [[0.0023, 0.0023, 0.007200000000000001, 0.007200000000000001, 0.0131, 0.0131, 0.0059, 0.0059, 0.0001, 0.0001, 0.0005, 0.0005, 0.0059, 0.0059, 0.0067, 0.0067, 0.0032, 0.0032, 0.0018000000000000002, 0.0018000000000000002, 0.0012000000000000001, 0.0012000000000000001, 0.0, 0.0], [0.0016, 0.0016, 0.0001, 0.0001, 0.0061, 0.0061, 0.0253, 0.0253, 0.0009000000000000001, 0.0009000000000000001, 0.0007, 0.0007, 0.00030000000000000003, 0.00030000000000000003, 0.0036000000000000003, 0.0036000000000000003, 0.0063, 0.0063, 0.0, 0.0, 0.002, 0.002, 0.00030000000000000003, 0.00030000000000000003], [0.0021000000000000003, 0.0021000000000000003, 0.0218, 0.0218, 0.013900000000000001, 0.014, 0.0024000000000000002, 0.0024000000000000002, 0.00030000000000000003, 0.00030000000000000003, 0.0005, 0.0005, 0.0142, 0.0142, 0.0011, 0.0011, 0.0024000000000000002, 0.0024000000000000002, 0.0012000000000000001, 0.0012000000000000001, 0.0009000000000000001, 0.0009000000000000001, 0.0, 0.0], [0.0074, 0.0074, 0.0076, 0.0076, 0.0189, 0.0189, 0.0013000000000000002, 0.0013000000000000002, 0.011300000000000001, 0.011300000000000001, 0.009000000000000001, 0.009000000000000001, 0.0007, 0.0007, 0.021500000000000002, 0.021500000000000002, 0.0013000000000000002, 0.0013000000000000002, 0.0036000000000000003, 0.0036000000000000003, 0.0, 0.0, 0.0002, 0.0002], [0.0, 0.0, 0.0, 0.0, 0.0, 0.0, 0.0, 0.0, 0.0, 0.0, 0.0, 0.0, 0.0, 0.0, 0.0, 0.0, 0.0, 0.0, 0.0, 0.0, 0.0, 0.0, 0.0, 0.0], [0.0001, 0.0001, 0.0, 0.0, 0.0, 0.0, 0.0, 0.0, 0.0, 0.0, 0.0, 0.0, 0.0, 0.0, 0.0, 0.0, 0.0, 0.0, 0.0, 0.0, 0.0, 0.0, 0.0, 0.0], [0.0, 0.0, 0.0, 0.0, 0.0, 0.0, 0.0, 0.0, 0.0, 0.0, 0.0, 0.0, 0.0, 0.0, 0.0, 0.0, 0.0, 0.0, 0.0, 0.0, 0.0, 0.0, 0.0, 0.0], [0.0001, 0.0001, 0.0, 0.0, 0.0, 0.0, 0.0, 0.0, 0.0, 0.0, 0.0, 0.0, 0.0, 0.0, 0.0, 0.0, 0.0, 0.0, 0.0, 0.0, 0.0, 0.0, 0.0, 0.0], [0.0001, 0.0001, 0.0, 0.0, 0.0, 0.0, 0.0, 0.0, 0.0, 0.0, 0.0, 0.0, 0.0, 0.0, 0.0, 0.0, 0.0, 0.0, 0.0, 0.0, 0.0, 0.0, 0.0, 0.0]]}}
bs_hinuma_vbm: {'band_index': {'1': [73]}, 'kpoint_index': [10], 'kpoint': <pymatgen.electronic_structure.bandstructure.Kpoint object at 0x7fc5d4b5a200>, 'energy': -0.216, 'projections': {'1': [[0.0038, 0.0038, 0.0007, 0.0007, 0.0004, 0.0004, 0.001, 0.001, 0.0007, 0.0007, 0.0006000000000000001, 0.0006000000000000001, 0.0004, 0.0004, 0.0008, 0.0008, 0.0009000000000000001, 0.0009000000000000001, 0.0, 0.0, 0.0, 0.0, 0.0, 0.0], [0.0005, 0.0005, 0.019700000000000002, 0.019700000000000002, 0.0297, 0.0297, 0.015300000000000001, 0.015300000000000001, 0.0403, 0.0403, 0.0175, 0.0175, 0.0317, 0.0317, 0.024, 0.024, 0.0213, 0.0213, 0.001, 0.001, 0.006, 0.006, 0.0005, 0.0005], [0.0001, 0.0001, 0.0078000000000000005, 0.0078000000000000005, 0.0085, 0.0085, 0.0094, 0.0094, 0.0073, 0.0073, 0.0046, 0.0046, 0.0041, 0.0041, 0.008, 0.008, 0.007500000000000001, 0.007500000000000001, 0.0012000000000000001, 0.0012000000000000001, 0.0, 0.0, 0.0017000000000000001, 0.0017000000000000001], [0.00030000000000000003, 0.00030000000000000003, 0.0007, 0.0007, 0.0038, 0.0038, 0.0006000000000000001, 0.0006000000000000001, 0.0009000000000000001, 0.0009000000000000001, 0.0007, 0.0007, 0.0039000000000000003, 0.0039000000000000003, 0.0005, 0.0005, 0.0004, 0.0004, 0.0007, 0.0007, 0.0009000000000000001, 0.0009000000000000001, 0.0, 0.0], [0.0, 0.0, 0.0, 0.0, 0.0, 0.0, 0.0, 0.0, 0.0, 0.0, 0.0, 0.0, 0.0, 0.0, 0.0, 0.0, 0.0, 0.0, 0.0, 0.0, 0.0, 0.0, 0.0, 0.0], [0.0001, 0.0001, 0.0, 0.0, 0.0, 0.0, 0.0, 0.0, 0.0, 0.0, 0.0, 0.0, 0.0, 0.0, 0.0, 0.0, 0.0, 0.0, 0.0, 0.0, 0.0, 0.0, 0.0, 0.0], [0.0, 0.0, 0.0, 0.0, 0.0, 0.0, 0.0, 0.0, 0.0, 0.0, 0.0, 0.0, 0.0, 0.0, 0.0, 0.0, 0.0, 0.0, 0.0, 0.0, 0.0, 0.0, 0.0, 0.0], [0.0, 0.0, 0.0, 0.0, 0.0, 0.0, 0.0, 0.0, 0.0, 0.0, 0.0, 0.0, 0.0, 0.0, 0.0, 0.0, 0.0, 0.0, 0.0, 0.0, 0.0, 0.0, 0.0, 0.0], [0.0, 0.0, 0.0, 0.0, 0.0, 0.0, 0.0, 0.0, 0.0, 0.0, 0.0, 0.0, 0.0, 0.0, 0.0, 0.0, 0.0, 0.0, 0.0, 0.0, 0.0, 0.0, 0.0, 0.0]]}}
bs_hinuma_efermi: -0.11859761
bs_latimer_munro_task_id: mp-2302276
bs_latimer_munro_band_gap: 2.8648
bs_latimer_munro_cbm: {'band_index': {'1': [74]}, 'kpoint_index': [35], 'kpoint': <pymatgen.electronic_structure.bandstructure.Kpoint object at 0x7fc5d4b59e80>, 'energy': 2.6488, 'projections': {'1': [[0.0023, 0.0023, 0.007200000000000001, 0.007200000000000001, 0.0131, 0.0131, 0.0059, 0.0059, 0.0001, 0.0001, 0.0005, 0.0005, 0.0059, 0.0059, 0.0067, 0.0067, 0.0032, 0.0032, 0.0018000000000000002, 0.0018000000000000002, 0.0012000000000000001, 0.0012000000000000001, 0.0, 0.0], [0.0016, 0.0016, 0.0001, 0.0001, 0.0061, 0.0061, 0.0253, 0.0253, 0.0009000000000000001, 0.0009000000000000001, 0.0007, 0.0007, 0.00030000000000000003, 0.00030000000000000003, 0.0036000000000000003, 0.0036000000000000003, 0.0063, 0.0063, 0.0, 0.0, 0.002, 0.002, 0.00030000000000000003, 0.00030000000000000003], [0.0021000000000000003, 0.0021000000000000003, 0.0218, 0.0218, 0.013900000000000001, 0.014, 0.0024000000000000002, 0.0024000000000000002, 0.00030000000000000003, 0.00030000000000000003, 0.0005, 0.0005, 0.0142, 0.0142, 0.0011, 0.0011, 0.0024000000000000002, 0.0024000000000000002, 0.0012000000000000001, 0.0012000000000000001, 0.0009000000000000001, 0.0009000000000000001, 0.0, 0.0], [0.0074, 0.0074, 0.0076, 0.0076, 0.0189, 0.0189, 0.0013000000000000002, 0.0013000000000000002, 0.011300000000000001, 0.011300000000000001, 0.009000000000000001, 0.009000000000000001, 0.0007, 0.0007, 0.021500000000000002, 0.021500000000000002, 0.0013000000000000002, 0.0013000000000000002, 0.0036000000000000003, 0.0036000000000000003, 0.0, 0.0, 0.0002, 0.0002], [0.0, 0.0, 0.0, 0.0, 0.0, 0.0, 0.0, 0.0, 0.0, 0.0, 0.0, 0.0, 0.0, 0.0, 0.0, 0.0, 0.0, 0.0, 0.0, 0.0, 0.0, 0.0, 0.0, 0.0], [0.0001, 0.0001, 0.0, 0.0, 0.0, 0.0, 0.0, 0.0, 0.0, 0.0, 0.0, 0.0, 0.0, 0.0, 0.0, 0.0, 0.0, 0.0, 0.0, 0.0, 0.0, 0.0, 0.0, 0.0], [0.0, 0.0, 0.0, 0.0, 0.0, 0.0, 0.0, 0.0, 0.0, 0.0, 0.0, 0.0, 0.0, 0.0, 0.0, 0.0, 0.0, 0.0, 0.0, 0.0, 0.0, 0.0, 0.0, 0.0], [0.0001, 0.0001, 0.0, 0.0, 0.0, 0.0, 0.0, 0.0, 0.0, 0.0, 0.0, 0.0, 0.0, 0.0, 0.0, 0.0, 0.0, 0.0, 0.0, 0.0, 0.0, 0.0, 0.0, 0.0], [0.0001, 0.0001, 0.0, 0.0, 0.0, 0.0, 0.0, 0.0, 0.0, 0.0, 0.0, 0.0, 0.0, 0.0, 0.0, 0.0, 0.0, 0.0, 0.0, 0.0, 0.0, 0.0, 0.0, 0.0]]}}
bs_latimer_munro_vbm: {'band_index': {'1': [73]}, 'kpoint_index': [18], 'kpoint': <pymatgen.electronic_structure.bandstructure.Kpoint object at 0x7fc5d4b5a190>, 'energy': -0.216, 'projections': {'1': [[0.0038, 0.0038, 0.0007, 0.0007, 0.0004, 0.0004, 0.001, 0.001, 0.0007, 0.0007, 0.0006000000000000001, 0.0006000000000000001, 0.0004, 0.0004, 0.0008, 0.0008, 0.0009000000000000001, 0.0009000000000000001, 0.0, 0.0, 0.0, 0.0, 0.0, 0.0], [0.0005, 0.0005, 0.019700000000000002, 0.019700000000000002, 0.0297, 0.0297, 0.015300000000000001, 0.015300000000000001, 0.0403, 0.0403, 0.0175, 0.0175, 0.0317, 0.0317, 0.024, 0.024, 0.0213, 0.0213, 0.001, 0.001, 0.006, 0.006, 0.0005, 0.0005], [0.0001, 0.0001, 0.0078000000000000005, 0.0078000000000000005, 0.0085, 0.0085, 0.0094, 0.0094, 0.0073, 0.0073, 0.0046, 0.0046, 0.0041, 0.0041, 0.008, 0.008, 0.007500000000000001, 0.007500000000000001, 0.0012000000000000001, 0.0012000000000000001, 0.0, 0.0, 0.0017000000000000001, 0.0017000000000000001], [0.00030000000000000003, 0.00030000000000000003, 0.0007, 0.0007, 0.0038, 0.0038, 0.0006000000000000001, 0.0006000000000000001, 0.0009000000000000001, 0.0009000000000000001, 0.0007, 0.0007, 0.0039000000000000003, 0.0039000000000000003, 0.0005, 0.0005, 0.0004, 0.0004, 0.0007, 0.0007, 0.0009000000000000001, 0.0009000000000000001, 0.0, 0.0], [0.0, 0.0, 0.0, 0.0, 0.0, 0.0, 0.0, 0.0, 0.0, 0.0, 0.0, 0.0, 0.0, 0.0, 0.0, 0.0, 0.0, 0.0, 0.0, 0.0, 0.0, 0.0, 0.0, 0.0], [0.0001, 0.0001, 0.0, 0.0, 0.0, 0.0, 0.0, 0.0, 0.0, 0.0, 0.0, 0.0, 0.0, 0.0, 0.0, 0.0, 0.0, 0.0, 0.0, 0.0, 0.0, 0.0, 0.0, 0.0], [0.0, 0.0, 0.0, 0.0, 0.0, 0.0, 0.0, 0.0, 0.0, 0.0, 0.0, 0.0, 0.0, 0.0, 0.0, 0.0, 0.0, 0.0, 0.0, 0.0, 0.0, 0.0, 0.0, 0.0], [0.0, 0.0, 0.0, 0.0, 0.0, 0.0, 0.0, 0.0, 0.0, 0.0, 0.0, 0.0, 0.0, 0.0, 0.0, 0.0, 0.0, 0.0, 0.0, 0.0, 0.0, 0.0, 0.0, 0.0], [0.0, 0.0, 0.0, 0.0, 0.0, 0.0, 0.0, 0.0, 0.0, 0.0, 0.0, 0.0, 0.0, 0.0, 0.0, 0.0, 0.0, 0.0, 0.0, 0.0, 0.0, 0.0, 0.0, 0.0]]}}
bs_latimer_munro_efermi: -0.12327614