material_id: mp-22189
band_gap: 1.0099
efermi: 5.31179176
dos_magnetic_ordering: NM
dos_total_task_id: mp-1676365
dos_total_band_gap: 1.723799999999999
dos_total_cbm: 6.952
dos_total_vbm: 5.2282
dos_total_efermi: 5.23394583
bs_setyawan_curtarolo_task_id: mp-682480
bs_setyawan_curtarolo_band_gap: 1.0099
bs_setyawan_curtarolo_cbm: {'band_index': {'1': [78]}, 'kpoint_index': [0, 56, 57], 'kpoint': <pymatgen.electronic_structure.bandstructure.Kpoint object at 0x7fc699d63930>, 'energy': 6.2352, 'projections': {}}
bs_setyawan_curtarolo_vbm: {'band_index': {'1': [77]}, 'kpoint_index': ['75'], 'kpoint': <pymatgen.electronic_structure.bandstructure.Kpoint object at 0x7fc5d4b59d30>, 'energy': 5.2253, 'projections': {}}
bs_setyawan_curtarolo_efermi: 5.31179176
bs_hinuma_task_id: mp-2181535
bs_hinuma_band_gap: 1.0221
bs_hinuma_cbm: {'band_index': {'1': [78]}, 'kpoint_index': [0, 50, 51], 'kpoint': <pymatgen.electronic_structure.bandstructure.Kpoint object at 0x7fc5d4b5a200>, 'energy': 6.2518, 'projections': {'1': [[0.0627, 0.0627, 0.0627, 0.0627, 0.0627, 0.0627, 0.06620000000000001, 0.016800000000000002, 0.016800000000000002, 0.016800000000000002, 0.0201, 0.0201, 0.0201, 0.0201, 0.016800000000000002, 0.016800000000000002, 0.0201, 0.016800000000000002, 0.0201], [0.0, 0.0, 0.0, 0.0, 0.0, 0.0, 0.0, 0.0038, 0.0051, 0.0001, 0.0, 0.0011, 0.0013000000000000002, 0.0011, 0.0051, 0.0001, 0.0013000000000000002, 0.0038, 0.0], [0.0001, 0.0001, 0.0, 0.0, 0.0001, 0.0001, 0.0, 0.0, 0.0, 0.007200000000000001, 0.0008, 0.0004, 0.0002, 0.0004, 0.0, 0.007200000000000001, 0.0002, 0.0, 0.0008], [0.0001, 0.0001, 0.0002, 0.0002, 0.0, 0.0, 0.0, 0.0039000000000000003, 0.0026000000000000003, 0.0004, 0.0009000000000000001, 0.0002, 0.0001, 0.0002, 0.0026000000000000003, 0.0004, 0.0001, 0.0039000000000000003, 0.0009000000000000001], [0.0006000000000000001, 0.0006000000000000001, 0.0, 0.0, 0.0004, 0.0004, 0.0, 0.0, 0.0, 0.0, 0.0, 0.0, 0.0, 0.0, 0.0, 0.0, 0.0, 0.0, 0.0], [0.0001, 0.0001, 0.0005, 0.0005, 0.0001, 0.0001, 0.0, 0.0, 0.0, 0.0, 0.0, 0.0, 0.0, 0.0, 0.0, 0.0, 0.0, 0.0, 0.0], [0.0002, 0.0002, 0.0005, 0.0005, 0.0002, 0.0002, 0.0, 0.0, 0.0, 0.0, 0.0, 0.0, 0.0, 0.0, 0.0, 0.0, 0.0, 0.0, 0.0], [0.00030000000000000003, 0.00030000000000000003, 0.00030000000000000003, 0.00030000000000000003, 0.0, 0.0, 0.0002, 0.0, 0.0, 0.0, 0.0, 0.0, 0.0, 0.0, 0.0, 0.0, 0.0, 0.0, 0.0], [0.0001, 0.0001, 0.0, 0.0, 0.0006000000000000001, 0.0006000000000000001, 0.0001, 0.0, 0.0, 0.0, 0.0, 0.0, 0.0, 0.0, 0.0, 0.0, 0.0, 0.0, 0.0]]}}
bs_hinuma_vbm: {'band_index': {'1': [77]}, 'kpoint_index': [65], 'kpoint': <pymatgen.electronic_structure.bandstructure.Kpoint object at 0x7fc5d4b59e80>, 'energy': 5.2297, 'projections': {'1': [[0.0008, 0.0008, 0.00030000000000000003, 0.00030000000000000003, 0.0002, 0.0002, 0.0, 0.0001, 0.0001, 0.0002, 0.0001, 0.0, 0.0001, 0.0, 0.0001, 0.0002, 0.0001, 0.0001, 0.0001], [0.0001, 0.0001, 0.0006000000000000001, 0.0006000000000000001, 0.0, 0.0, 0.0, 0.07970000000000001, 0.0036000000000000003, 0.0114, 0.001, 0.0008, 0.0159, 0.0008, 0.0036000000000000003, 0.0114, 0.0159, 0.07970000000000001, 0.001], [0.0002, 0.0002, 0.0001, 0.0001, 0.0, 0.0, 0.0, 0.0034000000000000002, 0.0039000000000000003, 0.0011, 0.017400000000000002, 0.0001, 0.0, 0.0001, 0.0039000000000000003, 0.0011, 0.0, 0.0034000000000000002, 0.017400000000000002], [0.0002, 0.0002, 0.0002, 0.0002, 0.0, 0.0, 0.0, 0.0323, 0.09230000000000001, 0.0, 0.0405, 0.0402, 0.0247, 0.0402, 0.09230000000000001, 0.0, 0.0247, 0.0323, 0.0405], [0.004, 0.004, 0.0001, 0.0001, 0.0001, 0.0001, 0.0006000000000000001, 0.0, 0.0, 0.0, 0.0, 0.0, 0.0, 0.0, 0.0, 0.0, 0.0, 0.0, 0.0], [0.0004, 0.0004, 0.0004, 0.0004, 0.001, 0.001, 0.0009000000000000001, 0.0, 0.0, 0.0, 0.0, 0.0, 0.0, 0.0, 0.0, 0.0, 0.0, 0.0, 0.0], [0.0001, 0.0001, 0.0, 0.0, 0.0012000000000000001, 0.0012000000000000001, 0.0007, 0.0, 0.0, 0.0, 0.0, 0.0, 0.0, 0.0, 0.0, 0.0, 0.0, 0.0, 0.0], [0.0036000000000000003, 0.0036000000000000003, 0.0021000000000000003, 0.0021000000000000003, 0.0006000000000000001, 0.0006000000000000001, 0.0001, 0.0, 0.0, 0.0, 0.0, 0.0, 0.0, 0.0, 0.0, 0.0, 0.0, 0.0, 0.0], [0.0005, 0.0005, 0.0012000000000000001, 0.0012000000000000001, 0.0004, 0.0004, 0.0, 0.0, 0.0, 0.0, 0.0, 0.0, 0.0, 0.0, 0.0, 0.0, 0.0, 0.0, 0.0]]}}
bs_hinuma_efermi: 5.33037811
bs_latimer_munro_task_id: mp-2338570
bs_latimer_munro_band_gap: 1.0221
bs_latimer_munro_cbm: {'band_index': {'1': [78]}, 'kpoint_index': [16, 17, 29], 'kpoint': <pymatgen.electronic_structure.bandstructure.Kpoint object at 0x7fc5d4b5a430>, 'energy': 6.2518, 'projections': {'1': [[0.0627, 0.0627, 0.0627, 0.0627, 0.0627, 0.0627, 0.06620000000000001, 0.016800000000000002, 0.016800000000000002, 0.016800000000000002, 0.0201, 0.0201, 0.0201, 0.0201, 0.016800000000000002, 0.016800000000000002, 0.0201, 0.016800000000000002, 0.0201], [0.0, 0.0, 0.0, 0.0, 0.0, 0.0, 0.0, 0.0038, 0.0051, 0.0001, 0.0, 0.0011, 0.0013000000000000002, 0.0011, 0.0051, 0.0001, 0.0013000000000000002, 0.0038, 0.0], [0.0001, 0.0001, 0.0, 0.0, 0.0001, 0.0001, 0.0, 0.0, 0.0, 0.007200000000000001, 0.0008, 0.0004, 0.0002, 0.0004, 0.0, 0.007200000000000001, 0.0002, 0.0, 0.0008], [0.0001, 0.0001, 0.0002, 0.0002, 0.0, 0.0, 0.0, 0.0039000000000000003, 0.0026000000000000003, 0.0004, 0.0009000000000000001, 0.0002, 0.0001, 0.0002, 0.0026000000000000003, 0.0004, 0.0001, 0.0039000000000000003, 0.0009000000000000001], [0.0006000000000000001, 0.0006000000000000001, 0.0, 0.0, 0.0004, 0.0004, 0.0, 0.0, 0.0, 0.0, 0.0, 0.0, 0.0, 0.0, 0.0, 0.0, 0.0, 0.0, 0.0], [0.0001, 0.0001, 0.0005, 0.0005, 0.0001, 0.0001, 0.0, 0.0, 0.0, 0.0, 0.0, 0.0, 0.0, 0.0, 0.0, 0.0, 0.0, 0.0, 0.0], [0.0002, 0.0002, 0.0005, 0.0005, 0.0002, 0.0002, 0.0, 0.0, 0.0, 0.0, 0.0, 0.0, 0.0, 0.0, 0.0, 0.0, 0.0, 0.0, 0.0], [0.00030000000000000003, 0.00030000000000000003, 0.00030000000000000003, 0.00030000000000000003, 0.0, 0.0, 0.0002, 0.0, 0.0, 0.0, 0.0, 0.0, 0.0, 0.0, 0.0, 0.0, 0.0, 0.0, 0.0], [0.0001, 0.0001, 0.0, 0.0, 0.0006000000000000001, 0.0006000000000000001, 0.0001, 0.0, 0.0, 0.0, 0.0, 0.0, 0.0, 0.0, 0.0, 0.0, 0.0, 0.0, 0.0]]}}
bs_latimer_munro_vbm: {'band_index': {'1': [77]}, 'kpoint_index': [43], 'kpoint': <pymatgen.electronic_structure.bandstructure.Kpoint object at 0x7fc5d4b5a3c0>, 'energy': 5.2297, 'projections': {'1': [[0.00030000000000000003, 0.00030000000000000003, 0.0002, 0.0002, 0.0008, 0.0008, 0.0, 0.0002, 0.0001, 0.0001, 0.0001, 0.0001, 0.0, 0.0001, 0.0001, 0.0001, 0.0, 0.0002, 0.0001], [0.0002, 0.0002, 0.0, 0.0, 0.0001, 0.0001, 0.0, 0.0012000000000000001, 0.0, 0.0611, 0.022500000000000003, 0.0024000000000000002, 0.0117, 0.0024000000000000002, 0.0, 0.0611, 0.0117, 0.0012000000000000001, 0.022500000000000003], [0.0, 0.0, 0.0, 0.0, 0.0002, 0.0002, 0.0, 0.0036000000000000003, 0.09280000000000001, 0.031400000000000004, 0.0014, 0.0235, 0.027700000000000002, 0.0235, 0.09280000000000001, 0.031400000000000004, 0.027700000000000002, 0.0036000000000000003, 0.0014], [0.0008, 0.0008, 0.0, 0.0, 0.0001, 0.0001, 0.0, 0.0078000000000000005, 0.022600000000000002, 0.0073, 0.0167, 0.033, 0.0017000000000000001, 0.033, 0.022600000000000002, 0.0073, 0.0017000000000000001, 0.0078000000000000005, 0.0167], [0.0, 0.0, 0.001, 0.001, 0.0008, 0.0008, 0.0001, 0.0, 0.0, 0.0, 0.0, 0.0, 0.0, 0.0, 0.0, 0.0, 0.0, 0.0, 0.0], [0.0, 0.0, 0.0, 0.0, 0.0, 0.0, 0.0001, 0.0, 0.0, 0.0, 0.0, 0.0, 0.0, 0.0, 0.0, 0.0, 0.0, 0.0, 0.0], [0.0008, 0.0008, 0.00030000000000000003, 0.00030000000000000003, 0.0037, 0.0037, 0.0013000000000000002, 0.0, 0.0, 0.0, 0.0, 0.0, 0.0, 0.0, 0.0, 0.0, 0.0, 0.0, 0.0], [0.003, 0.003, 0.0004, 0.0004, 0.001, 0.001, 0.0001, 0.0, 0.0, 0.0, 0.0, 0.0, 0.0, 0.0, 0.0, 0.0, 0.0, 0.0, 0.0], [0.0001, 0.0001, 0.0016, 0.0016, 0.0031000000000000003, 0.0031000000000000003, 0.0007, 0.0, 0.0, 0.0, 0.0, 0.0, 0.0, 0.0, 0.0, 0.0, 0.0, 0.0, 0.0]]}}
bs_latimer_munro_efermi: 5.32219412