material_id: mp-29894
band_gap: 1.9051999999999991
efermi: 0.57362723
dos_magnetic_ordering: NM
dos_total_task_id: mp-1670002
dos_total_band_gap: 1.8875000000000002
dos_total_cbm: 2.3971
dos_total_vbm: 0.5096
dos_total_efermi: 0.51395863
bs_setyawan_curtarolo_task_id: mp-1598636
bs_setyawan_curtarolo_band_gap: 1.9051999999999991
bs_setyawan_curtarolo_cbm: {'band_index': {'1': [60]}, 'kpoint_index': [24, 25], 'kpoint': <pymatgen.electronic_structure.bandstructure.Kpoint object at 0x7fc699d63930>, 'energy': 2.3745, 'projections': {'1': [[0.0835, 0.0835, 0.0835, 0.0835, 0.0006000000000000001, 0.0006000000000000001, 0.0039000000000000003, 0.0039000000000000003, 0.0039000000000000003, 0.0039000000000000003, 0.0057, 0.0057, 0.0057, 0.0057], [0.0001, 0.0001, 0.0001, 0.0001, 0.0002, 0.0002, 0.010700000000000001, 0.010700000000000001, 0.010700000000000001, 0.010700000000000001, 0.0017000000000000001, 0.0017000000000000001, 0.0017000000000000001, 0.0017000000000000001], [0.0038, 0.0038, 0.0038, 0.0038, 0.0, 0.0, 0.0014, 0.0014, 0.0014, 0.0014, 0.001, 0.001, 0.001, 0.001], [0.0014, 0.0014, 0.0014, 0.0014, 0.0012000000000000001, 0.0012000000000000001, 0.0012000000000000001, 0.0012000000000000001, 0.0012000000000000001, 0.0012000000000000001, 0.0016, 0.0016, 0.0016, 0.0016], [0.0002, 0.0002, 0.0002, 0.0002, 0.011, 0.011, 0.0, 0.0, 0.0, 0.0, 0.0, 0.0, 0.0, 0.0], [0.0063, 0.0063, 0.0063, 0.0063, 0.013900000000000001, 0.013900000000000001, 0.0, 0.0, 0.0, 0.0, 0.0, 0.0, 0.0, 0.0], [0.0029000000000000002, 0.0029000000000000002, 0.0029000000000000002, 0.0029000000000000002, 0.0058000000000000005, 0.0058000000000000005, 0.0, 0.0, 0.0, 0.0, 0.0, 0.0, 0.0, 0.0], [0.001, 0.001, 0.001, 0.001, 0.051300000000000005, 0.051300000000000005, 0.0, 0.0, 0.0, 0.0, 0.0, 0.0, 0.0, 0.0], [0.0004, 0.0004, 0.0004, 0.0004, 0.021, 0.021, 0.0, 0.0, 0.0, 0.0, 0.0, 0.0, 0.0, 0.0]]}}
bs_setyawan_curtarolo_vbm: {'band_index': {'1': [59]}, 'kpoint_index': ['107'], 'kpoint': <pymatgen.electronic_structure.bandstructure.Kpoint object at 0x7fc5d4b5a200>, 'energy': 0.4693, 'projections': {'1': [[0.0512, 0.0702, 0.0512, 0.0702, 0.0002, 0.0002, 0.0007, 0.0007, 0.0007, 0.0007, 0.0001, 0.0004, 0.0004, 0.0001], [0.0041, 0.0071, 0.0041, 0.0071, 0.0014, 0.0014, 0.028800000000000003, 0.038200000000000005, 0.028800000000000003, 0.038200000000000005, 0.0117, 0.0063, 0.0063, 0.0117], [0.008700000000000001, 0.0043, 0.008700000000000001, 0.0043, 0.001, 0.001, 0.0057, 0.0089, 0.0057, 0.0089, 0.0015, 0.0022, 0.0022, 0.0015], [0.00030000000000000003, 0.0012000000000000001, 0.00030000000000000003, 0.0012000000000000001, 0.0005, 0.0005, 0.0483, 0.0376, 0.0483, 0.0376, 0.0001, 0.001, 0.001, 0.0001], [0.0006000000000000001, 0.0021000000000000003, 0.0006000000000000001, 0.0021000000000000003, 0.0021000000000000003, 0.0021000000000000003, 0.0, 0.0, 0.0, 0.0, 0.0, 0.0, 0.0, 0.0], [0.008, 0.0064, 0.008, 0.0064, 0.0004, 0.0004, 0.0, 0.0, 0.0, 0.0, 0.0, 0.0, 0.0, 0.0], [0.0035, 0.0024000000000000002, 0.0035, 0.0024000000000000002, 0.0005, 0.0005, 0.0, 0.0, 0.0, 0.0, 0.0, 0.0, 0.0, 0.0], [0.0006000000000000001, 0.0002, 0.0006000000000000001, 0.0002, 0.001, 0.001, 0.0, 0.0, 0.0, 0.0, 0.0, 0.0, 0.0, 0.0], [0.0011, 0.0002, 0.0011, 0.0002, 0.0046, 0.0046, 0.0, 0.0, 0.0, 0.0, 0.0, 0.0, 0.0, 0.0]]}}
bs_setyawan_curtarolo_efermi: 0.57362723
bs_latimer_munro_task_id: mp-2428645
bs_latimer_munro_band_gap: 1.779799999999999
bs_latimer_munro_cbm: {'band_index': {'1': [60]}, 'kpoint_index': [81, 82, 243], 'kpoint': <pymatgen.electronic_structure.bandstructure.Kpoint object at 0x7fc5d4b5a190>, 'energy': 2.3745, 'projections': {'1': [[0.0835, 0.0835, 0.0835, 0.0835, 0.0006000000000000001, 0.0006000000000000001, 0.0039000000000000003, 0.0039000000000000003, 0.0039000000000000003, 0.0039000000000000003, 0.0057, 0.0057, 0.0057, 0.0057], [0.0001, 0.0001, 0.0001, 0.0001, 0.0002, 0.0002, 0.010700000000000001, 0.010700000000000001, 0.010700000000000001, 0.010700000000000001, 0.0017000000000000001, 0.0017000000000000001, 0.0017000000000000001, 0.0017000000000000001], [0.0038, 0.0038, 0.0038, 0.0038, 0.0, 0.0, 0.0014, 0.0014, 0.0014, 0.0014, 0.001, 0.001, 0.001, 0.001], [0.0014, 0.0014, 0.0014, 0.0014, 0.0012000000000000001, 0.0012000000000000001, 0.0012000000000000001, 0.0012000000000000001, 0.0012000000000000001, 0.0012000000000000001, 0.0016, 0.0016, 0.0016, 0.0016], [0.0002, 0.0002, 0.0002, 0.0002, 0.011, 0.011, 0.0, 0.0, 0.0, 0.0, 0.0, 0.0, 0.0, 0.0], [0.0063, 0.0063, 0.0063, 0.0063, 0.013900000000000001, 0.013900000000000001, 0.0, 0.0, 0.0, 0.0, 0.0, 0.0, 0.0, 0.0], [0.0029000000000000002, 0.0029000000000000002, 0.0029000000000000002, 0.0029000000000000002, 0.0058000000000000005, 0.0058000000000000005, 0.0, 0.0, 0.0, 0.0, 0.0, 0.0, 0.0, 0.0], [0.001, 0.001, 0.001, 0.001, 0.051300000000000005, 0.051300000000000005, 0.0, 0.0, 0.0, 0.0, 0.0, 0.0, 0.0, 0.0], [0.0004, 0.0004, 0.0004, 0.0004, 0.021, 0.021, 0.0, 0.0, 0.0, 0.0, 0.0, 0.0, 0.0, 0.0]]}}
bs_latimer_munro_vbm: {'band_index': {'1': [59]}, 'kpoint_index': ['127'], 'kpoint': <pymatgen.electronic_structure.bandstructure.Kpoint object at 0x7fc5d4b5a430>, 'energy': 0.5947, 'projections': {'1': [[0.0632, 0.0632, 0.0632, 0.0632, 0.0, 0.0, 0.0001, 0.0001, 0.0001, 0.0001, 0.00030000000000000003, 0.00030000000000000003, 0.00030000000000000003, 0.00030000000000000003], [0.0063, 0.0063, 0.0063, 0.0063, 0.0009000000000000001, 0.0009000000000000001, 0.0346, 0.0346, 0.0346, 0.0346, 0.0073, 0.0073, 0.0073, 0.0073], [0.0064, 0.0064, 0.0064, 0.0064, 0.0011, 0.0011, 0.0053, 0.0053, 0.0053, 0.0053, 0.0022, 0.0022, 0.0022, 0.0022], [0.0005, 0.0005, 0.0005, 0.0005, 0.0002, 0.0002, 0.0458, 0.0458, 0.0458, 0.0458, 0.0001, 0.0001, 0.0001, 0.0001], [0.0012000000000000001, 0.0012000000000000001, 0.0012000000000000001, 0.0012000000000000001, 0.0001, 0.0001, 0.0, 0.0, 0.0, 0.0, 0.0, 0.0, 0.0, 0.0], [0.007200000000000001, 0.007200000000000001, 0.007200000000000001, 0.007200000000000001, 0.0001, 0.0001, 0.0, 0.0, 0.0, 0.0, 0.0, 0.0, 0.0, 0.0], [0.003, 0.003, 0.003, 0.003, 0.0018000000000000002, 0.0018000000000000002, 0.0, 0.0, 0.0, 0.0, 0.0, 0.0, 0.0, 0.0], [0.0004, 0.0004, 0.0004, 0.0004, 0.0001, 0.0001, 0.0, 0.0, 0.0, 0.0, 0.0, 0.0, 0.0, 0.0], [0.0004, 0.0004, 0.0004, 0.0004, 0.0043, 0.0043, 0.0, 0.0, 0.0, 0.0, 0.0, 0.0, 0.0, 0.0]]}}
bs_latimer_munro_efermi: 0.80831441