material_id: mp-23120
band_gap: 5.0774
efermi: -0.80869628
dos_magnetic_ordering: NM
dos_total_task_id: mp-2281582
dos_total_band_gap: 5.0439
dos_total_cbm: 4.1902
dos_total_vbm: -0.8537
dos_total_efermi: -0.86782559
bs_setyawan_curtarolo_task_id: mp-1599021
bs_setyawan_curtarolo_band_gap: 5.0774
bs_setyawan_curtarolo_cbm: {'band_index': {'1': [39, 40, 41]}, 'kpoint_index': [0, 39, 40], 'kpoint': <pymatgen.electronic_structure.bandstructure.Kpoint object at 0x7fc699d63930>, 'energy': 4.1897, 'projections': {'1': [[0.0, 0.0, 0.0, 0.0, 0.0, 0.0, 0.0, 0.0, 0.0, 0.0], [0.0, 0.0, 0.0, 0.0, 0.007, 0.0026000000000000003, 0.007, 0.0, 0.0, 0.0026000000000000003], [0.0002, 0.0002, 0.0, 0.0, 0.0013000000000000002, 0.0, 0.0013000000000000002, 0.0026000000000000003, 0.0026000000000000003, 0.0], [0.0001, 0.0001, 0.0, 0.0, 0.0, 0.0013000000000000002, 0.0, 0.007, 0.007, 0.0013000000000000002], [0.0032, 0.0032, 0.0, 0.34290000000000004, 0.0, 0.0, 0.0, 0.0, 0.0, 0.0], [0.0012000000000000001, 0.0012000000000000001, 0.0, 0.12840000000000001, 0.0, 0.0, 0.0, 0.0, 0.0, 0.0], [0.0, 0.0, 0.0, 0.0, 0.0, 0.0, 0.0, 0.0, 0.0, 0.0], [0.0006000000000000001, 0.0006000000000000001, 0.0, 0.0613, 0.0, 0.0, 0.0, 0.0, 0.0, 0.0], [0.0, 0.0, 0.0, 0.0, 0.0, 0.0, 0.0, 0.0, 0.0, 0.0]]}}
bs_setyawan_curtarolo_vbm: {'band_index': {'1': [36, 37, 38]}, 'kpoint_index': [0, 39, 40], 'kpoint': <pymatgen.electronic_structure.bandstructure.Kpoint object at 0x7fc5d4b5a3c0>, 'energy': -0.8877, 'projections': {'1': [[0.0, 0.0, 0.0, 0.0, 0.0, 0.0, 0.0, 0.0, 0.0, 0.0], [0.0, 0.0, 0.0, 0.0, 0.0297, 0.0137, 0.0297, 0.0, 0.0, 0.0137], [0.0, 0.0, 0.0, 0.0, 0.1282, 0.0, 0.1282, 0.0137, 0.0137, 0.0], [0.0, 0.0, 0.0, 0.0, 0.0, 0.1282, 0.0, 0.0297, 0.0297, 0.1282], [0.0, 0.0, 0.0, 0.0, 0.0, 0.0, 0.0, 0.0, 0.0, 0.0], [0.0, 0.0, 0.0, 0.0, 0.0, 0.0, 0.0, 0.0, 0.0, 0.0], [0.0, 0.0, 0.0, 0.0, 0.0, 0.0, 0.0, 0.0, 0.0, 0.0], [0.0, 0.0, 0.0, 0.0, 0.0, 0.0, 0.0, 0.0, 0.0, 0.0], [0.0, 0.0, 0.0, 0.0, 0.0, 0.0, 0.0, 0.0, 0.0, 0.0]]}}
bs_setyawan_curtarolo_efermi: -0.80869628
bs_hinuma_task_id: mp-2065600
bs_hinuma_band_gap: 5.0774
bs_hinuma_cbm: {'band_index': {'1': [39, 40, 41]}, 'kpoint_index': [0, 32, 33], 'kpoint': <pymatgen.electronic_structure.bandstructure.Kpoint object at 0x7fc5d4b5a430>, 'energy': 4.1897, 'projections': {'1': [[0.0, 0.0, 0.0, 0.0, 0.0, 0.0, 0.0, 0.0, 0.0, 0.0], [0.0, 0.0, 0.0, 0.0, 0.007, 0.0026000000000000003, 0.007, 0.0, 0.0, 0.0026000000000000003], [0.0002, 0.0002, 0.0, 0.0, 0.0013000000000000002, 0.0, 0.0013000000000000002, 0.0026000000000000003, 0.0026000000000000003, 0.0], [0.0001, 0.0001, 0.0, 0.0, 0.0, 0.0013000000000000002, 0.0, 0.007, 0.007, 0.0013000000000000002], [0.0032, 0.0032, 0.0, 0.34290000000000004, 0.0, 0.0, 0.0, 0.0, 0.0, 0.0], [0.0012000000000000001, 0.0012000000000000001, 0.0, 0.12840000000000001, 0.0, 0.0, 0.0, 0.0, 0.0, 0.0], [0.0, 0.0, 0.0, 0.0, 0.0, 0.0, 0.0, 0.0, 0.0, 0.0], [0.0006000000000000001, 0.0006000000000000001, 0.0, 0.0613, 0.0, 0.0, 0.0, 0.0, 0.0, 0.0], [0.0, 0.0, 0.0, 0.0, 0.0, 0.0, 0.0, 0.0, 0.0, 0.0]]}}
bs_hinuma_vbm: {'band_index': {'1': [36, 37, 38]}, 'kpoint_index': [0, 32, 33], 'kpoint': <pymatgen.electronic_structure.bandstructure.Kpoint object at 0x7fc5d4b59c50>, 'energy': -0.8877, 'projections': {'1': [[0.0, 0.0, 0.0, 0.0, 0.0, 0.0, 0.0, 0.0, 0.0, 0.0], [0.0, 0.0, 0.0, 0.0, 0.0297, 0.0137, 0.0297, 0.0, 0.0, 0.0137], [0.0, 0.0, 0.0, 0.0, 0.1282, 0.0, 0.1282, 0.0137, 0.0137, 0.0], [0.0, 0.0, 0.0, 0.0, 0.0, 0.1282, 0.0, 0.0297, 0.0297, 0.1282], [0.0, 0.0, 0.0, 0.0, 0.0, 0.0, 0.0, 0.0, 0.0, 0.0], [0.0, 0.0, 0.0, 0.0, 0.0, 0.0, 0.0, 0.0, 0.0, 0.0], [0.0, 0.0, 0.0, 0.0, 0.0, 0.0, 0.0, 0.0, 0.0, 0.0], [0.0, 0.0, 0.0, 0.0, 0.0, 0.0, 0.0, 0.0, 0.0, 0.0], [0.0, 0.0, 0.0, 0.0, 0.0, 0.0, 0.0, 0.0, 0.0, 0.0]]}}
bs_hinuma_efermi: -0.79910183
bs_latimer_munro_task_id: mp-2688082
bs_latimer_munro_band_gap: 5.0774
bs_latimer_munro_cbm: {'band_index': {'1': [39, 40, 41]}, 'kpoint_index': [19, 20, 79, 80, 91], 'kpoint': <pymatgen.electronic_structure.bandstructure.Kpoint object at 0x7fc5d4b59e80>, 'energy': 4.1897, 'projections': {'1': [[0.0, 0.0, 0.0, 0.0, 0.0, 0.0, 0.0, 0.0, 0.0, 0.0], [0.0, 0.0, 0.0, 0.0, 0.0077, 0.0023, 0.0077, 0.0, 0.0, 0.0023], [0.00030000000000000003, 0.00030000000000000003, 0.0, 0.0, 0.0009000000000000001, 0.0, 0.0009000000000000001, 0.0023, 0.0023, 0.0], [0.0001, 0.0001, 0.0, 0.0, 0.0, 0.0009000000000000001, 0.0, 0.0077, 0.0077, 0.0009000000000000001], [0.0035, 0.0035, 0.0, 0.3753, 0.0, 0.0, 0.0, 0.0, 0.0, 0.0], [0.001, 0.001, 0.0, 0.1124, 0.0, 0.0, 0.0, 0.0, 0.0, 0.0], [0.0, 0.0, 0.0, 0.0, 0.0, 0.0, 0.0, 0.0, 0.0, 0.0], [0.0004, 0.0004, 0.0, 0.045, 0.0, 0.0, 0.0, 0.0, 0.0, 0.0], [0.0, 0.0, 0.0, 0.0, 0.0, 0.0, 0.0, 0.0, 0.0, 0.0]]}}
bs_latimer_munro_vbm: {'band_index': {'1': [36, 37, 38]}, 'kpoint_index': [19, 20, 79, 80, 91], 'kpoint': <pymatgen.electronic_structure.bandstructure.Kpoint object at 0x7fc5d4b59d30>, 'energy': -0.8877, 'projections': {'1': [[0.0, 0.0, 0.0, 0.0, 0.0, 0.0, 0.0, 0.0, 0.0, 0.0], [0.0, 0.0, 0.0, 0.0, 0.0917, 0.053, 0.0917, 0.0, 0.0, 0.053], [0.0, 0.0, 0.0, 0.0, 0.0269, 0.0, 0.0269, 0.053, 0.053, 0.0], [0.0, 0.0, 0.0, 0.0, 0.0, 0.0269, 0.0, 0.0917, 0.0917, 0.0269], [0.0, 0.0, 0.0, 0.0, 0.0, 0.0, 0.0, 0.0, 0.0, 0.0], [0.0, 0.0, 0.0, 0.0, 0.0, 0.0, 0.0, 0.0, 0.0, 0.0], [0.0, 0.0, 0.0, 0.0, 0.0, 0.0, 0.0, 0.0, 0.0, 0.0], [0.0, 0.0, 0.0, 0.0, 0.0, 0.0, 0.0, 0.0, 0.0, 0.0], [0.0, 0.0, 0.0, 0.0, 0.0, 0.0, 0.0, 0.0, 0.0, 0.0]]}}
bs_latimer_munro_efermi: -0.79055972