material_id: mp-29641
band_gap: 0.26890000000000003
efermi: 5.81189229
dos_magnetic_ordering: NM
dos_total_task_id: mp-2271453
dos_total_band_gap: 0.270699999999999
dos_total_cbm: 6.0306
dos_total_vbm: 5.7599
dos_total_efermi: 5.75997661
bs_setyawan_curtarolo_task_id: mp-925749
bs_setyawan_curtarolo_band_gap: 0.26890000000000003
bs_setyawan_curtarolo_cbm: {'band_index': {'1': [38]}, 'kpoint_index': [78, 79, 152], 'kpoint': <pymatgen.electronic_structure.bandstructure.Kpoint object at 0x7fc699d63930>, 'energy': 6.0288, 'projections': {}}
bs_setyawan_curtarolo_vbm: {'band_index': {'1': [37]}, 'kpoint_index': [78, 79, 152], 'kpoint': <pymatgen.electronic_structure.bandstructure.Kpoint object at 0x7fc5d4b5a430>, 'energy': 5.7599, 'projections': {}}
bs_setyawan_curtarolo_efermi: 5.81189229
bs_hinuma_task_id: mp-2137025
bs_hinuma_band_gap: 0.2717
bs_hinuma_cbm: {'band_index': {'1': [38]}, 'kpoint_index': [53, 54, 103], 'kpoint': <pymatgen.electronic_structure.bandstructure.Kpoint object at 0x7fc5d4b59d30>, 'energy': 6.1453, 'projections': {'1': [[0.0, 0.0041, 0.0012000000000000001, 0.0041, 0.0012000000000000001, 0.0134, 0.0134, 0.0092, 0.0262, 0.0262, 0.0285, 0.0092], [0.0, 0.0, 0.0, 0.0, 0.0, 0.0, 0.0, 0.0, 0.0, 0.0, 0.0, 0.0], [0.0639, 0.057100000000000005, 0.0386, 0.057100000000000005, 0.0386, 0.019200000000000002, 0.019200000000000002, 0.0006000000000000001, 0.0079, 0.0079, 0.0, 0.0006000000000000001], [0.0, 0.0, 0.0, 0.0, 0.0, 0.0, 0.0, 0.0, 0.0, 0.0, 0.0, 0.0], [0.0, 0.0, 0.0, 0.0, 0.0, 0.0, 0.0, 0.0, 0.0, 0.0, 0.0, 0.0], [0.0, 0.0, 0.0, 0.0, 0.0, 0.0, 0.0, 0.0, 0.0, 0.0, 0.0, 0.0], [0.0, 0.0005, 0.0001, 0.0005, 0.0001, 0.0023, 0.0023, 0.0005, 0.0032, 0.0032, 0.0016, 0.0005], [0.0, 0.0, 0.0, 0.0, 0.0, 0.0, 0.0, 0.0, 0.0, 0.0, 0.0, 0.0], [0.0, 0.0, 0.0, 0.0, 0.0, 0.0, 0.0, 0.0, 0.0, 0.0, 0.0, 0.0]]}}
bs_hinuma_vbm: {'band_index': {'1': [37]}, 'kpoint_index': [53, 54, 103], 'kpoint': <pymatgen.electronic_structure.bandstructure.Kpoint object at 0x7fc5d4b5a190>, 'energy': 5.8736, 'projections': {'1': [[0.0154, 0.029900000000000003, 0.028800000000000003, 0.029900000000000003, 0.028800000000000003, 0.0, 0.0, 0.0001, 0.0002, 0.0002, 0.0, 0.0001], [0.0, 0.0, 0.0, 0.0, 0.0, 0.0, 0.0, 0.0, 0.0, 0.0, 0.0, 0.0], [0.0, 0.0009000000000000001, 0.0016, 0.0009000000000000001, 0.0016, 0.0872, 0.0872, 0.0868, 0.0201, 0.0201, 0.0219, 0.0868], [0.0, 0.0, 0.0, 0.0, 0.0, 0.0, 0.0, 0.0, 0.0, 0.0, 0.0, 0.0], [0.0, 0.0, 0.0, 0.0, 0.0, 0.0, 0.0, 0.0, 0.0, 0.0, 0.0, 0.0], [0.0, 0.0, 0.0, 0.0, 0.0, 0.0, 0.0, 0.0, 0.0, 0.0, 0.0, 0.0], [0.0009000000000000001, 0.0023, 0.0022, 0.0023, 0.0022, 0.0007, 0.0007, 0.0006000000000000001, 0.0, 0.0, 0.0, 0.0006000000000000001], [0.0, 0.0, 0.0, 0.0, 0.0, 0.0, 0.0, 0.0, 0.0, 0.0, 0.0, 0.0], [0.0, 0.0, 0.0, 0.0, 0.0, 0.0, 0.0, 0.0, 0.0, 0.0, 0.0, 0.0]]}}
bs_hinuma_efermi: 6.01847361
bs_latimer_munro_task_id: mp-2446445
bs_latimer_munro_band_gap: 0.2717
bs_latimer_munro_cbm: {'band_index': {'1': [38]}, 'kpoint_index': [50, 51, 136], 'kpoint': <pymatgen.electronic_structure.bandstructure.Kpoint object at 0x7fc5d4b5a200>, 'energy': 6.1453, 'projections': {'1': [[0.0, 0.0041, 0.0012000000000000001, 0.0041, 0.0012000000000000001, 0.0134, 0.0134, 0.0092, 0.0262, 0.0262, 0.0284, 0.0092], [0.0, 0.0, 0.0, 0.0, 0.0, 0.0, 0.0, 0.0, 0.0, 0.0, 0.0, 0.0], [0.0639, 0.057100000000000005, 0.0386, 0.057100000000000005, 0.0386, 0.019200000000000002, 0.019200000000000002, 0.0006000000000000001, 0.0079, 0.0079, 0.0, 0.0006000000000000001], [0.0, 0.0, 0.0, 0.0, 0.0, 0.0, 0.0, 0.0, 0.0, 0.0, 0.0, 0.0], [0.0, 0.0, 0.0, 0.0, 0.0, 0.0, 0.0, 0.0, 0.0, 0.0, 0.0, 0.0], [0.0, 0.0, 0.0, 0.0, 0.0, 0.0, 0.0, 0.0, 0.0, 0.0, 0.0, 0.0], [0.0, 0.0005, 0.0001, 0.0005, 0.0001, 0.0023, 0.0023, 0.0005, 0.0032, 0.0032, 0.0016, 0.0005], [0.0, 0.0, 0.0, 0.0, 0.0, 0.0, 0.0, 0.0, 0.0, 0.0, 0.0, 0.0], [0.0, 0.0, 0.0, 0.0, 0.0, 0.0, 0.0, 0.0, 0.0, 0.0, 0.0, 0.0]]}}
bs_latimer_munro_vbm: {'band_index': {'1': [37]}, 'kpoint_index': [50, 51, 136], 'kpoint': <pymatgen.electronic_structure.bandstructure.Kpoint object at 0x7fc5d4b59be0>, 'energy': 5.8736, 'projections': {'1': [[0.0154, 0.029900000000000003, 0.028800000000000003, 0.029900000000000003, 0.028800000000000003, 0.0, 0.0, 0.0001, 0.0002, 0.0002, 0.0, 0.0001], [0.0, 0.0, 0.0, 0.0, 0.0, 0.0, 0.0, 0.0, 0.0, 0.0, 0.0, 0.0], [0.0, 0.0009000000000000001, 0.0016, 0.0009000000000000001, 0.0016, 0.0872, 0.0872, 0.0868, 0.0201, 0.0201, 0.0219, 0.0868], [0.0, 0.0, 0.0, 0.0, 0.0, 0.0, 0.0, 0.0, 0.0, 0.0, 0.0, 0.0], [0.0, 0.0, 0.0, 0.0, 0.0, 0.0, 0.0, 0.0, 0.0, 0.0, 0.0, 0.0], [0.0, 0.0, 0.0, 0.0, 0.0, 0.0, 0.0, 0.0, 0.0, 0.0, 0.0, 0.0], [0.0009000000000000001, 0.0023, 0.0022, 0.0023, 0.0022, 0.0007, 0.0007, 0.0006000000000000001, 0.0, 0.0, 0.0, 0.0006000000000000001], [0.0, 0.0, 0.0, 0.0, 0.0, 0.0, 0.0, 0.0, 0.0, 0.0, 0.0, 0.0], [0.0, 0.0, 0.0, 0.0, 0.0, 0.0, 0.0, 0.0, 0.0, 0.0, 0.0, 0.0]]}}
bs_latimer_munro_efermi: 6.01427667