material_id: mp-23595
band_gap: 2.322999999999999
efermi: 3.11843124
dos_magnetic_ordering: FM
dos_total_task_id: mp-1754224
dos_total_band_gap: 3.040499999999999
dos_total_cbm: 6.1152
dos_total_vbm: 3.0747
dos_total_efermi: 3.07601741
bs_setyawan_curtarolo_task_id: mp-1627566
bs_setyawan_curtarolo_band_gap: 2.322999999999999
bs_setyawan_curtarolo_cbm: {'band_index': {'-1': [100], '1': []}, 'kpoint_index': [55, 56], 'kpoint': <pymatgen.electronic_structure.bandstructure.Kpoint object at 0x7fc699d63930>, 'energy': 5.3736, 'projections': {'-1': [[0.0005, 0.0005, 0.0005, 0.0005, 0.0, 0.0, 0.0, 0.0, 0.0002, 0.0002, 0.0002, 0.0002, 0.0012000000000000001, 0.0012000000000000001, 0.0012000000000000001, 0.0012000000000000001, 0.0045000000000000005, 0.0045000000000000005, 0.0045000000000000005, 0.0045000000000000005, 0.0, 0.0, 0.0, 0.0, 0.0001, 0.0001, 0.0001, 0.0001, 0.00030000000000000003, 0.00030000000000000003, 0.00030000000000000003, 0.00030000000000000003], [0.0002, 0.0002, 0.0002, 0.0002, 0.001, 0.001, 0.001, 0.001, 0.0002, 0.0002, 0.0002, 0.0002, 0.0005, 0.0005, 0.0005, 0.0005, 0.0014, 0.0014, 0.0014, 0.0014, 0.0008, 0.0008, 0.0008, 0.0008, 0.0008, 0.0008, 0.0008, 0.0008, 0.0007, 0.0007, 0.0007, 0.0008], [0.0, 0.0, 0.0, 0.0, 0.007, 0.007, 0.007, 0.007, 0.0005, 0.0005, 0.0005, 0.0005, 0.0021000000000000003, 0.0021000000000000003, 0.0021000000000000003, 0.0021000000000000003, 0.00030000000000000003, 0.00030000000000000003, 0.00030000000000000003, 0.00030000000000000003, 0.0004, 0.0004, 0.0004, 0.0004, 0.0, 0.0, 0.0, 0.0, 0.00030000000000000003, 0.00030000000000000003, 0.00030000000000000003, 0.00030000000000000003], [0.0002, 0.0002, 0.0002, 0.0002, 0.0013000000000000002, 0.0013000000000000002, 0.0013000000000000002, 0.0013000000000000002, 0.00030000000000000003, 0.00030000000000000003, 0.00030000000000000003, 0.00030000000000000003, 0.0014, 0.0014, 0.0014, 0.0014, 0.0017000000000000001, 0.0017000000000000001, 0.0017000000000000001, 0.0017000000000000001, 0.0011, 0.0011, 0.0011, 0.0011, 0.0014, 0.0014, 0.0014, 0.0014, 0.0005, 0.0005, 0.0005, 0.0005], [0.1368, 0.1369, 0.1368, 0.1369, 0.0, 0.0, 0.0, 0.0, 0.0, 0.0, 0.0, 0.0, 0.0, 0.0, 0.0, 0.0, 0.0, 0.0, 0.0, 0.0, 0.0, 0.0, 0.0, 0.0, 0.0, 0.0, 0.0, 0.0, 0.0, 0.0, 0.0, 0.0], [0.023, 0.023, 0.023, 0.023, 0.0001, 0.0001, 0.0001, 0.0001, 0.0, 0.0, 0.0, 0.0, 0.0, 0.0, 0.0, 0.0, 0.0, 0.0, 0.0, 0.0, 0.0, 0.0, 0.0, 0.0, 0.0, 0.0, 0.0, 0.0, 0.0, 0.0, 0.0, 0.0], [0.0213, 0.0213, 0.0213, 0.0213, 0.0, 0.0, 0.0, 0.0, 0.0, 0.0, 0.0, 0.0, 0.0, 0.0, 0.0, 0.0, 0.0, 0.0, 0.0, 0.0, 0.0, 0.0, 0.0, 0.0, 0.0, 0.0, 0.0, 0.0, 0.0, 0.0, 0.0, 0.0], [0.0148, 0.0149, 0.0149, 0.0149, 0.0, 0.0, 0.0, 0.0, 0.0, 0.0, 0.0, 0.0, 0.0, 0.0, 0.0, 0.0, 0.0, 0.0, 0.0, 0.0, 0.0, 0.0, 0.0, 0.0, 0.0, 0.0, 0.0, 0.0, 0.0, 0.0, 0.0, 0.0], [0.0067, 0.0067, 0.0067, 0.0067, 0.0, 0.0, 0.0, 0.0, 0.0, 0.0, 0.0, 0.0, 0.0, 0.0, 0.0, 0.0, 0.0, 0.0, 0.0, 0.0, 0.0, 0.0, 0.0, 0.0, 0.0, 0.0, 0.0, 0.0, 0.0, 0.0, 0.0, 0.0]]}}
bs_setyawan_curtarolo_vbm: {'band_index': {'1': [95], '-1': []}, 'kpoint_index': ['19'], 'kpoint': <pymatgen.electronic_structure.bandstructure.Kpoint object at 0x7fc5d4b5a430>, 'energy': 3.0506, 'projections': {'1': [[0.0, 0.0, 0.0, 0.0, 0.0092, 0.0092, 0.0092, 0.0092, 0.0002, 0.0002, 0.0002, 0.0002, 0.0004, 0.0004, 0.0004, 0.0004, 0.0001, 0.0001, 0.0001, 0.0001, 0.0002, 0.0002, 0.0002, 0.0002, 0.0001, 0.0001, 0.0001, 0.0001, 0.0001, 0.0001, 0.0001, 0.0001], [0.0001, 0.0001, 0.0001, 0.0001, 0.00030000000000000003, 0.00030000000000000003, 0.00030000000000000003, 0.00030000000000000003, 0.0001, 0.0001, 0.0001, 0.0001, 0.00030000000000000003, 0.00030000000000000003, 0.00030000000000000003, 0.00030000000000000003, 0.0013000000000000002, 0.0013000000000000002, 0.0013000000000000002, 0.0013000000000000002, 0.016, 0.016, 0.016, 0.016, 0.0009000000000000001, 0.0009000000000000001, 0.0009000000000000001, 0.0009000000000000001, 0.004, 0.004, 0.004, 0.004], [0.0001, 0.0001, 0.0001, 0.0001, 0.006, 0.006, 0.006, 0.006, 0.0001, 0.0001, 0.0001, 0.0001, 0.0131, 0.0131, 0.0131, 0.0131, 0.018500000000000003, 0.018500000000000003, 0.018500000000000003, 0.018500000000000003, 0.0027, 0.0027, 0.0027, 0.0027, 0.0016, 0.0016, 0.0016, 0.0016, 0.0024000000000000002, 0.0024000000000000002, 0.0024000000000000002, 0.0024000000000000002], [0.0001, 0.0001, 0.0001, 0.0001, 0.0047, 0.0047, 0.0047, 0.0047, 0.0, 0.0, 0.0, 0.0, 0.010700000000000001, 0.010700000000000001, 0.010700000000000001, 0.010700000000000001, 0.006200000000000001, 0.006200000000000001, 0.006200000000000001, 0.006200000000000001, 0.0014, 0.0014, 0.0014, 0.0014, 0.0059, 0.0059, 0.0059, 0.0059, 0.0022, 0.0022, 0.0022, 0.0022], [0.0582, 0.0582, 0.0582, 0.0582, 0.0, 0.0, 0.0, 0.0, 0.0, 0.0, 0.0, 0.0, 0.0, 0.0, 0.0, 0.0, 0.0, 0.0, 0.0, 0.0, 0.0, 0.0, 0.0, 0.0, 0.0, 0.0, 0.0, 0.0, 0.0, 0.0, 0.0, 0.0], [0.0103, 0.0103, 0.0103, 0.0103, 0.0002, 0.0002, 0.0002, 0.0002, 0.0, 0.0, 0.0, 0.0, 0.0, 0.0, 0.0, 0.0, 0.0, 0.0, 0.0, 0.0, 0.0, 0.0, 0.0, 0.0, 0.0, 0.0, 0.0, 0.0, 0.0, 0.0, 0.0, 0.0], [0.0325, 0.0325, 0.0325, 0.0325, 0.0004, 0.0004, 0.0004, 0.0004, 0.0, 0.0, 0.0, 0.0, 0.0, 0.0, 0.0, 0.0, 0.0, 0.0, 0.0, 0.0, 0.0, 0.0, 0.0, 0.0, 0.0, 0.0, 0.0, 0.0, 0.0, 0.0, 0.0, 0.0], [0.0044, 0.0044, 0.0044, 0.0044, 0.0001, 0.0001, 0.0001, 0.0001, 0.0, 0.0, 0.0, 0.0, 0.0, 0.0, 0.0, 0.0, 0.0, 0.0, 0.0, 0.0, 0.0, 0.0, 0.0, 0.0, 0.0, 0.0, 0.0, 0.0, 0.0, 0.0, 0.0, 0.0], [0.008, 0.008, 0.008, 0.008, 0.0, 0.0, 0.0, 0.0, 0.0, 0.0, 0.0, 0.0, 0.0, 0.0, 0.0, 0.0, 0.0, 0.0, 0.0, 0.0, 0.0, 0.0, 0.0, 0.0, 0.0, 0.0, 0.0, 0.0, 0.0, 0.0, 0.0, 0.0]]}}
bs_setyawan_curtarolo_efermi: 3.11843124
bs_latimer_munro_task_id: mp-2311818
bs_latimer_munro_band_gap: 2.2998
bs_latimer_munro_cbm: {'band_index': {'-1': [100], '1': []}, 'kpoint_index': ['133'], 'kpoint': <pymatgen.electronic_structure.bandstructure.Kpoint object at 0x7fc5d4b59d30>, 'energy': 5.3716, 'projections': {'-1': [[0.0005, 0.0005, 0.0005, 0.0005, 0.0001, 0.0001, 0.0001, 0.0001, 0.0008, 0.0008, 0.0008, 0.0008, 0.0007, 0.0007, 0.0007, 0.0007, 0.0038, 0.0038, 0.0038, 0.0038, 0.0002, 0.0002, 0.0002, 0.0002, 0.0002, 0.0002, 0.0002, 0.0002, 0.00030000000000000003, 0.00030000000000000003, 0.00030000000000000003, 0.00030000000000000003], [0.0001, 0.0001, 0.0001, 0.0001, 0.002, 0.002, 0.002, 0.002, 0.0004, 0.0004, 0.0004, 0.0004, 0.0005, 0.0005, 0.0005, 0.0005, 0.0031000000000000003, 0.0031000000000000003, 0.0031000000000000003, 0.0031000000000000003, 0.00030000000000000003, 0.00030000000000000003, 0.00030000000000000003, 0.00030000000000000003, 0.0012000000000000001, 0.0012000000000000001, 0.0012000000000000001, 0.0012000000000000001, 0.0011, 0.0011, 0.0011, 0.0011], [0.0001, 0.0001, 0.0001, 0.0001, 0.0066, 0.0066, 0.0066, 0.0066, 0.0, 0.0, 0.0, 0.0, 0.0025, 0.0025, 0.0025, 0.0025, 0.0001, 0.0001, 0.0001, 0.0001, 0.0001, 0.0001, 0.0001, 0.0001, 0.0002, 0.0002, 0.0002, 0.0002, 0.0017000000000000001, 0.0017000000000000001, 0.0017000000000000001, 0.0017000000000000001], [0.0, 0.0, 0.0, 0.0, 0.0004, 0.0004, 0.0004, 0.0004, 0.0002, 0.0002, 0.0002, 0.0002, 0.0012000000000000001, 0.0012000000000000001, 0.0012000000000000001, 0.0012000000000000001, 0.001, 0.001, 0.001, 0.001, 0.0008, 0.0008, 0.0008, 0.0008, 0.0005, 0.0005, 0.0005, 0.0005, 0.0002, 0.0002, 0.0002, 0.0002], [0.1374, 0.1374, 0.1374, 0.1374, 0.0, 0.0, 0.0, 0.0, 0.0, 0.0, 0.0, 0.0, 0.0, 0.0, 0.0, 0.0, 0.0, 0.0, 0.0, 0.0, 0.0, 0.0, 0.0, 0.0, 0.0, 0.0, 0.0, 0.0, 0.0, 0.0, 0.0, 0.0], [0.0233, 0.0233, 0.0233, 0.0233, 0.0001, 0.0001, 0.0001, 0.0001, 0.0, 0.0, 0.0, 0.0, 0.0, 0.0, 0.0, 0.0, 0.0, 0.0, 0.0, 0.0, 0.0, 0.0, 0.0, 0.0, 0.0, 0.0, 0.0, 0.0, 0.0, 0.0, 0.0, 0.0], [0.0216, 0.0216, 0.0216, 0.0216, 0.0, 0.0, 0.0, 0.0, 0.0, 0.0, 0.0, 0.0, 0.0, 0.0, 0.0, 0.0, 0.0, 0.0, 0.0, 0.0, 0.0, 0.0, 0.0, 0.0, 0.0, 0.0, 0.0, 0.0, 0.0, 0.0, 0.0, 0.0], [0.013300000000000001, 0.013300000000000001, 0.013300000000000001, 0.013300000000000001, 0.0, 0.0, 0.0, 0.0, 0.0, 0.0, 0.0, 0.0, 0.0, 0.0, 0.0, 0.0, 0.0, 0.0, 0.0, 0.0, 0.0, 0.0, 0.0, 0.0, 0.0, 0.0, 0.0, 0.0, 0.0, 0.0, 0.0, 0.0], [0.0078000000000000005, 0.0078000000000000005, 0.0078000000000000005, 0.0078000000000000005, 0.0, 0.0, 0.0, 0.0, 0.0, 0.0, 0.0, 0.0, 0.0, 0.0, 0.0, 0.0, 0.0, 0.0, 0.0, 0.0, 0.0, 0.0, 0.0, 0.0, 0.0, 0.0, 0.0, 0.0, 0.0, 0.0, 0.0, 0.0]]}}
bs_latimer_munro_vbm: {'band_index': {'1': [95], '-1': []}, 'kpoint_index': ['72'], 'kpoint': <pymatgen.electronic_structure.bandstructure.Kpoint object at 0x7fc5d4b5a190>, 'energy': 3.0718, 'projections': {'1': [[0.0001, 0.0001, 0.0001, 0.0001, 0.0098, 0.0098, 0.0098, 0.0098, 0.0002, 0.0002, 0.0002, 0.0002, 0.0002, 0.0002, 0.0002, 0.0002, 0.0001, 0.0001, 0.0001, 0.0001, 0.0002, 0.0002, 0.0002, 0.0002, 0.0002, 0.0002, 0.0002, 0.0002, 0.0001, 0.0001, 0.0001, 0.0001], [0.0, 0.0, 0.0, 0.0, 0.0002, 0.0002, 0.0002, 0.0002, 0.0002, 0.0002, 0.0002, 0.0002, 0.0011, 0.0011, 0.0011, 0.0011, 0.0022, 0.0022, 0.0022, 0.0022, 0.008700000000000001, 0.008700000000000001, 0.008700000000000001, 0.008700000000000001, 0.0013000000000000002, 0.0013000000000000002, 0.0013000000000000002, 0.0013000000000000002, 0.0033, 0.0033, 0.0033, 0.0033], [0.0001, 0.0001, 0.0001, 0.0001, 0.0066, 0.0066, 0.0066, 0.0066, 0.0, 0.0, 0.0, 0.0, 0.0118, 0.0118, 0.0118, 0.0118, 0.020200000000000003, 0.020200000000000003, 0.020200000000000003, 0.020200000000000003, 0.0031000000000000003, 0.0031000000000000003, 0.0031000000000000003, 0.0031000000000000003, 0.0011, 0.0011, 0.0011, 0.0011, 0.0047, 0.0047, 0.0047, 0.0047], [0.0002, 0.0002, 0.0002, 0.0002, 0.0038, 0.0038, 0.0038, 0.0038, 0.0, 0.0, 0.0, 0.0, 0.0126, 0.0126, 0.0126, 0.0126, 0.008, 0.008, 0.008, 0.008, 0.0017000000000000001, 0.0017000000000000001, 0.0017000000000000001, 0.0017000000000000001, 0.006500000000000001, 0.006500000000000001, 0.006500000000000001, 0.006500000000000001, 0.0014, 0.0014, 0.0014, 0.0014], [0.045200000000000004, 0.045200000000000004, 0.045200000000000004, 0.045200000000000004, 0.0, 0.0, 0.0, 0.0, 0.0, 0.0, 0.0, 0.0, 0.0, 0.0, 0.0, 0.0, 0.0, 0.0, 0.0, 0.0, 0.0, 0.0, 0.0, 0.0, 0.0, 0.0, 0.0, 0.0, 0.0, 0.0, 0.0, 0.0], [0.010100000000000001, 0.010100000000000001, 0.010100000000000001, 0.010100000000000001, 0.00030000000000000003, 0.00030000000000000003, 0.00030000000000000003, 0.00030000000000000003, 0.0, 0.0, 0.0, 0.0, 0.0, 0.0, 0.0, 0.0, 0.0, 0.0, 0.0, 0.0, 0.0, 0.0, 0.0, 0.0, 0.0, 0.0, 0.0, 0.0, 0.0, 0.0, 0.0, 0.0], [0.0393, 0.0393, 0.0393, 0.0393, 0.00030000000000000003, 0.00030000000000000003, 0.00030000000000000003, 0.00030000000000000003, 0.0, 0.0, 0.0, 0.0, 0.0, 0.0, 0.0, 0.0, 0.0, 0.0, 0.0, 0.0, 0.0, 0.0, 0.0, 0.0, 0.0, 0.0, 0.0, 0.0, 0.0, 0.0, 0.0, 0.0], [0.0092, 0.009300000000000001, 0.009300000000000001, 0.009300000000000001, 0.0, 0.0, 0.0, 0.0, 0.0, 0.0, 0.0, 0.0, 0.0, 0.0, 0.0, 0.0, 0.0, 0.0, 0.0, 0.0, 0.0, 0.0, 0.0, 0.0, 0.0, 0.0, 0.0, 0.0, 0.0, 0.0, 0.0, 0.0], [0.0094, 0.0094, 0.0094, 0.0094, 0.0, 0.0, 0.0, 0.0, 0.0, 0.0, 0.0, 0.0, 0.0, 0.0, 0.0, 0.0, 0.0, 0.0, 0.0, 0.0, 0.0, 0.0, 0.0, 0.0, 0.0, 0.0, 0.0, 0.0, 0.0, 0.0, 0.0, 0.0]]}}
bs_latimer_munro_efermi: 3.18882486