material_id: mp-24266
band_gap: 3.002
efermi: 1.97189858
dos_magnetic_ordering: NM
dos_total_task_id: mp-1671278
dos_total_band_gap: 3.0115
dos_total_cbm: 4.931
dos_total_vbm: 1.9195000000000002
dos_total_efermi: 1.92035244
bs_setyawan_curtarolo_task_id: mp-1607622
bs_setyawan_curtarolo_band_gap: 3.002
bs_setyawan_curtarolo_cbm: {'band_index': {'1': [68, 69]}, 'kpoint_index': [80, 81, 124], 'kpoint': <pymatgen.electronic_structure.bandstructure.Kpoint object at 0x7fc699d63930>, 'energy': 4.9019, 'projections': {'1': [[0.0002, 0.0001, 0.0002, 0.0001, 0.0001, 0.0001, 0.0001, 0.0001, 0.001, 0.0007, 0.001, 0.0007, 0.0, 0.0, 0.0, 0.0, 0.0, 0.0, 0.0, 0.0, 0.0, 0.0, 0.0, 0.0], [0.0005, 0.0004, 0.0005, 0.0004, 0.0005, 0.0004, 0.0005, 0.0004, 0.0085, 0.006, 0.0085, 0.006, 0.0, 0.0, 0.0, 0.0, 0.004200000000000001, 0.006, 0.004200000000000001, 0.006, 0.0006000000000000001, 0.0008, 0.0006000000000000001, 0.0008], [0.0001, 0.0001, 0.0001, 0.0001, 0.0001, 0.0001, 0.0001, 0.0001, 0.0017000000000000001, 0.0012000000000000001, 0.0017000000000000001, 0.0012000000000000001, 0.0001, 0.0, 0.0001, 0.0, 0.0, 0.0, 0.0, 0.0, 0.0009000000000000001, 0.0012000000000000001, 0.0009000000000000001, 0.0012000000000000001], [0.0, 0.0001, 0.0, 0.0001, 0.0001, 0.0001, 0.0001, 0.0001, 0.0055000000000000005, 0.0079, 0.0055000000000000005, 0.0079, 0.0, 0.0, 0.0, 0.0, 0.0058000000000000005, 0.004, 0.0058000000000000005, 0.004, 0.0017000000000000001, 0.0012000000000000001, 0.0017000000000000001, 0.0012000000000000001], [0.0053, 0.007500000000000001, 0.0053, 0.007500000000000001, 0.0017000000000000001, 0.0024000000000000002, 0.0017000000000000001, 0.0024000000000000002, 0.0, 0.0, 0.0, 0.0, 0.0, 0.0, 0.0, 0.0, 0.0, 0.0, 0.0, 0.0, 0.0, 0.0, 0.0, 0.0], [0.0054, 0.0038, 0.0054, 0.0038, 0.0074, 0.005200000000000001, 0.0073, 0.005200000000000001, 0.0, 0.0, 0.0, 0.0, 0.0, 0.0, 0.0, 0.0, 0.0, 0.0, 0.0, 0.0, 0.0, 0.0, 0.0, 0.0], [0.0161, 0.011300000000000001, 0.0161, 0.011300000000000001, 0.013600000000000001, 0.0095, 0.013600000000000001, 0.0095, 0.0, 0.0, 0.0, 0.0, 0.0, 0.0, 0.0, 0.0, 0.0, 0.0, 0.0, 0.0, 0.0, 0.0, 0.0, 0.0], [0.0068000000000000005, 0.0097, 0.0068000000000000005, 0.0097, 0.023100000000000002, 0.0329, 0.023100000000000002, 0.0329, 0.0, 0.0, 0.0, 0.0, 0.0, 0.0, 0.0, 0.0, 0.0, 0.0, 0.0, 0.0, 0.0, 0.0, 0.0, 0.0], [0.0035, 0.0025, 0.0035, 0.0025, 0.0028, 0.002, 0.0028, 0.002, 0.0, 0.0, 0.0, 0.0, 0.0, 0.0, 0.0, 0.0, 0.0, 0.0, 0.0, 0.0, 0.0, 0.0, 0.0, 0.0]]}}
bs_setyawan_curtarolo_vbm: {'band_index': {'1': [67]}, 'kpoint_index': [0, 53, 54], 'kpoint': <pymatgen.electronic_structure.bandstructure.Kpoint object at 0x7fc5d4b5a3c0>, 'energy': 1.8999000000000001, 'projections': {'1': [[0.0, 0.0, 0.0, 0.0, 0.0, 0.0, 0.0, 0.0, 0.0, 0.0, 0.0, 0.0, 0.0, 0.0, 0.0, 0.0, 0.0, 0.0, 0.0, 0.0, 0.0, 0.0, 0.0, 0.0], [0.0, 0.0, 0.0, 0.0, 0.0, 0.0, 0.0, 0.0, 0.0, 0.0, 0.0, 0.0, 0.0, 0.0, 0.0, 0.0, 0.0, 0.0, 0.0, 0.0, 0.0, 0.0, 0.0, 0.0], [0.0, 0.0, 0.0, 0.0, 0.0, 0.0, 0.0, 0.0, 0.0, 0.0, 0.0, 0.0, 0.0, 0.0, 0.0, 0.0, 0.0, 0.0, 0.0, 0.0, 0.0, 0.0, 0.0, 0.0], [0.0001, 0.0001, 0.0001, 0.0001, 0.0026000000000000003, 0.0026000000000000003, 0.0026000000000000003, 0.0026000000000000003, 0.0001, 0.0001, 0.0001, 0.0001, 0.0, 0.0, 0.0, 0.0, 0.07830000000000001, 0.07830000000000001, 0.07830000000000001, 0.07830000000000001, 0.0648, 0.0648, 0.0648, 0.0648], [0.0016, 0.0016, 0.0016, 0.0016, 0.0011, 0.0011, 0.0011, 0.0011, 0.0, 0.0, 0.0, 0.0, 0.0, 0.0, 0.0, 0.0, 0.0, 0.0, 0.0, 0.0, 0.0, 0.0, 0.0, 0.0], [0.0, 0.0, 0.0, 0.0, 0.0, 0.0, 0.0, 0.0, 0.0, 0.0, 0.0, 0.0, 0.0, 0.0, 0.0, 0.0, 0.0, 0.0, 0.0, 0.0, 0.0, 0.0, 0.0, 0.0], [0.0, 0.0, 0.0, 0.0, 0.0, 0.0, 0.0, 0.0, 0.0, 0.0, 0.0, 0.0, 0.0, 0.0, 0.0, 0.0, 0.0, 0.0, 0.0, 0.0, 0.0, 0.0, 0.0, 0.0], [0.0035, 0.0035, 0.0035, 0.0035, 0.001, 0.001, 0.001, 0.001, 0.0, 0.0, 0.0, 0.0, 0.0, 0.0, 0.0, 0.0, 0.0, 0.0, 0.0, 0.0, 0.0, 0.0, 0.0, 0.0], [0.0, 0.0, 0.0, 0.0, 0.0, 0.0, 0.0, 0.0, 0.0, 0.0, 0.0, 0.0, 0.0, 0.0, 0.0, 0.0, 0.0, 0.0, 0.0, 0.0, 0.0, 0.0, 0.0, 0.0]]}}
bs_setyawan_curtarolo_efermi: 1.97189858
bs_hinuma_task_id: mp-2170081
bs_hinuma_band_gap: 3.002
bs_hinuma_cbm: {'band_index': {'1': [68, 69]}, 'kpoint_index': [80, 81, 123], 'kpoint': <pymatgen.electronic_structure.bandstructure.Kpoint object at 0x7fc5d4b59e80>, 'energy': 4.9019, 'projections': {'1': [[0.0002, 0.0001, 0.0002, 0.0001, 0.0001, 0.0001, 0.0001, 0.0001, 0.001, 0.0007, 0.001, 0.0007, 0.0, 0.0, 0.0, 0.0, 0.0, 0.0, 0.0, 0.0, 0.0, 0.0, 0.0, 0.0], [0.0005, 0.0004, 0.0005, 0.0004, 0.0005, 0.0004, 0.0005, 0.0004, 0.0085, 0.006, 0.0085, 0.006, 0.0, 0.0, 0.0, 0.0, 0.004200000000000001, 0.006, 0.004200000000000001, 0.006, 0.0006000000000000001, 0.0008, 0.0006000000000000001, 0.0008], [0.0001, 0.0001, 0.0001, 0.0001, 0.0001, 0.0001, 0.0001, 0.0001, 0.0017000000000000001, 0.0012000000000000001, 0.0017000000000000001, 0.0012000000000000001, 0.0001, 0.0, 0.0001, 0.0, 0.0, 0.0, 0.0, 0.0, 0.0009000000000000001, 0.0012000000000000001, 0.0009000000000000001, 0.0012000000000000001], [0.0, 0.0001, 0.0, 0.0001, 0.0001, 0.0001, 0.0001, 0.0001, 0.0055000000000000005, 0.0079, 0.0055000000000000005, 0.0079, 0.0, 0.0, 0.0, 0.0, 0.0058000000000000005, 0.004, 0.0058000000000000005, 0.004, 0.0017000000000000001, 0.0012000000000000001, 0.0017000000000000001, 0.0012000000000000001], [0.0053, 0.007500000000000001, 0.0053, 0.007500000000000001, 0.0017000000000000001, 0.0024000000000000002, 0.0017000000000000001, 0.0024000000000000002, 0.0, 0.0, 0.0, 0.0, 0.0, 0.0, 0.0, 0.0, 0.0, 0.0, 0.0, 0.0, 0.0, 0.0, 0.0, 0.0], [0.0054, 0.0038, 0.0054, 0.0038, 0.0074, 0.005200000000000001, 0.0073, 0.005200000000000001, 0.0, 0.0, 0.0, 0.0, 0.0, 0.0, 0.0, 0.0, 0.0, 0.0, 0.0, 0.0, 0.0, 0.0, 0.0, 0.0], [0.0161, 0.011300000000000001, 0.0161, 0.011300000000000001, 0.013600000000000001, 0.0095, 0.013600000000000001, 0.0095, 0.0, 0.0, 0.0, 0.0, 0.0, 0.0, 0.0, 0.0, 0.0, 0.0, 0.0, 0.0, 0.0, 0.0, 0.0, 0.0], [0.0068000000000000005, 0.0097, 0.0068000000000000005, 0.0097, 0.023100000000000002, 0.0329, 0.023100000000000002, 0.0329, 0.0, 0.0, 0.0, 0.0, 0.0, 0.0, 0.0, 0.0, 0.0, 0.0, 0.0, 0.0, 0.0, 0.0, 0.0, 0.0], [0.0035, 0.0025, 0.0035, 0.0025, 0.0028, 0.002, 0.0028, 0.002, 0.0, 0.0, 0.0, 0.0, 0.0, 0.0, 0.0, 0.0, 0.0, 0.0, 0.0, 0.0, 0.0, 0.0, 0.0, 0.0]]}}
bs_hinuma_vbm: {'band_index': {'1': [67]}, 'kpoint_index': [0, 53, 54], 'kpoint': <pymatgen.electronic_structure.bandstructure.Kpoint object at 0x7fc5d4b5a190>, 'energy': 1.8999000000000001, 'projections': {'1': [[0.0, 0.0, 0.0, 0.0, 0.0, 0.0, 0.0, 0.0, 0.0, 0.0, 0.0, 0.0, 0.0, 0.0, 0.0, 0.0, 0.0, 0.0, 0.0, 0.0, 0.0, 0.0, 0.0, 0.0], [0.0, 0.0, 0.0, 0.0, 0.0, 0.0, 0.0, 0.0, 0.0, 0.0, 0.0, 0.0, 0.0, 0.0, 0.0, 0.0, 0.0, 0.0, 0.0, 0.0, 0.0, 0.0, 0.0, 0.0], [0.0, 0.0, 0.0, 0.0, 0.0, 0.0, 0.0, 0.0, 0.0, 0.0, 0.0, 0.0, 0.0, 0.0, 0.0, 0.0, 0.0, 0.0, 0.0, 0.0, 0.0, 0.0, 0.0, 0.0], [0.0001, 0.0001, 0.0001, 0.0001, 0.0026000000000000003, 0.0026000000000000003, 0.0026000000000000003, 0.0026000000000000003, 0.0001, 0.0001, 0.0001, 0.0001, 0.0, 0.0, 0.0, 0.0, 0.07830000000000001, 0.07830000000000001, 0.07830000000000001, 0.07830000000000001, 0.0648, 0.0648, 0.0648, 0.0648], [0.0016, 0.0016, 0.0016, 0.0016, 0.0011, 0.0011, 0.0011, 0.0011, 0.0, 0.0, 0.0, 0.0, 0.0, 0.0, 0.0, 0.0, 0.0, 0.0, 0.0, 0.0, 0.0, 0.0, 0.0, 0.0], [0.0, 0.0, 0.0, 0.0, 0.0, 0.0, 0.0, 0.0, 0.0, 0.0, 0.0, 0.0, 0.0, 0.0, 0.0, 0.0, 0.0, 0.0, 0.0, 0.0, 0.0, 0.0, 0.0, 0.0], [0.0, 0.0, 0.0, 0.0, 0.0, 0.0, 0.0, 0.0, 0.0, 0.0, 0.0, 0.0, 0.0, 0.0, 0.0, 0.0, 0.0, 0.0, 0.0, 0.0, 0.0, 0.0, 0.0, 0.0], [0.0035, 0.0035, 0.0035, 0.0035, 0.001, 0.001, 0.001, 0.001, 0.0, 0.0, 0.0, 0.0, 0.0, 0.0, 0.0, 0.0, 0.0, 0.0, 0.0, 0.0, 0.0, 0.0, 0.0, 0.0], [0.0, 0.0, 0.0, 0.0, 0.0, 0.0, 0.0, 0.0, 0.0, 0.0, 0.0, 0.0, 0.0, 0.0, 0.0, 0.0, 0.0, 0.0, 0.0, 0.0, 0.0, 0.0, 0.0, 0.0]]}}
bs_hinuma_efermi: 1.97189858
bs_latimer_munro_task_id: mp-2600667
bs_latimer_munro_band_gap: 3.002
bs_latimer_munro_cbm: {'band_index': {'1': [68, 69]}, 'kpoint_index': [7, 8, 168, 169], 'kpoint': <pymatgen.electronic_structure.bandstructure.Kpoint object at 0x7fc5d4b59be0>, 'energy': 4.9019, 'projections': {'1': [[0.0001, 0.0002, 0.0001, 0.0002, 0.0001, 0.0001, 0.0001, 0.0001, 0.0006000000000000001, 0.0011, 0.0006000000000000001, 0.0011, 0.0, 0.0, 0.0, 0.0, 0.0001, 0.0, 0.0001, 0.0, 0.0, 0.0, 0.0, 0.0], [0.00030000000000000003, 0.0006000000000000001, 0.00030000000000000003, 0.0006000000000000001, 0.00030000000000000003, 0.0006000000000000001, 0.00030000000000000003, 0.0006000000000000001, 0.0051, 0.0094, 0.0051, 0.0094, 0.0, 0.0, 0.0, 0.0, 0.0067, 0.0036000000000000003, 0.0067, 0.0036000000000000003, 0.0009000000000000001, 0.0005, 0.0009000000000000001, 0.0005], [0.0001, 0.0002, 0.0001, 0.0002, 0.0001, 0.0002, 0.0001, 0.0002, 0.001, 0.0019, 0.001, 0.0019, 0.0, 0.0001, 0.0, 0.0001, 0.0, 0.0, 0.0, 0.0, 0.0014, 0.0007, 0.0014, 0.0007], [0.0001, 0.0, 0.0001, 0.0, 0.0001, 0.0, 0.0001, 0.0, 0.008700000000000001, 0.0047, 0.008700000000000001, 0.0047, 0.0, 0.0, 0.0, 0.0, 0.0034000000000000002, 0.0064, 0.0034000000000000002, 0.0064, 0.001, 0.0019, 0.001, 0.0019], [0.0083, 0.0045000000000000005, 0.0083, 0.0045000000000000005, 0.0026000000000000003, 0.0014, 0.0026000000000000003, 0.0014, 0.0, 0.0, 0.0, 0.0, 0.0, 0.0, 0.0, 0.0, 0.0, 0.0, 0.0, 0.0, 0.0, 0.0, 0.0, 0.0], [0.0032, 0.006, 0.0032, 0.006, 0.0044, 0.0081, 0.0044, 0.0081, 0.0, 0.0, 0.0, 0.0, 0.0, 0.0, 0.0, 0.0, 0.0, 0.0, 0.0, 0.0, 0.0, 0.0, 0.0, 0.0], [0.009600000000000001, 0.0178, 0.009600000000000001, 0.0178, 0.0081, 0.015, 0.0081, 0.015, 0.0, 0.0, 0.0, 0.0, 0.0, 0.0, 0.0, 0.0, 0.0, 0.0, 0.0, 0.0, 0.0, 0.0, 0.0, 0.0], [0.010700000000000001, 0.0058000000000000005, 0.010700000000000001, 0.0058000000000000005, 0.0364, 0.0196, 0.0364, 0.0196, 0.0, 0.0, 0.0, 0.0, 0.0, 0.0, 0.0, 0.0, 0.0, 0.0, 0.0, 0.0, 0.0, 0.0, 0.0, 0.0], [0.0021000000000000003, 0.0039000000000000003, 0.0021000000000000003, 0.0039000000000000003, 0.0017000000000000001, 0.0031000000000000003, 0.0017000000000000001, 0.0031000000000000003, 0.0, 0.0, 0.0, 0.0, 0.0, 0.0, 0.0, 0.0, 0.0, 0.0, 0.0, 0.0, 0.0, 0.0, 0.0, 0.0]]}}
bs_latimer_munro_vbm: {'band_index': {'1': [67]}, 'kpoint_index': [27, 28, 141, 142, 222, 223], 'kpoint': <pymatgen.electronic_structure.bandstructure.Kpoint object at 0x7fc5d4b59c50>, 'energy': 1.8999000000000001, 'projections': {'1': [[0.0, 0.0, 0.0, 0.0, 0.0, 0.0, 0.0, 0.0, 0.0, 0.0, 0.0, 0.0, 0.0, 0.0, 0.0, 0.0, 0.0, 0.0, 0.0, 0.0, 0.0, 0.0, 0.0, 0.0], [0.0, 0.0, 0.0, 0.0, 0.0, 0.0, 0.0, 0.0, 0.0, 0.0, 0.0, 0.0, 0.0, 0.0, 0.0, 0.0, 0.0, 0.0, 0.0, 0.0, 0.0, 0.0, 0.0, 0.0], [0.0, 0.0, 0.0, 0.0, 0.0, 0.0, 0.0, 0.0, 0.0, 0.0, 0.0, 0.0, 0.0, 0.0, 0.0, 0.0, 0.0, 0.0, 0.0, 0.0, 0.0, 0.0, 0.0, 0.0], [0.0001, 0.0001, 0.0001, 0.0001, 0.0026000000000000003, 0.0026000000000000003, 0.0026000000000000003, 0.0026000000000000003, 0.0001, 0.0001, 0.0001, 0.0001, 0.0, 0.0, 0.0, 0.0, 0.07830000000000001, 0.07830000000000001, 0.07830000000000001, 0.07830000000000001, 0.0648, 0.0648, 0.0648, 0.0648], [0.0016, 0.0016, 0.0016, 0.0016, 0.0011, 0.0011, 0.0011, 0.0011, 0.0, 0.0, 0.0, 0.0, 0.0, 0.0, 0.0, 0.0, 0.0, 0.0, 0.0, 0.0, 0.0, 0.0, 0.0, 0.0], [0.0, 0.0, 0.0, 0.0, 0.0, 0.0, 0.0, 0.0, 0.0, 0.0, 0.0, 0.0, 0.0, 0.0, 0.0, 0.0, 0.0, 0.0, 0.0, 0.0, 0.0, 0.0, 0.0, 0.0], [0.0, 0.0, 0.0, 0.0, 0.0, 0.0, 0.0, 0.0, 0.0, 0.0, 0.0, 0.0, 0.0, 0.0, 0.0, 0.0, 0.0, 0.0, 0.0, 0.0, 0.0, 0.0, 0.0, 0.0], [0.0035, 0.0035, 0.0035, 0.0035, 0.001, 0.001, 0.001, 0.001, 0.0, 0.0, 0.0, 0.0, 0.0, 0.0, 0.0, 0.0, 0.0, 0.0, 0.0, 0.0, 0.0, 0.0, 0.0, 0.0], [0.0, 0.0, 0.0, 0.0, 0.0, 0.0, 0.0, 0.0, 0.0, 0.0, 0.0, 0.0, 0.0, 0.0, 0.0, 0.0, 0.0, 0.0, 0.0, 0.0, 0.0, 0.0, 0.0, 0.0]]}}
bs_latimer_munro_efermi: 1.9583051500000002