material_id: mp-23576
band_gap: 3.6597
efermi: 0.25040592
dos_magnetic_ordering: NM
dos_total_task_id: mp-1734798
dos_total_band_gap: 3.6492
dos_total_cbm: 3.8497
dos_total_vbm: 0.2005
dos_total_efermi: 0.20294622
bs_setyawan_curtarolo_task_id: mp-1628403
bs_setyawan_curtarolo_band_gap: 3.6597
bs_setyawan_curtarolo_cbm: {'band_index': {'1': [84]}, 'kpoint_index': ['23'], 'kpoint': <pymatgen.electronic_structure.bandstructure.Kpoint object at 0x7fc699d63930>, 'energy': 3.8513, 'projections': {'1': [[0.00030000000000000003, 0.0, 0.0, 0.00030000000000000003, 0.0, 0.0, 0.0, 0.0, 0.0081, 0.0005, 0.0005, 0.0081, 0.00030000000000000003, 0.00030000000000000003, 0.0045000000000000005, 0.0045000000000000005, 0.0045000000000000005, 0.00030000000000000003, 0.00030000000000000003, 0.0006000000000000001, 0.0006000000000000001, 0.0006000000000000001, 0.0006000000000000001, 0.0045000000000000005], [0.0, 0.0, 0.0, 0.0, 0.064, 0.064, 0.064, 0.064, 0.0, 0.0005, 0.0005, 0.0, 0.0079, 0.0079, 0.0016, 0.0016, 0.0016, 0.0079, 0.0079, 0.002, 0.002, 0.002, 0.002, 0.0016], [0.0002, 0.0, 0.0, 0.0002, 0.0011, 0.0011, 0.0011, 0.0011, 0.0, 0.0001, 0.0001, 0.0, 0.001, 0.001, 0.014, 0.014, 0.014, 0.001, 0.001, 0.0074, 0.0074, 0.0074, 0.0074, 0.014], [0.0, 0.0004, 0.0004, 0.0, 0.0051, 0.0051, 0.0051, 0.0051, 0.0008, 0.0, 0.0, 0.0008, 0.0005, 0.0005, 0.0012000000000000001, 0.0012000000000000001, 0.0012000000000000001, 0.0005, 0.0005, 0.0004, 0.0004, 0.0004, 0.0004, 0.0012000000000000001], [0.0, 0.0001, 0.0001, 0.0, 0.0, 0.0, 0.0, 0.0, 0.0, 0.0, 0.0, 0.0, 0.0, 0.0, 0.0, 0.0, 0.0, 0.0, 0.0, 0.0, 0.0, 0.0, 0.0, 0.0], [0.0, 0.0, 0.0, 0.0, 0.0024000000000000002, 0.0024000000000000002, 0.0024000000000000002, 0.0024000000000000002, 0.0, 0.0, 0.0, 0.0, 0.0, 0.0, 0.0, 0.0, 0.0, 0.0, 0.0, 0.0, 0.0, 0.0, 0.0, 0.0], [0.0, 0.0, 0.0, 0.0, 0.0009000000000000001, 0.0009000000000000001, 0.0009000000000000001, 0.0009000000000000001, 0.0, 0.0, 0.0, 0.0, 0.0, 0.0, 0.0, 0.0, 0.0, 0.0, 0.0, 0.0, 0.0, 0.0, 0.0, 0.0], [0.0005, 0.0009000000000000001, 0.0009000000000000001, 0.0005, 0.00030000000000000003, 0.00030000000000000003, 0.00030000000000000003, 0.00030000000000000003, 0.0, 0.0, 0.0, 0.0, 0.0, 0.0, 0.0, 0.0, 0.0, 0.0, 0.0, 0.0, 0.0, 0.0, 0.0, 0.0], [0.0001, 0.00030000000000000003, 0.00030000000000000003, 0.0001, 0.0009000000000000001, 0.0009000000000000001, 0.0009000000000000001, 0.0009000000000000001, 0.0, 0.0, 0.0, 0.0, 0.0, 0.0, 0.0, 0.0, 0.0, 0.0, 0.0, 0.0, 0.0, 0.0, 0.0, 0.0]]}}
bs_setyawan_curtarolo_vbm: {'band_index': {'1': [83]}, 'kpoint_index': [0, 33, 34], 'kpoint': <pymatgen.electronic_structure.bandstructure.Kpoint object at 0x7fc5d4b5a350>, 'energy': 0.19160000000000002, 'projections': {'1': [[0.0, 0.0, 0.0, 0.0, 0.043500000000000004, 0.043500000000000004, 0.043500000000000004, 0.043500000000000004, 0.0, 0.0, 0.0, 0.0, 0.0, 0.0, 0.0, 0.0, 0.0, 0.0, 0.0, 0.0, 0.0, 0.0, 0.0, 0.0], [0.0, 0.0, 0.0, 0.0, 0.0002, 0.0002, 0.0002, 0.0002, 0.0806, 0.0, 0.0, 0.0806, 0.0001, 0.0001, 0.016800000000000002, 0.016800000000000002, 0.016800000000000002, 0.0001, 0.0001, 0.0004, 0.0004, 0.0004, 0.0004, 0.016800000000000002], [0.0002, 0.0002, 0.0002, 0.0002, 0.015, 0.015, 0.015, 0.015, 0.0012000000000000001, 0.0012000000000000001, 0.0012000000000000001, 0.0012000000000000001, 0.0048000000000000004, 0.0048000000000000004, 0.0048000000000000004, 0.0048000000000000004, 0.0048000000000000004, 0.0048000000000000004, 0.0048000000000000004, 0.0015, 0.0015, 0.0015, 0.0015, 0.0048000000000000004], [0.0, 0.0, 0.0, 0.0, 0.0002, 0.0002, 0.0002, 0.0002, 0.0, 0.0806, 0.0806, 0.0, 0.016800000000000002, 0.016800000000000002, 0.0001, 0.0001, 0.0001, 0.016800000000000002, 0.016800000000000002, 0.0004, 0.0004, 0.0004, 0.0004, 0.0001], [0.0001, 0.0001, 0.0001, 0.0001, 0.0, 0.0, 0.0, 0.0, 0.0, 0.0, 0.0, 0.0, 0.0, 0.0, 0.0, 0.0, 0.0, 0.0, 0.0, 0.0, 0.0, 0.0, 0.0, 0.0], [0.0, 0.0, 0.0, 0.0, 0.00030000000000000003, 0.00030000000000000003, 0.00030000000000000003, 0.00030000000000000003, 0.0, 0.0, 0.0, 0.0, 0.0, 0.0, 0.0, 0.0, 0.0, 0.0, 0.0, 0.0, 0.0, 0.0, 0.0, 0.0], [0.0, 0.0, 0.0, 0.0, 0.00030000000000000003, 0.00030000000000000003, 0.00030000000000000003, 0.00030000000000000003, 0.0, 0.0, 0.0, 0.0, 0.0, 0.0, 0.0, 0.0, 0.0, 0.0, 0.0, 0.0, 0.0, 0.0, 0.0, 0.0], [0.0, 0.0, 0.0, 0.0, 0.00030000000000000003, 0.00030000000000000003, 0.00030000000000000003, 0.00030000000000000003, 0.0, 0.0, 0.0, 0.0, 0.0, 0.0, 0.0, 0.0, 0.0, 0.0, 0.0, 0.0, 0.0, 0.0, 0.0, 0.0], [0.0, 0.0, 0.0, 0.0, 0.0, 0.0, 0.0, 0.0, 0.0, 0.0, 0.0, 0.0, 0.0, 0.0, 0.0, 0.0, 0.0, 0.0, 0.0, 0.0, 0.0, 0.0, 0.0, 0.0]]}}
bs_setyawan_curtarolo_efermi: 0.25040592
bs_hinuma_task_id: mp-2155305
bs_hinuma_band_gap: 3.6597
bs_hinuma_cbm: {'band_index': {'1': [84]}, 'kpoint_index': ['52'], 'kpoint': <pymatgen.electronic_structure.bandstructure.Kpoint object at 0x7fc5d4b59e80>, 'energy': 3.8513, 'projections': {'1': [[0.00030000000000000003, 0.0, 0.0, 0.00030000000000000003, 0.0, 0.0, 0.0, 0.0, 0.0081, 0.0005, 0.0005, 0.0081, 0.00030000000000000003, 0.00030000000000000003, 0.0045000000000000005, 0.0045000000000000005, 0.0045000000000000005, 0.00030000000000000003, 0.00030000000000000003, 0.0006000000000000001, 0.0006000000000000001, 0.0006000000000000001, 0.0006000000000000001, 0.0045000000000000005], [0.0, 0.0, 0.0, 0.0, 0.064, 0.064, 0.064, 0.064, 0.0, 0.0005, 0.0005, 0.0, 0.0079, 0.0079, 0.0016, 0.0016, 0.0016, 0.0079, 0.0079, 0.002, 0.002, 0.002, 0.002, 0.0016], [0.0002, 0.0, 0.0, 0.0002, 0.0011, 0.0011, 0.0011, 0.0011, 0.0, 0.0001, 0.0001, 0.0, 0.001, 0.001, 0.014, 0.014, 0.014, 0.001, 0.001, 0.0074, 0.0074, 0.0074, 0.0074, 0.014], [0.0, 0.0004, 0.0004, 0.0, 0.0051, 0.0051, 0.0051, 0.0051, 0.0008, 0.0, 0.0, 0.0008, 0.0005, 0.0005, 0.0012000000000000001, 0.0012000000000000001, 0.0012000000000000001, 0.0005, 0.0005, 0.0004, 0.0004, 0.0004, 0.0004, 0.0012000000000000001], [0.0, 0.0001, 0.0001, 0.0, 0.0, 0.0, 0.0, 0.0, 0.0, 0.0, 0.0, 0.0, 0.0, 0.0, 0.0, 0.0, 0.0, 0.0, 0.0, 0.0, 0.0, 0.0, 0.0, 0.0], [0.0, 0.0, 0.0, 0.0, 0.0024000000000000002, 0.0024000000000000002, 0.0024000000000000002, 0.0024000000000000002, 0.0, 0.0, 0.0, 0.0, 0.0, 0.0, 0.0, 0.0, 0.0, 0.0, 0.0, 0.0, 0.0, 0.0, 0.0, 0.0], [0.0, 0.0, 0.0, 0.0, 0.0009000000000000001, 0.0009000000000000001, 0.0009000000000000001, 0.0009000000000000001, 0.0, 0.0, 0.0, 0.0, 0.0, 0.0, 0.0, 0.0, 0.0, 0.0, 0.0, 0.0, 0.0, 0.0, 0.0, 0.0], [0.0005, 0.0009000000000000001, 0.0009000000000000001, 0.0005, 0.00030000000000000003, 0.00030000000000000003, 0.00030000000000000003, 0.00030000000000000003, 0.0, 0.0, 0.0, 0.0, 0.0, 0.0, 0.0, 0.0, 0.0, 0.0, 0.0, 0.0, 0.0, 0.0, 0.0, 0.0], [0.0001, 0.00030000000000000003, 0.00030000000000000003, 0.0001, 0.0009000000000000001, 0.0009000000000000001, 0.0009000000000000001, 0.0009000000000000001, 0.0, 0.0, 0.0, 0.0, 0.0, 0.0, 0.0, 0.0, 0.0, 0.0, 0.0, 0.0, 0.0, 0.0, 0.0, 0.0]]}}
bs_hinuma_vbm: {'band_index': {'1': [83]}, 'kpoint_index': [0, 34, 35, 62], 'kpoint': <pymatgen.electronic_structure.bandstructure.Kpoint object at 0x7fc5d4b59d30>, 'energy': 0.19160000000000002, 'projections': {'1': [[0.0, 0.0, 0.0, 0.0, 0.043500000000000004, 0.043500000000000004, 0.043500000000000004, 0.043500000000000004, 0.0, 0.0, 0.0, 0.0, 0.0, 0.0, 0.0, 0.0, 0.0, 0.0, 0.0, 0.0, 0.0, 0.0, 0.0, 0.0], [0.0, 0.0, 0.0, 0.0, 0.0002, 0.0002, 0.0002, 0.0002, 0.0806, 0.0, 0.0, 0.0806, 0.0001, 0.0001, 0.016800000000000002, 0.016800000000000002, 0.016800000000000002, 0.0001, 0.0001, 0.0004, 0.0004, 0.0004, 0.0004, 0.016800000000000002], [0.0002, 0.0002, 0.0002, 0.0002, 0.015, 0.015, 0.015, 0.015, 0.0012000000000000001, 0.0012000000000000001, 0.0012000000000000001, 0.0012000000000000001, 0.0048000000000000004, 0.0048000000000000004, 0.0048000000000000004, 0.0048000000000000004, 0.0048000000000000004, 0.0048000000000000004, 0.0048000000000000004, 0.0015, 0.0015, 0.0015, 0.0015, 0.0048000000000000004], [0.0, 0.0, 0.0, 0.0, 0.0002, 0.0002, 0.0002, 0.0002, 0.0, 0.0806, 0.0806, 0.0, 0.016800000000000002, 0.016800000000000002, 0.0001, 0.0001, 0.0001, 0.016800000000000002, 0.016800000000000002, 0.0004, 0.0004, 0.0004, 0.0004, 0.0001], [0.0001, 0.0001, 0.0001, 0.0001, 0.0, 0.0, 0.0, 0.0, 0.0, 0.0, 0.0, 0.0, 0.0, 0.0, 0.0, 0.0, 0.0, 0.0, 0.0, 0.0, 0.0, 0.0, 0.0, 0.0], [0.0, 0.0, 0.0, 0.0, 0.00030000000000000003, 0.00030000000000000003, 0.00030000000000000003, 0.00030000000000000003, 0.0, 0.0, 0.0, 0.0, 0.0, 0.0, 0.0, 0.0, 0.0, 0.0, 0.0, 0.0, 0.0, 0.0, 0.0, 0.0], [0.0, 0.0, 0.0, 0.0, 0.00030000000000000003, 0.00030000000000000003, 0.00030000000000000003, 0.00030000000000000003, 0.0, 0.0, 0.0, 0.0, 0.0, 0.0, 0.0, 0.0, 0.0, 0.0, 0.0, 0.0, 0.0, 0.0, 0.0, 0.0], [0.0, 0.0, 0.0, 0.0, 0.00030000000000000003, 0.00030000000000000003, 0.00030000000000000003, 0.00030000000000000003, 0.0, 0.0, 0.0, 0.0, 0.0, 0.0, 0.0, 0.0, 0.0, 0.0, 0.0, 0.0, 0.0, 0.0, 0.0, 0.0], [0.0, 0.0, 0.0, 0.0, 0.0, 0.0, 0.0, 0.0, 0.0, 0.0, 0.0, 0.0, 0.0, 0.0, 0.0, 0.0, 0.0, 0.0, 0.0, 0.0, 0.0, 0.0, 0.0, 0.0]]}}
bs_hinuma_efermi: 0.26184789
bs_latimer_munro_task_id: mp-2311724
bs_latimer_munro_band_gap: 3.6597
bs_latimer_munro_cbm: {'band_index': {'1': [84]}, 'kpoint_index': ['132'], 'kpoint': <pymatgen.electronic_structure.bandstructure.Kpoint object at 0x7fc5d4b59be0>, 'energy': 3.8513, 'projections': {'1': [[0.00030000000000000003, 0.0, 0.0, 0.00030000000000000003, 0.0, 0.0, 0.0, 0.0, 0.0081, 0.0005, 0.0005, 0.0081, 0.00030000000000000003, 0.00030000000000000003, 0.0045000000000000005, 0.0045000000000000005, 0.0045000000000000005, 0.00030000000000000003, 0.00030000000000000003, 0.0006000000000000001, 0.0006000000000000001, 0.0006000000000000001, 0.0006000000000000001, 0.0045000000000000005], [0.0, 0.0, 0.0, 0.0, 0.064, 0.064, 0.064, 0.064, 0.0, 0.0005, 0.0005, 0.0, 0.0079, 0.0079, 0.0016, 0.0016, 0.0016, 0.0079, 0.0079, 0.002, 0.002, 0.002, 0.002, 0.0016], [0.0002, 0.0, 0.0, 0.0002, 0.0011, 0.0011, 0.0011, 0.0011, 0.0, 0.0001, 0.0001, 0.0, 0.001, 0.001, 0.014, 0.014, 0.014, 0.001, 0.001, 0.0074, 0.0074, 0.0074, 0.0074, 0.014], [0.0, 0.0004, 0.0004, 0.0, 0.0051, 0.0051, 0.0051, 0.0051, 0.0008, 0.0, 0.0, 0.0008, 0.0005, 0.0005, 0.0012000000000000001, 0.0012000000000000001, 0.0012000000000000001, 0.0005, 0.0005, 0.0004, 0.0004, 0.0004, 0.0004, 0.0012000000000000001], [0.0, 0.0001, 0.0001, 0.0, 0.0, 0.0, 0.0, 0.0, 0.0, 0.0, 0.0, 0.0, 0.0, 0.0, 0.0, 0.0, 0.0, 0.0, 0.0, 0.0, 0.0, 0.0, 0.0, 0.0], [0.0, 0.0, 0.0, 0.0, 0.0024000000000000002, 0.0024000000000000002, 0.0024000000000000002, 0.0024000000000000002, 0.0, 0.0, 0.0, 0.0, 0.0, 0.0, 0.0, 0.0, 0.0, 0.0, 0.0, 0.0, 0.0, 0.0, 0.0, 0.0], [0.0, 0.0, 0.0, 0.0, 0.0009000000000000001, 0.0009000000000000001, 0.0009000000000000001, 0.0009000000000000001, 0.0, 0.0, 0.0, 0.0, 0.0, 0.0, 0.0, 0.0, 0.0, 0.0, 0.0, 0.0, 0.0, 0.0, 0.0, 0.0], [0.0005, 0.0009000000000000001, 0.0009000000000000001, 0.0005, 0.00030000000000000003, 0.00030000000000000003, 0.00030000000000000003, 0.00030000000000000003, 0.0, 0.0, 0.0, 0.0, 0.0, 0.0, 0.0, 0.0, 0.0, 0.0, 0.0, 0.0, 0.0, 0.0, 0.0, 0.0], [0.0001, 0.00030000000000000003, 0.00030000000000000003, 0.0001, 0.0009000000000000001, 0.0009000000000000001, 0.0009000000000000001, 0.0009000000000000001, 0.0, 0.0, 0.0, 0.0, 0.0, 0.0, 0.0, 0.0, 0.0, 0.0, 0.0, 0.0, 0.0, 0.0, 0.0, 0.0]]}}
bs_latimer_munro_vbm: {'band_index': {'1': [83]}, 'kpoint_index': [15, 16, 51, 52, 63, 121, 122, 134, 144], 'kpoint': <pymatgen.electronic_structure.bandstructure.Kpoint object at 0x7fc5d4b5a200>, 'energy': 0.19160000000000002, 'projections': {'1': [[0.0, 0.0, 0.0, 0.0, 0.043500000000000004, 0.043500000000000004, 0.043500000000000004, 0.043500000000000004, 0.0, 0.0, 0.0, 0.0, 0.0, 0.0, 0.0, 0.0, 0.0, 0.0, 0.0, 0.0, 0.0, 0.0, 0.0, 0.0], [0.0, 0.0, 0.0, 0.0, 0.0002, 0.0002, 0.0002, 0.0002, 0.0806, 0.0, 0.0, 0.0806, 0.0001, 0.0001, 0.016800000000000002, 0.016800000000000002, 0.016800000000000002, 0.0001, 0.0001, 0.0004, 0.0004, 0.0004, 0.0004, 0.016800000000000002], [0.0002, 0.0002, 0.0002, 0.0002, 0.015, 0.015, 0.015, 0.015, 0.0012000000000000001, 0.0012000000000000001, 0.0012000000000000001, 0.0012000000000000001, 0.0048000000000000004, 0.0048000000000000004, 0.0048000000000000004, 0.0048000000000000004, 0.0048000000000000004, 0.0048000000000000004, 0.0048000000000000004, 0.0015, 0.0015, 0.0015, 0.0015, 0.0048000000000000004], [0.0, 0.0, 0.0, 0.0, 0.0002, 0.0002, 0.0002, 0.0002, 0.0, 0.0806, 0.0806, 0.0, 0.016800000000000002, 0.016800000000000002, 0.0001, 0.0001, 0.0001, 0.016800000000000002, 0.016800000000000002, 0.0004, 0.0004, 0.0004, 0.0004, 0.0001], [0.0001, 0.0001, 0.0001, 0.0001, 0.0, 0.0, 0.0, 0.0, 0.0, 0.0, 0.0, 0.0, 0.0, 0.0, 0.0, 0.0, 0.0, 0.0, 0.0, 0.0, 0.0, 0.0, 0.0, 0.0], [0.0, 0.0, 0.0, 0.0, 0.00030000000000000003, 0.00030000000000000003, 0.00030000000000000003, 0.00030000000000000003, 0.0, 0.0, 0.0, 0.0, 0.0, 0.0, 0.0, 0.0, 0.0, 0.0, 0.0, 0.0, 0.0, 0.0, 0.0, 0.0], [0.0, 0.0, 0.0, 0.0, 0.00030000000000000003, 0.00030000000000000003, 0.00030000000000000003, 0.00030000000000000003, 0.0, 0.0, 0.0, 0.0, 0.0, 0.0, 0.0, 0.0, 0.0, 0.0, 0.0, 0.0, 0.0, 0.0, 0.0, 0.0], [0.0, 0.0, 0.0, 0.0, 0.00030000000000000003, 0.00030000000000000003, 0.00030000000000000003, 0.00030000000000000003, 0.0, 0.0, 0.0, 0.0, 0.0, 0.0, 0.0, 0.0, 0.0, 0.0, 0.0, 0.0, 0.0, 0.0, 0.0, 0.0], [0.0, 0.0, 0.0, 0.0, 0.0, 0.0, 0.0, 0.0, 0.0, 0.0, 0.0, 0.0, 0.0, 0.0, 0.0, 0.0, 0.0, 0.0, 0.0, 0.0, 0.0, 0.0, 0.0, 0.0]]}}
bs_latimer_munro_efermi: 0.24121366