material_id: mp-22410
band_gap: 3.562999999999999
efermi: 2.41282121
dos_magnetic_ordering: NM
dos_total_task_id: mp-1668046
dos_total_band_gap: 3.5948
dos_total_cbm: 5.8531
dos_total_vbm: 2.2583
dos_total_efermi: 2.2687665
bs_setyawan_curtarolo_task_id: mp-820577
bs_setyawan_curtarolo_band_gap: 3.562999999999999
bs_setyawan_curtarolo_cbm: {'band_index': {'1': [50]}, 'kpoint_index': ['35'], 'kpoint': <pymatgen.electronic_structure.bandstructure.Kpoint object at 0x7fc699d63930>, 'energy': 5.8241, 'projections': {}}
bs_setyawan_curtarolo_vbm: {'band_index': {'1': [49]}, 'kpoint_index': ['11'], 'kpoint': <pymatgen.electronic_structure.bandstructure.Kpoint object at 0x7fc5d4b5a200>, 'energy': 2.2611, 'projections': {}}
bs_setyawan_curtarolo_efermi: 2.41282121
bs_hinuma_task_id: mp-2194636
bs_hinuma_band_gap: 3.5631999999999993
bs_hinuma_cbm: {'band_index': {'1': [50]}, 'kpoint_index': ['76'], 'kpoint': <pymatgen.electronic_structure.bandstructure.Kpoint object at 0x7fc5d4b5a190>, 'energy': 5.8237, 'projections': {'1': [[0.0, 0.0, 0.0024000000000000002, 0.0024000000000000002, 0.0038, 0.0001, 0.0001, 0.0038, 0.0038, 0.0001, 0.0001, 0.0038], [0.0002, 0.0002, 0.0, 0.0, 0.0016, 0.0006000000000000001, 0.0006000000000000001, 0.0016, 0.0016, 0.0006000000000000001, 0.0006000000000000001, 0.0016], [0.0029000000000000002, 0.0029000000000000002, 0.00030000000000000003, 0.00030000000000000003, 0.0048000000000000004, 0.0032, 0.0032, 0.0048000000000000004, 0.0048000000000000004, 0.0032, 0.0032, 0.0048000000000000004], [0.0695, 0.0695, 0.0001, 0.0001, 0.0001, 0.0021000000000000003, 0.0021000000000000003, 0.0001, 0.0001, 0.0021000000000000003, 0.0021000000000000003, 0.0001], [0.0, 0.0, 0.0206, 0.0206, 0.0, 0.0, 0.0, 0.0, 0.0, 0.0, 0.0, 0.0], [0.0001, 0.0001, 0.0074, 0.0074, 0.0, 0.0, 0.0, 0.0, 0.0, 0.0, 0.0, 0.0], [0.0, 0.0, 0.2149, 0.2149, 0.0, 0.0, 0.0, 0.0, 0.0, 0.0, 0.0, 0.0], [0.0, 0.0, 0.0004, 0.0004, 0.0, 0.0, 0.0, 0.0, 0.0, 0.0, 0.0, 0.0], [0.0, 0.0, 0.006900000000000001, 0.006900000000000001, 0.0, 0.0, 0.0, 0.0, 0.0, 0.0, 0.0, 0.0]]}}
bs_hinuma_vbm: {'band_index': {'1': [49]}, 'kpoint_index': ['11'], 'kpoint': <pymatgen.electronic_structure.bandstructure.Kpoint object at 0x7fc5d4b59c50>, 'energy': 2.2605, 'projections': {'1': [[0.0983, 0.0983, 0.0001, 0.0001, 0.0004, 0.0002, 0.0002, 0.0004, 0.0004, 0.0002, 0.0002, 0.0004], [0.0001, 0.0001, 0.0041, 0.0041, 0.0097, 0.029400000000000003, 0.029400000000000003, 0.0097, 0.0097, 0.029400000000000003, 0.029400000000000003, 0.0097], [0.00030000000000000003, 0.00030000000000000003, 0.0053, 0.0053, 0.015, 0.0485, 0.0485, 0.015, 0.015, 0.0485, 0.0485, 0.015], [0.0, 0.0, 0.0006000000000000001, 0.0006000000000000001, 0.0245, 0.0198, 0.0198, 0.0245, 0.0245, 0.0198, 0.0198, 0.0245], [0.0001, 0.0001, 0.0001, 0.0001, 0.0, 0.0, 0.0, 0.0, 0.0, 0.0, 0.0, 0.0], [0.0, 0.0, 0.0, 0.0, 0.0, 0.0, 0.0, 0.0, 0.0, 0.0, 0.0, 0.0], [0.0, 0.0, 0.002, 0.002, 0.0, 0.0, 0.0, 0.0, 0.0, 0.0, 0.0, 0.0], [0.0, 0.0, 0.0007, 0.0007, 0.0, 0.0, 0.0, 0.0, 0.0, 0.0, 0.0, 0.0], [0.0, 0.0, 0.0, 0.0, 0.0, 0.0, 0.0, 0.0, 0.0, 0.0, 0.0, 0.0]]}}
bs_hinuma_efermi: 2.37090188
bs_latimer_munro_task_id: mp-2687676
bs_latimer_munro_band_gap: 3.5631999999999993
bs_latimer_munro_cbm: {'band_index': {'1': [50]}, 'kpoint_index': ['96'], 'kpoint': <pymatgen.electronic_structure.bandstructure.Kpoint object at 0x7fc5d4b59e80>, 'energy': 5.8237, 'projections': {'1': [[0.0, 0.0, 0.0024000000000000002, 0.0024000000000000002, 0.0038, 0.0001, 0.0001, 0.0038, 0.0038, 0.0001, 0.0001, 0.0038], [0.0002, 0.0002, 0.0, 0.0, 0.0016, 0.0006000000000000001, 0.0006000000000000001, 0.0016, 0.0016, 0.0006000000000000001, 0.0006000000000000001, 0.0016], [0.0029000000000000002, 0.0029000000000000002, 0.00030000000000000003, 0.00030000000000000003, 0.0048000000000000004, 0.0032, 0.0032, 0.0048000000000000004, 0.0048000000000000004, 0.0032, 0.0032, 0.0048000000000000004], [0.0695, 0.0695, 0.0001, 0.0001, 0.0001, 0.0021000000000000003, 0.0021000000000000003, 0.0001, 0.0001, 0.0021000000000000003, 0.0021000000000000003, 0.0001], [0.0, 0.0, 0.0206, 0.0206, 0.0, 0.0, 0.0, 0.0, 0.0, 0.0, 0.0, 0.0], [0.0001, 0.0001, 0.0074, 0.0074, 0.0, 0.0, 0.0, 0.0, 0.0, 0.0, 0.0, 0.0], [0.0, 0.0, 0.2149, 0.2149, 0.0, 0.0, 0.0, 0.0, 0.0, 0.0, 0.0, 0.0], [0.0, 0.0, 0.0004, 0.0004, 0.0, 0.0, 0.0, 0.0, 0.0, 0.0, 0.0, 0.0], [0.0, 0.0, 0.006900000000000001, 0.006900000000000001, 0.0, 0.0, 0.0, 0.0, 0.0, 0.0, 0.0, 0.0]]}}
bs_latimer_munro_vbm: {'band_index': {'1': [49]}, 'kpoint_index': ['73'], 'kpoint': <pymatgen.electronic_structure.bandstructure.Kpoint object at 0x7fc5d4b59be0>, 'energy': 2.2605, 'projections': {'1': [[0.0983, 0.0983, 0.0001, 0.0001, 0.0002, 0.00030000000000000003, 0.0004, 0.0002, 0.0002, 0.0004, 0.0004, 0.0002], [0.0, 0.0, 0.0006000000000000001, 0.0006000000000000001, 0.0198, 0.0245, 0.0245, 0.0198, 0.0198, 0.0245, 0.0245, 0.0198], [0.00030000000000000003, 0.00030000000000000003, 0.0053, 0.0053, 0.0485, 0.015, 0.015, 0.0485, 0.0485, 0.015, 0.015, 0.0485], [0.0001, 0.0001, 0.0041, 0.0041, 0.029400000000000003, 0.0097, 0.0097, 0.029400000000000003, 0.029400000000000003, 0.0097, 0.0097, 0.029400000000000003], [0.0001, 0.0001, 0.0001, 0.0001, 0.0, 0.0, 0.0, 0.0, 0.0, 0.0, 0.0, 0.0], [0.0, 0.0, 0.0007, 0.0007, 0.0, 0.0, 0.0, 0.0, 0.0, 0.0, 0.0, 0.0], [0.0, 0.0, 0.002, 0.002, 0.0, 0.0, 0.0, 0.0, 0.0, 0.0, 0.0, 0.0], [0.0, 0.0, 0.0, 0.0, 0.0, 0.0, 0.0, 0.0, 0.0, 0.0, 0.0, 0.0], [0.0, 0.0, 0.0, 0.0, 0.0, 0.0, 0.0, 0.0, 0.0, 0.0, 0.0, 0.0]]}}
bs_latimer_munro_efermi: 2.30102178