material_id: mp-27647
band_gap: 1.3606
efermi: -1.60996121
dos_magnetic_ordering: NM
dos_total_task_id: mp-1674046
dos_total_band_gap: 1.3739
dos_total_cbm: -0.28650000000000003
dos_total_vbm: -1.6604
dos_total_efermi: -1.656308549999999
bs_setyawan_curtarolo_task_id: mp-1629952
bs_setyawan_curtarolo_band_gap: 1.3606
bs_setyawan_curtarolo_cbm: {'band_index': {'1': [64]}, 'kpoint_index': ['22'], 'kpoint': <pymatgen.electronic_structure.bandstructure.Kpoint object at 0x7fc699d63930>, 'energy': -0.2944, 'projections': {'1': [[0.0, 0.0, 0.0, 0.0, 0.0007, 0.0007, 0.0007, 0.0007, 0.004, 0.004, 0.004, 0.004, 0.0008, 0.0008, 0.0008, 0.0008], [0.0001, 0.0001, 0.0001, 0.0001, 0.010700000000000001, 0.010700000000000001, 0.010700000000000001, 0.010700000000000001, 0.0027, 0.0027, 0.0027, 0.0027, 0.0019, 0.0019, 0.0019, 0.0019], [0.0021000000000000003, 0.0021000000000000003, 0.0021000000000000003, 0.0021000000000000003, 0.023700000000000002, 0.023700000000000002, 0.0236, 0.0236, 0.0317, 0.0317, 0.0317, 0.0317, 0.0262, 0.0262, 0.0262, 0.0262], [0.0, 0.0, 0.0, 0.0, 0.001, 0.001, 0.001, 0.001, 0.0002, 0.0002, 0.0002, 0.0002, 0.0037, 0.0037, 0.0037, 0.0037], [0.0008, 0.0008, 0.0008, 0.0008, 0.0, 0.0, 0.0, 0.0, 0.0, 0.0, 0.0, 0.0, 0.0, 0.0, 0.0, 0.0], [0.051500000000000004, 0.051500000000000004, 0.051500000000000004, 0.051500000000000004, 0.0, 0.0, 0.0, 0.0, 0.0, 0.0, 0.0, 0.0, 0.0, 0.0, 0.0, 0.0], [0.0059, 0.0059, 0.0059, 0.0059, 0.0, 0.0, 0.0, 0.0, 0.0, 0.0, 0.0, 0.0, 0.0, 0.0, 0.0, 0.0], [0.0268, 0.0268, 0.0268, 0.0268, 0.0, 0.0, 0.0, 0.0, 0.0, 0.0, 0.0, 0.0, 0.0, 0.0, 0.0, 0.0], [0.0026000000000000003, 0.0026000000000000003, 0.0026000000000000003, 0.0026000000000000003, 0.0, 0.0, 0.0, 0.0, 0.0, 0.0, 0.0, 0.0, 0.0, 0.0, 0.0, 0.0]]}}
bs_setyawan_curtarolo_vbm: {'band_index': {'1': [63]}, 'kpoint_index': [10, 11, 80], 'kpoint': <pymatgen.electronic_structure.bandstructure.Kpoint object at 0x7fc5d4b5a190>, 'energy': -1.655, 'projections': {'1': [[0.0001, 0.0001, 0.0001, 0.0001, 0.0, 0.0, 0.0, 0.0, 0.0, 0.0, 0.0, 0.0, 0.0, 0.0, 0.0, 0.0], [0.0001, 0.0001, 0.0001, 0.0001, 0.0102, 0.0102, 0.0102, 0.0102, 0.0056, 0.0056, 0.0056, 0.0056, 0.0083, 0.0083, 0.0083, 0.0083], [0.0, 0.0, 0.0, 0.0, 0.0001, 0.0001, 0.0001, 0.0001, 0.0009000000000000001, 0.0009000000000000001, 0.0009000000000000001, 0.0009000000000000001, 0.0098, 0.0098, 0.0098, 0.0098], [0.0, 0.0, 0.0, 0.0, 0.0176, 0.0176, 0.0176, 0.0176, 0.0146, 0.0146, 0.0146, 0.0146, 0.0813, 0.0813, 0.0813, 0.0813], [0.0006000000000000001, 0.0006000000000000001, 0.0006000000000000001, 0.0006000000000000001, 0.0, 0.0, 0.0, 0.0, 0.0, 0.0, 0.0, 0.0, 0.0, 0.0, 0.0, 0.0], [0.0059, 0.0059, 0.0059, 0.0059, 0.0, 0.0, 0.0, 0.0, 0.0, 0.0, 0.0, 0.0, 0.0, 0.0, 0.0, 0.0], [0.0061, 0.0061, 0.0061, 0.0061, 0.0, 0.0, 0.0, 0.0, 0.0, 0.0, 0.0, 0.0, 0.0, 0.0, 0.0, 0.0], [0.024200000000000003, 0.024200000000000003, 0.024200000000000003, 0.024200000000000003, 0.0, 0.0, 0.0, 0.0, 0.0, 0.0, 0.0, 0.0, 0.0, 0.0, 0.0, 0.0], [0.0006000000000000001, 0.0006000000000000001, 0.0006000000000000001, 0.0006000000000000001, 0.0, 0.0, 0.0, 0.0, 0.0, 0.0, 0.0, 0.0, 0.0, 0.0, 0.0, 0.0]]}}
bs_setyawan_curtarolo_efermi: -1.60996121
bs_latimer_munro_task_id: mp-2315673
bs_latimer_munro_band_gap: 1.3606
bs_latimer_munro_cbm: {'band_index': {'1': [64]}, 'kpoint_index': ['15'], 'kpoint': <pymatgen.electronic_structure.bandstructure.Kpoint object at 0x7fc5d4b59be0>, 'energy': -0.2944, 'projections': {'1': [[0.0, 0.0, 0.0, 0.0, 0.0007, 0.0007, 0.0007, 0.0007, 0.004, 0.004, 0.004, 0.004, 0.0008, 0.0008, 0.0008, 0.0008], [0.0001, 0.0001, 0.0001, 0.0001, 0.010700000000000001, 0.010700000000000001, 0.010700000000000001, 0.010700000000000001, 0.0027, 0.0027, 0.0027, 0.0027, 0.0019, 0.0019, 0.0019, 0.0019], [0.0021000000000000003, 0.0021000000000000003, 0.0021000000000000003, 0.0021000000000000003, 0.023700000000000002, 0.0236, 0.023700000000000002, 0.0236, 0.0317, 0.0317, 0.0317, 0.0317, 0.0262, 0.0262, 0.0262, 0.0262], [0.0, 0.0, 0.0, 0.0, 0.001, 0.001, 0.001, 0.001, 0.0002, 0.0002, 0.0002, 0.0002, 0.0037, 0.0037, 0.0037, 0.0037], [0.0008, 0.0008, 0.0008, 0.0008, 0.0, 0.0, 0.0, 0.0, 0.0, 0.0, 0.0, 0.0, 0.0, 0.0, 0.0, 0.0], [0.051500000000000004, 0.051500000000000004, 0.051500000000000004, 0.051500000000000004, 0.0, 0.0, 0.0, 0.0, 0.0, 0.0, 0.0, 0.0, 0.0, 0.0, 0.0, 0.0], [0.0059, 0.0059, 0.0059, 0.0059, 0.0, 0.0, 0.0, 0.0, 0.0, 0.0, 0.0, 0.0, 0.0, 0.0, 0.0, 0.0], [0.0268, 0.0268, 0.0268, 0.0268, 0.0, 0.0, 0.0, 0.0, 0.0, 0.0, 0.0, 0.0, 0.0, 0.0, 0.0, 0.0], [0.0026000000000000003, 0.0026000000000000003, 0.0026000000000000003, 0.0026000000000000003, 0.0, 0.0, 0.0, 0.0, 0.0, 0.0, 0.0, 0.0, 0.0, 0.0, 0.0, 0.0]]}}
bs_latimer_munro_vbm: {'band_index': {'1': [63]}, 'kpoint_index': [108, 109, 117], 'kpoint': <pymatgen.electronic_structure.bandstructure.Kpoint object at 0x7fc5d4b5a430>, 'energy': -1.655, 'projections': {'1': [[0.0001, 0.0001, 0.0001, 0.0001, 0.0, 0.0, 0.0, 0.0, 0.0, 0.0, 0.0, 0.0, 0.0, 0.0, 0.0, 0.0], [0.0001, 0.0001, 0.0001, 0.0001, 0.0102, 0.0102, 0.0102, 0.0102, 0.0056, 0.0056, 0.0056, 0.0056, 0.0083, 0.0083, 0.0083, 0.0083], [0.0, 0.0, 0.0, 0.0, 0.0001, 0.0001, 0.0001, 0.0001, 0.0009000000000000001, 0.0009000000000000001, 0.0009000000000000001, 0.0009000000000000001, 0.0098, 0.0098, 0.0098, 0.0098], [0.0, 0.0, 0.0, 0.0, 0.0176, 0.0176, 0.0176, 0.0176, 0.0146, 0.0146, 0.0146, 0.0146, 0.0813, 0.0813, 0.0813, 0.0813], [0.0006000000000000001, 0.0006000000000000001, 0.0006000000000000001, 0.0006000000000000001, 0.0, 0.0, 0.0, 0.0, 0.0, 0.0, 0.0, 0.0, 0.0, 0.0, 0.0, 0.0], [0.0059, 0.0059, 0.0059, 0.0059, 0.0, 0.0, 0.0, 0.0, 0.0, 0.0, 0.0, 0.0, 0.0, 0.0, 0.0, 0.0], [0.0061, 0.0061, 0.0061, 0.0061, 0.0, 0.0, 0.0, 0.0, 0.0, 0.0, 0.0, 0.0, 0.0, 0.0, 0.0, 0.0], [0.024200000000000003, 0.024200000000000003, 0.024200000000000003, 0.024200000000000003, 0.0, 0.0, 0.0, 0.0, 0.0, 0.0, 0.0, 0.0, 0.0, 0.0, 0.0, 0.0], [0.0006000000000000001, 0.0006000000000000001, 0.0006000000000000001, 0.0006000000000000001, 0.0, 0.0, 0.0, 0.0, 0.0, 0.0, 0.0, 0.0, 0.0, 0.0, 0.0, 0.0]]}}
bs_latimer_munro_efermi: -1.59816454