material_id: mp-24338
band_gap: 0.676399999999999
efermi: 3.27276349
dos_magnetic_ordering: NM
dos_total_task_id: mp-1707750
dos_total_band_gap: 0.672899999999999
dos_total_cbm: 3.9373
dos_total_vbm: 3.2644
dos_total_efermi: 3.28842149
bs_setyawan_curtarolo_task_id: mp-745508
bs_setyawan_curtarolo_band_gap: 0.676399999999999
bs_setyawan_curtarolo_cbm: {'band_index': {'1': [66]}, 'kpoint_index': ['17'], 'kpoint': <pymatgen.electronic_structure.bandstructure.Kpoint object at 0x7fc699d63930>, 'energy': 3.9433, 'projections': {}}
bs_setyawan_curtarolo_vbm: {'band_index': {'1': [65]}, 'kpoint_index': [0, 26, 27], 'kpoint': <pymatgen.electronic_structure.bandstructure.Kpoint object at 0x7fc5d4b59e80>, 'energy': 3.2669, 'projections': {}}
bs_setyawan_curtarolo_efermi: 3.27276349
bs_hinuma_task_id: mp-2170056
bs_hinuma_band_gap: 0.6745000000000001
bs_hinuma_cbm: {'band_index': {'1': [66]}, 'kpoint_index': ['17'], 'kpoint': <pymatgen.electronic_structure.bandstructure.Kpoint object at 0x7fc5d4b59d30>, 'energy': 3.9428, 'projections': {'1': [[0.0083, 0.0021000000000000003, 0.0021000000000000003, 0.0021000000000000003, 0.0083, 0.0021000000000000003, 0.0023, 0.0023, 0.0023, 0.0023, 0.0004, 0.0017000000000000001, 0.0004, 0.0004, 0.0017000000000000001, 0.0004, 0.0001, 0.0001], [0.0, 0.0002, 0.0002, 0.0002, 0.0, 0.0002, 0.0002, 0.0002, 0.0002, 0.0002, 0.002, 0.0, 0.002, 0.002, 0.0, 0.002, 0.0, 0.0], [0.0, 0.0, 0.0, 0.0, 0.0, 0.0, 0.0, 0.0, 0.0, 0.0, 0.0, 0.0, 0.0, 0.0, 0.0, 0.0, 0.0, 0.0], [0.0004, 0.00030000000000000003, 0.00030000000000000003, 0.00030000000000000003, 0.0004, 0.00030000000000000003, 0.0, 0.0, 0.0, 0.0, 0.0008, 0.003, 0.0008, 0.0008, 0.003, 0.0008, 0.00030000000000000003, 0.00030000000000000003], [0.0, 0.0025, 0.0025, 0.0025, 0.0, 0.0025, 0.0039000000000000003, 0.0039000000000000003, 0.0039000000000000003, 0.0039000000000000003, 0.0009000000000000001, 0.0, 0.0009000000000000001, 0.0009000000000000001, 0.0, 0.0009000000000000001, 0.0, 0.0], [0.0, 0.0, 0.0, 0.0, 0.0, 0.0, 0.0045000000000000005, 0.0045000000000000005, 0.0045000000000000005, 0.0045000000000000005, 0.0, 0.0, 0.0, 0.0, 0.0, 0.0, 0.0, 0.0], [0.0037, 0.0011, 0.0011, 0.0011, 0.0037, 0.0011, 0.0246, 0.0246, 0.0247, 0.0246, 0.00030000000000000003, 0.0011, 0.00030000000000000003, 0.00030000000000000003, 0.0011, 0.00030000000000000003, 0.0, 0.0], [0.0, 0.0, 0.0, 0.0, 0.0, 0.0, 0.0049, 0.005, 0.005, 0.005, 0.0, 0.0, 0.0, 0.0, 0.0, 0.0, 0.0, 0.0], [0.0066, 0.013600000000000001, 0.013600000000000001, 0.013600000000000001, 0.0066, 0.013600000000000001, 0.0048000000000000004, 0.0048000000000000004, 0.0048000000000000004, 0.0048000000000000004, 0.0008, 0.002, 0.0008, 0.0008, 0.002, 0.0008, 0.0, 0.0]]}}
bs_hinuma_vbm: {'band_index': {'1': [65]}, 'kpoint_index': [0, 26, 27], 'kpoint': <pymatgen.electronic_structure.bandstructure.Kpoint object at 0x7fc5d4b5a430>, 'energy': 3.2683, 'projections': {'1': [[0.0, 0.0, 0.0, 0.0, 0.0, 0.0, 0.0, 0.0, 0.0, 0.0, 0.0, 0.0, 0.0, 0.0, 0.0, 0.0, 0.0, 0.0], [0.0, 0.0, 0.0, 0.0, 0.0, 0.0, 0.0, 0.0, 0.0, 0.0, 0.0, 0.0, 0.0, 0.0, 0.0, 0.0, 0.0, 0.0], [0.0, 0.0, 0.0, 0.0, 0.0, 0.0, 0.0012000000000000001, 0.0012000000000000001, 0.0012000000000000001, 0.0012000000000000001, 0.0663, 0.0664, 0.0663, 0.0663, 0.0664, 0.0663, 0.0, 0.0], [0.0, 0.0, 0.0, 0.0, 0.0, 0.0, 0.0, 0.0, 0.0, 0.0, 0.0, 0.0, 0.0, 0.0, 0.0, 0.0, 0.0, 0.0], [0.0, 0.0, 0.0, 0.0, 0.0, 0.0, 0.0, 0.0, 0.0, 0.0, 0.0, 0.0, 0.0, 0.0, 0.0, 0.0, 0.0, 0.0], [0.0, 0.0015, 0.0015, 0.0015, 0.0, 0.0015, 0.0, 0.0, 0.0, 0.0, 0.0001, 0.0, 0.0001, 0.0001, 0.0, 0.0001, 0.0, 0.0], [0.0, 0.0, 0.0, 0.0, 0.0, 0.0, 0.0, 0.0, 0.0, 0.0, 0.0, 0.0, 0.0, 0.0, 0.0, 0.0, 0.0, 0.0], [0.002, 0.0005, 0.0005, 0.0005, 0.002, 0.0005, 0.0, 0.0, 0.0, 0.0, 0.0, 0.0002, 0.0, 0.0, 0.0002, 0.0, 0.0, 0.0], [0.0, 0.0, 0.0, 0.0, 0.0, 0.0, 0.0, 0.0, 0.0, 0.0, 0.0, 0.0, 0.0, 0.0, 0.0, 0.0, 0.0, 0.0]]}}
bs_hinuma_efermi: 3.42698279
bs_latimer_munro_task_id: mp-2429550
bs_latimer_munro_band_gap: 0.6745000000000001
bs_latimer_munro_cbm: {'band_index': {'1': [66]}, 'kpoint_index': ['17'], 'kpoint': <pymatgen.electronic_structure.bandstructure.Kpoint object at 0x7fc5d4b5a200>, 'energy': 3.9428, 'projections': {'1': [[0.0083, 0.0021000000000000003, 0.0021000000000000003, 0.0021000000000000003, 0.0082, 0.0022, 0.0023, 0.0023, 0.0023, 0.0023, 0.0004, 0.0017000000000000001, 0.0004, 0.0004, 0.0017000000000000001, 0.0004, 0.0001, 0.0001], [0.0, 0.0002, 0.0002, 0.0002, 0.0, 0.0002, 0.0002, 0.0002, 0.0002, 0.0002, 0.002, 0.0, 0.002, 0.002, 0.0, 0.002, 0.0, 0.0], [0.0, 0.0, 0.0, 0.0, 0.0, 0.0, 0.0, 0.0, 0.0, 0.0, 0.0, 0.0, 0.0, 0.0, 0.0, 0.0, 0.0, 0.0], [0.0004, 0.00030000000000000003, 0.00030000000000000003, 0.00030000000000000003, 0.0004, 0.00030000000000000003, 0.0, 0.0, 0.0, 0.0, 0.0008, 0.003, 0.0008, 0.0008, 0.003, 0.0008, 0.00030000000000000003, 0.00030000000000000003], [0.0, 0.0025, 0.0025, 0.0026000000000000003, 0.0, 0.0025, 0.0039000000000000003, 0.0039000000000000003, 0.0039000000000000003, 0.0039000000000000003, 0.0009000000000000001, 0.0, 0.0009000000000000001, 0.0009000000000000001, 0.0, 0.0009000000000000001, 0.0, 0.0], [0.0, 0.0, 0.0, 0.0, 0.0, 0.0, 0.0045000000000000005, 0.0045000000000000005, 0.0045000000000000005, 0.0045000000000000005, 0.0, 0.0, 0.0, 0.0, 0.0, 0.0, 0.0, 0.0], [0.0037, 0.0011, 0.0011, 0.0011, 0.0037, 0.0011, 0.0247, 0.0247, 0.0246, 0.0246, 0.00030000000000000003, 0.0011, 0.00030000000000000003, 0.00030000000000000003, 0.0011, 0.00030000000000000003, 0.0, 0.0], [0.0, 0.0, 0.0, 0.0, 0.0, 0.0, 0.005, 0.005, 0.005, 0.005, 0.0, 0.0, 0.0, 0.0, 0.0, 0.0, 0.0, 0.0], [0.0066, 0.013600000000000001, 0.013600000000000001, 0.013600000000000001, 0.0066, 0.013600000000000001, 0.0048000000000000004, 0.0048000000000000004, 0.0048000000000000004, 0.0049, 0.0008, 0.002, 0.0008, 0.0008, 0.002, 0.0008, 0.0, 0.0]]}}
bs_latimer_munro_vbm: {'band_index': {'1': [65]}, 'kpoint_index': [26, 27, 80, 81, 91], 'kpoint': <pymatgen.electronic_structure.bandstructure.Kpoint object at 0x7fc5d4b59be0>, 'energy': 3.2683, 'projections': {'1': [[0.0, 0.0, 0.0, 0.0, 0.0, 0.0, 0.0, 0.0, 0.0, 0.0, 0.0, 0.0, 0.0, 0.0, 0.0, 0.0, 0.0, 0.0], [0.0, 0.0, 0.0, 0.0, 0.0, 0.0, 0.0, 0.0, 0.0, 0.0, 0.0, 0.0, 0.0, 0.0, 0.0, 0.0, 0.0, 0.0], [0.0, 0.0, 0.0, 0.0, 0.0, 0.0, 0.0012000000000000001, 0.0012000000000000001, 0.0012000000000000001, 0.0012000000000000001, 0.0663, 0.0664, 0.0664, 0.0663, 0.0664, 0.0664, 0.0, 0.0], [0.0, 0.0, 0.0, 0.0, 0.0, 0.0, 0.0, 0.0, 0.0, 0.0, 0.0, 0.0, 0.0, 0.0, 0.0, 0.0, 0.0, 0.0], [0.0, 0.0, 0.0, 0.0, 0.0, 0.0, 0.0, 0.0, 0.0, 0.0, 0.0, 0.0, 0.0, 0.0, 0.0, 0.0, 0.0, 0.0], [0.0, 0.0015, 0.0015, 0.0015, 0.0, 0.0015, 0.0, 0.0, 0.0, 0.0, 0.0001, 0.0, 0.0001, 0.0001, 0.0, 0.0001, 0.0, 0.0], [0.0, 0.0, 0.0, 0.0, 0.0, 0.0, 0.0, 0.0, 0.0, 0.0, 0.0, 0.0, 0.0, 0.0, 0.0, 0.0, 0.0, 0.0], [0.002, 0.0005, 0.0005, 0.0005, 0.002, 0.0005, 0.0, 0.0, 0.0, 0.0, 0.0, 0.0002, 0.0, 0.0, 0.0002, 0.0, 0.0, 0.0], [0.0, 0.0, 0.0, 0.0, 0.0, 0.0, 0.0, 0.0, 0.0, 0.0, 0.0, 0.0, 0.0, 0.0, 0.0, 0.0, 0.0, 0.0]]}}
bs_latimer_munro_efermi: 3.41403285