material_id: mp-23091
band_gap: 1.774599999999999
efermi: 4.17157886
dos_magnetic_ordering: NM
dos_total_task_id: mp-1704004
dos_total_band_gap: 1.9554
dos_total_cbm: 5.9842
dos_total_vbm: 4.0288
dos_total_efermi: 4.03205579
bs_setyawan_curtarolo_task_id: mp-1590937
bs_setyawan_curtarolo_band_gap: 1.774599999999999
bs_setyawan_curtarolo_cbm: {'band_index': {'1': [33]}, 'kpoint_index': [13, 14, 93], 'kpoint': <pymatgen.electronic_structure.bandstructure.Kpoint object at 0x7fc699d63930>, 'energy': 5.8442, 'projections': {'1': [[0.0007, 0.0007, 0.0, 0.2109, 0.0155, 0.0187, 0.0135, 0.0155, 0.0135, 0.0187], [0.0018000000000000002, 0.0018000000000000002, 0.13340000000000002, 0.0, 0.028200000000000003, 0.0251, 0.0132, 0.028200000000000003, 0.0132, 0.0251], [0.0, 0.0, 0.0835, 0.0, 0.0002, 0.005200000000000001, 0.005, 0.0002, 0.005, 0.005200000000000001], [0.0001, 0.0001, 0.0969, 0.0, 0.0, 0.0068000000000000005, 0.0089, 0.0, 0.0089, 0.0068000000000000005], [0.0, 0.0, 0.0, 0.0015, 0.0, 0.0, 0.0, 0.0, 0.0, 0.0], [0.0, 0.0, 0.0, 0.0006000000000000001, 0.0, 0.0, 0.0, 0.0, 0.0, 0.0], [0.0011, 0.0011, 0.0, 0.0004, 0.0, 0.0, 0.0, 0.0, 0.0, 0.0], [0.0, 0.0, 0.0, 0.0, 0.0, 0.0, 0.0, 0.0, 0.0, 0.0], [0.0005, 0.0005, 0.0, 0.0006000000000000001, 0.0, 0.0, 0.0, 0.0, 0.0, 0.0]]}}
bs_setyawan_curtarolo_vbm: {'band_index': {'1': [32]}, 'kpoint_index': [75, 76], 'kpoint': <pymatgen.electronic_structure.bandstructure.Kpoint object at 0x7fc5d4b59be0>, 'energy': 4.0696, 'projections': {'1': [[0.0, 0.0, 0.1512, 0.008, 0.0032, 0.0005, 0.0032, 0.0032, 0.0032, 0.0005], [0.0, 0.0, 0.0, 0.0, 0.005, 0.0, 0.053, 0.005, 0.053, 0.0], [0.0, 0.0, 0.0, 0.0, 0.0378, 0.0689, 0.0044, 0.0378, 0.0044, 0.0689], [0.0, 0.0, 0.0, 0.0, 0.015600000000000001, 0.13040000000000002, 0.00030000000000000003, 0.015600000000000001, 0.00030000000000000003, 0.13040000000000002], [0.0001, 0.0001, 0.00030000000000000003, 0.0032, 0.0, 0.0, 0.0, 0.0, 0.0, 0.0], [0.0006000000000000001, 0.0006000000000000001, 0.0001, 0.0015, 0.0, 0.0, 0.0, 0.0, 0.0, 0.0], [0.0004, 0.0004, 0.0, 0.0001, 0.0, 0.0, 0.0, 0.0, 0.0, 0.0], [0.0002, 0.0002, 0.0043, 0.022600000000000002, 0.0, 0.0, 0.0, 0.0, 0.0, 0.0], [0.0005, 0.0005, 0.0013000000000000002, 0.0106, 0.0, 0.0, 0.0, 0.0, 0.0, 0.0]]}}
bs_setyawan_curtarolo_efermi: 4.17157886
bs_hinuma_task_id: mp-2056623
bs_hinuma_band_gap: 1.774599999999999
bs_hinuma_cbm: {'band_index': {'1': [33]}, 'kpoint_index': [37, 38], 'kpoint': <pymatgen.electronic_structure.bandstructure.Kpoint object at 0x7fc5d4b5a350>, 'energy': 5.8442, 'projections': {'1': [[0.0007, 0.0007, 0.0, 0.2109, 0.0155, 0.0187, 0.0135, 0.0155, 0.0135, 0.0187], [0.0018000000000000002, 0.0018000000000000002, 0.13340000000000002, 0.0, 0.028200000000000003, 0.0251, 0.0132, 0.028200000000000003, 0.0132, 0.0251], [0.0, 0.0, 0.0835, 0.0, 0.0002, 0.005200000000000001, 0.005, 0.0002, 0.005, 0.005200000000000001], [0.0001, 0.0001, 0.0969, 0.0, 0.0, 0.0068000000000000005, 0.0089, 0.0, 0.0089, 0.0068000000000000005], [0.0, 0.0, 0.0, 0.0015, 0.0, 0.0, 0.0, 0.0, 0.0, 0.0], [0.0, 0.0, 0.0, 0.0006000000000000001, 0.0, 0.0, 0.0, 0.0, 0.0, 0.0], [0.0011, 0.0011, 0.0, 0.0004, 0.0, 0.0, 0.0, 0.0, 0.0, 0.0], [0.0, 0.0, 0.0, 0.0, 0.0, 0.0, 0.0, 0.0, 0.0, 0.0], [0.0005, 0.0005, 0.0, 0.0006000000000000001, 0.0, 0.0, 0.0, 0.0, 0.0, 0.0]]}}
bs_hinuma_vbm: {'band_index': {'1': [32]}, 'kpoint_index': [75, 76], 'kpoint': <pymatgen.electronic_structure.bandstructure.Kpoint object at 0x7fc5d4b5a200>, 'energy': 4.0696, 'projections': {'1': [[0.0, 0.0, 0.1512, 0.008, 0.0032, 0.0032, 0.0005, 0.0032, 0.0005, 0.0032], [0.0, 0.0, 0.0, 0.0, 0.0268, 0.007500000000000001, 0.1038, 0.0268, 0.1038, 0.007500000000000001], [0.0, 0.0, 0.0, 0.0, 0.030500000000000003, 0.0039000000000000003, 0.06430000000000001, 0.030500000000000003, 0.0644, 0.0039000000000000003], [0.0, 0.0, 0.0, 0.0, 0.0004, 0.047, 0.031200000000000002, 0.0004, 0.031200000000000002, 0.047], [0.0005, 0.0005, 0.0023, 0.0046, 0.0, 0.0, 0.0, 0.0, 0.0, 0.0], [0.0008, 0.0008, 0.0021000000000000003, 0.020900000000000002, 0.0, 0.0, 0.0, 0.0, 0.0, 0.0], [0.0, 0.0, 0.0001, 0.0036000000000000003, 0.0, 0.0, 0.0, 0.0, 0.0, 0.0], [0.0, 0.0, 0.0005, 0.0074, 0.0, 0.0, 0.0, 0.0, 0.0, 0.0], [0.0004, 0.0004, 0.001, 0.0014, 0.0, 0.0, 0.0, 0.0, 0.0, 0.0]]}}
bs_hinuma_efermi: 4.18470606
bs_latimer_munro_task_id: mp-2343923
bs_latimer_munro_band_gap: 1.774599999999999
bs_latimer_munro_cbm: {'band_index': {'1': [33]}, 'kpoint_index': [43], 'kpoint': <pymatgen.electronic_structure.bandstructure.Kpoint object at 0x7fc5d4b5a3c0>, 'energy': 5.8442, 'projections': {'1': [[0.0007, 0.0007, 0.0, 0.2109, 0.0135, 0.0155, 0.0187, 0.0135, 0.0187, 0.0155], [0.0004, 0.0004, 0.0207, 0.0, 0.0077, 0.0053, 0.0, 0.0077, 0.0, 0.0053], [0.0015, 0.0015, 0.2929, 0.0, 0.0132, 0.0194, 0.0369, 0.0132, 0.0369, 0.0194], [0.0, 0.0, 0.0002, 0.0, 0.006200000000000001, 0.0037, 0.0001, 0.006200000000000001, 0.0001, 0.0037], [0.0005, 0.0005, 0.0, 0.0, 0.0, 0.0, 0.0, 0.0, 0.0, 0.0], [0.0008, 0.0008, 0.0, 0.0001, 0.0, 0.0, 0.0, 0.0, 0.0, 0.0], [0.0002, 0.0002, 0.0, 0.0029000000000000002, 0.0, 0.0, 0.0, 0.0, 0.0, 0.0], [0.0, 0.0, 0.0, 0.0, 0.0, 0.0, 0.0, 0.0, 0.0, 0.0], [0.0, 0.0, 0.0, 0.0, 0.0, 0.0, 0.0, 0.0, 0.0, 0.0]]}}
bs_latimer_munro_vbm: {'band_index': {'1': [32]}, 'kpoint_index': [29], 'kpoint': <pymatgen.electronic_structure.bandstructure.Kpoint object at 0x7fc5d4b59c50>, 'energy': 4.0696, 'projections': {'1': [[0.0, 0.0, 0.1512, 0.008, 0.0005, 0.0032, 0.0032, 0.0005, 0.0032, 0.0032], [0.0, 0.0, 0.0, 0.0, 0.10010000000000001, 0.0044, 0.024800000000000003, 0.10010000000000001, 0.024800000000000003, 0.0044], [0.0, 0.0, 0.0, 0.0, 0.06910000000000001, 0.0403, 0.0028, 0.06910000000000001, 0.0028, 0.0403], [0.0, 0.0, 0.0, 0.0, 0.03, 0.013000000000000001, 0.0308, 0.03, 0.0308, 0.013000000000000001], [0.0002, 0.0002, 0.001, 0.0154, 0.0, 0.0, 0.0, 0.0, 0.0, 0.0], [0.0, 0.0, 0.0032, 0.011300000000000001, 0.0, 0.0, 0.0, 0.0, 0.0, 0.0], [0.0012000000000000001, 0.0012000000000000001, 0.0004, 0.0026000000000000003, 0.0, 0.0, 0.0, 0.0, 0.0, 0.0], [0.00030000000000000003, 0.00030000000000000003, 0.0009000000000000001, 0.0039000000000000003, 0.0, 0.0, 0.0, 0.0, 0.0, 0.0], [0.0, 0.0, 0.0005, 0.0046, 0.0, 0.0, 0.0, 0.0, 0.0, 0.0]]}}
bs_latimer_munro_efermi: 4.15789225