material_id: mp-23089
band_gap: 2.514199999999999
efermi: 2.9709688
dos_magnetic_ordering: NM
dos_total_task_id: mp-1707899
dos_total_band_gap: 2.5998
dos_total_cbm: 5.5083
dos_total_vbm: 2.9085
dos_total_efermi: 2.9150242
bs_setyawan_curtarolo_task_id: mp-1606914
bs_setyawan_curtarolo_band_gap: 2.514199999999999
bs_setyawan_curtarolo_cbm: {'band_index': {'1': [96]}, 'kpoint_index': [0, 59, 60], 'kpoint': <pymatgen.electronic_structure.bandstructure.Kpoint object at 0x7fc699d63930>, 'energy': 5.4212, 'projections': {'1': [[0.0002, 0.0002, 0.0, 0.0, 0.0, 0.0, 0.0002, 0.0002, 0.0002, 0.0002, 0.0001, 0.0001, 0.0001, 0.0001, 0.0, 0.0, 0.0, 0.0, 0.0008, 0.0008, 0.0001, 0.0001, 0.0001, 0.0001, 0.0001, 0.0001, 0.0008, 0.0008], [0.0, 0.0, 0.0, 0.0, 0.0, 0.0, 0.005200000000000001, 0.005200000000000001, 0.005200000000000001, 0.005200000000000001, 0.00030000000000000003, 0.00030000000000000003, 0.00030000000000000003, 0.00030000000000000003, 0.0012000000000000001, 0.0012000000000000001, 0.0012000000000000001, 0.0012000000000000001, 0.0001, 0.0001, 0.0, 0.0, 0.0, 0.0, 0.0, 0.0, 0.0001, 0.0001], [0.0, 0.0, 0.0005, 0.0005, 0.0005, 0.0005, 0.0001, 0.0001, 0.0001, 0.0001, 0.0022, 0.0022, 0.0022, 0.0022, 0.0028, 0.0028, 0.0028, 0.0028, 0.0001, 0.0001, 0.0001, 0.0001, 0.0006000000000000001, 0.0006000000000000001, 0.0006000000000000001, 0.0006000000000000001, 0.0001, 0.0001], [0.0001, 0.0001, 0.0, 0.0, 0.0, 0.0, 0.0001, 0.0001, 0.0001, 0.0001, 0.0001, 0.0001, 0.0001, 0.0001, 0.0, 0.0, 0.0, 0.0, 0.0, 0.0, 0.0023, 0.0023, 0.0001, 0.0001, 0.0001, 0.0001, 0.0, 0.0], [0.0, 0.0, 0.0007, 0.0007, 0.0007, 0.0007, 0.0, 0.0, 0.0, 0.0, 0.0, 0.0, 0.0, 0.0, 0.0, 0.0, 0.0, 0.0, 0.0, 0.0, 0.0, 0.0, 0.0, 0.0, 0.0, 0.0, 0.0, 0.0], [0.0, 0.0, 0.0, 0.0, 0.0, 0.0, 0.0, 0.0, 0.0, 0.0, 0.0, 0.0, 0.0, 0.0, 0.0, 0.0, 0.0, 0.0, 0.0, 0.0, 0.0, 0.0, 0.0, 0.0, 0.0, 0.0, 0.0, 0.0], [0.0046, 0.0046, 0.12660000000000002, 0.12660000000000002, 0.12660000000000002, 0.12660000000000002, 0.0, 0.0, 0.0, 0.0, 0.0, 0.0, 0.0, 0.0, 0.0, 0.0, 0.0, 0.0, 0.0, 0.0, 0.0, 0.0, 0.0, 0.0, 0.0, 0.0, 0.0, 0.0], [0.0001, 0.0001, 0.0035, 0.0035, 0.0035, 0.0035, 0.0, 0.0, 0.0, 0.0, 0.0, 0.0, 0.0, 0.0, 0.0, 0.0, 0.0, 0.0, 0.0, 0.0, 0.0, 0.0, 0.0, 0.0, 0.0, 0.0, 0.0, 0.0], [0.0009000000000000001, 0.0009000000000000001, 0.040400000000000005, 0.040400000000000005, 0.040400000000000005, 0.040400000000000005, 0.0, 0.0, 0.0, 0.0, 0.0, 0.0, 0.0, 0.0, 0.0, 0.0, 0.0, 0.0, 0.0, 0.0, 0.0, 0.0, 0.0, 0.0, 0.0, 0.0, 0.0, 0.0]]}}
bs_setyawan_curtarolo_vbm: {'band_index': {'1': [95]}, 'kpoint_index': ['28'], 'kpoint': <pymatgen.electronic_structure.bandstructure.Kpoint object at 0x7fc5d4b5a200>, 'energy': 2.907, 'projections': {'1': [[0.0, 0.0, 0.00030000000000000003, 0.0005, 0.0005, 0.00030000000000000003, 0.006900000000000001, 0.006900000000000001, 0.0117, 0.0117, 0.0, 0.0, 0.0, 0.0, 0.0001, 0.0001, 0.0001, 0.0001, 0.0001, 0.0001, 0.0, 0.0, 0.0001, 0.0001, 0.0, 0.0, 0.0001, 0.0001], [0.0, 0.0, 0.0002, 0.0, 0.0, 0.0002, 0.0009000000000000001, 0.0009000000000000001, 0.0038, 0.0038, 0.0205, 0.0205, 0.025, 0.025, 0.035300000000000005, 0.035300000000000005, 0.0333, 0.0333, 0.0043, 0.0043, 0.0005, 0.0005, 0.0007, 0.0007, 0.0033, 0.0033, 0.004200000000000001, 0.004200000000000001], [0.0005, 0.0005, 0.0, 0.0, 0.0, 0.0, 0.0005, 0.0005, 0.002, 0.002, 0.0009000000000000001, 0.0009000000000000001, 0.0006000000000000001, 0.0006000000000000001, 0.0001, 0.0001, 0.0002, 0.0002, 0.0041, 0.0041, 0.0403, 0.0403, 0.0235, 0.0235, 0.0274, 0.0274, 0.013900000000000001, 0.013900000000000001], [0.0012000000000000001, 0.0012000000000000001, 0.0, 0.0, 0.0, 0.0, 0.0007, 0.0007, 0.0024000000000000002, 0.0024000000000000002, 0.001, 0.001, 0.0011, 0.0011, 0.0001, 0.0001, 0.0, 0.0, 0.0091, 0.0091, 0.0414, 0.0414, 0.0303, 0.0303, 0.0176, 0.0176, 0.0085, 0.0085], [0.0, 0.0, 0.00030000000000000003, 0.00030000000000000003, 0.00030000000000000003, 0.00030000000000000003, 0.0007, 0.0007, 0.0007, 0.0007, 0.0, 0.0, 0.0, 0.0, 0.0, 0.0, 0.0, 0.0, 0.0, 0.0, 0.0, 0.0, 0.0, 0.0, 0.0, 0.0, 0.0, 0.0], [0.0, 0.0, 0.0006000000000000001, 0.00030000000000000003, 0.00030000000000000003, 0.0006000000000000001, 0.0002, 0.0002, 0.0001, 0.0001, 0.0, 0.0, 0.0, 0.0, 0.0, 0.0, 0.0, 0.0, 0.0, 0.0, 0.0, 0.0, 0.0, 0.0, 0.0, 0.0, 0.0, 0.0], [0.00030000000000000003, 0.00030000000000000003, 0.0, 0.0001, 0.0001, 0.0, 0.00030000000000000003, 0.00030000000000000003, 0.0002, 0.0002, 0.0, 0.0, 0.0, 0.0, 0.0, 0.0, 0.0, 0.0, 0.0, 0.0, 0.0, 0.0, 0.0, 0.0, 0.0, 0.0, 0.0, 0.0], [0.00030000000000000003, 0.00030000000000000003, 0.0004, 0.0004, 0.0004, 0.0004, 0.00030000000000000003, 0.00030000000000000003, 0.0, 0.0, 0.0, 0.0, 0.0, 0.0, 0.0, 0.0, 0.0, 0.0, 0.0, 0.0, 0.0, 0.0, 0.0, 0.0, 0.0, 0.0, 0.0, 0.0], [0.0017000000000000001, 0.0017000000000000001, 0.0, 0.0001, 0.0001, 0.0, 0.0001, 0.0001, 0.0, 0.0, 0.0, 0.0, 0.0, 0.0, 0.0, 0.0, 0.0, 0.0, 0.0, 0.0, 0.0, 0.0, 0.0, 0.0, 0.0, 0.0, 0.0, 0.0]]}}
bs_setyawan_curtarolo_efermi: 2.9709688
bs_hinuma_task_id: mp-2139732
bs_hinuma_band_gap: 2.514199999999999
bs_hinuma_cbm: {'band_index': {'1': [96]}, 'kpoint_index': [0, 30, 31, 82], 'kpoint': <pymatgen.electronic_structure.bandstructure.Kpoint object at 0x7fc5d4b5a430>, 'energy': 5.4212, 'projections': {'1': [[0.0002, 0.0002, 0.0, 0.0, 0.0, 0.0, 0.0002, 0.0002, 0.0002, 0.0002, 0.0001, 0.0001, 0.0001, 0.0001, 0.0, 0.0, 0.0, 0.0, 0.0008, 0.0008, 0.0001, 0.0001, 0.0001, 0.0001, 0.0001, 0.0001, 0.0008, 0.0008], [0.0, 0.0, 0.0, 0.0, 0.0, 0.0, 0.005200000000000001, 0.005200000000000001, 0.005200000000000001, 0.005200000000000001, 0.00030000000000000003, 0.00030000000000000003, 0.00030000000000000003, 0.00030000000000000003, 0.0012000000000000001, 0.0012000000000000001, 0.0012000000000000001, 0.0012000000000000001, 0.0001, 0.0001, 0.0, 0.0, 0.0, 0.0, 0.0, 0.0, 0.0001, 0.0001], [0.0, 0.0, 0.0005, 0.0005, 0.0005, 0.0005, 0.0001, 0.0001, 0.0001, 0.0001, 0.0022, 0.0022, 0.0022, 0.0022, 0.0028, 0.0028, 0.0028, 0.0028, 0.0001, 0.0001, 0.0001, 0.0001, 0.0006000000000000001, 0.0006000000000000001, 0.0006000000000000001, 0.0006000000000000001, 0.0001, 0.0001], [0.0001, 0.0001, 0.0, 0.0, 0.0, 0.0, 0.0001, 0.0001, 0.0001, 0.0001, 0.0001, 0.0001, 0.0001, 0.0001, 0.0, 0.0, 0.0, 0.0, 0.0, 0.0, 0.0023, 0.0023, 0.0001, 0.0001, 0.0001, 0.0001, 0.0, 0.0], [0.0, 0.0, 0.0007, 0.0007, 0.0007, 0.0007, 0.0, 0.0, 0.0, 0.0, 0.0, 0.0, 0.0, 0.0, 0.0, 0.0, 0.0, 0.0, 0.0, 0.0, 0.0, 0.0, 0.0, 0.0, 0.0, 0.0, 0.0, 0.0], [0.0, 0.0, 0.0, 0.0, 0.0, 0.0, 0.0, 0.0, 0.0, 0.0, 0.0, 0.0, 0.0, 0.0, 0.0, 0.0, 0.0, 0.0, 0.0, 0.0, 0.0, 0.0, 0.0, 0.0, 0.0, 0.0, 0.0, 0.0], [0.0046, 0.0046, 0.12660000000000002, 0.12660000000000002, 0.12660000000000002, 0.12660000000000002, 0.0, 0.0, 0.0, 0.0, 0.0, 0.0, 0.0, 0.0, 0.0, 0.0, 0.0, 0.0, 0.0, 0.0, 0.0, 0.0, 0.0, 0.0, 0.0, 0.0, 0.0, 0.0], [0.0001, 0.0001, 0.0035, 0.0035, 0.0035, 0.0035, 0.0, 0.0, 0.0, 0.0, 0.0, 0.0, 0.0, 0.0, 0.0, 0.0, 0.0, 0.0, 0.0, 0.0, 0.0, 0.0, 0.0, 0.0, 0.0, 0.0, 0.0, 0.0], [0.0009000000000000001, 0.0009000000000000001, 0.040400000000000005, 0.040400000000000005, 0.040400000000000005, 0.040400000000000005, 0.0, 0.0, 0.0, 0.0, 0.0, 0.0, 0.0, 0.0, 0.0, 0.0, 0.0, 0.0, 0.0, 0.0, 0.0, 0.0, 0.0, 0.0, 0.0, 0.0, 0.0, 0.0]]}}
bs_hinuma_vbm: {'band_index': {'1': [95]}, 'kpoint_index': ['106'], 'kpoint': <pymatgen.electronic_structure.bandstructure.Kpoint object at 0x7fc5d4b59e80>, 'energy': 2.907, 'projections': {'1': [[0.0, 0.0, 0.00030000000000000003, 0.0005, 0.0005, 0.00030000000000000003, 0.006900000000000001, 0.006900000000000001, 0.0117, 0.0117, 0.0, 0.0, 0.0, 0.0, 0.0001, 0.0001, 0.0001, 0.0001, 0.0001, 0.0001, 0.0, 0.0, 0.0001, 0.0001, 0.0, 0.0, 0.0001, 0.0001], [0.0, 0.0, 0.0002, 0.0, 0.0, 0.0002, 0.0009000000000000001, 0.0009000000000000001, 0.0038, 0.0038, 0.0206, 0.0206, 0.025, 0.025, 0.035300000000000005, 0.035300000000000005, 0.0333, 0.0333, 0.0043, 0.0043, 0.0005, 0.0005, 0.0007, 0.0007, 0.0033, 0.0033, 0.004200000000000001, 0.004200000000000001], [0.0005, 0.0005, 0.0, 0.0, 0.0, 0.0, 0.0005, 0.0005, 0.002, 0.002, 0.0009000000000000001, 0.0009000000000000001, 0.0006000000000000001, 0.0006000000000000001, 0.0001, 0.0001, 0.0002, 0.0002, 0.0041, 0.0041, 0.0403, 0.0403, 0.0235, 0.0235, 0.0274, 0.0274, 0.013900000000000001, 0.013900000000000001], [0.0012000000000000001, 0.0012000000000000001, 0.0, 0.0, 0.0, 0.0, 0.0007, 0.0007, 0.0024000000000000002, 0.0024000000000000002, 0.001, 0.001, 0.0011, 0.0011, 0.0001, 0.0001, 0.0, 0.0, 0.0091, 0.0091, 0.0414, 0.0414, 0.0303, 0.0303, 0.0176, 0.0176, 0.0085, 0.0085], [0.0, 0.0, 0.00030000000000000003, 0.00030000000000000003, 0.00030000000000000003, 0.00030000000000000003, 0.0007, 0.0007, 0.0007, 0.0007, 0.0, 0.0, 0.0, 0.0, 0.0, 0.0, 0.0, 0.0, 0.0, 0.0, 0.0, 0.0, 0.0, 0.0, 0.0, 0.0, 0.0, 0.0], [0.0, 0.0, 0.0006000000000000001, 0.00030000000000000003, 0.00030000000000000003, 0.0006000000000000001, 0.0002, 0.0002, 0.0001, 0.0001, 0.0, 0.0, 0.0, 0.0, 0.0, 0.0, 0.0, 0.0, 0.0, 0.0, 0.0, 0.0, 0.0, 0.0, 0.0, 0.0, 0.0, 0.0], [0.00030000000000000003, 0.00030000000000000003, 0.0, 0.0001, 0.0001, 0.0, 0.00030000000000000003, 0.00030000000000000003, 0.0002, 0.0002, 0.0, 0.0, 0.0, 0.0, 0.0, 0.0, 0.0, 0.0, 0.0, 0.0, 0.0, 0.0, 0.0, 0.0, 0.0, 0.0, 0.0, 0.0], [0.00030000000000000003, 0.00030000000000000003, 0.0004, 0.0004, 0.0004, 0.0004, 0.00030000000000000003, 0.00030000000000000003, 0.0, 0.0, 0.0, 0.0, 0.0, 0.0, 0.0, 0.0, 0.0, 0.0, 0.0, 0.0, 0.0, 0.0, 0.0, 0.0, 0.0, 0.0, 0.0, 0.0], [0.0017000000000000001, 0.0017000000000000001, 0.0, 0.0001, 0.0001, 0.0, 0.0001, 0.0001, 0.0, 0.0, 0.0, 0.0, 0.0, 0.0, 0.0, 0.0, 0.0, 0.0, 0.0, 0.0, 0.0, 0.0, 0.0, 0.0, 0.0, 0.0, 0.0, 0.0]]}}
bs_hinuma_efermi: 3.03586321
bs_latimer_munro_task_id: mp-2315558
bs_latimer_munro_band_gap: 2.514199999999999
bs_latimer_munro_cbm: {'band_index': {'1': [96]}, 'kpoint_index': [38, 39, 90, 91, 196, 197, 210], 'kpoint': <pymatgen.electronic_structure.bandstructure.Kpoint object at 0x7fc5d4b5a3c0>, 'energy': 5.4212, 'projections': {'1': [[0.0002, 0.0002, 0.0, 0.0, 0.0, 0.0, 0.0002, 0.0002, 0.0002, 0.0002, 0.0001, 0.0001, 0.0001, 0.0001, 0.0, 0.0, 0.0, 0.0, 0.0008, 0.0008, 0.0001, 0.0001, 0.0001, 0.0001, 0.0001, 0.0001, 0.0008, 0.0008], [0.0, 0.0, 0.0, 0.0, 0.0, 0.0, 0.005200000000000001, 0.005200000000000001, 0.005200000000000001, 0.005200000000000001, 0.00030000000000000003, 0.00030000000000000003, 0.00030000000000000003, 0.00030000000000000003, 0.0012000000000000001, 0.0012000000000000001, 0.0012000000000000001, 0.0012000000000000001, 0.0001, 0.0001, 0.0, 0.0, 0.0, 0.0, 0.0, 0.0, 0.0001, 0.0001], [0.0, 0.0, 0.0005, 0.0005, 0.0005, 0.0005, 0.0001, 0.0001, 0.0001, 0.0001, 0.0022, 0.0022, 0.0022, 0.0022, 0.0028, 0.0028, 0.0028, 0.0028, 0.0001, 0.0001, 0.0001, 0.0001, 0.0006000000000000001, 0.0006000000000000001, 0.0006000000000000001, 0.0006000000000000001, 0.0001, 0.0001], [0.0001, 0.0001, 0.0, 0.0, 0.0, 0.0, 0.0001, 0.0001, 0.0001, 0.0001, 0.0001, 0.0001, 0.0001, 0.0001, 0.0, 0.0, 0.0, 0.0, 0.0, 0.0, 0.0023, 0.0023, 0.0001, 0.0001, 0.0001, 0.0001, 0.0, 0.0], [0.0, 0.0, 0.0007, 0.0007, 0.0007, 0.0007, 0.0, 0.0, 0.0, 0.0, 0.0, 0.0, 0.0, 0.0, 0.0, 0.0, 0.0, 0.0, 0.0, 0.0, 0.0, 0.0, 0.0, 0.0, 0.0, 0.0, 0.0, 0.0], [0.0, 0.0, 0.0, 0.0, 0.0, 0.0, 0.0, 0.0, 0.0, 0.0, 0.0, 0.0, 0.0, 0.0, 0.0, 0.0, 0.0, 0.0, 0.0, 0.0, 0.0, 0.0, 0.0, 0.0, 0.0, 0.0, 0.0, 0.0], [0.0046, 0.0046, 0.12660000000000002, 0.12660000000000002, 0.12660000000000002, 0.12660000000000002, 0.0, 0.0, 0.0, 0.0, 0.0, 0.0, 0.0, 0.0, 0.0, 0.0, 0.0, 0.0, 0.0, 0.0, 0.0, 0.0, 0.0, 0.0, 0.0, 0.0, 0.0, 0.0], [0.0001, 0.0001, 0.0035, 0.0035, 0.0035, 0.0035, 0.0, 0.0, 0.0, 0.0, 0.0, 0.0, 0.0, 0.0, 0.0, 0.0, 0.0, 0.0, 0.0, 0.0, 0.0, 0.0, 0.0, 0.0, 0.0, 0.0, 0.0, 0.0], [0.0009000000000000001, 0.0009000000000000001, 0.040400000000000005, 0.040400000000000005, 0.040400000000000005, 0.040400000000000005, 0.0, 0.0, 0.0, 0.0, 0.0, 0.0, 0.0, 0.0, 0.0, 0.0, 0.0, 0.0, 0.0, 0.0, 0.0, 0.0, 0.0, 0.0, 0.0, 0.0, 0.0, 0.0]]}}
bs_latimer_munro_vbm: {'band_index': {'1': [95]}, 'kpoint_index': ['62'], 'kpoint': <pymatgen.electronic_structure.bandstructure.Kpoint object at 0x7fc5d4b59be0>, 'energy': 2.907, 'projections': {'1': [[0.0, 0.0, 0.0005, 0.00030000000000000003, 0.00030000000000000003, 0.0005, 0.0117, 0.0117, 0.006900000000000001, 0.006900000000000001, 0.0, 0.0, 0.0, 0.0, 0.0001, 0.0001, 0.0001, 0.0001, 0.0001, 0.0001, 0.0, 0.0, 0.0, 0.0, 0.0001, 0.0001, 0.0001, 0.0001], [0.0, 0.0, 0.0, 0.0002, 0.0002, 0.0, 0.0038, 0.0038, 0.0009000000000000001, 0.0009000000000000001, 0.025, 0.025, 0.0206, 0.0206, 0.0333, 0.0333, 0.035300000000000005, 0.035300000000000005, 0.004200000000000001, 0.004200000000000001, 0.0005, 0.0005, 0.0033, 0.0033, 0.0007, 0.0007, 0.0043, 0.0043], [0.0005, 0.0005, 0.0, 0.0, 0.0, 0.0, 0.002, 0.002, 0.0005, 0.0005, 0.0006000000000000001, 0.0006000000000000001, 0.0009000000000000001, 0.0009000000000000001, 0.0002, 0.0002, 0.0001, 0.0001, 0.013900000000000001, 0.013900000000000001, 0.0403, 0.0403, 0.0274, 0.0274, 0.0235, 0.0235, 0.0041, 0.0041], [0.0012000000000000001, 0.0012000000000000001, 0.0, 0.0, 0.0, 0.0, 0.0024000000000000002, 0.0024000000000000002, 0.0007, 0.0007, 0.0011, 0.0011, 0.001, 0.001, 0.0, 0.0, 0.0001, 0.0001, 0.0085, 0.0085, 0.0414, 0.0414, 0.0176, 0.0176, 0.0303, 0.0303, 0.0091, 0.0091], [0.0, 0.0, 0.00030000000000000003, 0.00030000000000000003, 0.00030000000000000003, 0.00030000000000000003, 0.0007, 0.0007, 0.0007, 0.0007, 0.0, 0.0, 0.0, 0.0, 0.0, 0.0, 0.0, 0.0, 0.0, 0.0, 0.0, 0.0, 0.0, 0.0, 0.0, 0.0, 0.0, 0.0], [0.0, 0.0, 0.00030000000000000003, 0.0006000000000000001, 0.0006000000000000001, 0.00030000000000000003, 0.0001, 0.0001, 0.0002, 0.0002, 0.0, 0.0, 0.0, 0.0, 0.0, 0.0, 0.0, 0.0, 0.0, 0.0, 0.0, 0.0, 0.0, 0.0, 0.0, 0.0, 0.0, 0.0], [0.00030000000000000003, 0.00030000000000000003, 0.0001, 0.0, 0.0, 0.0001, 0.0002, 0.0002, 0.00030000000000000003, 0.00030000000000000003, 0.0, 0.0, 0.0, 0.0, 0.0, 0.0, 0.0, 0.0, 0.0, 0.0, 0.0, 0.0, 0.0, 0.0, 0.0, 0.0, 0.0, 0.0], [0.00030000000000000003, 0.00030000000000000003, 0.0004, 0.0004, 0.0004, 0.0004, 0.0, 0.0, 0.00030000000000000003, 0.00030000000000000003, 0.0, 0.0, 0.0, 0.0, 0.0, 0.0, 0.0, 0.0, 0.0, 0.0, 0.0, 0.0, 0.0, 0.0, 0.0, 0.0, 0.0, 0.0], [0.0017000000000000001, 0.0017000000000000001, 0.0001, 0.0, 0.0, 0.0001, 0.0, 0.0, 0.0001, 0.0001, 0.0, 0.0, 0.0, 0.0, 0.0, 0.0, 0.0, 0.0, 0.0, 0.0, 0.0, 0.0, 0.0, 0.0, 0.0, 0.0, 0.0, 0.0]]}}
bs_latimer_munro_efermi: 3.03266063