material_id: mp-20605
band_gap: 2.652
efermi: 1.70296978
dos_magnetic_ordering: NM
dos_total_task_id: mp-1705277
dos_total_band_gap: 2.7045
dos_total_cbm: 4.3127
dos_total_vbm: 1.6082
dos_total_efermi: 1.61247903
bs_setyawan_curtarolo_task_id: mp-1598198
bs_setyawan_curtarolo_band_gap: 2.652
bs_setyawan_curtarolo_cbm: {'band_index': {'1': [44]}, 'kpoint_index': ['69'], 'kpoint': <pymatgen.electronic_structure.bandstructure.Kpoint object at 0x7fc699d63930>, 'energy': 4.2576, 'projections': {'1': [[0.0, 0.0, 0.00030000000000000003, 0.00030000000000000003, 0.00030000000000000003, 0.00030000000000000003, 0.007200000000000001, 0.007200000000000001, 0.007200000000000001, 0.007200000000000001, 0.0002, 0.0002, 0.0002, 0.0002], [0.1187, 0.1187, 0.0159, 0.0159, 0.0159, 0.0159, 0.0035, 0.0035, 0.0035, 0.0035, 0.0074, 0.0074, 0.0074, 0.0074], [0.012700000000000001, 0.012700000000000001, 0.0011, 0.0011, 0.0011, 0.0011, 0.0011, 0.0011, 0.0011, 0.0011, 0.0001, 0.0001, 0.0001, 0.0001], [0.0, 0.0, 0.0085, 0.0085, 0.0085, 0.0085, 0.0008, 0.0008, 0.0008, 0.0008, 0.0019, 0.0019, 0.0019, 0.0019], [0.0001, 0.0001, 0.0, 0.0, 0.0, 0.0, 0.0, 0.0, 0.0, 0.0, 0.0, 0.0, 0.0, 0.0], [0.0, 0.0, 0.0, 0.0, 0.0, 0.0, 0.0, 0.0, 0.0, 0.0, 0.0, 0.0, 0.0, 0.0], [0.0, 0.0, 0.0, 0.0, 0.0, 0.0, 0.0, 0.0, 0.0, 0.0, 0.0, 0.0, 0.0, 0.0], [0.0001, 0.0001, 0.0, 0.0, 0.0, 0.0, 0.0, 0.0, 0.0, 0.0, 0.0, 0.0, 0.0, 0.0], [0.0, 0.0, 0.0, 0.0, 0.0, 0.0, 0.0, 0.0, 0.0, 0.0, 0.0, 0.0, 0.0, 0.0]]}}
bs_setyawan_curtarolo_vbm: {'band_index': {'1': [43]}, 'kpoint_index': ['66'], 'kpoint': <pymatgen.electronic_structure.bandstructure.Kpoint object at 0x7fc5d4b5a190>, 'energy': 1.6056, 'projections': {'1': [[0.047, 0.047, 0.0002, 0.0002, 0.0002, 0.0002, 0.0, 0.0, 0.0, 0.0, 0.0013000000000000002, 0.0013000000000000002, 0.0013000000000000002, 0.0013000000000000002], [0.0, 0.0, 0.0006000000000000001, 0.0006000000000000001, 0.0006000000000000001, 0.0006000000000000001, 0.0444, 0.0444, 0.0444, 0.0444, 0.0238, 0.0238, 0.0238, 0.0238], [0.0, 0.0, 0.0005, 0.0005, 0.0005, 0.0005, 0.019100000000000002, 0.019100000000000002, 0.019100000000000002, 0.019100000000000002, 0.0044, 0.0044, 0.0044, 0.0044], [0.0004, 0.0004, 0.0005, 0.0005, 0.0005, 0.0005, 0.0263, 0.0263, 0.0263, 0.0263, 0.014100000000000001, 0.014100000000000001, 0.014100000000000001, 0.014100000000000001], [0.0, 0.0, 0.0, 0.0, 0.0, 0.0, 0.0, 0.0, 0.0, 0.0, 0.0, 0.0, 0.0, 0.0], [0.0002, 0.0002, 0.0, 0.0, 0.0, 0.0, 0.0, 0.0, 0.0, 0.0, 0.0, 0.0, 0.0, 0.0], [0.0007, 0.0007, 0.0, 0.0, 0.0, 0.0, 0.0, 0.0, 0.0, 0.0, 0.0, 0.0, 0.0, 0.0], [0.0, 0.0, 0.0, 0.0, 0.0, 0.0, 0.0, 0.0, 0.0, 0.0, 0.0, 0.0, 0.0, 0.0], [0.0001, 0.0001, 0.0, 0.0, 0.0, 0.0, 0.0, 0.0, 0.0, 0.0, 0.0, 0.0, 0.0, 0.0]]}}
bs_setyawan_curtarolo_efermi: 1.70296978