material_id: mp-28377
band_gap: 0.9905
efermi: 2.03893625
dos_magnetic_ordering: NM
dos_total_task_id: mp-2294757
dos_total_band_gap: 1.1885
dos_total_cbm: 2.8257
dos_total_vbm: 1.6372
dos_total_efermi: 1.6372867100000001
bs_setyawan_curtarolo_task_id: mp-1596235
bs_setyawan_curtarolo_band_gap: 0.9905
bs_setyawan_curtarolo_cbm: {'band_index': {'1': [22]}, 'kpoint_index': [29, 30, 79], 'kpoint': <pymatgen.electronic_structure.bandstructure.Kpoint object at 0x7fc699d63930>, 'energy': 2.9639, 'projections': {'1': [[0.0, 0.0028, 0.0152, 0.0152, 0.0152], [0.0, 0.0, 0.0024000000000000002, 0.0, 0.0024000000000000002], [0.00030000000000000003, 0.113, 0.0033, 0.0001, 0.0033], [0.0007, 0.2447, 0.0012000000000000001, 0.0068000000000000005, 0.0012000000000000001], [0.0, 0.0, 0.0051, 0.0, 0.0051], [0.0, 0.0, 0.0013000000000000002, 0.0, 0.0013000000000000002], [0.0, 0.0, 0.0017000000000000001, 0.0073, 0.0017000000000000001], [0.0001, 0.0, 0.0009000000000000001, 0.0039000000000000003, 0.0009000000000000001], [0.0001, 0.0, 0.0022, 0.0, 0.0022]]}}
bs_setyawan_curtarolo_vbm: {'band_index': {'1': [21]}, 'kpoint_index': [29, 30, 79], 'kpoint': <pymatgen.electronic_structure.bandstructure.Kpoint object at 0x7fc5d4b59c50>, 'energy': 1.9734, 'projections': {'1': [[0.0, 0.2509, 0.0004, 0.0004, 0.0004], [0.0, 0.0, 0.06420000000000001, 0.0, 0.06420000000000001], [0.0, 0.004, 0.0, 0.13520000000000001, 0.0], [0.0001, 0.0086, 0.0714, 0.0004, 0.0714], [0.0, 0.0, 0.0002, 0.0, 0.0002], [0.0, 0.0, 0.0, 0.0, 0.0], [0.0, 0.0, 0.0001, 0.00030000000000000003, 0.0001], [0.0, 0.0, 0.0, 0.0, 0.0], [0.0, 0.0, 0.0, 0.0, 0.0]]}}
bs_setyawan_curtarolo_efermi: 2.03893625
bs_hinuma_task_id: mp-2062684
bs_hinuma_band_gap: 0.9905
bs_hinuma_cbm: {'band_index': {'1': [22]}, 'kpoint_index': [18, 19], 'kpoint': <pymatgen.electronic_structure.bandstructure.Kpoint object at 0x7fc5d4b5a200>, 'energy': 2.9639, 'projections': {'1': [[0.0, 0.0028, 0.0152, 0.0152, 0.0152], [0.0, 0.0, 0.0024000000000000002, 0.0, 0.0024000000000000002], [0.00030000000000000003, 0.113, 0.0033, 0.0001, 0.0033], [0.0007, 0.2447, 0.0012000000000000001, 0.0068000000000000005, 0.0012000000000000001], [0.0, 0.0, 0.0051, 0.0, 0.0051], [0.0, 0.0, 0.0013000000000000002, 0.0, 0.0013000000000000002], [0.0, 0.0, 0.0017000000000000001, 0.0073, 0.0017000000000000001], [0.0001, 0.0, 0.0009000000000000001, 0.0039000000000000003, 0.0009000000000000001], [0.0001, 0.0, 0.0022, 0.0, 0.0022]]}}
bs_hinuma_vbm: {'band_index': {'1': [21]}, 'kpoint_index': [18, 19], 'kpoint': <pymatgen.electronic_structure.bandstructure.Kpoint object at 0x7fc5d4b5a430>, 'energy': 1.9734, 'projections': {'1': [[0.0, 0.2509, 0.0004, 0.0004, 0.0004], [0.0, 0.0, 0.06420000000000001, 0.0, 0.06420000000000001], [0.0, 0.004, 0.0, 0.13520000000000001, 0.0], [0.0001, 0.0086, 0.0714, 0.0004, 0.0714], [0.0, 0.0, 0.0002, 0.0, 0.0002], [0.0, 0.0, 0.0, 0.0, 0.0], [0.0, 0.0, 0.0001, 0.00030000000000000003, 0.0001], [0.0, 0.0, 0.0, 0.0, 0.0], [0.0, 0.0, 0.0, 0.0, 0.0]]}}
bs_hinuma_efermi: 2.03294132