material_id: mp-23683
band_gap: 6.2387999999999995
efermi: -1.14706189
dos_magnetic_ordering: NM
dos_total_task_id: mp-1707848
dos_total_band_gap: 6.260099999999999
dos_total_cbm: 4.9481
dos_total_vbm: -1.312
dos_total_efermi: -1.32313448
bs_setyawan_curtarolo_task_id: mp-1606780
bs_setyawan_curtarolo_band_gap: 6.2387999999999995
bs_setyawan_curtarolo_cbm: {'band_index': {'1': [36]}, 'kpoint_index': ['48'], 'kpoint': <pymatgen.electronic_structure.bandstructure.Kpoint object at 0x7fc699d63930>, 'energy': 4.954, 'projections': {'1': [[0.0012000000000000001, 0.0012000000000000001, 0.0012000000000000001, 0.0012000000000000001, 0.0012000000000000001, 0.0012000000000000001, 0.0006000000000000001, 0.0006000000000000001, 0.0006000000000000001, 0.0006000000000000001, 0.0006000000000000001, 0.0006000000000000001, 0.0097, 0.0097, 0.0097, 0.0097, 0.0097, 0.0097, 0.0035, 0.0035, 0.0035, 0.0035, 0.0035, 0.0035], [0.0022, 0.0006000000000000001, 0.0005, 0.0006000000000000001, 0.0022, 0.0005, 0.0008, 0.0002, 0.0001, 0.0002, 0.0008, 0.0001, 0.0026000000000000003, 0.0038, 0.0026000000000000003, 0.0038, 0.012700000000000001, 0.012700000000000001, 0.0008, 0.001, 0.0037, 0.001, 0.0008, 0.0037], [0.0005, 0.0025, 0.0002, 0.0025, 0.0005, 0.0002, 0.0011, 0.0014, 0.0017000000000000001, 0.0014, 0.0011, 0.0017000000000000001, 0.009000000000000001, 0.005, 0.009000000000000001, 0.005, 0.0023, 0.0023, 0.0018000000000000002, 0.0028, 0.0008, 0.0028, 0.0018000000000000002, 0.0008], [0.0005, 0.0001, 0.0025, 0.0001, 0.0005, 0.0025, 0.0013000000000000002, 0.0015, 0.0014, 0.0015, 0.0013000000000000002, 0.0014, 0.0056, 0.008400000000000001, 0.0056, 0.008400000000000001, 0.0022, 0.0022, 0.0028, 0.0016, 0.0009000000000000001, 0.0016, 0.0028, 0.0009000000000000001], [0.0, 0.0, 0.0, 0.0, 0.0, 0.0, 0.0, 0.0, 0.0, 0.0, 0.0, 0.0, 0.0, 0.0, 0.0, 0.0, 0.0, 0.0, 0.0, 0.0, 0.0, 0.0, 0.0, 0.0], [0.0, 0.0, 0.0, 0.0, 0.0, 0.0, 0.0, 0.0, 0.0, 0.0, 0.0, 0.0, 0.0, 0.0, 0.0, 0.0, 0.0, 0.0, 0.0, 0.0, 0.0, 0.0, 0.0, 0.0], [0.0, 0.0, 0.0, 0.0, 0.0, 0.0, 0.0, 0.0, 0.0, 0.0, 0.0, 0.0, 0.0, 0.0, 0.0, 0.0, 0.0, 0.0, 0.0, 0.0, 0.0, 0.0, 0.0, 0.0], [0.0, 0.0, 0.0, 0.0, 0.0, 0.0, 0.0, 0.0, 0.0, 0.0, 0.0, 0.0, 0.0, 0.0, 0.0, 0.0, 0.0, 0.0, 0.0, 0.0, 0.0, 0.0, 0.0, 0.0], [0.0, 0.0, 0.0, 0.0, 0.0, 0.0, 0.0, 0.0, 0.0, 0.0, 0.0, 0.0, 0.0, 0.0, 0.0, 0.0, 0.0, 0.0, 0.0, 0.0, 0.0, 0.0, 0.0, 0.0]]}}
bs_setyawan_curtarolo_vbm: {'band_index': {'1': [35]}, 'kpoint_index': ['60'], 'kpoint': <pymatgen.electronic_structure.bandstructure.Kpoint object at 0x7fc5d4b5a430>, 'energy': -1.2848, 'projections': {'1': [[0.0039000000000000003, 0.0039000000000000003, 0.0039000000000000003, 0.0039000000000000003, 0.0039000000000000003, 0.0039000000000000003, 0.0219, 0.022, 0.0218, 0.022, 0.0219, 0.0218, 0.0001, 0.0001, 0.0001, 0.0001, 0.0001, 0.0001, 0.00030000000000000003, 0.00030000000000000003, 0.00030000000000000003, 0.00030000000000000003, 0.00030000000000000003, 0.00030000000000000003], [0.0002, 0.0001, 0.0, 0.0001, 0.0002, 0.0, 0.0, 0.0, 0.0, 0.0, 0.0, 0.0, 0.0, 0.0, 0.0, 0.0, 0.0001, 0.0001, 0.0001, 0.0, 0.00030000000000000003, 0.0, 0.0001, 0.00030000000000000003], [0.0, 0.0, 0.0001, 0.0, 0.0, 0.0001, 0.00030000000000000003, 0.0002, 0.00030000000000000003, 0.0002, 0.00030000000000000003, 0.00030000000000000003, 0.0049, 0.0063, 0.0049, 0.0063, 0.0055000000000000005, 0.0055000000000000005, 0.0446, 0.0405, 0.043500000000000004, 0.0405, 0.0446, 0.043500000000000004], [0.0, 0.0001, 0.0001, 0.0001, 0.0, 0.0001, 0.00030000000000000003, 0.00030000000000000003, 0.00030000000000000003, 0.00030000000000000003, 0.00030000000000000003, 0.00030000000000000003, 0.006500000000000001, 0.0051, 0.006500000000000001, 0.0051, 0.0059, 0.0059, 0.043000000000000003, 0.049, 0.044700000000000004, 0.049, 0.043000000000000003, 0.044700000000000004], [0.0, 0.0, 0.0, 0.0, 0.0, 0.0, 0.0, 0.0, 0.0, 0.0, 0.0, 0.0, 0.0, 0.0, 0.0, 0.0, 0.0, 0.0, 0.0, 0.0, 0.0, 0.0, 0.0, 0.0], [0.0, 0.0, 0.0, 0.0, 0.0, 0.0, 0.0, 0.0, 0.0, 0.0, 0.0, 0.0, 0.0, 0.0, 0.0, 0.0, 0.0, 0.0, 0.0, 0.0, 0.0, 0.0, 0.0, 0.0], [0.0, 0.0, 0.0, 0.0, 0.0, 0.0, 0.0, 0.0, 0.0, 0.0, 0.0, 0.0, 0.0, 0.0, 0.0, 0.0, 0.0, 0.0, 0.0, 0.0, 0.0, 0.0, 0.0, 0.0], [0.0, 0.0, 0.0, 0.0, 0.0, 0.0, 0.0, 0.0, 0.0, 0.0, 0.0, 0.0, 0.0, 0.0, 0.0, 0.0, 0.0, 0.0, 0.0, 0.0, 0.0, 0.0, 0.0, 0.0], [0.0, 0.0, 0.0, 0.0, 0.0, 0.0, 0.0, 0.0, 0.0, 0.0, 0.0, 0.0, 0.0, 0.0, 0.0, 0.0, 0.0, 0.0, 0.0, 0.0, 0.0, 0.0, 0.0, 0.0]]}}
bs_setyawan_curtarolo_efermi: -1.14706189
bs_hinuma_task_id: mp-2170376
bs_hinuma_band_gap: 6.2387999999999995
bs_hinuma_cbm: {'band_index': {'1': [36]}, 'kpoint_index': ['43'], 'kpoint': <pymatgen.electronic_structure.bandstructure.Kpoint object at 0x7fc5d4b59c50>, 'energy': 4.954, 'projections': {'1': [[0.0012000000000000001, 0.0012000000000000001, 0.0012000000000000001, 0.0012000000000000001, 0.0012000000000000001, 0.0012000000000000001, 0.0006000000000000001, 0.0006000000000000001, 0.0006000000000000001, 0.0006000000000000001, 0.0006000000000000001, 0.0006000000000000001, 0.0097, 0.0097, 0.0097, 0.0097, 0.0097, 0.0097, 0.0035, 0.0035, 0.0035, 0.0035, 0.0035, 0.0035], [0.0022, 0.0006000000000000001, 0.0005, 0.0006000000000000001, 0.0022, 0.0005, 0.0008, 0.0002, 0.0001, 0.0002, 0.0008, 0.0001, 0.0026000000000000003, 0.0038, 0.0026000000000000003, 0.0038, 0.012700000000000001, 0.012700000000000001, 0.0008, 0.001, 0.0037, 0.001, 0.0008, 0.0037], [0.0005, 0.0025, 0.0002, 0.0025, 0.0005, 0.0002, 0.0011, 0.0014, 0.0017000000000000001, 0.0014, 0.0011, 0.0017000000000000001, 0.009000000000000001, 0.005, 0.009000000000000001, 0.005, 0.0023, 0.0023, 0.0018000000000000002, 0.0028, 0.0008, 0.0028, 0.0018000000000000002, 0.0008], [0.0005, 0.0001, 0.0025, 0.0001, 0.0005, 0.0025, 0.0013000000000000002, 0.0015, 0.0014, 0.0015, 0.0013000000000000002, 0.0014, 0.0056, 0.008400000000000001, 0.0056, 0.008400000000000001, 0.0022, 0.0022, 0.0028, 0.0016, 0.0009000000000000001, 0.0016, 0.0028, 0.0009000000000000001], [0.0, 0.0, 0.0, 0.0, 0.0, 0.0, 0.0, 0.0, 0.0, 0.0, 0.0, 0.0, 0.0, 0.0, 0.0, 0.0, 0.0, 0.0, 0.0, 0.0, 0.0, 0.0, 0.0, 0.0], [0.0, 0.0, 0.0, 0.0, 0.0, 0.0, 0.0, 0.0, 0.0, 0.0, 0.0, 0.0, 0.0, 0.0, 0.0, 0.0, 0.0, 0.0, 0.0, 0.0, 0.0, 0.0, 0.0, 0.0], [0.0, 0.0, 0.0, 0.0, 0.0, 0.0, 0.0, 0.0, 0.0, 0.0, 0.0, 0.0, 0.0, 0.0, 0.0, 0.0, 0.0, 0.0, 0.0, 0.0, 0.0, 0.0, 0.0, 0.0], [0.0, 0.0, 0.0, 0.0, 0.0, 0.0, 0.0, 0.0, 0.0, 0.0, 0.0, 0.0, 0.0, 0.0, 0.0, 0.0, 0.0, 0.0, 0.0, 0.0, 0.0, 0.0, 0.0, 0.0], [0.0, 0.0, 0.0, 0.0, 0.0, 0.0, 0.0, 0.0, 0.0, 0.0, 0.0, 0.0, 0.0, 0.0, 0.0, 0.0, 0.0, 0.0, 0.0, 0.0, 0.0, 0.0, 0.0, 0.0]]}}
bs_hinuma_vbm: {'band_index': {'1': [35]}, 'kpoint_index': ['55'], 'kpoint': <pymatgen.electronic_structure.bandstructure.Kpoint object at 0x7fc5d4b5a190>, 'energy': -1.2848, 'projections': {'1': [[0.0039000000000000003, 0.0039000000000000003, 0.0039000000000000003, 0.0039000000000000003, 0.0039000000000000003, 0.0039000000000000003, 0.0219, 0.022, 0.0218, 0.022, 0.0219, 0.0218, 0.0001, 0.0001, 0.0001, 0.0001, 0.0001, 0.0001, 0.00030000000000000003, 0.00030000000000000003, 0.00030000000000000003, 0.00030000000000000003, 0.00030000000000000003, 0.00030000000000000003], [0.0002, 0.0001, 0.0, 0.0001, 0.0002, 0.0, 0.0, 0.0, 0.0, 0.0, 0.0, 0.0, 0.0, 0.0, 0.0, 0.0, 0.0001, 0.0001, 0.0001, 0.0, 0.00030000000000000003, 0.0, 0.0001, 0.00030000000000000003], [0.0, 0.0, 0.0001, 0.0, 0.0, 0.0001, 0.00030000000000000003, 0.0002, 0.00030000000000000003, 0.0002, 0.00030000000000000003, 0.00030000000000000003, 0.0049, 0.0063, 0.0049, 0.0063, 0.0055000000000000005, 0.0055000000000000005, 0.0446, 0.0405, 0.043500000000000004, 0.0405, 0.0446, 0.043500000000000004], [0.0, 0.0001, 0.0001, 0.0001, 0.0, 0.0001, 0.00030000000000000003, 0.00030000000000000003, 0.00030000000000000003, 0.00030000000000000003, 0.00030000000000000003, 0.00030000000000000003, 0.006500000000000001, 0.0051, 0.006500000000000001, 0.0051, 0.0059, 0.0059, 0.043000000000000003, 0.049, 0.044700000000000004, 0.049, 0.043000000000000003, 0.044700000000000004], [0.0, 0.0, 0.0, 0.0, 0.0, 0.0, 0.0, 0.0, 0.0, 0.0, 0.0, 0.0, 0.0, 0.0, 0.0, 0.0, 0.0, 0.0, 0.0, 0.0, 0.0, 0.0, 0.0, 0.0], [0.0, 0.0, 0.0, 0.0, 0.0, 0.0, 0.0, 0.0, 0.0, 0.0, 0.0, 0.0, 0.0, 0.0, 0.0, 0.0, 0.0, 0.0, 0.0, 0.0, 0.0, 0.0, 0.0, 0.0], [0.0, 0.0, 0.0, 0.0, 0.0, 0.0, 0.0, 0.0, 0.0, 0.0, 0.0, 0.0, 0.0, 0.0, 0.0, 0.0, 0.0, 0.0, 0.0, 0.0, 0.0, 0.0, 0.0, 0.0], [0.0, 0.0, 0.0, 0.0, 0.0, 0.0, 0.0, 0.0, 0.0, 0.0, 0.0, 0.0, 0.0, 0.0, 0.0, 0.0, 0.0, 0.0, 0.0, 0.0, 0.0, 0.0, 0.0, 0.0], [0.0, 0.0, 0.0, 0.0, 0.0, 0.0, 0.0, 0.0, 0.0, 0.0, 0.0, 0.0, 0.0, 0.0, 0.0, 0.0, 0.0, 0.0, 0.0, 0.0, 0.0, 0.0, 0.0, 0.0]]}}
bs_hinuma_efermi: -1.1496370200000001
bs_latimer_munro_task_id: mp-2323808
bs_latimer_munro_band_gap: 6.2387999999999995
bs_latimer_munro_cbm: {'band_index': {'1': [36]}, 'kpoint_index': ['184'], 'kpoint': <pymatgen.electronic_structure.bandstructure.Kpoint object at 0x7fc5d4b5a3c0>, 'energy': 4.954, 'projections': {'1': [[0.0012000000000000001, 0.0012000000000000001, 0.0012000000000000001, 0.0012000000000000001, 0.0012000000000000001, 0.0012000000000000001, 0.0006000000000000001, 0.0006000000000000001, 0.0006000000000000001, 0.0006000000000000001, 0.0006000000000000001, 0.0006000000000000001, 0.0097, 0.0097, 0.0097, 0.0097, 0.0097, 0.0097, 0.0035, 0.0035, 0.0035, 0.0035, 0.0035, 0.0035], [0.0022, 0.0006000000000000001, 0.0005, 0.0006000000000000001, 0.0022, 0.0005, 0.0008, 0.0002, 0.0001, 0.0002, 0.0008, 0.0001, 0.0026000000000000003, 0.0038, 0.0026000000000000003, 0.0038, 0.012700000000000001, 0.012700000000000001, 0.0008, 0.001, 0.0037, 0.001, 0.0008, 0.0037], [0.0005, 0.0025, 0.0002, 0.0025, 0.0005, 0.0002, 0.0011, 0.0014, 0.0017000000000000001, 0.0014, 0.0011, 0.0017000000000000001, 0.009000000000000001, 0.005, 0.009000000000000001, 0.005, 0.0023, 0.0023, 0.0018000000000000002, 0.0028, 0.0008, 0.0028, 0.0018000000000000002, 0.0008], [0.0005, 0.0001, 0.0025, 0.0001, 0.0005, 0.0025, 0.0013000000000000002, 0.0015, 0.0014, 0.0015, 0.0013000000000000002, 0.0014, 0.0056, 0.008400000000000001, 0.0056, 0.008400000000000001, 0.0022, 0.0022, 0.0028, 0.0016, 0.0009000000000000001, 0.0016, 0.0028, 0.0009000000000000001], [0.0, 0.0, 0.0, 0.0, 0.0, 0.0, 0.0, 0.0, 0.0, 0.0, 0.0, 0.0, 0.0, 0.0, 0.0, 0.0, 0.0, 0.0, 0.0, 0.0, 0.0, 0.0, 0.0, 0.0], [0.0, 0.0, 0.0, 0.0, 0.0, 0.0, 0.0, 0.0, 0.0, 0.0, 0.0, 0.0, 0.0, 0.0, 0.0, 0.0, 0.0, 0.0, 0.0, 0.0, 0.0, 0.0, 0.0, 0.0], [0.0, 0.0, 0.0, 0.0, 0.0, 0.0, 0.0, 0.0, 0.0, 0.0, 0.0, 0.0, 0.0, 0.0, 0.0, 0.0, 0.0, 0.0, 0.0, 0.0, 0.0, 0.0, 0.0, 0.0], [0.0, 0.0, 0.0, 0.0, 0.0, 0.0, 0.0, 0.0, 0.0, 0.0, 0.0, 0.0, 0.0, 0.0, 0.0, 0.0, 0.0, 0.0, 0.0, 0.0, 0.0, 0.0, 0.0, 0.0], [0.0, 0.0, 0.0, 0.0, 0.0, 0.0, 0.0, 0.0, 0.0, 0.0, 0.0, 0.0, 0.0, 0.0, 0.0, 0.0, 0.0, 0.0, 0.0, 0.0, 0.0, 0.0, 0.0, 0.0]]}}
bs_latimer_munro_vbm: {'band_index': {'1': [35]}, 'kpoint_index': ['147'], 'kpoint': <pymatgen.electronic_structure.bandstructure.Kpoint object at 0x7fc5d4b59d30>, 'energy': -1.2848, 'projections': {'1': [[0.0039000000000000003, 0.0039000000000000003, 0.0039000000000000003, 0.0039000000000000003, 0.0039000000000000003, 0.0039000000000000003, 0.0219, 0.022, 0.0218, 0.022, 0.0219, 0.0218, 0.0001, 0.0001, 0.0001, 0.0001, 0.0001, 0.0001, 0.00030000000000000003, 0.00030000000000000003, 0.00030000000000000003, 0.00030000000000000003, 0.00030000000000000003, 0.00030000000000000003], [0.0002, 0.0001, 0.0, 0.0001, 0.0002, 0.0, 0.0, 0.0, 0.0, 0.0, 0.0, 0.0, 0.0, 0.0, 0.0, 0.0, 0.0001, 0.0001, 0.0001, 0.0, 0.00030000000000000003, 0.0, 0.0001, 0.00030000000000000003], [0.0, 0.0, 0.0001, 0.0, 0.0, 0.0001, 0.00030000000000000003, 0.0002, 0.00030000000000000003, 0.0002, 0.00030000000000000003, 0.00030000000000000003, 0.0049, 0.0063, 0.0049, 0.0063, 0.0055000000000000005, 0.0055000000000000005, 0.0446, 0.0405, 0.043500000000000004, 0.0405, 0.0446, 0.043500000000000004], [0.0, 0.0001, 0.0001, 0.0001, 0.0, 0.0001, 0.00030000000000000003, 0.00030000000000000003, 0.00030000000000000003, 0.00030000000000000003, 0.00030000000000000003, 0.00030000000000000003, 0.006500000000000001, 0.0051, 0.006500000000000001, 0.0051, 0.0059, 0.0059, 0.043000000000000003, 0.049, 0.044700000000000004, 0.049, 0.043000000000000003, 0.044700000000000004], [0.0, 0.0, 0.0, 0.0, 0.0, 0.0, 0.0, 0.0, 0.0, 0.0, 0.0, 0.0, 0.0, 0.0, 0.0, 0.0, 0.0, 0.0, 0.0, 0.0, 0.0, 0.0, 0.0, 0.0], [0.0, 0.0, 0.0, 0.0, 0.0, 0.0, 0.0, 0.0, 0.0, 0.0, 0.0, 0.0, 0.0, 0.0, 0.0, 0.0, 0.0, 0.0, 0.0, 0.0, 0.0, 0.0, 0.0, 0.0], [0.0, 0.0, 0.0, 0.0, 0.0, 0.0, 0.0, 0.0, 0.0, 0.0, 0.0, 0.0, 0.0, 0.0, 0.0, 0.0, 0.0, 0.0, 0.0, 0.0, 0.0, 0.0, 0.0, 0.0], [0.0, 0.0, 0.0, 0.0, 0.0, 0.0, 0.0, 0.0, 0.0, 0.0, 0.0, 0.0, 0.0, 0.0, 0.0, 0.0, 0.0, 0.0, 0.0, 0.0, 0.0, 0.0, 0.0, 0.0], [0.0, 0.0, 0.0, 0.0, 0.0, 0.0, 0.0, 0.0, 0.0, 0.0, 0.0, 0.0, 0.0, 0.0, 0.0, 0.0, 0.0, 0.0, 0.0, 0.0, 0.0, 0.0, 0.0, 0.0]]}}
bs_latimer_munro_efermi: -1.14965857