material_id: mp-29577
band_gap: 3.0454
efermi: -1.41604696
dos_magnetic_ordering: NM
dos_total_task_id: mp-2275556
dos_total_band_gap: 3.0698
dos_total_cbm: 1.6207
dos_total_vbm: -1.4491
dos_total_efermi: -1.44441463
bs_setyawan_curtarolo_task_id: mp-843733
bs_setyawan_curtarolo_band_gap: 3.0454
bs_setyawan_curtarolo_cbm: {'band_index': {'1': [40]}, 'kpoint_index': [0, 45, 46], 'kpoint': <pymatgen.electronic_structure.bandstructure.Kpoint object at 0x7fc699d63930>, 'energy': 1.599899999999999, 'projections': {}}
bs_setyawan_curtarolo_vbm: {'band_index': {'1': [39]}, 'kpoint_index': [0, 45, 46], 'kpoint': <pymatgen.electronic_structure.bandstructure.Kpoint object at 0x7fc5d4b59be0>, 'energy': -1.4455, 'projections': {}}
bs_setyawan_curtarolo_efermi: -1.41604696
bs_hinuma_task_id: mp-2066390
bs_hinuma_band_gap: 3.0781
bs_hinuma_cbm: {'band_index': {'1': [40]}, 'kpoint_index': [0, 47, 48, 82], 'kpoint': <pymatgen.electronic_structure.bandstructure.Kpoint object at 0x7fc5d4b5a3c0>, 'energy': 1.6259000000000001, 'projections': {'1': [[0.0063, 0.0063, 0.06420000000000001, 0.06420000000000001, 0.007500000000000001, 0.007500000000000001, 0.007500000000000001, 0.007500000000000001, 0.007500000000000001, 0.007500000000000001, 0.007500000000000001, 0.007500000000000001], [0.0, 0.0, 0.0, 0.0, 0.0, 0.038900000000000004, 0.038900000000000004, 0.0, 0.0, 0.038900000000000004, 0.038900000000000004, 0.0], [0.0, 0.0, 0.0, 0.0, 0.0177, 0.0177, 0.0177, 0.0177, 0.0177, 0.0177, 0.0177, 0.0177], [0.0, 0.0, 0.0, 0.0, 0.038900000000000004, 0.0, 0.0, 0.038900000000000004, 0.038900000000000004, 0.0, 0.0, 0.038900000000000004], [0.0, 0.0, 0.0, 0.0, 0.0, 0.0, 0.0, 0.0, 0.0, 0.0, 0.0, 0.0], [0.0, 0.0, 0.0, 0.0, 0.0, 0.0, 0.0, 0.0, 0.0, 0.0, 0.0, 0.0], [0.002, 0.002, 0.0001, 0.0001, 0.0, 0.0, 0.0, 0.0, 0.0, 0.0, 0.0, 0.0], [0.0, 0.0, 0.0, 0.0, 0.0, 0.0, 0.0, 0.0, 0.0, 0.0, 0.0, 0.0], [0.0, 0.0, 0.0, 0.0, 0.0, 0.0, 0.0, 0.0, 0.0, 0.0, 0.0, 0.0]]}}
bs_hinuma_vbm: {'band_index': {'1': [39]}, 'kpoint_index': [0, 47, 48, 82], 'kpoint': <pymatgen.electronic_structure.bandstructure.Kpoint object at 0x7fc5d4b5a190>, 'energy': -1.4522, 'projections': {'1': [[0.0, 0.0, 0.0, 0.0, 0.0, 0.0, 0.0, 0.0, 0.0, 0.0, 0.0, 0.0], [0.0, 0.0, 0.0, 0.0, 0.094, 0.0, 0.0, 0.094, 0.094, 0.0, 0.0, 0.094], [0.0, 0.0, 0.0, 0.0, 0.0, 0.0, 0.0, 0.0, 0.0, 0.0, 0.0, 0.0], [0.0, 0.0, 0.0, 0.0, 0.0, 0.094, 0.094, 0.0, 0.0, 0.094, 0.094, 0.0], [0.0, 0.0, 0.0, 0.0, 0.0, 0.0, 0.0, 0.0, 0.0, 0.0, 0.0, 0.0], [0.0, 0.0, 0.0, 0.0, 0.0, 0.0, 0.0, 0.0, 0.0, 0.0, 0.0, 0.0], [0.0, 0.0, 0.0, 0.0, 0.0, 0.0, 0.0, 0.0, 0.0, 0.0, 0.0, 0.0], [0.0, 0.0, 0.0, 0.0, 0.0, 0.0, 0.0, 0.0, 0.0, 0.0, 0.0, 0.0], [0.0, 0.0, 0.0, 0.0, 0.0, 0.0, 0.0, 0.0, 0.0, 0.0, 0.0, 0.0]]}}
bs_hinuma_efermi: -1.4039466200000001
bs_latimer_munro_task_id: mp-2688426
bs_latimer_munro_band_gap: 3.0781
bs_latimer_munro_cbm: {'band_index': {'1': [40]}, 'kpoint_index': [24, 25, 80, 81, 98, 139, 140, 201, 202], 'kpoint': <pymatgen.electronic_structure.bandstructure.Kpoint object at 0x7fc5d4b5a200>, 'energy': 1.6259000000000001, 'projections': {'1': [[0.0063, 0.0063, 0.06420000000000001, 0.06420000000000001, 0.007500000000000001, 0.007500000000000001, 0.007500000000000001, 0.007500000000000001, 0.007500000000000001, 0.007500000000000001, 0.007500000000000001, 0.007500000000000001], [0.0, 0.0, 0.0, 0.0, 0.0, 0.038900000000000004, 0.038900000000000004, 0.0, 0.0, 0.038900000000000004, 0.038900000000000004, 0.0], [0.0, 0.0, 0.0, 0.0, 0.0177, 0.0177, 0.0177, 0.0177, 0.0177, 0.0177, 0.0177, 0.0177], [0.0, 0.0, 0.0, 0.0, 0.038900000000000004, 0.0, 0.0, 0.038900000000000004, 0.038900000000000004, 0.0, 0.0, 0.038900000000000004], [0.0, 0.0, 0.0, 0.0, 0.0, 0.0, 0.0, 0.0, 0.0, 0.0, 0.0, 0.0], [0.0, 0.0, 0.0, 0.0, 0.0, 0.0, 0.0, 0.0, 0.0, 0.0, 0.0, 0.0], [0.002, 0.002, 0.0001, 0.0001, 0.0, 0.0, 0.0, 0.0, 0.0, 0.0, 0.0, 0.0], [0.0, 0.0, 0.0, 0.0, 0.0, 0.0, 0.0, 0.0, 0.0, 0.0, 0.0, 0.0], [0.0, 0.0, 0.0, 0.0, 0.0, 0.0, 0.0, 0.0, 0.0, 0.0, 0.0, 0.0]]}}
bs_latimer_munro_vbm: {'band_index': {'1': [39]}, 'kpoint_index': [24, 25, 80, 81, 98, 139, 140, 201, 202], 'kpoint': <pymatgen.electronic_structure.bandstructure.Kpoint object at 0x7fc5d4b5a350>, 'energy': -1.4522, 'projections': {'1': [[0.0, 0.0, 0.0, 0.0, 0.0, 0.0, 0.0, 0.0, 0.0, 0.0, 0.0, 0.0], [0.0, 0.0, 0.0, 0.0, 0.094, 0.0, 0.0, 0.094, 0.094, 0.0, 0.0, 0.094], [0.0, 0.0, 0.0, 0.0, 0.0, 0.0, 0.0, 0.0, 0.0, 0.0, 0.0, 0.0], [0.0, 0.0, 0.0, 0.0, 0.0, 0.094, 0.094, 0.0, 0.0, 0.094, 0.094, 0.0], [0.0, 0.0, 0.0, 0.0, 0.0, 0.0, 0.0, 0.0, 0.0, 0.0, 0.0, 0.0], [0.0, 0.0, 0.0, 0.0, 0.0, 0.0, 0.0, 0.0, 0.0, 0.0, 0.0, 0.0], [0.0, 0.0, 0.0, 0.0, 0.0, 0.0, 0.0, 0.0, 0.0, 0.0, 0.0, 0.0], [0.0, 0.0, 0.0, 0.0, 0.0, 0.0, 0.0, 0.0, 0.0, 0.0, 0.0, 0.0], [0.0, 0.0, 0.0, 0.0, 0.0, 0.0, 0.0, 0.0, 0.0, 0.0, 0.0, 0.0]]}}
bs_latimer_munro_efermi: -1.3891209