material_id: mp-24292
band_gap: 2.236099999999999
efermi: 1.21048843
dos_magnetic_ordering: NM
dos_total_task_id: mp-2260272
dos_total_band_gap: 2.2273
dos_total_cbm: 3.3616
dos_total_vbm: 1.1343
dos_total_efermi: 1.12004761
bs_setyawan_curtarolo_task_id: mp-1595473
bs_setyawan_curtarolo_band_gap: 2.236099999999999
bs_setyawan_curtarolo_cbm: {'band_index': {'1': [20]}, 'kpoint_index': [17, 18, 120], 'kpoint': <pymatgen.electronic_structure.bandstructure.Kpoint object at 0x7fc699d63930>, 'energy': 3.3486000000000002, 'projections': {'1': [[0.0, 0.0, 0.0007, 0.0004, 0.0007, 0.0007, 0.0004, 0.0007, 0.0016], [0.0074, 0.0074, 0.0, 0.0048000000000000004, 0.0, 0.0, 0.0048000000000000004, 0.0, 0.0], [0.0, 0.0, 0.0024000000000000002, 0.0, 0.0, 0.0024000000000000002, 0.0, 0.0, 0.0], [0.0, 0.0, 0.0, 0.0, 0.0024000000000000002, 0.0, 0.0, 0.0024000000000000002, 0.0], [0.0, 0.0, 0.0, 0.0, 0.0, 0.0, 0.0, 0.0, 0.0], [0.0, 0.0, 0.0, 0.0, 0.0, 0.0, 0.0, 0.0, 0.0], [0.0, 0.0, 0.0, 0.0, 0.0, 0.0, 0.0, 0.0, 0.10840000000000001], [0.0346, 0.0346, 0.0, 0.0, 0.0, 0.0, 0.0, 0.0, 0.0], [0.0, 0.0, 0.0, 0.0, 0.0, 0.0, 0.0, 0.0, 0.3252]]}}
bs_setyawan_curtarolo_vbm: {'band_index': {'1': [17, 18, 19]}, 'kpoint_index': [0, 53, 54], 'kpoint': <pymatgen.electronic_structure.bandstructure.Kpoint object at 0x7fc5d4b59e80>, 'energy': 1.1125, 'projections': {'1': [[0.0, 0.0, 0.0, 0.0, 0.0, 0.0, 0.0, 0.0, 0.0], [0.0057, 0.0057, 0.0009000000000000001, 0.0, 0.0002, 0.0009000000000000001, 0.0, 0.0002, 0.0], [0.0013000000000000002, 0.0013000000000000002, 0.0, 0.0009000000000000001, 0.0009000000000000001, 0.0, 0.0009000000000000001, 0.0009000000000000001, 0.0], [0.0054, 0.0054, 0.0009000000000000001, 0.0002, 0.0, 0.0009000000000000001, 0.0002, 0.0, 0.0], [0.0005, 0.0005, 0.0, 0.0, 0.0, 0.0, 0.0, 0.0, 0.08030000000000001], [0.0019, 0.0019, 0.0, 0.0, 0.0, 0.0, 0.0, 0.0, 0.3327], [0.0, 0.0, 0.0, 0.0, 0.0, 0.0, 0.0, 0.0, 0.0], [0.002, 0.002, 0.0, 0.0, 0.0, 0.0, 0.0, 0.0, 0.3518], [0.0, 0.0, 0.0, 0.0, 0.0, 0.0, 0.0, 0.0, 0.0]]}}
bs_setyawan_curtarolo_efermi: 1.21048843
bs_hinuma_task_id: mp-2062697
bs_hinuma_band_gap: 2.236099999999999
bs_hinuma_cbm: {'band_index': {'1': [20]}, 'kpoint_index': [17, 18, 82], 'kpoint': <pymatgen.electronic_structure.bandstructure.Kpoint object at 0x7fc5d4b59be0>, 'energy': 3.3486000000000002, 'projections': {'1': [[0.0, 0.0, 0.0007, 0.0004, 0.0007, 0.0007, 0.0004, 0.0007, 0.0016], [0.0074, 0.0074, 0.0, 0.0048000000000000004, 0.0, 0.0, 0.0048000000000000004, 0.0, 0.0], [0.0, 0.0, 0.0024000000000000002, 0.0, 0.0, 0.0024000000000000002, 0.0, 0.0, 0.0], [0.0, 0.0, 0.0, 0.0, 0.0024000000000000002, 0.0, 0.0, 0.0024000000000000002, 0.0], [0.0, 0.0, 0.0, 0.0, 0.0, 0.0, 0.0, 0.0, 0.0], [0.0, 0.0, 0.0, 0.0, 0.0, 0.0, 0.0, 0.0, 0.0], [0.0, 0.0, 0.0, 0.0, 0.0, 0.0, 0.0, 0.0, 0.10840000000000001], [0.0346, 0.0346, 0.0, 0.0, 0.0, 0.0, 0.0, 0.0, 0.0], [0.0, 0.0, 0.0, 0.0, 0.0, 0.0, 0.0, 0.0, 0.3252]]}}
bs_hinuma_vbm: {'band_index': {'1': [17, 18, 19]}, 'kpoint_index': [0, 43, 44], 'kpoint': <pymatgen.electronic_structure.bandstructure.Kpoint object at 0x7fc5d4b5a200>, 'energy': 1.1125, 'projections': {'1': [[0.0, 0.0, 0.0, 0.0, 0.0, 0.0, 0.0, 0.0, 0.0], [0.0057, 0.0057, 0.0009000000000000001, 0.0, 0.0002, 0.0009000000000000001, 0.0, 0.0002, 0.0], [0.0013000000000000002, 0.0013000000000000002, 0.0, 0.0009000000000000001, 0.0009000000000000001, 0.0, 0.0009000000000000001, 0.0009000000000000001, 0.0], [0.0054, 0.0054, 0.0009000000000000001, 0.0002, 0.0, 0.0009000000000000001, 0.0002, 0.0, 0.0], [0.0005, 0.0005, 0.0, 0.0, 0.0, 0.0, 0.0, 0.0, 0.08030000000000001], [0.0019, 0.0019, 0.0, 0.0, 0.0, 0.0, 0.0, 0.0, 0.3327], [0.0, 0.0, 0.0, 0.0, 0.0, 0.0, 0.0, 0.0, 0.0], [0.002, 0.002, 0.0, 0.0, 0.0, 0.0, 0.0, 0.0, 0.3518], [0.0, 0.0, 0.0, 0.0, 0.0, 0.0, 0.0, 0.0, 0.0]]}}
bs_hinuma_efermi: 1.21048843
bs_latimer_munro_task_id: mp-2687873
bs_latimer_munro_band_gap: 2.236099999999999
bs_latimer_munro_cbm: {'band_index': {'1': [20]}, 'kpoint_index': [96, 97, 107], 'kpoint': <pymatgen.electronic_structure.bandstructure.Kpoint object at 0x7fc5d4b5a350>, 'energy': 3.3486000000000002, 'projections': {'1': [[0.0, 0.0, 0.0004, 0.0007, 0.0007, 0.0004, 0.0007, 0.0007, 0.0016], [0.0, 0.0, 0.0, 0.0024000000000000002, 0.0, 0.0, 0.0024000000000000002, 0.0, 0.0], [0.0074, 0.0074, 0.0048000000000000004, 0.0, 0.0, 0.0048000000000000004, 0.0, 0.0, 0.0], [0.0, 0.0, 0.0, 0.0, 0.0024000000000000002, 0.0, 0.0, 0.0024000000000000002, 0.0], [0.0346, 0.0346, 0.0, 0.0, 0.0, 0.0, 0.0, 0.0, 0.0], [0.0, 0.0, 0.0, 0.0, 0.0, 0.0, 0.0, 0.0, 0.0], [0.0, 0.0, 0.0, 0.0, 0.0, 0.0, 0.0, 0.0, 0.43360000000000004], [0.0, 0.0, 0.0, 0.0, 0.0, 0.0, 0.0, 0.0, 0.0], [0.0, 0.0, 0.0, 0.0, 0.0, 0.0, 0.0, 0.0, 0.0]]}}
bs_latimer_munro_vbm: {'band_index': {'1': [17, 18, 19]}, 'kpoint_index': [51, 52, 71, 124, 125], 'kpoint': <pymatgen.electronic_structure.bandstructure.Kpoint object at 0x7fc5d4b5a430>, 'energy': 1.1125, 'projections': {'1': [[0.0, 0.0, 0.0, 0.0, 0.0, 0.0, 0.0, 0.0, 0.0], [0.0008, 0.0008, 0.0008, 0.0, 0.0011, 0.0008, 0.0, 0.0011, 0.0], [0.0067, 0.0067, 0.0, 0.0008, 0.0001, 0.0, 0.0008, 0.0001, 0.0], [0.0048000000000000004, 0.0048000000000000004, 0.0001, 0.0011, 0.0, 0.0001, 0.0011, 0.0, 0.0], [0.0024000000000000002, 0.0024000000000000002, 0.0, 0.0, 0.0, 0.0, 0.0, 0.0, 0.4153], [0.0017000000000000001, 0.0017000000000000001, 0.0, 0.0, 0.0, 0.0, 0.0, 0.0, 0.2969], [0.0, 0.0, 0.0, 0.0, 0.0, 0.0, 0.0, 0.0, 0.0], [0.00030000000000000003, 0.00030000000000000003, 0.0, 0.0, 0.0, 0.0, 0.0, 0.0, 0.052700000000000004], [0.0, 0.0, 0.0, 0.0, 0.0, 0.0, 0.0, 0.0, 0.0]]}}
bs_latimer_munro_efermi: 1.18731404