material_id: mp-23413
band_gap: 2.938799999999999
efermi: 2.6656796
dos_magnetic_ordering: NM
dos_total_task_id: mp-1675438
dos_total_band_gap: 2.9458
dos_total_cbm: 5.586
dos_total_vbm: 2.6402
dos_total_efermi: 2.64181269
bs_setyawan_curtarolo_task_id: mp-1605376
bs_setyawan_curtarolo_band_gap: 2.938799999999999
bs_setyawan_curtarolo_cbm: {'band_index': {'1': [80, 81]}, 'kpoint_index': ['30'], 'kpoint': <pymatgen.electronic_structure.bandstructure.Kpoint object at 0x7fc699d63930>, 'energy': 5.5618, 'projections': {'1': [[0.0009000000000000001, 0.0009000000000000001, 0.0006000000000000001, 0.0006000000000000001, 0.0019, 0.0019, 0.0029000000000000002, 0.0029000000000000002, 0.0023, 0.0007, 0.0007, 0.0023, 0.0029000000000000002, 0.0013000000000000002, 0.0013000000000000002, 0.0029000000000000002, 0.0001, 0.0, 0.0, 0.0001, 0.0001, 0.0, 0.0, 0.0001], [0.0002, 0.0002, 0.0004, 0.0004, 0.0165, 0.0165, 0.0109, 0.0109, 0.0023, 0.0027, 0.0026000000000000003, 0.0024000000000000002, 0.0016, 0.002, 0.002, 0.0017000000000000001, 0.001, 0.0016, 0.0016, 0.001, 0.0016, 0.0022, 0.0022, 0.0016], [0.0007, 0.0007, 0.0007, 0.0006000000000000001, 0.0001, 0.0001, 0.0001, 0.0001, 0.0004, 0.0006000000000000001, 0.0007, 0.0004, 0.00030000000000000003, 0.0005, 0.0005, 0.00030000000000000003, 0.0024000000000000002, 0.0011, 0.0011, 0.0024000000000000002, 0.0021000000000000003, 0.0008, 0.0008, 0.0021000000000000003], [0.0, 0.0, 0.0, 0.0, 0.0155, 0.0155, 0.0234, 0.0234, 0.0019, 0.0019, 0.0019, 0.0019, 0.0012000000000000001, 0.0013000000000000002, 0.0013000000000000002, 0.0013000000000000002, 0.0004, 0.00030000000000000003, 0.00030000000000000003, 0.0004, 0.0004, 0.00030000000000000003, 0.00030000000000000003, 0.0004], [0.019200000000000002, 0.0189, 0.0285, 0.028200000000000003, 0.0019, 0.0019, 0.0013000000000000002, 0.0013000000000000002, 0.0, 0.0, 0.0, 0.0, 0.0, 0.0, 0.0, 0.0, 0.0, 0.0, 0.0, 0.0, 0.0, 0.0, 0.0, 0.0], [0.0432, 0.0437, 0.06420000000000001, 0.06470000000000001, 0.0, 0.0, 0.0, 0.0, 0.0, 0.0, 0.0, 0.0, 0.0, 0.0, 0.0, 0.0, 0.0, 0.0, 0.0, 0.0, 0.0, 0.0, 0.0, 0.0], [0.0263, 0.027100000000000003, 0.0238, 0.0245, 0.0001, 0.0001, 0.0002, 0.0002, 0.0, 0.0, 0.0, 0.0, 0.0, 0.0, 0.0, 0.0, 0.0, 0.0, 0.0, 0.0, 0.0, 0.0, 0.0, 0.0], [0.028, 0.028900000000000002, 0.0317, 0.032600000000000004, 0.0001, 0.0001, 0.0, 0.0, 0.0, 0.0, 0.0, 0.0, 0.0, 0.0, 0.0, 0.0, 0.0, 0.0, 0.0, 0.0, 0.0, 0.0, 0.0, 0.0], [0.0095, 0.0092, 0.012100000000000001, 0.0119, 0.0001, 0.0001, 0.0002, 0.0002, 0.0, 0.0, 0.0, 0.0, 0.0, 0.0, 0.0, 0.0, 0.0, 0.0, 0.0, 0.0, 0.0, 0.0, 0.0, 0.0]]}}
bs_setyawan_curtarolo_vbm: {'band_index': {'1': [79]}, 'kpoint_index': [0, 51, 52], 'kpoint': <pymatgen.electronic_structure.bandstructure.Kpoint object at 0x7fc5d4b5a350>, 'energy': 2.623, 'projections': {'1': [[0.0, 0.0, 0.0, 0.0, 0.0033, 0.0033, 0.0033, 0.0033, 0.0, 0.0, 0.0, 0.0, 0.0, 0.0, 0.0, 0.0, 0.0001, 0.0001, 0.0001, 0.0001, 0.0001, 0.0001, 0.0001, 0.0001], [0.0, 0.0, 0.0, 0.0, 0.0, 0.0, 0.0, 0.0, 0.0016, 0.0016, 0.0016, 0.0016, 0.0016, 0.0016, 0.0016, 0.0016, 0.044500000000000005, 0.044500000000000005, 0.044500000000000005, 0.044500000000000005, 0.044500000000000005, 0.044500000000000005, 0.044500000000000005, 0.044500000000000005], [0.00030000000000000003, 0.00030000000000000003, 0.00030000000000000003, 0.00030000000000000003, 0.0, 0.0, 0.0, 0.0, 0.0045000000000000005, 0.0045000000000000005, 0.0045000000000000005, 0.0045000000000000005, 0.0045000000000000005, 0.0045000000000000005, 0.0045000000000000005, 0.0045000000000000005, 0.006200000000000001, 0.006200000000000001, 0.006200000000000001, 0.006200000000000001, 0.006200000000000001, 0.006200000000000001, 0.006200000000000001, 0.006200000000000001], [0.0, 0.0, 0.0, 0.0, 0.0025, 0.0025, 0.0025, 0.0025, 0.0, 0.0, 0.0, 0.0, 0.0, 0.0, 0.0, 0.0, 0.0358, 0.0358, 0.0358, 0.0358, 0.0358, 0.0358, 0.0358, 0.0358], [0.0, 0.0, 0.0, 0.0, 0.0, 0.0, 0.0, 0.0, 0.0, 0.0, 0.0, 0.0, 0.0, 0.0, 0.0, 0.0, 0.0, 0.0, 0.0, 0.0, 0.0, 0.0, 0.0, 0.0], [0.0001, 0.0001, 0.0001, 0.0001, 0.0, 0.0, 0.0, 0.0, 0.0, 0.0, 0.0, 0.0, 0.0, 0.0, 0.0, 0.0, 0.0, 0.0, 0.0, 0.0, 0.0, 0.0, 0.0, 0.0], [0.0, 0.0, 0.0, 0.0, 0.0001, 0.0001, 0.0001, 0.0001, 0.0, 0.0, 0.0, 0.0, 0.0, 0.0, 0.0, 0.0, 0.0, 0.0, 0.0, 0.0, 0.0, 0.0, 0.0, 0.0], [0.0, 0.0, 0.0, 0.0, 0.0, 0.0, 0.0, 0.0, 0.0, 0.0, 0.0, 0.0, 0.0, 0.0, 0.0, 0.0, 0.0, 0.0, 0.0, 0.0, 0.0, 0.0, 0.0, 0.0], [0.0, 0.0, 0.0, 0.0, 0.00030000000000000003, 0.00030000000000000003, 0.00030000000000000003, 0.00030000000000000003, 0.0, 0.0, 0.0, 0.0, 0.0, 0.0, 0.0, 0.0, 0.0, 0.0, 0.0, 0.0, 0.0, 0.0, 0.0, 0.0]]}}
bs_setyawan_curtarolo_efermi: 2.6656796
bs_hinuma_task_id: mp-2170403
bs_hinuma_band_gap: 2.938799999999999
bs_hinuma_cbm: {'band_index': {'1': [80, 81]}, 'kpoint_index': ['30'], 'kpoint': <pymatgen.electronic_structure.bandstructure.Kpoint object at 0x7fc5d4b5a3c0>, 'energy': 5.5618, 'projections': {'1': [[0.0009000000000000001, 0.0009000000000000001, 0.0006000000000000001, 0.0006000000000000001, 0.0019, 0.0019, 0.0029000000000000002, 0.0029000000000000002, 0.0023, 0.0007, 0.0007, 0.0023, 0.0029000000000000002, 0.0013000000000000002, 0.0013000000000000002, 0.0029000000000000002, 0.0001, 0.0, 0.0, 0.0001, 0.0001, 0.0, 0.0, 0.0001], [0.0002, 0.0002, 0.0004, 0.0004, 0.0165, 0.0165, 0.0109, 0.0109, 0.0023, 0.0027, 0.0026000000000000003, 0.0024000000000000002, 0.0016, 0.002, 0.002, 0.0017000000000000001, 0.001, 0.0016, 0.0016, 0.001, 0.0016, 0.0022, 0.0022, 0.0016], [0.0007, 0.0007, 0.0007, 0.0006000000000000001, 0.0001, 0.0001, 0.0001, 0.0001, 0.0004, 0.0006000000000000001, 0.0007, 0.0004, 0.00030000000000000003, 0.0005, 0.0005, 0.00030000000000000003, 0.0024000000000000002, 0.0011, 0.0011, 0.0024000000000000002, 0.0021000000000000003, 0.0008, 0.0008, 0.0021000000000000003], [0.0, 0.0, 0.0, 0.0, 0.0155, 0.0155, 0.0234, 0.0234, 0.0019, 0.0019, 0.0019, 0.0019, 0.0012000000000000001, 0.0013000000000000002, 0.0013000000000000002, 0.0013000000000000002, 0.0004, 0.00030000000000000003, 0.00030000000000000003, 0.0004, 0.0004, 0.00030000000000000003, 0.00030000000000000003, 0.0004], [0.019200000000000002, 0.0189, 0.0285, 0.028200000000000003, 0.0019, 0.0019, 0.0013000000000000002, 0.0013000000000000002, 0.0, 0.0, 0.0, 0.0, 0.0, 0.0, 0.0, 0.0, 0.0, 0.0, 0.0, 0.0, 0.0, 0.0, 0.0, 0.0], [0.0432, 0.0437, 0.06420000000000001, 0.06470000000000001, 0.0, 0.0, 0.0, 0.0, 0.0, 0.0, 0.0, 0.0, 0.0, 0.0, 0.0, 0.0, 0.0, 0.0, 0.0, 0.0, 0.0, 0.0, 0.0, 0.0], [0.0263, 0.027100000000000003, 0.0238, 0.0245, 0.0001, 0.0001, 0.0002, 0.0002, 0.0, 0.0, 0.0, 0.0, 0.0, 0.0, 0.0, 0.0, 0.0, 0.0, 0.0, 0.0, 0.0, 0.0, 0.0, 0.0], [0.028, 0.028900000000000002, 0.0317, 0.032600000000000004, 0.0001, 0.0001, 0.0, 0.0, 0.0, 0.0, 0.0, 0.0, 0.0, 0.0, 0.0, 0.0, 0.0, 0.0, 0.0, 0.0, 0.0, 0.0, 0.0, 0.0], [0.0095, 0.0092, 0.012100000000000001, 0.0119, 0.0001, 0.0001, 0.0002, 0.0002, 0.0, 0.0, 0.0, 0.0, 0.0, 0.0, 0.0, 0.0, 0.0, 0.0, 0.0, 0.0, 0.0, 0.0, 0.0, 0.0]]}}
bs_hinuma_vbm: {'band_index': {'1': [79]}, 'kpoint_index': [0, 51, 52], 'kpoint': <pymatgen.electronic_structure.bandstructure.Kpoint object at 0x7fc5d4b59c50>, 'energy': 2.623, 'projections': {'1': [[0.0, 0.0, 0.0, 0.0, 0.0033, 0.0033, 0.0033, 0.0033, 0.0, 0.0, 0.0, 0.0, 0.0, 0.0, 0.0, 0.0, 0.0001, 0.0001, 0.0001, 0.0001, 0.0001, 0.0001, 0.0001, 0.0001], [0.0, 0.0, 0.0, 0.0, 0.0, 0.0, 0.0, 0.0, 0.0016, 0.0016, 0.0016, 0.0016, 0.0016, 0.0016, 0.0016, 0.0016, 0.044500000000000005, 0.044500000000000005, 0.044500000000000005, 0.044500000000000005, 0.044500000000000005, 0.044500000000000005, 0.044500000000000005, 0.044500000000000005], [0.00030000000000000003, 0.00030000000000000003, 0.00030000000000000003, 0.00030000000000000003, 0.0, 0.0, 0.0, 0.0, 0.0045000000000000005, 0.0045000000000000005, 0.0045000000000000005, 0.0045000000000000005, 0.0045000000000000005, 0.0045000000000000005, 0.0045000000000000005, 0.0045000000000000005, 0.006200000000000001, 0.006200000000000001, 0.006200000000000001, 0.006200000000000001, 0.006200000000000001, 0.006200000000000001, 0.006200000000000001, 0.006200000000000001], [0.0, 0.0, 0.0, 0.0, 0.0025, 0.0025, 0.0025, 0.0025, 0.0, 0.0, 0.0, 0.0, 0.0, 0.0, 0.0, 0.0, 0.0358, 0.0358, 0.0358, 0.0358, 0.0358, 0.0358, 0.0358, 0.0358], [0.0, 0.0, 0.0, 0.0, 0.0, 0.0, 0.0, 0.0, 0.0, 0.0, 0.0, 0.0, 0.0, 0.0, 0.0, 0.0, 0.0, 0.0, 0.0, 0.0, 0.0, 0.0, 0.0, 0.0], [0.0001, 0.0001, 0.0001, 0.0001, 0.0, 0.0, 0.0, 0.0, 0.0, 0.0, 0.0, 0.0, 0.0, 0.0, 0.0, 0.0, 0.0, 0.0, 0.0, 0.0, 0.0, 0.0, 0.0, 0.0], [0.0, 0.0, 0.0, 0.0, 0.0001, 0.0001, 0.0001, 0.0001, 0.0, 0.0, 0.0, 0.0, 0.0, 0.0, 0.0, 0.0, 0.0, 0.0, 0.0, 0.0, 0.0, 0.0, 0.0, 0.0], [0.0, 0.0, 0.0, 0.0, 0.0, 0.0, 0.0, 0.0, 0.0, 0.0, 0.0, 0.0, 0.0, 0.0, 0.0, 0.0, 0.0, 0.0, 0.0, 0.0, 0.0, 0.0, 0.0, 0.0], [0.0, 0.0, 0.0, 0.0, 0.00030000000000000003, 0.00030000000000000003, 0.00030000000000000003, 0.00030000000000000003, 0.0, 0.0, 0.0, 0.0, 0.0, 0.0, 0.0, 0.0, 0.0, 0.0, 0.0, 0.0, 0.0, 0.0, 0.0, 0.0]]}}
bs_hinuma_efermi: 2.6656796
bs_latimer_munro_task_id: mp-2686149
bs_latimer_munro_band_gap: 2.938799999999999
bs_latimer_munro_cbm: {'band_index': {'1': [80, 81]}, 'kpoint_index': ['190'], 'kpoint': <pymatgen.electronic_structure.bandstructure.Kpoint object at 0x7fc5d4b59be0>, 'energy': 5.5618, 'projections': {'1': [[0.0, 0.0, 0.0015, 0.0015, 0.0048000000000000004, 0.0048000000000000004, 0.0, 0.0, 0.0033, 0.0032, 0.0031000000000000003, 0.0034000000000000002, 0.0004, 0.00030000000000000003, 0.0002, 0.0006000000000000001, 0.0, 0.0, 0.0, 0.0, 0.0001, 0.0001, 0.0001, 0.0001], [0.0006000000000000001, 0.0006000000000000001, 0.0, 0.0, 0.0002, 0.0002, 0.027200000000000002, 0.027200000000000002, 0.0004, 0.0007, 0.0004, 0.0006000000000000001, 0.0037, 0.004, 0.0037, 0.0039000000000000003, 0.0031000000000000003, 0.0032, 0.0032, 0.0031000000000000003, 0.0, 0.0002, 0.0001, 0.0001], [0.0006000000000000001, 0.0005, 0.0009000000000000001, 0.0008, 0.0, 0.0, 0.0002, 0.0002, 0.0002, 0.0001, 0.0002, 0.0001, 0.0008, 0.0008, 0.0008, 0.0007, 0.0011, 0.0007, 0.0009000000000000001, 0.0008, 0.0025, 0.0021000000000000003, 0.0023, 0.0023], [0.0, 0.0, 0.0, 0.0, 0.0386, 0.0386, 0.00030000000000000003, 0.00030000000000000003, 0.0, 0.0001, 0.0, 0.0001, 0.003, 0.0031000000000000003, 0.003, 0.0031000000000000003, 0.0002, 0.0002, 0.0001, 0.0002, 0.0005, 0.0006000000000000001, 0.0005, 0.0006000000000000001], [0.046700000000000005, 0.0454, 0.002, 0.0007, 0.0, 0.0, 0.0031000000000000003, 0.0031000000000000003, 0.0, 0.0, 0.0, 0.0, 0.0, 0.0, 0.0, 0.0, 0.0, 0.0, 0.0, 0.0, 0.0, 0.0, 0.0, 0.0], [0.1028, 0.106, 0.0018000000000000002, 0.005, 0.0, 0.0, 0.0, 0.0, 0.0, 0.0, 0.0, 0.0, 0.0, 0.0, 0.0, 0.0, 0.0, 0.0, 0.0, 0.0, 0.0, 0.0, 0.0, 0.0], [0.017, 0.0217, 0.0292, 0.0339, 0.00030000000000000003, 0.00030000000000000003, 0.0, 0.0, 0.0, 0.0, 0.0, 0.0, 0.0, 0.0, 0.0, 0.0, 0.0, 0.0, 0.0, 0.0, 0.0, 0.0, 0.0, 0.0], [0.0363, 0.041800000000000004, 0.0188, 0.024300000000000002, 0.0, 0.0, 0.0001, 0.0001, 0.0, 0.0, 0.0, 0.0, 0.0, 0.0, 0.0, 0.0, 0.0, 0.0, 0.0, 0.0, 0.0, 0.0, 0.0, 0.0], [0.0179, 0.016300000000000002, 0.005, 0.0034000000000000002, 0.00030000000000000003, 0.00030000000000000003, 0.0, 0.0, 0.0, 0.0, 0.0, 0.0, 0.0, 0.0, 0.0, 0.0, 0.0, 0.0, 0.0, 0.0, 0.0, 0.0, 0.0, 0.0]]}}
bs_latimer_munro_vbm: {'band_index': {'1': [79]}, 'kpoint_index': [26, 27, 131, 132, 211, 212], 'kpoint': <pymatgen.electronic_structure.bandstructure.Kpoint object at 0x7fc5d4b59e80>, 'energy': 2.623, 'projections': {'1': [[0.0, 0.0, 0.0, 0.0, 0.0033, 0.0033, 0.0033, 0.0033, 0.0, 0.0, 0.0, 0.0, 0.0, 0.0, 0.0, 0.0, 0.0001, 0.0001, 0.0001, 0.0001, 0.0001, 0.0001, 0.0001, 0.0001], [0.0, 0.0, 0.0, 0.0, 0.0, 0.0, 0.0, 0.0, 0.0016, 0.0016, 0.0016, 0.0016, 0.0016, 0.0016, 0.0016, 0.0016, 0.044500000000000005, 0.044500000000000005, 0.044500000000000005, 0.044500000000000005, 0.044500000000000005, 0.044500000000000005, 0.044500000000000005, 0.044500000000000005], [0.00030000000000000003, 0.00030000000000000003, 0.00030000000000000003, 0.00030000000000000003, 0.0, 0.0, 0.0, 0.0, 0.0045000000000000005, 0.0045000000000000005, 0.0045000000000000005, 0.0045000000000000005, 0.0045000000000000005, 0.0045000000000000005, 0.0045000000000000005, 0.0045000000000000005, 0.006200000000000001, 0.006200000000000001, 0.006200000000000001, 0.006200000000000001, 0.006200000000000001, 0.006200000000000001, 0.006200000000000001, 0.006200000000000001], [0.0, 0.0, 0.0, 0.0, 0.0025, 0.0025, 0.0025, 0.0025, 0.0, 0.0, 0.0, 0.0, 0.0, 0.0, 0.0, 0.0, 0.0358, 0.0358, 0.0358, 0.0358, 0.0358, 0.0358, 0.0358, 0.0358], [0.0, 0.0, 0.0, 0.0, 0.0, 0.0, 0.0, 0.0, 0.0, 0.0, 0.0, 0.0, 0.0, 0.0, 0.0, 0.0, 0.0, 0.0, 0.0, 0.0, 0.0, 0.0, 0.0, 0.0], [0.0001, 0.0001, 0.0001, 0.0001, 0.0, 0.0, 0.0, 0.0, 0.0, 0.0, 0.0, 0.0, 0.0, 0.0, 0.0, 0.0, 0.0, 0.0, 0.0, 0.0, 0.0, 0.0, 0.0, 0.0], [0.0, 0.0, 0.0, 0.0, 0.0001, 0.0001, 0.0001, 0.0001, 0.0, 0.0, 0.0, 0.0, 0.0, 0.0, 0.0, 0.0, 0.0, 0.0, 0.0, 0.0, 0.0, 0.0, 0.0, 0.0], [0.0, 0.0, 0.0, 0.0, 0.0, 0.0, 0.0, 0.0, 0.0, 0.0, 0.0, 0.0, 0.0, 0.0, 0.0, 0.0, 0.0, 0.0, 0.0, 0.0, 0.0, 0.0, 0.0, 0.0], [0.0, 0.0, 0.0, 0.0, 0.00030000000000000003, 0.00030000000000000003, 0.00030000000000000003, 0.00030000000000000003, 0.0, 0.0, 0.0, 0.0, 0.0, 0.0, 0.0, 0.0, 0.0, 0.0, 0.0, 0.0, 0.0, 0.0, 0.0, 0.0]]}}
bs_latimer_munro_efermi: 2.68915366