material_id: mp-27386
band_gap: 2.7263
efermi: -0.91551651
dos_magnetic_ordering: NM
dos_total_task_id: mp-1707890
dos_total_band_gap: 2.7082
dos_total_cbm: 1.7356
dos_total_vbm: -0.9726
dos_total_efermi: -0.98017276
bs_setyawan_curtarolo_task_id: mp-1606101
bs_setyawan_curtarolo_band_gap: 2.7263
bs_setyawan_curtarolo_cbm: {'band_index': {'1': [75]}, 'kpoint_index': [0, 70, 71, 91], 'kpoint': <pymatgen.electronic_structure.bandstructure.Kpoint object at 0x7fc699d63930>, 'energy': 1.7433, 'projections': {'1': [[0.0058000000000000005, 0.0363, 0.040600000000000004, 0.040600000000000004, 0.040600000000000004, 0.040600000000000004, 0.0026000000000000003, 0.0068000000000000005, 0.0068000000000000005, 0.0068000000000000005, 0.0068000000000000005, 0.0073, 0.0077, 0.0077, 0.0073, 0.0073, 0.0073], [0.0, 0.0, 0.0, 0.0, 0.0, 0.0, 0.0, 0.0005, 0.0005, 0.0005, 0.0005, 0.0, 0.0006000000000000001, 0.0006000000000000001, 0.0, 0.0, 0.0], [0.0, 0.0, 0.0, 0.0, 0.0, 0.0, 0.0, 0.022, 0.022, 0.022, 0.022, 0.0228, 0.0233, 0.0233, 0.0228, 0.0228, 0.0228], [0.0, 0.0, 0.0, 0.0, 0.0, 0.0, 0.0, 0.003, 0.003, 0.003, 0.003, 0.001, 0.0, 0.0, 0.001, 0.001, 0.001], [0.0, 0.0, 0.0, 0.0, 0.0, 0.0, 0.0, 0.0, 0.0, 0.0, 0.0, 0.0, 0.0, 0.0, 0.0, 0.0, 0.0], [0.0001, 0.0045000000000000005, 0.0001, 0.0001, 0.0001, 0.0001, 0.0, 0.0, 0.0, 0.0, 0.0, 0.0, 0.0, 0.0, 0.0, 0.0, 0.0], [0.0, 0.0154, 0.0137, 0.0137, 0.0137, 0.0137, 0.0, 0.0, 0.0, 0.0, 0.0, 0.0, 0.0, 0.0, 0.0, 0.0, 0.0], [0.0, 0.0, 0.0046, 0.0046, 0.0046, 0.0046, 0.0, 0.0, 0.0, 0.0, 0.0, 0.0, 0.0, 0.0, 0.0, 0.0, 0.0], [0.0, 0.0002, 0.0002, 0.0002, 0.0002, 0.0002, 0.0, 0.0, 0.0, 0.0, 0.0, 0.0, 0.0, 0.0, 0.0, 0.0, 0.0]]}}
bs_setyawan_curtarolo_vbm: {'band_index': {'1': [74]}, 'kpoint_index': [34, 35], 'kpoint': <pymatgen.electronic_structure.bandstructure.Kpoint object at 0x7fc5d4b5a350>, 'energy': -0.983, 'projections': {'1': [[0.12050000000000001, 0.0, 0.0002, 0.0002, 0.0002, 0.0002, 0.0, 0.0, 0.0, 0.0, 0.0, 0.0, 0.0, 0.0, 0.0, 0.0, 0.0], [0.0, 0.0, 0.0001, 0.0001, 0.0001, 0.0001, 0.20620000000000002, 0.0024000000000000002, 0.0024000000000000002, 0.0024000000000000002, 0.0024000000000000002, 0.0011, 0.0022, 0.0022, 0.0011, 0.0011, 0.0011], [0.0, 0.0, 0.0, 0.0, 0.0, 0.0, 0.3264, 0.0001, 0.0001, 0.0001, 0.0001, 0.0016, 0.00030000000000000003, 0.00030000000000000003, 0.0016, 0.0016, 0.0016], [0.0, 0.0, 0.0, 0.0, 0.0, 0.0, 0.0, 0.0019, 0.0019, 0.0019, 0.0019, 0.0, 0.0, 0.0, 0.0, 0.0, 0.0], [0.0, 0.0, 0.0001, 0.0001, 0.0001, 0.0001, 0.0, 0.0, 0.0, 0.0, 0.0, 0.0, 0.0, 0.0, 0.0, 0.0, 0.0], [0.0035, 0.0005, 0.0001, 0.0001, 0.0001, 0.0001, 0.0, 0.0, 0.0, 0.0, 0.0, 0.0, 0.0, 0.0, 0.0, 0.0, 0.0], [0.0031000000000000003, 0.0, 0.0001, 0.0001, 0.0001, 0.0001, 0.0, 0.0, 0.0, 0.0, 0.0, 0.0, 0.0, 0.0, 0.0, 0.0, 0.0], [0.0, 0.0, 0.0013000000000000002, 0.0013000000000000002, 0.0013000000000000002, 0.0013000000000000002, 0.0, 0.0, 0.0, 0.0, 0.0, 0.0, 0.0, 0.0, 0.0, 0.0, 0.0], [0.00030000000000000003, 0.0001, 0.0, 0.0, 0.0, 0.0, 0.0, 0.0, 0.0, 0.0, 0.0, 0.0, 0.0, 0.0, 0.0, 0.0, 0.0]]}}
bs_setyawan_curtarolo_efermi: -0.91551651
bs_latimer_munro_task_id: mp-2312489
bs_latimer_munro_band_gap: 2.7263
bs_latimer_munro_cbm: {'band_index': {'1': [75]}, 'kpoint_index': [12, 13, 50, 51, 82, 83, 96, 109, 168, 190, 199], 'kpoint': <pymatgen.electronic_structure.bandstructure.Kpoint object at 0x7fc5d4b5a190>, 'energy': 1.7433, 'projections': {'1': [[0.0058000000000000005, 0.0363, 0.040600000000000004, 0.040600000000000004, 0.040600000000000004, 0.040600000000000004, 0.0026000000000000003, 0.0068000000000000005, 0.0068000000000000005, 0.0068000000000000005, 0.0068000000000000005, 0.0073, 0.0077, 0.0077, 0.0073, 0.0073, 0.0073], [0.0, 0.0, 0.0, 0.0, 0.0, 0.0, 0.0, 0.0005, 0.0005, 0.0005, 0.0005, 0.0, 0.0006000000000000001, 0.0006000000000000001, 0.0, 0.0, 0.0], [0.0, 0.0, 0.0, 0.0, 0.0, 0.0, 0.0, 0.022, 0.022, 0.022, 0.022, 0.0228, 0.0233, 0.0233, 0.0228, 0.0228, 0.0228], [0.0, 0.0, 0.0, 0.0, 0.0, 0.0, 0.0, 0.003, 0.003, 0.003, 0.003, 0.001, 0.0, 0.0, 0.001, 0.001, 0.001], [0.0, 0.0, 0.0, 0.0, 0.0, 0.0, 0.0, 0.0, 0.0, 0.0, 0.0, 0.0, 0.0, 0.0, 0.0, 0.0, 0.0], [0.0001, 0.0045000000000000005, 0.0001, 0.0001, 0.0001, 0.0001, 0.0, 0.0, 0.0, 0.0, 0.0, 0.0, 0.0, 0.0, 0.0, 0.0, 0.0], [0.0, 0.0154, 0.0137, 0.0137, 0.0137, 0.0137, 0.0, 0.0, 0.0, 0.0, 0.0, 0.0, 0.0, 0.0, 0.0, 0.0, 0.0], [0.0, 0.0, 0.0046, 0.0046, 0.0046, 0.0046, 0.0, 0.0, 0.0, 0.0, 0.0, 0.0, 0.0, 0.0, 0.0, 0.0, 0.0], [0.0, 0.0002, 0.0002, 0.0002, 0.0002, 0.0002, 0.0, 0.0, 0.0, 0.0, 0.0, 0.0, 0.0, 0.0, 0.0, 0.0, 0.0]]}}
bs_latimer_munro_vbm: {'band_index': {'1': [74]}, 'kpoint_index': [31, 32, 39], 'kpoint': <pymatgen.electronic_structure.bandstructure.Kpoint object at 0x7fc5d4b5a200>, 'energy': -0.983, 'projections': {'1': [[0.12050000000000001, 0.0, 0.0002, 0.0002, 0.0002, 0.0002, 0.0, 0.0, 0.0, 0.0, 0.0, 0.0, 0.0, 0.0, 0.0, 0.0, 0.0], [0.0, 0.0, 0.0001, 0.0001, 0.0001, 0.0001, 0.20620000000000002, 0.0024000000000000002, 0.0024000000000000002, 0.0024000000000000002, 0.0024000000000000002, 0.0011, 0.0022, 0.0022, 0.0011, 0.0011, 0.0011], [0.0, 0.0, 0.0, 0.0, 0.0, 0.0, 0.3264, 0.0001, 0.0001, 0.0001, 0.0001, 0.0016, 0.00030000000000000003, 0.00030000000000000003, 0.0016, 0.0016, 0.0016], [0.0, 0.0, 0.0, 0.0, 0.0, 0.0, 0.0, 0.0019, 0.0019, 0.0019, 0.0019, 0.0, 0.0, 0.0, 0.0, 0.0, 0.0], [0.0, 0.0, 0.0001, 0.0001, 0.0001, 0.0001, 0.0, 0.0, 0.0, 0.0, 0.0, 0.0, 0.0, 0.0, 0.0, 0.0, 0.0], [0.0035, 0.0005, 0.0001, 0.0001, 0.0001, 0.0001, 0.0, 0.0, 0.0, 0.0, 0.0, 0.0, 0.0, 0.0, 0.0, 0.0, 0.0], [0.0031000000000000003, 0.0, 0.0001, 0.0001, 0.0001, 0.0001, 0.0, 0.0, 0.0, 0.0, 0.0, 0.0, 0.0, 0.0, 0.0, 0.0, 0.0], [0.0, 0.0, 0.0013000000000000002, 0.0013000000000000002, 0.0013000000000000002, 0.0013000000000000002, 0.0, 0.0, 0.0, 0.0, 0.0, 0.0, 0.0, 0.0, 0.0, 0.0, 0.0], [0.00030000000000000003, 0.0001, 0.0, 0.0, 0.0, 0.0, 0.0, 0.0, 0.0, 0.0, 0.0, 0.0, 0.0, 0.0, 0.0, 0.0, 0.0]]}}
bs_latimer_munro_efermi: -0.87052404