material_id: mp-23199
band_gap: 5.1132
efermi: -0.01407619
dos_magnetic_ordering: NM
dos_total_task_id: mp-2275990
dos_total_band_gap: 5.1023
dos_total_cbm: 5.0302
dos_total_vbm: -0.0721
dos_total_efermi: -0.06973667
bs_setyawan_curtarolo_task_id: mp-688067
bs_setyawan_curtarolo_band_gap: 5.1132
bs_setyawan_curtarolo_cbm: {'band_index': {'1': [48]}, 'kpoint_index': [0, 47, 48], 'kpoint': <pymatgen.electronic_structure.bandstructure.Kpoint object at 0x7fc699d63930>, 'energy': 5.0383, 'projections': {}}
bs_setyawan_curtarolo_vbm: {'band_index': {'1': [47]}, 'kpoint_index': [0, 47, 48], 'kpoint': <pymatgen.electronic_structure.bandstructure.Kpoint object at 0x7fc5d4b5a350>, 'energy': -0.07490000000000001, 'projections': {}}
bs_setyawan_curtarolo_efermi: -0.01407619
bs_hinuma_task_id: mp-2065551
bs_hinuma_band_gap: 5.111599999999999
bs_hinuma_cbm: {'band_index': {'1': [48]}, 'kpoint_index': [0, 47, 48], 'kpoint': <pymatgen.electronic_structure.bandstructure.Kpoint object at 0x7fc5d4b59d30>, 'energy': 5.0371, 'projections': {'1': [[0.0006000000000000001, 0.0006000000000000001, 0.0006000000000000001, 0.0006000000000000001, 0.0012000000000000001, 0.0012000000000000001, 0.0012000000000000001, 0.0012000000000000001, 0.0032, 0.0032, 0.0032, 0.0032], [0.0, 0.0, 0.0, 0.0, 0.0011, 0.0011, 0.0011, 0.0011, 0.0, 0.0, 0.0, 0.0], [0.0, 0.0, 0.0, 0.0, 0.0, 0.0, 0.0, 0.0, 0.0016, 0.0016, 0.0016, 0.0016], [0.0, 0.0, 0.0, 0.0, 0.0, 0.0, 0.0, 0.0, 0.0, 0.0, 0.0, 0.0], [0.0, 0.0, 0.0, 0.0, 0.0, 0.0, 0.0, 0.0, 0.0, 0.0, 0.0, 0.0], [0.0029000000000000002, 0.0029000000000000002, 0.0029000000000000002, 0.0029000000000000002, 0.0, 0.0, 0.0, 0.0, 0.0, 0.0, 0.0, 0.0], [0.013600000000000001, 0.013600000000000001, 0.013600000000000001, 0.013600000000000001, 0.0, 0.0, 0.0, 0.0, 0.0, 0.0, 0.0, 0.0], [0.0, 0.0, 0.0, 0.0, 0.0, 0.0, 0.0, 0.0, 0.0, 0.0, 0.0, 0.0], [0.07050000000000001, 0.07050000000000001, 0.07050000000000001, 0.07050000000000001, 0.0, 0.0, 0.0, 0.0, 0.0, 0.0, 0.0, 0.0]]}}
bs_hinuma_vbm: {'band_index': {'1': [47]}, 'kpoint_index': [0, 47, 48], 'kpoint': <pymatgen.electronic_structure.bandstructure.Kpoint object at 0x7fc5d4b5a190>, 'energy': -0.0745, 'projections': {'1': [[0.0001, 0.0001, 0.0001, 0.0001, 0.0, 0.0, 0.0, 0.0, 0.0, 0.0, 0.0, 0.0], [0.0, 0.0, 0.0, 0.0, 0.0001, 0.0001, 0.0001, 0.0001, 0.0, 0.0, 0.0, 0.0], [0.0035, 0.0035, 0.0035, 0.0035, 0.1259, 0.1259, 0.1259, 0.1259, 0.0438, 0.0438, 0.0438, 0.0438], [0.0, 0.0, 0.0, 0.0, 0.0, 0.0, 0.0, 0.0, 0.0, 0.0, 0.0, 0.0], [0.0, 0.0, 0.0, 0.0, 0.0, 0.0, 0.0, 0.0, 0.0, 0.0, 0.0, 0.0], [0.0007, 0.0007, 0.0007, 0.0007, 0.0, 0.0, 0.0, 0.0, 0.0, 0.0, 0.0, 0.0], [0.0001, 0.0001, 0.0001, 0.0001, 0.0, 0.0, 0.0, 0.0, 0.0, 0.0, 0.0, 0.0], [0.0, 0.0, 0.0, 0.0, 0.0, 0.0, 0.0, 0.0, 0.0, 0.0, 0.0, 0.0], [0.0, 0.0, 0.0, 0.0, 0.0, 0.0, 0.0, 0.0, 0.0, 0.0, 0.0, 0.0]]}}
bs_hinuma_efermi: 0.0611182
bs_latimer_munro_task_id: mp-2428717
bs_latimer_munro_band_gap: 5.111599999999999
bs_latimer_munro_cbm: {'band_index': {'1': [48]}, 'kpoint_index': [24, 25, 126, 127, 202, 203], 'kpoint': <pymatgen.electronic_structure.bandstructure.Kpoint object at 0x7fc5d4b5a200>, 'energy': 5.0371, 'projections': {'1': [[0.0006000000000000001, 0.0006000000000000001, 0.0006000000000000001, 0.0006000000000000001, 0.0012000000000000001, 0.0012000000000000001, 0.0012000000000000001, 0.0012000000000000001, 0.0032, 0.0032, 0.0032, 0.0032], [0.0, 0.0, 0.0, 0.0, 0.0011, 0.0011, 0.0011, 0.0011, 0.0, 0.0, 0.0, 0.0], [0.0, 0.0, 0.0, 0.0, 0.0, 0.0, 0.0, 0.0, 0.0016, 0.0016, 0.0016, 0.0016], [0.0, 0.0, 0.0, 0.0, 0.0, 0.0, 0.0, 0.0, 0.0, 0.0, 0.0, 0.0], [0.0, 0.0, 0.0, 0.0, 0.0, 0.0, 0.0, 0.0, 0.0, 0.0, 0.0, 0.0], [0.0029000000000000002, 0.0029000000000000002, 0.0029000000000000002, 0.0029000000000000002, 0.0, 0.0, 0.0, 0.0, 0.0, 0.0, 0.0, 0.0], [0.013600000000000001, 0.013600000000000001, 0.013600000000000001, 0.013600000000000001, 0.0, 0.0, 0.0, 0.0, 0.0, 0.0, 0.0, 0.0], [0.0, 0.0, 0.0, 0.0, 0.0, 0.0, 0.0, 0.0, 0.0, 0.0, 0.0, 0.0], [0.07050000000000001, 0.07050000000000001, 0.07050000000000001, 0.07050000000000001, 0.0, 0.0, 0.0, 0.0, 0.0, 0.0, 0.0, 0.0]]}}
bs_latimer_munro_vbm: {'band_index': {'1': [47]}, 'kpoint_index': [24, 25, 126, 127, 202, 203], 'kpoint': <pymatgen.electronic_structure.bandstructure.Kpoint object at 0x7fc5d4b59e80>, 'energy': -0.0745, 'projections': {'1': [[0.0001, 0.0001, 0.0001, 0.0001, 0.0, 0.0, 0.0, 0.0, 0.0, 0.0, 0.0, 0.0], [0.0, 0.0, 0.0, 0.0, 0.0001, 0.0001, 0.0001, 0.0001, 0.0, 0.0, 0.0, 0.0], [0.0035, 0.0035, 0.0035, 0.0035, 0.1259, 0.1259, 0.1259, 0.1259, 0.0438, 0.0438, 0.0438, 0.0438], [0.0, 0.0, 0.0, 0.0, 0.0, 0.0, 0.0, 0.0, 0.0, 0.0, 0.0, 0.0], [0.0, 0.0, 0.0, 0.0, 0.0, 0.0, 0.0, 0.0, 0.0, 0.0, 0.0, 0.0], [0.0007, 0.0007, 0.0007, 0.0007, 0.0, 0.0, 0.0, 0.0, 0.0, 0.0, 0.0, 0.0], [0.0001, 0.0001, 0.0001, 0.0001, 0.0, 0.0, 0.0, 0.0, 0.0, 0.0, 0.0, 0.0], [0.0, 0.0, 0.0, 0.0, 0.0, 0.0, 0.0, 0.0, 0.0, 0.0, 0.0, 0.0], [0.0, 0.0, 0.0, 0.0, 0.0, 0.0, 0.0, 0.0, 0.0, 0.0, 0.0, 0.0]]}}
bs_latimer_munro_efermi: 0.06053478