material_id: mp-28568
band_gap: 1.4422000000000001
efermi: 1.53190475
dos_magnetic_ordering: NM
dos_total_task_id: mp-1759406
dos_total_band_gap: 1.3815
dos_total_cbm: 2.7909
dos_total_vbm: 1.4094
dos_total_efermi: 1.38783462
bs_setyawan_curtarolo_task_id: mp-1626688
bs_setyawan_curtarolo_band_gap: 1.4422000000000001
bs_setyawan_curtarolo_cbm: {'band_index': {'1': [112]}, 'kpoint_index': [0], 'kpoint': <pymatgen.electronic_structure.bandstructure.Kpoint object at 0x7fc699d63930>, 'energy': 2.8275, 'projections': {'1': [[0.0083, 0.0083, 0.0083, 0.0083, 0.006900000000000001, 0.006900000000000001, 0.006900000000000001, 0.006900000000000001, 0.0067, 0.0067, 0.0067, 0.0067, 0.0002, 0.0002, 0.0002, 0.0002, 0.0047, 0.0047, 0.0047, 0.0047, 0.004200000000000001, 0.004200000000000001, 0.004200000000000001, 0.004200000000000001], [0.0, 0.0, 0.0, 0.0, 0.0002, 0.0002, 0.0002, 0.0002, 0.0, 0.0, 0.0, 0.0, 0.0, 0.0, 0.0, 0.0, 0.0017000000000000001, 0.0017000000000000001, 0.0017000000000000001, 0.0017000000000000001, 0.0035, 0.0035, 0.0035, 0.0035], [0.0, 0.0, 0.0, 0.0, 0.0, 0.0, 0.0, 0.0, 0.0, 0.0, 0.0, 0.0, 0.0, 0.0, 0.0, 0.0, 0.0002, 0.0002, 0.0002, 0.0002, 0.0001, 0.0001, 0.0001, 0.0001], [0.0001, 0.0001, 0.0001, 0.0001, 0.0001, 0.0001, 0.0001, 0.0001, 0.0, 0.0, 0.0, 0.0, 0.0, 0.0, 0.0, 0.0, 0.0028, 0.0028, 0.0028, 0.0028, 0.0029000000000000002, 0.0029000000000000002, 0.0029000000000000002, 0.0029000000000000002], [0.0001, 0.0001, 0.0001, 0.0001, 0.0, 0.0, 0.0, 0.0, 0.0001, 0.0001, 0.0001, 0.0001, 0.039900000000000005, 0.039900000000000005, 0.039900000000000005, 0.039900000000000005, 0.0, 0.0, 0.0, 0.0, 0.0, 0.0, 0.0, 0.0], [0.0001, 0.0001, 0.0001, 0.0001, 0.0001, 0.0001, 0.0001, 0.0001, 0.0001, 0.0001, 0.0001, 0.0001, 0.0067, 0.0067, 0.0067, 0.0067, 0.0, 0.0, 0.0, 0.0, 0.0, 0.0, 0.0, 0.0], [0.0001, 0.0001, 0.0001, 0.0001, 0.0, 0.0, 0.0, 0.0, 0.0, 0.0, 0.0, 0.0, 0.0099, 0.0099, 0.0099, 0.0099, 0.0, 0.0, 0.0, 0.0, 0.0, 0.0, 0.0, 0.0], [0.0, 0.0, 0.0, 0.0, 0.0, 0.0, 0.0, 0.0, 0.0, 0.0, 0.0, 0.0, 0.0046, 0.0046, 0.0046, 0.0046, 0.0, 0.0, 0.0, 0.0, 0.0, 0.0, 0.0, 0.0], [0.0001, 0.0001, 0.0001, 0.0001, 0.0, 0.0, 0.0, 0.0, 0.0, 0.0, 0.0, 0.0, 0.0004, 0.0004, 0.0004, 0.0004, 0.0, 0.0, 0.0, 0.0, 0.0, 0.0, 0.0, 0.0]]}}
bs_setyawan_curtarolo_vbm: {'band_index': {'1': [111]}, 'kpoint_index': ['4'], 'kpoint': <pymatgen.electronic_structure.bandstructure.Kpoint object at 0x7fc5d4b5a430>, 'energy': 1.3853, 'projections': {'1': [[0.0, 0.0, 0.0, 0.0, 0.0, 0.0, 0.0, 0.0, 0.0001, 0.0001, 0.0001, 0.0001, 0.0, 0.0, 0.0, 0.0, 0.0, 0.0, 0.0, 0.0, 0.0, 0.0, 0.0, 0.0], [0.0006000000000000001, 0.0006000000000000001, 0.0006000000000000001, 0.0006000000000000001, 0.0002, 0.0002, 0.0002, 0.0002, 0.00030000000000000003, 0.00030000000000000003, 0.00030000000000000003, 0.00030000000000000003, 0.0, 0.0, 0.0, 0.0, 0.0119, 0.0119, 0.0119, 0.0119, 0.0088, 0.0088, 0.0088, 0.0088], [0.0002, 0.0002, 0.0002, 0.0002, 0.0005, 0.0005, 0.0005, 0.0005, 0.0007, 0.0007, 0.0007, 0.0007, 0.0, 0.0, 0.0, 0.0, 0.019200000000000002, 0.019200000000000002, 0.019200000000000002, 0.019200000000000002, 0.0201, 0.0201, 0.0201, 0.0201], [0.0001, 0.0001, 0.0001, 0.0001, 0.00030000000000000003, 0.00030000000000000003, 0.00030000000000000003, 0.00030000000000000003, 0.0006000000000000001, 0.0006000000000000001, 0.0006000000000000001, 0.0006000000000000001, 0.0, 0.0, 0.0, 0.0, 0.0146, 0.0146, 0.0146, 0.0146, 0.0152, 0.0152, 0.0152, 0.0152], [0.0, 0.0, 0.0, 0.0, 0.0, 0.0, 0.0, 0.0, 0.00030000000000000003, 0.00030000000000000003, 0.00030000000000000003, 0.00030000000000000003, 0.0038, 0.0038, 0.0038, 0.0038, 0.0, 0.0, 0.0, 0.0, 0.0, 0.0, 0.0, 0.0], [0.0, 0.0, 0.0, 0.0, 0.0, 0.0, 0.0, 0.0, 0.0, 0.0, 0.0, 0.0, 0.0269, 0.0269, 0.0269, 0.0269, 0.0, 0.0, 0.0, 0.0, 0.0, 0.0, 0.0, 0.0], [0.0001, 0.0001, 0.0001, 0.0001, 0.0, 0.0, 0.0, 0.0, 0.0, 0.0, 0.0, 0.0, 0.0092, 0.0092, 0.0092, 0.0092, 0.0, 0.0, 0.0, 0.0, 0.0, 0.0, 0.0, 0.0], [0.0, 0.0, 0.0, 0.0, 0.0001, 0.0001, 0.0001, 0.0001, 0.00030000000000000003, 0.00030000000000000003, 0.00030000000000000003, 0.00030000000000000003, 0.0178, 0.0178, 0.0178, 0.0178, 0.0, 0.0, 0.0, 0.0, 0.0, 0.0, 0.0, 0.0], [0.0, 0.0, 0.0, 0.0, 0.0, 0.0, 0.0, 0.0, 0.0001, 0.0001, 0.0001, 0.0001, 0.0534, 0.0534, 0.0534, 0.0534, 0.0, 0.0, 0.0, 0.0, 0.0, 0.0, 0.0, 0.0]]}}
bs_setyawan_curtarolo_efermi: 1.53190475
bs_latimer_munro_task_id: mp-2309882
bs_latimer_munro_band_gap: 1.4422000000000001
bs_latimer_munro_cbm: {'band_index': {'1': [112]}, 'kpoint_index': [92, 93, 128, 129, 141, 153, 164], 'kpoint': <pymatgen.electronic_structure.bandstructure.Kpoint object at 0x7fc5d4b59d30>, 'energy': 2.8275, 'projections': {'1': [[0.0083, 0.0083, 0.0083, 0.0083, 0.006900000000000001, 0.006900000000000001, 0.006900000000000001, 0.006900000000000001, 0.0067, 0.0067, 0.0067, 0.0067, 0.0002, 0.0002, 0.0002, 0.0002, 0.0047, 0.0047, 0.0047, 0.0047, 0.004200000000000001, 0.004200000000000001, 0.004200000000000001, 0.004200000000000001], [0.0, 0.0, 0.0, 0.0, 0.0002, 0.0002, 0.0002, 0.0002, 0.0, 0.0, 0.0, 0.0, 0.0, 0.0, 0.0, 0.0, 0.0017000000000000001, 0.0017000000000000001, 0.0017000000000000001, 0.0017000000000000001, 0.0035, 0.0035, 0.0035, 0.0035], [0.0, 0.0, 0.0, 0.0, 0.0, 0.0, 0.0, 0.0, 0.0, 0.0, 0.0, 0.0, 0.0, 0.0, 0.0, 0.0, 0.0002, 0.0002, 0.0002, 0.0002, 0.0001, 0.0001, 0.0001, 0.0001], [0.0001, 0.0001, 0.0001, 0.0001, 0.0001, 0.0001, 0.0001, 0.0001, 0.0, 0.0, 0.0, 0.0, 0.0, 0.0, 0.0, 0.0, 0.0028, 0.0028, 0.0028, 0.0028, 0.0029000000000000002, 0.0029000000000000002, 0.0029000000000000002, 0.0029000000000000002], [0.0001, 0.0001, 0.0001, 0.0001, 0.0, 0.0, 0.0, 0.0, 0.0001, 0.0001, 0.0001, 0.0001, 0.039900000000000005, 0.039900000000000005, 0.039900000000000005, 0.039900000000000005, 0.0, 0.0, 0.0, 0.0, 0.0, 0.0, 0.0, 0.0], [0.0001, 0.0001, 0.0001, 0.0001, 0.0001, 0.0001, 0.0001, 0.0001, 0.0001, 0.0001, 0.0001, 0.0001, 0.0067, 0.0067, 0.0067, 0.0067, 0.0, 0.0, 0.0, 0.0, 0.0, 0.0, 0.0, 0.0], [0.0001, 0.0001, 0.0001, 0.0001, 0.0, 0.0, 0.0, 0.0, 0.0, 0.0, 0.0, 0.0, 0.0099, 0.0099, 0.0099, 0.0099, 0.0, 0.0, 0.0, 0.0, 0.0, 0.0, 0.0, 0.0], [0.0, 0.0, 0.0, 0.0, 0.0, 0.0, 0.0, 0.0, 0.0, 0.0, 0.0, 0.0, 0.0046, 0.0046, 0.0046, 0.0046, 0.0, 0.0, 0.0, 0.0, 0.0, 0.0, 0.0, 0.0], [0.0001, 0.0001, 0.0001, 0.0001, 0.0, 0.0, 0.0, 0.0, 0.0, 0.0, 0.0, 0.0, 0.0004, 0.0004, 0.0004, 0.0004, 0.0, 0.0, 0.0, 0.0, 0.0, 0.0, 0.0, 0.0]]}}
bs_latimer_munro_vbm: {'band_index': {'1': [111]}, 'kpoint_index': ['88'], 'kpoint': <pymatgen.electronic_structure.bandstructure.Kpoint object at 0x7fc5d4b5a190>, 'energy': 1.3853, 'projections': {'1': [[0.0, 0.0, 0.0, 0.0, 0.0, 0.0, 0.0, 0.0, 0.0001, 0.0001, 0.0001, 0.0001, 0.0, 0.0, 0.0, 0.0, 0.0, 0.0, 0.0, 0.0, 0.0, 0.0, 0.0, 0.0], [0.0006000000000000001, 0.0006000000000000001, 0.0006000000000000001, 0.0006000000000000001, 0.0002, 0.0002, 0.0002, 0.0002, 0.00030000000000000003, 0.00030000000000000003, 0.00030000000000000003, 0.00030000000000000003, 0.0, 0.0, 0.0, 0.0, 0.0119, 0.0119, 0.0119, 0.0119, 0.0088, 0.0088, 0.0088, 0.0088], [0.0002, 0.0002, 0.0002, 0.0002, 0.0005, 0.0005, 0.0005, 0.0005, 0.0007, 0.0007, 0.0007, 0.0007, 0.0, 0.0, 0.0, 0.0, 0.019200000000000002, 0.019200000000000002, 0.019200000000000002, 0.019200000000000002, 0.0201, 0.0201, 0.0201, 0.0201], [0.0001, 0.0001, 0.0001, 0.0001, 0.00030000000000000003, 0.00030000000000000003, 0.00030000000000000003, 0.00030000000000000003, 0.0006000000000000001, 0.0006000000000000001, 0.0006000000000000001, 0.0006000000000000001, 0.0, 0.0, 0.0, 0.0, 0.0146, 0.0146, 0.0146, 0.0146, 0.0152, 0.0152, 0.0152, 0.0152], [0.0, 0.0, 0.0, 0.0, 0.0, 0.0, 0.0, 0.0, 0.00030000000000000003, 0.00030000000000000003, 0.00030000000000000003, 0.00030000000000000003, 0.0038, 0.0038, 0.0038, 0.0038, 0.0, 0.0, 0.0, 0.0, 0.0, 0.0, 0.0, 0.0], [0.0, 0.0, 0.0, 0.0, 0.0, 0.0, 0.0, 0.0, 0.0, 0.0, 0.0, 0.0, 0.0269, 0.0269, 0.0269, 0.0269, 0.0, 0.0, 0.0, 0.0, 0.0, 0.0, 0.0, 0.0], [0.0001, 0.0001, 0.0001, 0.0001, 0.0, 0.0, 0.0, 0.0, 0.0, 0.0, 0.0, 0.0, 0.0092, 0.0092, 0.0092, 0.0092, 0.0, 0.0, 0.0, 0.0, 0.0, 0.0, 0.0, 0.0], [0.0, 0.0, 0.0, 0.0, 0.0001, 0.0001, 0.0001, 0.0001, 0.00030000000000000003, 0.00030000000000000003, 0.00030000000000000003, 0.00030000000000000003, 0.0178, 0.0178, 0.0178, 0.0178, 0.0, 0.0, 0.0, 0.0, 0.0, 0.0, 0.0, 0.0], [0.0, 0.0, 0.0, 0.0, 0.0, 0.0, 0.0, 0.0, 0.0001, 0.0001, 0.0001, 0.0001, 0.0534, 0.0534, 0.0534, 0.0534, 0.0, 0.0, 0.0, 0.0, 0.0, 0.0, 0.0, 0.0]]}}
bs_latimer_munro_efermi: 1.62065948