material_id: mp-20025
band_gap: 1.1791
efermi: 2.73043654
dos_magnetic_ordering: FM
dos_total_task_id: mp-2278504
dos_total_band_gap: 1.842
dos_total_cbm: 4.4051
dos_total_vbm: 2.5631
dos_total_efermi: 2.56516154
bs_setyawan_curtarolo_task_id: mp-1588421
bs_setyawan_curtarolo_band_gap: 1.1791
bs_setyawan_curtarolo_cbm: {'band_index': {'-1': [29], '1': []}, 'kpoint_index': [63, 64, 116], 'kpoint': <pymatgen.electronic_structure.bandstructure.Kpoint object at 0x7fc699d63930>, 'energy': 3.7182, 'projections': {'-1': [[0.0, 0.10940000000000001, 0.0, 0.0018000000000000002, 0.0018000000000000002, 0.0018000000000000002, 0.0018000000000000002], [0.0, 0.0, 0.0, 0.003, 0.003, 0.0019, 0.0019], [0.0, 0.0, 0.0002, 0.005, 0.005, 0.005, 0.005], [0.0, 0.0, 0.0, 0.0019, 0.0019, 0.003, 0.003], [0.0, 0.0, 0.0, 0.0, 0.0, 0.0, 0.0], [0.0, 0.0, 0.0, 0.0, 0.0, 0.0, 0.0], [0.5463, 0.0002, 0.0, 0.0, 0.0, 0.0, 0.0], [0.0, 0.0, 0.0, 0.0, 0.0, 0.0, 0.0], [0.0, 0.0, 0.0038, 0.0, 0.0, 0.0, 0.0]]}}
bs_setyawan_curtarolo_vbm: {'band_index': {'1': [32, 33], '-1': []}, 'kpoint_index': [0, 49, 50], 'kpoint': <pymatgen.electronic_structure.bandstructure.Kpoint object at 0x7fc5d4b59c50>, 'energy': 2.5391, 'projections': {'1': [[0.0, 0.0, 0.0, 0.0005, 0.0005, 0.001, 0.001], [0.0095, 0.0022, 0.003, 0.0714, 0.0714, 0.0729, 0.0729], [0.0, 0.0, 0.0, 0.0011, 0.0011, 0.0002, 0.0002], [0.002, 0.0025, 0.0008, 0.023200000000000002, 0.023200000000000002, 0.033800000000000004, 0.033800000000000004], [0.0, 0.0, 0.0, 0.0, 0.0, 0.0, 0.0], [0.0853, 0.0044, 0.0073, 0.0, 0.0, 0.0, 0.0], [0.0, 0.0, 0.0, 0.0, 0.0, 0.0, 0.0], [0.1874, 0.0131, 0.0063, 0.0, 0.0, 0.0, 0.0], [0.0, 0.0, 0.0, 0.0, 0.0, 0.0, 0.0]]}}
bs_setyawan_curtarolo_efermi: 2.73043654
bs_hinuma_task_id: mp-2186715
bs_hinuma_band_gap: 1.1791
bs_hinuma_cbm: {'band_index': {'-1': [29], '1': []}, 'kpoint_index': [67, 68, 112], 'kpoint': <pymatgen.electronic_structure.bandstructure.Kpoint object at 0x7fc5d4b59be0>, 'energy': 3.7182, 'projections': {'-1': [[0.0, 0.10940000000000001, 0.0, 0.0018000000000000002, 0.0018000000000000002, 0.0018000000000000002, 0.0018000000000000002], [0.0, 0.0, 0.0, 0.003, 0.003, 0.0019, 0.0019], [0.0, 0.0, 0.0002, 0.005, 0.005, 0.005, 0.005], [0.0, 0.0, 0.0, 0.0019, 0.0019, 0.003, 0.003], [0.0, 0.0, 0.0, 0.0, 0.0, 0.0, 0.0], [0.0, 0.0, 0.0, 0.0, 0.0, 0.0, 0.0], [0.5463, 0.0002, 0.0, 0.0, 0.0, 0.0, 0.0], [0.0, 0.0, 0.0, 0.0, 0.0, 0.0, 0.0], [0.0, 0.0, 0.0038, 0.0, 0.0, 0.0, 0.0]]}}
bs_hinuma_vbm: {'band_index': {'1': [32, 33], '-1': []}, 'kpoint_index': [0, 53, 54, 93], 'kpoint': <pymatgen.electronic_structure.bandstructure.Kpoint object at 0x7fc5d4b59e80>, 'energy': 2.5391, 'projections': {'1': [[0.0, 0.0, 0.0, 0.0005, 0.0005, 0.001, 0.001], [0.0095, 0.0022, 0.003, 0.0714, 0.0714, 0.0729, 0.0729], [0.0, 0.0, 0.0, 0.0011, 0.0011, 0.0002, 0.0002], [0.002, 0.0025, 0.0008, 0.023200000000000002, 0.023200000000000002, 0.033800000000000004, 0.033800000000000004], [0.0, 0.0, 0.0, 0.0, 0.0, 0.0, 0.0], [0.0853, 0.0044, 0.0073, 0.0, 0.0, 0.0, 0.0], [0.0, 0.0, 0.0, 0.0, 0.0, 0.0, 0.0], [0.1874, 0.0131, 0.0063, 0.0, 0.0, 0.0, 0.0], [0.0, 0.0, 0.0, 0.0, 0.0, 0.0, 0.0]]}}
bs_hinuma_efermi: 2.7258861100000003
bs_latimer_munro_task_id: mp-2343783
bs_latimer_munro_band_gap: 1.1791
bs_latimer_munro_cbm: {'band_index': {'-1': [29], '1': []}, 'kpoint_index': [117, 118, 131], 'kpoint': <pymatgen.electronic_structure.bandstructure.Kpoint object at 0x7fc5d4b5a3c0>, 'energy': 3.7182, 'projections': {'-1': [[0.0, 0.10940000000000001, 0.0, 0.0018000000000000002, 0.0018000000000000002, 0.0018000000000000002, 0.0018000000000000002], [0.0, 0.0, 0.0, 0.003, 0.003, 0.0019, 0.0019], [0.0, 0.0, 0.0002, 0.005, 0.005, 0.005, 0.005], [0.0, 0.0, 0.0, 0.0019, 0.0019, 0.003, 0.003], [0.0, 0.0, 0.0, 0.0, 0.0, 0.0, 0.0], [0.0, 0.0, 0.0, 0.0, 0.0, 0.0, 0.0], [0.5463, 0.0002, 0.0, 0.0, 0.0, 0.0, 0.0], [0.0, 0.0, 0.0, 0.0, 0.0, 0.0, 0.0], [0.0, 0.0, 0.0038, 0.0, 0.0, 0.0, 0.0]]}}
bs_latimer_munro_vbm: {'band_index': {'1': [32, 33], '-1': []}, 'kpoint_index': [37, 38, 87, 88, 104, 141], 'kpoint': <pymatgen.electronic_structure.bandstructure.Kpoint object at 0x7fc5d4b5a190>, 'energy': 2.5391, 'projections': {'1': [[0.0, 0.0, 0.0, 0.0001, 0.0001, 0.0013000000000000002, 0.0013000000000000002], [0.0111, 0.0036000000000000003, 0.0037, 0.0956, 0.0956, 0.0908, 0.0908], [0.0, 0.0, 0.0, 0.0007, 0.0007, 0.0007, 0.0007], [0.0004, 0.0011, 0.0002, 0.0053, 0.0053, 0.009600000000000001, 0.009600000000000001], [0.0, 0.0, 0.0, 0.0, 0.0, 0.0, 0.0], [0.0236, 0.001, 0.0032, 0.0, 0.0, 0.0, 0.0], [0.0, 0.0, 0.0, 0.0, 0.0, 0.0, 0.0], [0.24910000000000002, 0.0165, 0.0105, 0.0, 0.0, 0.0, 0.0], [0.0, 0.0, 0.0, 0.0, 0.0, 0.0, 0.0]]}}
bs_latimer_munro_efermi: 2.72423359