material_id: mp-29605
band_gap: 3.3444000000000003
efermi: 2.06458802
dos_magnetic_ordering: NM
dos_total_task_id: mp-1759309
dos_total_band_gap: 3.5595
dos_total_cbm: 5.501
dos_total_vbm: 1.9415
dos_total_efermi: 1.94763599
bs_setyawan_curtarolo_task_id: mp-692806
bs_setyawan_curtarolo_band_gap: 3.3444000000000003
bs_setyawan_curtarolo_cbm: {'band_index': {'1': [112]}, 'kpoint_index': [0, 53, 54], 'kpoint': <pymatgen.electronic_structure.bandstructure.Kpoint object at 0x7fc699d63930>, 'energy': 5.3341, 'projections': {}}
bs_setyawan_curtarolo_vbm: {'band_index': {'1': [111]}, 'kpoint_index': ['15'], 'kpoint': <pymatgen.electronic_structure.bandstructure.Kpoint object at 0x7fc5d4b59e80>, 'energy': 1.9897, 'projections': {}}
bs_setyawan_curtarolo_efermi: 2.06458802
bs_hinuma_task_id: mp-2100663
bs_hinuma_band_gap: 3.3478
bs_hinuma_cbm: {'band_index': {'1': [112]}, 'kpoint_index': [0, 53, 54], 'kpoint': <pymatgen.electronic_structure.bandstructure.Kpoint object at 0x7fc5d4b5a350>, 'energy': 5.3331, 'projections': {'1': [[0.0, 0.0, 0.0, 0.0, 0.0004, 0.0004, 0.0004, 0.0004, 0.0011, 0.0011, 0.0011, 0.0011, 0.0001, 0.0001, 0.0001, 0.0001, 0.0002, 0.0002, 0.0002, 0.0002, 0.0, 0.0, 0.0, 0.0, 0.0, 0.0, 0.0, 0.0], [0.0, 0.0, 0.0, 0.0, 0.0, 0.0, 0.0, 0.0, 0.0002, 0.0002, 0.0002, 0.0002, 0.0091, 0.0091, 0.0091, 0.0091, 0.0008, 0.0008, 0.0008, 0.0008, 0.0, 0.0, 0.0, 0.0, 0.0063, 0.0063, 0.0063, 0.0063], [0.0001, 0.0001, 0.0001, 0.0001, 0.0, 0.0, 0.0, 0.0, 0.0015, 0.0015, 0.0015, 0.0015, 0.0017000000000000001, 0.0017000000000000001, 0.0017000000000000001, 0.0017000000000000001, 0.0057, 0.0057, 0.0057, 0.0057, 0.0, 0.0, 0.0, 0.0, 0.001, 0.001, 0.001, 0.001], [0.0, 0.0, 0.0, 0.0, 0.0, 0.0, 0.0, 0.0, 0.0, 0.0, 0.0, 0.0, 0.0, 0.0, 0.0, 0.0, 0.0, 0.0, 0.0, 0.0, 0.0, 0.0, 0.0, 0.0, 0.0, 0.0, 0.0, 0.0], [0.0, 0.0, 0.0, 0.0, 0.0, 0.0, 0.0, 0.0, 0.0, 0.0, 0.0, 0.0, 0.0, 0.0, 0.0, 0.0, 0.0, 0.0, 0.0, 0.0, 0.0, 0.0, 0.0, 0.0, 0.0, 0.0, 0.0, 0.0], [0.0007, 0.0007, 0.0007, 0.0007, 0.0034000000000000002, 0.0034000000000000002, 0.0034000000000000002, 0.0034000000000000002, 0.01, 0.01, 0.01, 0.01, 0.0, 0.0, 0.0, 0.0, 0.0, 0.0, 0.0, 0.0, 0.0, 0.0, 0.0, 0.0, 0.0, 0.0, 0.0, 0.0], [0.0146, 0.0146, 0.0146, 0.0146, 0.0082, 0.0082, 0.0082, 0.0082, 0.0018000000000000002, 0.0018000000000000002, 0.0018000000000000002, 0.0018000000000000002, 0.0, 0.0, 0.0, 0.0, 0.0, 0.0, 0.0, 0.0, 0.0, 0.0, 0.0, 0.0, 0.0, 0.0, 0.0, 0.0], [0.0, 0.0, 0.0, 0.0, 0.0, 0.0, 0.0, 0.0, 0.0, 0.0, 0.0, 0.0, 0.0, 0.0, 0.0, 0.0, 0.0, 0.0, 0.0, 0.0, 0.0, 0.0, 0.0, 0.0, 0.0, 0.0, 0.0, 0.0], [0.017400000000000002, 0.017400000000000002, 0.017400000000000002, 0.017400000000000002, 0.007200000000000001, 0.007200000000000001, 0.007200000000000001, 0.007200000000000001, 0.043000000000000003, 0.0431, 0.043000000000000003, 0.043000000000000003, 0.0, 0.0, 0.0, 0.0, 0.0, 0.0, 0.0, 0.0, 0.0, 0.0, 0.0, 0.0, 0.0, 0.0, 0.0, 0.0]]}}
bs_hinuma_vbm: {'band_index': {'1': [111]}, 'kpoint_index': ['15'], 'kpoint': <pymatgen.electronic_structure.bandstructure.Kpoint object at 0x7fc5d4b5a190>, 'energy': 1.9853, 'projections': {'1': [[0.0001, 0.0001, 0.0001, 0.0001, 0.0009000000000000001, 0.001, 0.001, 0.001, 0.0, 0.0, 0.0, 0.0, 0.0, 0.0, 0.0, 0.0, 0.0, 0.0, 0.0, 0.0, 0.0, 0.0, 0.0, 0.0, 0.0, 0.0, 0.0, 0.0], [0.0, 0.0, 0.0, 0.0, 0.0, 0.0, 0.0, 0.0, 0.0, 0.0, 0.0, 0.0, 0.0014, 0.0014, 0.0014, 0.0014, 0.0035, 0.0035, 0.0035, 0.0035, 0.0001, 0.0001, 0.0001, 0.0001, 0.014700000000000001, 0.014700000000000001, 0.014700000000000001, 0.014700000000000001], [0.0, 0.0, 0.0, 0.0, 0.0048000000000000004, 0.0048000000000000004, 0.0048000000000000004, 0.0048000000000000004, 0.0024000000000000002, 0.0024000000000000002, 0.0024000000000000002, 0.0024000000000000002, 0.0332, 0.0332, 0.0332, 0.0332, 0.012400000000000001, 0.012400000000000001, 0.012400000000000001, 0.012400000000000001, 0.0304, 0.0304, 0.0304, 0.0304, 0.0032, 0.0032, 0.0032, 0.0032], [0.0006000000000000001, 0.0006000000000000001, 0.0006000000000000001, 0.0006000000000000001, 0.0034000000000000002, 0.0034000000000000002, 0.0034000000000000002, 0.0034000000000000002, 0.00030000000000000003, 0.00030000000000000003, 0.00030000000000000003, 0.00030000000000000003, 0.00030000000000000003, 0.00030000000000000003, 0.00030000000000000003, 0.00030000000000000003, 0.0592, 0.0592, 0.0592, 0.0592, 0.0109, 0.0109, 0.0109, 0.0109, 0.001, 0.001, 0.001, 0.001], [0.0001, 0.0001, 0.0001, 0.0001, 0.0002, 0.0002, 0.0002, 0.0002, 0.0001, 0.0001, 0.0001, 0.0001, 0.0, 0.0, 0.0, 0.0, 0.0, 0.0, 0.0, 0.0, 0.0, 0.0, 0.0, 0.0, 0.0, 0.0, 0.0, 0.0], [0.0, 0.0, 0.0, 0.0, 0.0005, 0.0005, 0.0005, 0.0005, 0.00030000000000000003, 0.00030000000000000003, 0.00030000000000000003, 0.00030000000000000003, 0.0, 0.0, 0.0, 0.0, 0.0, 0.0, 0.0, 0.0, 0.0, 0.0, 0.0, 0.0, 0.0, 0.0, 0.0, 0.0], [0.0001, 0.0001, 0.0001, 0.0001, 0.0001, 0.0001, 0.0001, 0.0001, 0.0005, 0.0005, 0.0005, 0.0005, 0.0, 0.0, 0.0, 0.0, 0.0, 0.0, 0.0, 0.0, 0.0, 0.0, 0.0, 0.0, 0.0, 0.0, 0.0, 0.0], [0.0002, 0.0002, 0.0002, 0.0002, 0.0006000000000000001, 0.0006000000000000001, 0.0006000000000000001, 0.0006000000000000001, 0.0004, 0.0004, 0.0004, 0.0004, 0.0, 0.0, 0.0, 0.0, 0.0, 0.0, 0.0, 0.0, 0.0, 0.0, 0.0, 0.0, 0.0, 0.0, 0.0, 0.0], [0.0, 0.0, 0.0, 0.0, 0.0001, 0.0001, 0.0001, 0.0001, 0.0002, 0.0002, 0.0002, 0.0002, 0.0, 0.0, 0.0, 0.0, 0.0, 0.0, 0.0, 0.0, 0.0, 0.0, 0.0, 0.0, 0.0, 0.0, 0.0, 0.0]]}}
bs_hinuma_efermi: 2.14208318
bs_latimer_munro_task_id: mp-2308947
bs_latimer_munro_band_gap: 3.3478
bs_latimer_munro_cbm: {'band_index': {'1': [112]}, 'kpoint_index': [27, 28, 137, 138, 214, 215], 'kpoint': <pymatgen.electronic_structure.bandstructure.Kpoint object at 0x7fc5d4b5a430>, 'energy': 5.3331, 'projections': {'1': [[0.0, 0.0, 0.0, 0.0, 0.0004, 0.0004, 0.0004, 0.0004, 0.0011, 0.0011, 0.0011, 0.0011, 0.0001, 0.0001, 0.0001, 0.0001, 0.0002, 0.0002, 0.0002, 0.0002, 0.0, 0.0, 0.0, 0.0, 0.0, 0.0, 0.0, 0.0], [0.0, 0.0, 0.0, 0.0, 0.0, 0.0, 0.0, 0.0, 0.0002, 0.0002, 0.0002, 0.0002, 0.0091, 0.0091, 0.0091, 0.0091, 0.0008, 0.0008, 0.0008, 0.0008, 0.0, 0.0, 0.0, 0.0, 0.0063, 0.0063, 0.0063, 0.0063], [0.0001, 0.0001, 0.0001, 0.0001, 0.0, 0.0, 0.0, 0.0, 0.0015, 0.0015, 0.0015, 0.0015, 0.0017000000000000001, 0.0017000000000000001, 0.0017000000000000001, 0.0017000000000000001, 0.0057, 0.0057, 0.0057, 0.0057, 0.0, 0.0, 0.0, 0.0, 0.001, 0.001, 0.001, 0.001], [0.0, 0.0, 0.0, 0.0, 0.0, 0.0, 0.0, 0.0, 0.0, 0.0, 0.0, 0.0, 0.0, 0.0, 0.0, 0.0, 0.0, 0.0, 0.0, 0.0, 0.0, 0.0, 0.0, 0.0, 0.0, 0.0, 0.0, 0.0], [0.0, 0.0, 0.0, 0.0, 0.0, 0.0, 0.0, 0.0, 0.0, 0.0, 0.0, 0.0, 0.0, 0.0, 0.0, 0.0, 0.0, 0.0, 0.0, 0.0, 0.0, 0.0, 0.0, 0.0, 0.0, 0.0, 0.0, 0.0], [0.0007, 0.0007, 0.0007, 0.0007, 0.0034000000000000002, 0.0034000000000000002, 0.0034000000000000002, 0.0034000000000000002, 0.01, 0.01, 0.01, 0.01, 0.0, 0.0, 0.0, 0.0, 0.0, 0.0, 0.0, 0.0, 0.0, 0.0, 0.0, 0.0, 0.0, 0.0, 0.0, 0.0], [0.0146, 0.0146, 0.0146, 0.0146, 0.0082, 0.0082, 0.0082, 0.0082, 0.0018000000000000002, 0.0018000000000000002, 0.0018000000000000002, 0.0018000000000000002, 0.0, 0.0, 0.0, 0.0, 0.0, 0.0, 0.0, 0.0, 0.0, 0.0, 0.0, 0.0, 0.0, 0.0, 0.0, 0.0], [0.0, 0.0, 0.0, 0.0, 0.0, 0.0, 0.0, 0.0, 0.0, 0.0, 0.0, 0.0, 0.0, 0.0, 0.0, 0.0, 0.0, 0.0, 0.0, 0.0, 0.0, 0.0, 0.0, 0.0, 0.0, 0.0, 0.0, 0.0], [0.017400000000000002, 0.017400000000000002, 0.017400000000000002, 0.017400000000000002, 0.007200000000000001, 0.007200000000000001, 0.007200000000000001, 0.007200000000000001, 0.043000000000000003, 0.043000000000000003, 0.043000000000000003, 0.043000000000000003, 0.0, 0.0, 0.0, 0.0, 0.0, 0.0, 0.0, 0.0, 0.0, 0.0, 0.0, 0.0, 0.0, 0.0, 0.0, 0.0]]}}
bs_latimer_munro_vbm: {'band_index': {'1': [111]}, 'kpoint_index': ['230'], 'kpoint': <pymatgen.electronic_structure.bandstructure.Kpoint object at 0x7fc5d4b59c50>, 'energy': 1.9853, 'projections': {'1': [[0.0001, 0.0001, 0.0001, 0.0001, 0.001, 0.001, 0.001, 0.0009000000000000001, 0.0, 0.0, 0.0, 0.0, 0.0, 0.0, 0.0, 0.0, 0.0, 0.0, 0.0, 0.0, 0.0, 0.0, 0.0, 0.0, 0.0, 0.0, 0.0, 0.0], [0.0, 0.0, 0.0, 0.0, 0.0, 0.0, 0.0, 0.0, 0.0, 0.0, 0.0, 0.0, 0.0014, 0.0014, 0.0014, 0.0014, 0.0035, 0.0035, 0.0035, 0.0035, 0.0001, 0.0001, 0.0001, 0.0001, 0.014700000000000001, 0.014700000000000001, 0.014700000000000001, 0.014700000000000001], [0.0, 0.0, 0.0, 0.0, 0.0048000000000000004, 0.0048000000000000004, 0.0048000000000000004, 0.0048000000000000004, 0.0024000000000000002, 0.0024000000000000002, 0.0024000000000000002, 0.0024000000000000002, 0.0332, 0.0332, 0.0332, 0.0332, 0.012400000000000001, 0.012400000000000001, 0.012400000000000001, 0.012400000000000001, 0.0304, 0.0304, 0.0304, 0.0304, 0.0032, 0.0032, 0.0032, 0.0032], [0.0006000000000000001, 0.0006000000000000001, 0.0006000000000000001, 0.0006000000000000001, 0.0034000000000000002, 0.0034000000000000002, 0.0034000000000000002, 0.0034000000000000002, 0.00030000000000000003, 0.00030000000000000003, 0.00030000000000000003, 0.00030000000000000003, 0.00030000000000000003, 0.00030000000000000003, 0.00030000000000000003, 0.00030000000000000003, 0.0592, 0.0592, 0.0592, 0.0592, 0.0109, 0.0109, 0.0109, 0.0109, 0.001, 0.001, 0.001, 0.001], [0.0001, 0.0001, 0.0001, 0.0001, 0.0002, 0.0002, 0.0002, 0.0002, 0.0001, 0.0001, 0.0001, 0.0001, 0.0, 0.0, 0.0, 0.0, 0.0, 0.0, 0.0, 0.0, 0.0, 0.0, 0.0, 0.0, 0.0, 0.0, 0.0, 0.0], [0.0, 0.0, 0.0, 0.0, 0.0005, 0.0005, 0.0005, 0.0005, 0.00030000000000000003, 0.00030000000000000003, 0.00030000000000000003, 0.00030000000000000003, 0.0, 0.0, 0.0, 0.0, 0.0, 0.0, 0.0, 0.0, 0.0, 0.0, 0.0, 0.0, 0.0, 0.0, 0.0, 0.0], [0.0001, 0.0001, 0.0001, 0.0001, 0.0001, 0.0001, 0.0001, 0.0001, 0.0005, 0.0005, 0.0005, 0.0005, 0.0, 0.0, 0.0, 0.0, 0.0, 0.0, 0.0, 0.0, 0.0, 0.0, 0.0, 0.0, 0.0, 0.0, 0.0, 0.0], [0.0002, 0.0002, 0.0002, 0.0002, 0.0006000000000000001, 0.0006000000000000001, 0.0006000000000000001, 0.0006000000000000001, 0.0004, 0.0004, 0.0004, 0.0004, 0.0, 0.0, 0.0, 0.0, 0.0, 0.0, 0.0, 0.0, 0.0, 0.0, 0.0, 0.0, 0.0, 0.0, 0.0, 0.0], [0.0, 0.0, 0.0, 0.0, 0.0001, 0.0001, 0.0001, 0.0001, 0.0002, 0.0002, 0.0002, 0.0002, 0.0, 0.0, 0.0, 0.0, 0.0, 0.0, 0.0, 0.0, 0.0, 0.0, 0.0, 0.0, 0.0, 0.0, 0.0, 0.0]]}}
bs_latimer_munro_efermi: 2.11126744