material_id: mp-23411
band_gap: 2.1407
efermi: -0.25744733000000003
dos_magnetic_ordering: NM
dos_total_task_id: mp-1765533
dos_total_band_gap: 2.2234
dos_total_cbm: 1.9213
dos_total_vbm: -0.30210000000000004
dos_total_efermi: -0.29931034
bs_setyawan_curtarolo_task_id: mp-690223
bs_setyawan_curtarolo_band_gap: 2.1407
bs_setyawan_curtarolo_cbm: {'band_index': {'1': [66, 67]}, 'kpoint_index': [49, 50, 79], 'kpoint': <pymatgen.electronic_structure.bandstructure.Kpoint object at 0x7fc699d63930>, 'energy': 1.8302, 'projections': {'1': [[0.0, 0.0, 0.0, 0.0, 0.0, 0.0, 0.007200000000000001, 0.007200000000000001, 0.0059, 0.0001, 0.0059, 0.0001, 0.0001, 0.0002, 0.0002, 0.0043, 0.0043, 0.0001], [0.0001, 0.0, 0.0001, 0.0, 0.16840000000000002, 0.0038, 0.0025, 0.0025, 0.0001, 0.0026000000000000003, 0.0001, 0.0026000000000000003, 0.0002, 0.0001, 0.0001, 0.009600000000000001, 0.009600000000000001, 0.0002], [0.0, 0.0001, 0.0, 0.0001, 0.0025, 0.1091, 0.0, 0.0, 0.0327, 0.0007, 0.0327, 0.0007, 0.0014, 0.0019, 0.0019, 0.0, 0.0, 0.0014], [0.0, 0.0, 0.0, 0.0, 0.0234, 0.0005, 0.048, 0.048, 0.0, 0.0005, 0.0, 0.0005, 0.0001, 0.0011, 0.0011, 0.005, 0.005, 0.0001], [0.0, 0.0, 0.0, 0.0, 0.0, 0.0, 0.0017000000000000001, 0.0017000000000000001, 0.0, 0.0, 0.0, 0.0, 0.0, 0.0, 0.0, 0.0017000000000000001, 0.0017000000000000001, 0.0], [0.00030000000000000003, 0.0, 0.00030000000000000003, 0.0, 0.0, 0.0, 0.0, 0.0, 0.0, 0.0007, 0.0, 0.0007, 0.00030000000000000003, 0.0001, 0.0001, 0.0, 0.0, 0.00030000000000000003], [0.0, 0.0, 0.0, 0.0, 0.0, 0.0, 0.0008, 0.0008, 0.0028, 0.0001, 0.0028, 0.0001, 0.0, 0.0, 0.0, 0.0004, 0.0004, 0.0], [0.0, 0.0, 0.0, 0.0, 0.0, 0.0, 0.0, 0.0, 0.0, 0.0001, 0.0, 0.0001, 0.0002, 0.00030000000000000003, 0.00030000000000000003, 0.0, 0.0, 0.0002], [0.0, 0.0001, 0.0, 0.0001, 0.0, 0.0, 0.0007, 0.0007, 0.0, 0.0, 0.0, 0.0, 0.0, 0.0, 0.0, 0.00030000000000000003, 0.00030000000000000003, 0.0]]}}
bs_setyawan_curtarolo_vbm: {'band_index': {'1': [65]}, 'kpoint_index': [0, 32, 33], 'kpoint': <pymatgen.electronic_structure.bandstructure.Kpoint object at 0x7fc5d4b59c50>, 'energy': -0.3105, 'projections': {'1': [[0.0, 0.0, 0.0, 0.0, 0.055200000000000006, 0.055200000000000006, 0.0, 0.0, 0.0001, 0.0001, 0.0001, 0.0001, 0.0, 0.0, 0.0, 0.0, 0.0, 0.0], [0.0, 0.0, 0.0, 0.0, 0.0, 0.0, 0.0086, 0.0086, 0.0, 0.0, 0.0, 0.0, 0.0308, 0.0086, 0.0086, 0.0308, 0.0308, 0.0308], [0.0, 0.0, 0.0, 0.0, 0.0, 0.0, 0.0, 0.0, 0.0684, 0.0684, 0.0684, 0.0684, 0.0, 0.0, 0.0, 0.0, 0.0, 0.0], [0.0, 0.0, 0.0, 0.0, 0.0, 0.0, 0.0308, 0.0308, 0.0, 0.0, 0.0, 0.0, 0.0086, 0.0308, 0.0308, 0.0086, 0.0086, 0.0086], [0.0, 0.0, 0.0, 0.0, 0.0, 0.0, 0.0, 0.0, 0.0, 0.0, 0.0, 0.0, 0.0, 0.0, 0.0, 0.0, 0.0, 0.0], [0.0, 0.0, 0.0, 0.0, 0.0, 0.0, 0.0, 0.0, 0.0, 0.0, 0.0, 0.0, 0.0, 0.0, 0.0, 0.0, 0.0, 0.0], [0.0, 0.0, 0.0, 0.0, 0.00030000000000000003, 0.00030000000000000003, 0.0001, 0.0001, 0.0, 0.0, 0.0, 0.0, 0.0001, 0.0001, 0.0001, 0.0001, 0.0001, 0.0001], [0.0, 0.0, 0.0, 0.0, 0.0, 0.0, 0.0, 0.0, 0.0, 0.0, 0.0, 0.0, 0.0, 0.0, 0.0, 0.0, 0.0, 0.0], [0.0001, 0.0001, 0.0001, 0.0001, 0.0, 0.0, 0.0, 0.0, 0.0, 0.0, 0.0, 0.0, 0.0, 0.0, 0.0, 0.0, 0.0, 0.0]]}}
bs_setyawan_curtarolo_efermi: -0.25744733000000003
bs_hinuma_task_id: mp-2172872
bs_hinuma_band_gap: 2.1364
bs_hinuma_cbm: {'band_index': {'1': [66, 67]}, 'kpoint_index': [49, 50, 79], 'kpoint': <pymatgen.electronic_structure.bandstructure.Kpoint object at 0x7fc5d4b5a3c0>, 'energy': 1.8324, 'projections': {'1': [[0.0, 0.0, 0.0, 0.0, 0.0, 0.0, 0.0021000000000000003, 0.0021000000000000003, 0.0017000000000000001, 0.0044, 0.0017000000000000001, 0.0044, 0.0032, 0.0053, 0.0053, 0.0012000000000000001, 0.0012000000000000001, 0.0032], [0.0, 0.0, 0.0, 0.0, 0.0482, 0.12390000000000001, 0.0007, 0.0007, 0.0019, 0.0007, 0.0019, 0.0007, 0.0071, 0.0019, 0.0019, 0.0027, 0.0027, 0.0071], [0.0, 0.0, 0.0, 0.0, 0.08020000000000001, 0.031200000000000002, 0.0014, 0.0014, 0.0094, 0.0241, 0.0094, 0.0241, 0.0004, 0.0006000000000000001, 0.0006000000000000001, 0.0011, 0.0011, 0.0004], [0.0, 0.0, 0.0, 0.0, 0.0067, 0.0172, 0.0137, 0.0137, 0.0004, 0.0001, 0.0004, 0.0001, 0.0037, 0.035300000000000005, 0.035300000000000005, 0.0014, 0.0014, 0.0037], [0.0, 0.0, 0.0, 0.0, 0.0, 0.0, 0.0005, 0.0005, 0.0, 0.0, 0.0, 0.0, 0.0012000000000000001, 0.0012000000000000001, 0.0012000000000000001, 0.0005, 0.0005, 0.0012000000000000001], [0.0001, 0.0002, 0.0001, 0.0002, 0.0, 0.0, 0.0001, 0.0001, 0.0005, 0.0002, 0.0005, 0.0002, 0.0001, 0.0, 0.0, 0.0002, 0.0002, 0.0001], [0.0, 0.0, 0.0, 0.0, 0.0, 0.0, 0.0002, 0.0002, 0.0008, 0.0021000000000000003, 0.0008, 0.0021000000000000003, 0.00030000000000000003, 0.0006000000000000001, 0.0006000000000000001, 0.0001, 0.0001, 0.00030000000000000003], [0.0, 0.0, 0.0, 0.0, 0.0, 0.0, 0.00030000000000000003, 0.00030000000000000003, 0.0001, 0.0, 0.0001, 0.0, 0.0001, 0.0001, 0.0001, 0.0001, 0.0001, 0.0001], [0.0001, 0.0, 0.0001, 0.0, 0.0, 0.0, 0.0002, 0.0002, 0.0, 0.0, 0.0, 0.0, 0.0002, 0.0005, 0.0005, 0.0001, 0.0001, 0.0002]]}}
bs_hinuma_vbm: {'band_index': {'1': [65]}, 'kpoint_index': [0, 32, 33], 'kpoint': <pymatgen.electronic_structure.bandstructure.Kpoint object at 0x7fc5d4b5a200>, 'energy': -0.304, 'projections': {'1': [[0.0, 0.0, 0.0, 0.0, 0.055200000000000006, 0.055200000000000006, 0.0, 0.0, 0.0001, 0.0001, 0.0001, 0.0001, 0.0, 0.0, 0.0, 0.0, 0.0, 0.0], [0.0, 0.0, 0.0, 0.0, 0.0, 0.0, 0.008700000000000001, 0.008700000000000001, 0.0, 0.0, 0.0, 0.0, 0.0307, 0.008700000000000001, 0.008700000000000001, 0.0307, 0.0307, 0.0307], [0.0, 0.0, 0.0, 0.0, 0.0, 0.0, 0.0, 0.0, 0.0685, 0.0685, 0.0685, 0.0685, 0.0, 0.0, 0.0, 0.0, 0.0, 0.0], [0.0, 0.0, 0.0, 0.0, 0.0, 0.0, 0.0307, 0.0307, 0.0, 0.0, 0.0, 0.0, 0.008700000000000001, 0.0307, 0.0307, 0.008700000000000001, 0.008700000000000001, 0.008700000000000001], [0.0, 0.0, 0.0, 0.0, 0.0, 0.0, 0.0, 0.0, 0.0, 0.0, 0.0, 0.0, 0.0, 0.0, 0.0, 0.0, 0.0, 0.0], [0.0, 0.0, 0.0, 0.0, 0.0, 0.0, 0.0, 0.0, 0.0, 0.0, 0.0, 0.0, 0.0, 0.0, 0.0, 0.0, 0.0, 0.0], [0.0, 0.0, 0.0, 0.0, 0.00030000000000000003, 0.00030000000000000003, 0.0001, 0.0001, 0.0, 0.0, 0.0, 0.0, 0.0001, 0.0001, 0.0001, 0.0001, 0.0001, 0.0001], [0.0, 0.0, 0.0, 0.0, 0.0, 0.0, 0.0, 0.0, 0.0, 0.0, 0.0, 0.0, 0.0, 0.0, 0.0, 0.0, 0.0, 0.0], [0.0001, 0.0001, 0.0001, 0.0001, 0.0, 0.0, 0.0, 0.0, 0.0, 0.0, 0.0, 0.0, 0.0, 0.0, 0.0, 0.0, 0.0, 0.0]]}}
bs_hinuma_efermi: -0.15310296
bs_latimer_munro_task_id: mp-2690273
bs_latimer_munro_band_gap: 2.1364
bs_latimer_munro_cbm: {'band_index': {'1': [66, 67]}, 'kpoint_index': [9, 10, 57, 58], 'kpoint': <pymatgen.electronic_structure.bandstructure.Kpoint object at 0x7fc5d4b5a350>, 'energy': 1.8324, 'projections': {'1': [[0.0, 0.0, 0.0, 0.0, 0.0, 0.0, 0.0009000000000000001, 0.0009000000000000001, 0.0013000000000000002, 0.0048000000000000004, 0.0013000000000000002, 0.0048000000000000004, 0.0058000000000000005, 0.0035, 0.0035, 0.0016, 0.0016, 0.0058000000000000005], [0.0, 0.0, 0.0, 0.0, 0.0051, 0.0187, 0.0011, 0.0011, 0.0004, 0.0001, 0.0004, 0.0001, 0.0385, 0.004, 0.004, 0.0105, 0.0105, 0.0385], [0.0, 0.0001, 0.0, 0.0001, 0.08750000000000001, 0.0239, 0.0012000000000000001, 0.0012000000000000001, 0.007200000000000001, 0.0263, 0.007200000000000001, 0.0263, 0.0004, 0.00030000000000000003, 0.00030000000000000003, 0.0016, 0.0016, 0.0004], [0.0, 0.0, 0.0, 0.0, 0.0369, 0.13520000000000001, 0.0021000000000000003, 0.0021000000000000003, 0.0021000000000000003, 0.0006000000000000001, 0.0021000000000000003, 0.0006000000000000001, 0.002, 0.0077, 0.0077, 0.0006000000000000001, 0.0006000000000000001, 0.002], [0.0, 0.0, 0.0, 0.0, 0.0, 0.0, 0.0004, 0.0004, 0.0, 0.0, 0.0, 0.0, 0.0014, 0.0014, 0.0014, 0.0004, 0.0004, 0.0014], [0.0, 0.0, 0.0, 0.0, 0.0, 0.0, 0.0001, 0.0001, 0.0001, 0.0, 0.0001, 0.0, 0.0001, 0.0, 0.0, 0.00030000000000000003, 0.00030000000000000003, 0.0001], [0.0, 0.0, 0.0, 0.0, 0.0, 0.0, 0.0001, 0.0001, 0.0006000000000000001, 0.0023, 0.0006000000000000001, 0.0023, 0.0006000000000000001, 0.0004, 0.0004, 0.0002, 0.0002, 0.0006000000000000001], [0.0002, 0.0001, 0.0002, 0.0001, 0.0, 0.0, 0.0002, 0.0002, 0.0006000000000000001, 0.0002, 0.0006000000000000001, 0.0002, 0.0, 0.0001, 0.0001, 0.0001, 0.0001, 0.0], [0.0, 0.0001, 0.0, 0.0001, 0.0, 0.0, 0.0001, 0.0001, 0.0, 0.0, 0.0, 0.0, 0.0005, 0.0002, 0.0002, 0.0001, 0.0001, 0.0005]]}}
bs_latimer_munro_vbm: {'band_index': {'1': [65]}, 'kpoint_index': [20, 21, 95, 96, 103], 'kpoint': <pymatgen.electronic_structure.bandstructure.Kpoint object at 0x7fc5d4b59be0>, 'energy': -0.304, 'projections': {'1': [[0.0, 0.0, 0.0, 0.0, 0.055200000000000006, 0.055200000000000006, 0.0, 0.0, 0.0001, 0.0001, 0.0001, 0.0001, 0.0, 0.0, 0.0, 0.0, 0.0, 0.0], [0.0, 0.0, 0.0, 0.0, 0.0, 0.0, 0.008700000000000001, 0.008700000000000001, 0.0, 0.0, 0.0, 0.0, 0.0307, 0.008700000000000001, 0.008700000000000001, 0.0307, 0.0307, 0.0307], [0.0, 0.0, 0.0, 0.0, 0.0, 0.0, 0.0, 0.0, 0.0685, 0.0685, 0.0684, 0.0685, 0.0, 0.0, 0.0, 0.0, 0.0, 0.0], [0.0, 0.0, 0.0, 0.0, 0.0, 0.0, 0.0307, 0.0307, 0.0, 0.0, 0.0, 0.0, 0.008700000000000001, 0.0307, 0.0307, 0.008700000000000001, 0.008700000000000001, 0.008700000000000001], [0.0, 0.0, 0.0, 0.0, 0.0, 0.0, 0.0, 0.0, 0.0, 0.0, 0.0, 0.0, 0.0, 0.0, 0.0, 0.0, 0.0, 0.0], [0.0, 0.0, 0.0, 0.0, 0.0, 0.0, 0.0, 0.0, 0.0, 0.0, 0.0, 0.0, 0.0, 0.0, 0.0, 0.0, 0.0, 0.0], [0.0, 0.0, 0.0, 0.0, 0.00030000000000000003, 0.00030000000000000003, 0.0001, 0.0001, 0.0, 0.0, 0.0, 0.0, 0.0001, 0.0001, 0.0001, 0.0001, 0.0001, 0.0001], [0.0, 0.0, 0.0, 0.0, 0.0, 0.0, 0.0, 0.0, 0.0, 0.0, 0.0, 0.0, 0.0, 0.0, 0.0, 0.0, 0.0, 0.0], [0.0001, 0.0001, 0.0001, 0.0001, 0.0, 0.0, 0.0, 0.0, 0.0, 0.0, 0.0, 0.0, 0.0, 0.0, 0.0, 0.0, 0.0, 0.0]]}}
bs_latimer_munro_efermi: -0.1548542