material_id: mp-29081
band_gap: 4.06
efermi: 0.33030834000000003
dos_magnetic_ordering: NM
dos_total_task_id: mp-1712737
dos_total_band_gap: 4.0687
dos_total_cbm: 4.2954
dos_total_vbm: 0.2267
dos_total_efermi: 0.23178499
bs_setyawan_curtarolo_task_id: mp-1629594
bs_setyawan_curtarolo_band_gap: 4.06
bs_setyawan_curtarolo_cbm: {'band_index': {'1': [68]}, 'kpoint_index': [9, 10, 33, 34, 60, 61, 81], 'kpoint': <pymatgen.electronic_structure.bandstructure.Kpoint object at 0x7fc699d63930>, 'energy': 4.3028, 'projections': {'1': [[0.0049, 0.0049, 0.0001, 0.0001, 0.0014, 0.0014, 0.0012000000000000001, 0.0012000000000000001, 0.00030000000000000003, 0.00030000000000000003, 0.00030000000000000003, 0.00030000000000000003, 0.0056, 0.0056, 0.0041, 0.0041, 0.001, 0.001, 0.0, 0.0, 0.0189, 0.0189, 0.0043, 0.0043], [0.015600000000000001, 0.015600000000000001, 0.0368, 0.0368, 0.0007, 0.0007, 0.0048000000000000004, 0.0048000000000000004, 0.0013000000000000002, 0.0013000000000000002, 0.0011, 0.0011, 0.0009000000000000001, 0.0009000000000000001, 0.0, 0.0, 0.0001, 0.0001, 0.00030000000000000003, 0.00030000000000000003, 0.0, 0.0, 0.0002, 0.0002], [0.0, 0.0, 0.027800000000000002, 0.027800000000000002, 0.0021000000000000003, 0.0021000000000000003, 0.0002, 0.0002, 0.0041, 0.0041, 0.0006000000000000001, 0.0006000000000000001, 0.0, 0.0, 0.0013000000000000002, 0.0013000000000000002, 0.0004, 0.0004, 0.0001, 0.0001, 0.00030000000000000003, 0.00030000000000000003, 0.0, 0.0], [0.004, 0.004, 0.0001, 0.0001, 0.006, 0.006, 0.056600000000000004, 0.056600000000000004, 0.0007, 0.0007, 0.0, 0.0, 0.00030000000000000003, 0.00030000000000000003, 0.0, 0.0, 0.001, 0.001, 0.0001, 0.0001, 0.0, 0.0, 0.0001, 0.0001], [0.0, 0.0, 0.0, 0.0, 0.0, 0.0, 0.0, 0.0, 0.0, 0.0, 0.0, 0.0, 0.0, 0.0, 0.0, 0.0, 0.0, 0.0, 0.0, 0.0, 0.0, 0.0, 0.0, 0.0], [0.0, 0.0, 0.0, 0.0, 0.0, 0.0, 0.0, 0.0, 0.0, 0.0, 0.0, 0.0, 0.0, 0.0, 0.0, 0.0, 0.0, 0.0, 0.0, 0.0, 0.0, 0.0, 0.0, 0.0], [0.0, 0.0, 0.0, 0.0, 0.0, 0.0, 0.0, 0.0, 0.0, 0.0, 0.0, 0.0, 0.0, 0.0, 0.0, 0.0, 0.0, 0.0, 0.0, 0.0, 0.0, 0.0, 0.0, 0.0], [0.0, 0.0, 0.0, 0.0, 0.0, 0.0, 0.0, 0.0, 0.0, 0.0, 0.0, 0.0, 0.0, 0.0, 0.0, 0.0, 0.0, 0.0, 0.0, 0.0, 0.0, 0.0, 0.0, 0.0], [0.0, 0.0, 0.0, 0.0, 0.0, 0.0, 0.0, 0.0, 0.0, 0.0, 0.0, 0.0, 0.0, 0.0, 0.0, 0.0, 0.0, 0.0, 0.0, 0.0, 0.0, 0.0, 0.0, 0.0]]}}
bs_setyawan_curtarolo_vbm: {'band_index': {'1': [67]}, 'kpoint_index': [45], 'kpoint': <pymatgen.electronic_structure.bandstructure.Kpoint object at 0x7fc5d4b5a190>, 'energy': 0.24280000000000002, 'projections': {'1': [[0.0, 0.0, 0.013300000000000001, 0.013300000000000001, 0.0002, 0.0002, 0.0023, 0.0023, 0.0, 0.0, 0.00030000000000000003, 0.00030000000000000003, 0.0005, 0.0005, 0.0006000000000000001, 0.0006000000000000001, 0.0002, 0.0002, 0.00030000000000000003, 0.00030000000000000003, 0.0002, 0.0002, 0.0, 0.0], [0.0015, 0.0015, 0.00030000000000000003, 0.00030000000000000003, 0.0002, 0.0002, 0.0011, 0.0011, 0.0258, 0.0258, 0.0004, 0.0004, 0.0007, 0.0007, 0.0016, 0.0016, 0.0015, 0.0015, 0.0011, 0.0011, 0.0011, 0.0011, 0.0024000000000000002, 0.0024000000000000002], [0.0004, 0.0004, 0.0, 0.0, 0.0013000000000000002, 0.0013000000000000002, 0.0058000000000000005, 0.0058000000000000005, 0.044, 0.044, 0.006500000000000001, 0.006500000000000001, 0.0024000000000000002, 0.0024000000000000002, 0.0001, 0.0001, 0.0002, 0.0002, 0.0002, 0.0002, 0.0002, 0.0002, 0.0012000000000000001, 0.0012000000000000001], [0.0022, 0.0022, 0.026500000000000003, 0.026500000000000003, 0.0004, 0.0004, 0.0027, 0.0027, 0.1019, 0.1019, 0.0014, 0.0014, 0.012100000000000001, 0.012100000000000001, 0.0026000000000000003, 0.0026000000000000003, 0.0007, 0.0007, 0.0008, 0.0008, 0.0055000000000000005, 0.0055000000000000005, 0.0001, 0.0001], [0.0, 0.0, 0.0, 0.0, 0.0, 0.0, 0.0, 0.0, 0.0, 0.0, 0.0, 0.0, 0.0, 0.0, 0.0, 0.0, 0.0, 0.0, 0.0, 0.0, 0.0, 0.0, 0.0, 0.0], [0.0, 0.0, 0.0, 0.0, 0.0, 0.0, 0.0, 0.0, 0.0, 0.0, 0.0, 0.0, 0.0, 0.0, 0.0, 0.0, 0.0, 0.0, 0.0, 0.0, 0.0, 0.0, 0.0, 0.0], [0.0, 0.0, 0.0, 0.0, 0.0, 0.0, 0.0, 0.0, 0.0, 0.0, 0.0, 0.0, 0.0, 0.0, 0.0, 0.0, 0.0, 0.0, 0.0, 0.0, 0.0, 0.0, 0.0, 0.0], [0.0, 0.0, 0.0, 0.0, 0.0, 0.0, 0.0, 0.0, 0.0, 0.0, 0.0, 0.0, 0.0, 0.0, 0.0, 0.0, 0.0, 0.0, 0.0, 0.0, 0.0, 0.0, 0.0, 0.0], [0.0, 0.0, 0.0, 0.0, 0.0, 0.0, 0.0, 0.0, 0.0, 0.0, 0.0, 0.0, 0.0, 0.0, 0.0, 0.0, 0.0, 0.0, 0.0, 0.0, 0.0, 0.0, 0.0, 0.0]]}}
bs_setyawan_curtarolo_efermi: 0.33030834000000003
bs_hinuma_task_id: mp-2174368
bs_hinuma_band_gap: 4.06
bs_hinuma_cbm: {'band_index': {'1': [68]}, 'kpoint_index': [0, 20, 21, 44, 45, 68, 69], 'kpoint': <pymatgen.electronic_structure.bandstructure.Kpoint object at 0x7fc5d4b5a350>, 'energy': 4.3028, 'projections': {'1': [[0.0049, 0.0049, 0.0001, 0.0001, 0.0014, 0.0014, 0.0012000000000000001, 0.0012000000000000001, 0.00030000000000000003, 0.00030000000000000003, 0.00030000000000000003, 0.00030000000000000003, 0.0056, 0.0056, 0.0041, 0.0041, 0.001, 0.001, 0.0, 0.0, 0.0189, 0.0189, 0.0043, 0.0043], [0.015600000000000001, 0.015600000000000001, 0.0368, 0.0368, 0.0007, 0.0007, 0.0048000000000000004, 0.0048000000000000004, 0.0013000000000000002, 0.0013000000000000002, 0.0011, 0.0011, 0.0009000000000000001, 0.0009000000000000001, 0.0, 0.0, 0.0001, 0.0001, 0.00030000000000000003, 0.00030000000000000003, 0.0, 0.0, 0.0002, 0.0002], [0.0, 0.0, 0.027800000000000002, 0.027800000000000002, 0.0021000000000000003, 0.0021000000000000003, 0.0002, 0.0002, 0.0041, 0.0041, 0.0006000000000000001, 0.0006000000000000001, 0.0, 0.0, 0.0013000000000000002, 0.0013000000000000002, 0.0004, 0.0004, 0.0001, 0.0001, 0.00030000000000000003, 0.00030000000000000003, 0.0, 0.0], [0.004, 0.004, 0.0001, 0.0001, 0.006, 0.006, 0.056600000000000004, 0.056600000000000004, 0.0007, 0.0007, 0.0, 0.0, 0.00030000000000000003, 0.00030000000000000003, 0.0, 0.0, 0.001, 0.001, 0.0001, 0.0001, 0.0, 0.0, 0.0001, 0.0001], [0.0, 0.0, 0.0, 0.0, 0.0, 0.0, 0.0, 0.0, 0.0, 0.0, 0.0, 0.0, 0.0, 0.0, 0.0, 0.0, 0.0, 0.0, 0.0, 0.0, 0.0, 0.0, 0.0, 0.0], [0.0, 0.0, 0.0, 0.0, 0.0, 0.0, 0.0, 0.0, 0.0, 0.0, 0.0, 0.0, 0.0, 0.0, 0.0, 0.0, 0.0, 0.0, 0.0, 0.0, 0.0, 0.0, 0.0, 0.0], [0.0, 0.0, 0.0, 0.0, 0.0, 0.0, 0.0, 0.0, 0.0, 0.0, 0.0, 0.0, 0.0, 0.0, 0.0, 0.0, 0.0, 0.0, 0.0, 0.0, 0.0, 0.0, 0.0, 0.0], [0.0, 0.0, 0.0, 0.0, 0.0, 0.0, 0.0, 0.0, 0.0, 0.0, 0.0, 0.0, 0.0, 0.0, 0.0, 0.0, 0.0, 0.0, 0.0, 0.0, 0.0, 0.0, 0.0, 0.0], [0.0, 0.0, 0.0, 0.0, 0.0, 0.0, 0.0, 0.0, 0.0, 0.0, 0.0, 0.0, 0.0, 0.0, 0.0, 0.0, 0.0, 0.0, 0.0, 0.0, 0.0, 0.0, 0.0, 0.0]]}}
bs_hinuma_vbm: {'band_index': {'1': [67]}, 'kpoint_index': [57], 'kpoint': <pymatgen.electronic_structure.bandstructure.Kpoint object at 0x7fc5d4b59be0>, 'energy': 0.24280000000000002, 'projections': {'1': [[0.0, 0.0, 0.013300000000000001, 0.013300000000000001, 0.0002, 0.0002, 0.0023, 0.0023, 0.0, 0.0, 0.00030000000000000003, 0.00030000000000000003, 0.0005, 0.0005, 0.0006000000000000001, 0.0006000000000000001, 0.0002, 0.0002, 0.00030000000000000003, 0.00030000000000000003, 0.0002, 0.0002, 0.0, 0.0], [0.0015, 0.0015, 0.00030000000000000003, 0.00030000000000000003, 0.0002, 0.0002, 0.0011, 0.0011, 0.0258, 0.0258, 0.0004, 0.0004, 0.0007, 0.0007, 0.0016, 0.0016, 0.0015, 0.0015, 0.0011, 0.0011, 0.0011, 0.0011, 0.0024000000000000002, 0.0024000000000000002], [0.0004, 0.0004, 0.0, 0.0, 0.0013000000000000002, 0.0013000000000000002, 0.0058000000000000005, 0.0058000000000000005, 0.044, 0.044, 0.006500000000000001, 0.006500000000000001, 0.0024000000000000002, 0.0024000000000000002, 0.0001, 0.0001, 0.0002, 0.0002, 0.0002, 0.0002, 0.0002, 0.0002, 0.0012000000000000001, 0.0012000000000000001], [0.0022, 0.0022, 0.026500000000000003, 0.026500000000000003, 0.0004, 0.0004, 0.0027, 0.0027, 0.1019, 0.1019, 0.0014, 0.0014, 0.012100000000000001, 0.012100000000000001, 0.0026000000000000003, 0.0026000000000000003, 0.0007, 0.0007, 0.0008, 0.0008, 0.0055000000000000005, 0.0055000000000000005, 0.0001, 0.0001], [0.0, 0.0, 0.0, 0.0, 0.0, 0.0, 0.0, 0.0, 0.0, 0.0, 0.0, 0.0, 0.0, 0.0, 0.0, 0.0, 0.0, 0.0, 0.0, 0.0, 0.0, 0.0, 0.0, 0.0], [0.0, 0.0, 0.0, 0.0, 0.0, 0.0, 0.0, 0.0, 0.0, 0.0, 0.0, 0.0, 0.0, 0.0, 0.0, 0.0, 0.0, 0.0, 0.0, 0.0, 0.0, 0.0, 0.0, 0.0], [0.0, 0.0, 0.0, 0.0, 0.0, 0.0, 0.0, 0.0, 0.0, 0.0, 0.0, 0.0, 0.0, 0.0, 0.0, 0.0, 0.0, 0.0, 0.0, 0.0, 0.0, 0.0, 0.0, 0.0], [0.0, 0.0, 0.0, 0.0, 0.0, 0.0, 0.0, 0.0, 0.0, 0.0, 0.0, 0.0, 0.0, 0.0, 0.0, 0.0, 0.0, 0.0, 0.0, 0.0, 0.0, 0.0, 0.0, 0.0], [0.0, 0.0, 0.0, 0.0, 0.0, 0.0, 0.0, 0.0, 0.0, 0.0, 0.0, 0.0, 0.0, 0.0, 0.0, 0.0, 0.0, 0.0, 0.0, 0.0, 0.0, 0.0, 0.0, 0.0]]}}
bs_hinuma_efermi: 0.31367481
bs_latimer_munro_task_id: mp-2328990
bs_latimer_munro_band_gap: 4.06
bs_latimer_munro_cbm: {'band_index': {'1': [68]}, 'kpoint_index': [11, 12, 22, 31, 42, 54, 67], 'kpoint': <pymatgen.electronic_structure.bandstructure.Kpoint object at 0x7fc5d4b5a200>, 'energy': 4.3028, 'projections': {'1': [[0.0049, 0.0049, 0.0001, 0.0001, 0.0014, 0.0014, 0.0012000000000000001, 0.0012000000000000001, 0.00030000000000000003, 0.00030000000000000003, 0.00030000000000000003, 0.00030000000000000003, 0.0056, 0.0056, 0.0041, 0.0041, 0.001, 0.001, 0.0, 0.0, 0.0189, 0.0189, 0.0043, 0.0043], [0.015600000000000001, 0.015600000000000001, 0.0368, 0.0368, 0.0007, 0.0007, 0.0048000000000000004, 0.0048000000000000004, 0.0013000000000000002, 0.0013000000000000002, 0.0011, 0.0011, 0.0009000000000000001, 0.0009000000000000001, 0.0, 0.0, 0.0001, 0.0001, 0.00030000000000000003, 0.00030000000000000003, 0.0, 0.0, 0.0002, 0.0002], [0.0, 0.0, 0.027800000000000002, 0.027800000000000002, 0.0021000000000000003, 0.0021000000000000003, 0.0002, 0.0002, 0.0041, 0.0041, 0.0006000000000000001, 0.0006000000000000001, 0.0, 0.0, 0.0013000000000000002, 0.0013000000000000002, 0.0004, 0.0004, 0.0001, 0.0001, 0.00030000000000000003, 0.00030000000000000003, 0.0, 0.0], [0.004, 0.004, 0.0001, 0.0001, 0.006, 0.006, 0.056600000000000004, 0.056600000000000004, 0.0007, 0.0007, 0.0, 0.0, 0.00030000000000000003, 0.00030000000000000003, 0.0, 0.0, 0.001, 0.001, 0.0001, 0.0001, 0.0, 0.0, 0.0001, 0.0001], [0.0, 0.0, 0.0, 0.0, 0.0, 0.0, 0.0, 0.0, 0.0, 0.0, 0.0, 0.0, 0.0, 0.0, 0.0, 0.0, 0.0, 0.0, 0.0, 0.0, 0.0, 0.0, 0.0, 0.0], [0.0, 0.0, 0.0, 0.0, 0.0, 0.0, 0.0, 0.0, 0.0, 0.0, 0.0, 0.0, 0.0, 0.0, 0.0, 0.0, 0.0, 0.0, 0.0, 0.0, 0.0, 0.0, 0.0, 0.0], [0.0, 0.0, 0.0, 0.0, 0.0, 0.0, 0.0, 0.0, 0.0, 0.0, 0.0, 0.0, 0.0, 0.0, 0.0, 0.0, 0.0, 0.0, 0.0, 0.0, 0.0, 0.0, 0.0, 0.0], [0.0, 0.0, 0.0, 0.0, 0.0, 0.0, 0.0, 0.0, 0.0, 0.0, 0.0, 0.0, 0.0, 0.0, 0.0, 0.0, 0.0, 0.0, 0.0, 0.0, 0.0, 0.0, 0.0, 0.0], [0.0, 0.0, 0.0, 0.0, 0.0, 0.0, 0.0, 0.0, 0.0, 0.0, 0.0, 0.0, 0.0, 0.0, 0.0, 0.0, 0.0, 0.0, 0.0, 0.0, 0.0, 0.0, 0.0, 0.0]]}}
bs_latimer_munro_vbm: {'band_index': {'1': [67]}, 'kpoint_index': [53], 'kpoint': <pymatgen.electronic_structure.bandstructure.Kpoint object at 0x7fc5d4b5a3c0>, 'energy': 0.24280000000000002, 'projections': {'1': [[0.0, 0.0, 0.013300000000000001, 0.013300000000000001, 0.0002, 0.0002, 0.0023, 0.0023, 0.0, 0.0, 0.00030000000000000003, 0.00030000000000000003, 0.0005, 0.0005, 0.0006000000000000001, 0.0006000000000000001, 0.0002, 0.0002, 0.00030000000000000003, 0.00030000000000000003, 0.0002, 0.0002, 0.0, 0.0], [0.0015, 0.0015, 0.00030000000000000003, 0.00030000000000000003, 0.0002, 0.0002, 0.0011, 0.0011, 0.0258, 0.0258, 0.0004, 0.0004, 0.0007, 0.0007, 0.0016, 0.0016, 0.0015, 0.0015, 0.0011, 0.0011, 0.0011, 0.0011, 0.0024000000000000002, 0.0024000000000000002], [0.0004, 0.0004, 0.0, 0.0, 0.0013000000000000002, 0.0013000000000000002, 0.0058000000000000005, 0.0058000000000000005, 0.044, 0.044, 0.006500000000000001, 0.006500000000000001, 0.0024000000000000002, 0.0024000000000000002, 0.0001, 0.0001, 0.0002, 0.0002, 0.0002, 0.0002, 0.0002, 0.0002, 0.0012000000000000001, 0.0012000000000000001], [0.0022, 0.0022, 0.026500000000000003, 0.026500000000000003, 0.0004, 0.0004, 0.0027, 0.0027, 0.1019, 0.1019, 0.0014, 0.0014, 0.012100000000000001, 0.012100000000000001, 0.0026000000000000003, 0.0026000000000000003, 0.0007, 0.0007, 0.0008, 0.0008, 0.0055000000000000005, 0.0055000000000000005, 0.0001, 0.0001], [0.0, 0.0, 0.0, 0.0, 0.0, 0.0, 0.0, 0.0, 0.0, 0.0, 0.0, 0.0, 0.0, 0.0, 0.0, 0.0, 0.0, 0.0, 0.0, 0.0, 0.0, 0.0, 0.0, 0.0], [0.0, 0.0, 0.0, 0.0, 0.0, 0.0, 0.0, 0.0, 0.0, 0.0, 0.0, 0.0, 0.0, 0.0, 0.0, 0.0, 0.0, 0.0, 0.0, 0.0, 0.0, 0.0, 0.0, 0.0], [0.0, 0.0, 0.0, 0.0, 0.0, 0.0, 0.0, 0.0, 0.0, 0.0, 0.0, 0.0, 0.0, 0.0, 0.0, 0.0, 0.0, 0.0, 0.0, 0.0, 0.0, 0.0, 0.0, 0.0], [0.0, 0.0, 0.0, 0.0, 0.0, 0.0, 0.0, 0.0, 0.0, 0.0, 0.0, 0.0, 0.0, 0.0, 0.0, 0.0, 0.0, 0.0, 0.0, 0.0, 0.0, 0.0, 0.0, 0.0], [0.0, 0.0, 0.0, 0.0, 0.0, 0.0, 0.0, 0.0, 0.0, 0.0, 0.0, 0.0, 0.0, 0.0, 0.0, 0.0, 0.0, 0.0, 0.0, 0.0, 0.0, 0.0, 0.0, 0.0]]}}
bs_latimer_munro_efermi: 0.31690457