material_id: mp-27488
band_gap: 1.214099999999999
efermi: 3.77843521
dos_magnetic_ordering: NM
dos_total_task_id: mp-1700529
dos_total_band_gap: 1.211299999999999
dos_total_cbm: 4.9624
dos_total_vbm: 3.7511
dos_total_efermi: 3.7520038
bs_setyawan_curtarolo_task_id: mp-842583
bs_setyawan_curtarolo_band_gap: 1.214099999999999
bs_setyawan_curtarolo_cbm: {'band_index': {'1': [58]}, 'kpoint_index': [85, 86, 131], 'kpoint': <pymatgen.electronic_structure.bandstructure.Kpoint object at 0x7fc699d63930>, 'energy': 4.9825, 'projections': {}}
bs_setyawan_curtarolo_vbm: {'band_index': {'1': [57]}, 'kpoint_index': ['9'], 'kpoint': <pymatgen.electronic_structure.bandstructure.Kpoint object at 0x7fc5d4b59be0>, 'energy': 3.7684, 'projections': {}}
bs_setyawan_curtarolo_efermi: 3.77843521
bs_hinuma_task_id: mp-2182931
bs_hinuma_band_gap: 1.214899999999999
bs_hinuma_cbm: {'band_index': {'1': [58]}, 'kpoint_index': [13, 14, 99], 'kpoint': <pymatgen.electronic_structure.bandstructure.Kpoint object at 0x7fc5d4b5a430>, 'energy': 4.983, 'projections': {'1': [[0.0, 0.0, 0.0, 0.0, 0.0, 0.0, 0.0, 0.0, 0.0, 0.0, 0.0, 0.0, 0.0, 0.0, 0.0, 0.0], [0.0, 0.0, 0.0, 0.0, 0.0, 0.0, 0.0, 0.0, 0.0, 0.0, 0.0, 0.0, 0.0, 0.0, 0.0, 0.0], [0.0, 0.0, 0.0, 0.0, 0.0, 0.0, 0.0, 0.0, 0.0, 0.0, 0.0, 0.0, 0.0, 0.0, 0.0, 0.0], [0.0, 0.0001, 0.0001, 0.0001, 0.0, 0.0001, 0.0, 0.0, 0.0, 0.0, 0.0, 0.0, 0.0, 0.0, 0.0, 0.0], [0.0, 0.005200000000000001, 0.005200000000000001, 0.005200000000000001, 0.0, 0.005200000000000001, 0.0, 0.0, 0.0, 0.0, 0.0, 0.0, 0.0, 0.0, 0.0, 0.0], [0.0, 0.0, 0.0, 0.0, 0.0, 0.0, 0.0, 0.0, 0.0, 0.0, 0.0, 0.0, 0.0, 0.0, 0.0, 0.0], [0.0, 0.0, 0.0, 0.0, 0.0, 0.0, 0.0, 0.0, 0.0, 0.0, 0.0, 0.0, 0.0, 0.0, 0.0, 0.0], [0.0551, 0.1568, 0.1568, 0.1568, 0.0551, 0.1568, 0.0, 0.0, 0.0, 0.0, 0.0, 0.0, 0.0, 0.0, 0.0, 0.0], [0.0, 0.0, 0.0, 0.0, 0.0, 0.0, 0.0, 0.0, 0.0, 0.0, 0.0, 0.0, 0.0, 0.0, 0.0, 0.0]]}}
bs_hinuma_vbm: {'band_index': {'1': [57]}, 'kpoint_index': ['39'], 'kpoint': <pymatgen.electronic_structure.bandstructure.Kpoint object at 0x7fc5d4b59e80>, 'energy': 3.7681, 'projections': {'1': [[0.0, 0.0008, 0.0008, 0.0008, 0.0, 0.0008, 0.0007, 0.0004, 0.0004, 0.0004, 0.0, 0.0004, 0.0007, 0.0007, 0.0, 0.0007], [0.0, 0.0038, 0.0038, 0.0038, 0.0, 0.0038, 0.0213, 0.0611, 0.0611, 0.0611, 0.0, 0.0611, 0.0213, 0.0213, 0.0, 0.0213], [0.0006000000000000001, 0.0006000000000000001, 0.0006000000000000001, 0.0006000000000000001, 0.0006000000000000001, 0.0006000000000000001, 0.0396, 0.0008, 0.0008, 0.0008, 0.039900000000000005, 0.0008, 0.0396, 0.0396, 0.039900000000000005, 0.0396], [0.0, 0.0038, 0.0038, 0.0038, 0.0, 0.0038, 0.006, 0.010100000000000001, 0.010100000000000001, 0.010100000000000001, 0.0, 0.010100000000000001, 0.006, 0.006, 0.0, 0.006], [0.0, 0.0006000000000000001, 0.0006000000000000001, 0.0006000000000000001, 0.0, 0.0006000000000000001, 0.0, 0.0, 0.0, 0.0, 0.0, 0.0, 0.0, 0.0, 0.0, 0.0], [0.0002, 0.0001, 0.0001, 0.0001, 0.0002, 0.0001, 0.0, 0.0, 0.0, 0.0, 0.0, 0.0, 0.0, 0.0, 0.0, 0.0], [0.0, 0.0043, 0.0043, 0.0043, 0.0, 0.0043, 0.0, 0.0, 0.0, 0.0, 0.0, 0.0, 0.0, 0.0, 0.0, 0.0], [0.0009000000000000001, 0.0002, 0.0002, 0.0002, 0.0009000000000000001, 0.0002, 0.0, 0.0, 0.0, 0.0, 0.0, 0.0, 0.0, 0.0, 0.0, 0.0], [0.0, 0.0, 0.0, 0.0, 0.0, 0.0, 0.0, 0.0, 0.0, 0.0, 0.0, 0.0, 0.0, 0.0, 0.0, 0.0]]}}
bs_hinuma_efermi: 3.94813312
bs_latimer_munro_task_id: mp-2612117
bs_latimer_munro_band_gap: 1.214899999999999
bs_latimer_munro_cbm: {'band_index': {'1': [58]}, 'kpoint_index': [72, 73, 146, 147], 'kpoint': <pymatgen.electronic_structure.bandstructure.Kpoint object at 0x7fc5d4b5a3c0>, 'energy': 4.983, 'projections': {'1': [[0.0, 0.0, 0.0, 0.0, 0.0, 0.0, 0.0, 0.0, 0.0, 0.0, 0.0, 0.0, 0.0, 0.0, 0.0, 0.0], [0.0, 0.0, 0.0, 0.0, 0.0, 0.0, 0.0, 0.0, 0.0, 0.0, 0.0, 0.0, 0.0, 0.0, 0.0, 0.0], [0.0, 0.0, 0.0, 0.0, 0.0, 0.0, 0.0, 0.0, 0.0, 0.0, 0.0, 0.0, 0.0, 0.0, 0.0, 0.0], [0.0, 0.0001, 0.0001, 0.0001, 0.0, 0.0001, 0.0, 0.0, 0.0, 0.0, 0.0, 0.0, 0.0, 0.0, 0.0, 0.0], [0.0, 0.005200000000000001, 0.005200000000000001, 0.005200000000000001, 0.0, 0.005200000000000001, 0.0, 0.0, 0.0, 0.0, 0.0, 0.0, 0.0, 0.0, 0.0, 0.0], [0.0, 0.0, 0.0, 0.0, 0.0, 0.0, 0.0, 0.0, 0.0, 0.0, 0.0, 0.0, 0.0, 0.0, 0.0, 0.0], [0.0, 0.0, 0.0, 0.0, 0.0, 0.0, 0.0, 0.0, 0.0, 0.0, 0.0, 0.0, 0.0, 0.0, 0.0, 0.0], [0.0551, 0.1568, 0.1568, 0.1568, 0.0551, 0.1568, 0.0, 0.0, 0.0, 0.0, 0.0, 0.0, 0.0, 0.0, 0.0, 0.0], [0.0, 0.0, 0.0, 0.0, 0.0, 0.0, 0.0, 0.0, 0.0, 0.0, 0.0, 0.0, 0.0, 0.0, 0.0, 0.0]]}}
bs_latimer_munro_vbm: {'band_index': {'1': [57]}, 'kpoint_index': ['219'], 'kpoint': <pymatgen.electronic_structure.bandstructure.Kpoint object at 0x7fc5d4b5a190>, 'energy': 3.7681, 'projections': {'1': [[0.0, 0.0008, 0.0008, 0.0008, 0.0, 0.0008, 0.0007, 0.0004, 0.0004, 0.0004, 0.0, 0.0004, 0.0007, 0.0007, 0.0, 0.0007], [0.0, 0.0038, 0.0038, 0.0038, 0.0, 0.0038, 0.0213, 0.0611, 0.0611, 0.0611, 0.0, 0.0611, 0.0213, 0.0213, 0.0, 0.0213], [0.0006000000000000001, 0.0006000000000000001, 0.0006000000000000001, 0.0006000000000000001, 0.0006000000000000001, 0.0006000000000000001, 0.0396, 0.0008, 0.0008, 0.0008, 0.039900000000000005, 0.0008, 0.0396, 0.0396, 0.039900000000000005, 0.0396], [0.0, 0.0038, 0.0038, 0.0038, 0.0, 0.0038, 0.006, 0.010100000000000001, 0.010100000000000001, 0.010100000000000001, 0.0, 0.010100000000000001, 0.006, 0.006, 0.0, 0.006], [0.0, 0.0006000000000000001, 0.0006000000000000001, 0.0006000000000000001, 0.0, 0.0006000000000000001, 0.0, 0.0, 0.0, 0.0, 0.0, 0.0, 0.0, 0.0, 0.0, 0.0], [0.0002, 0.0001, 0.0001, 0.0001, 0.0002, 0.0001, 0.0, 0.0, 0.0, 0.0, 0.0, 0.0, 0.0, 0.0, 0.0, 0.0], [0.0, 0.0043, 0.0043, 0.0043, 0.0, 0.0043, 0.0, 0.0, 0.0, 0.0, 0.0, 0.0, 0.0, 0.0, 0.0, 0.0], [0.0009000000000000001, 0.0002, 0.0002, 0.0002, 0.0009000000000000001, 0.0002, 0.0, 0.0, 0.0, 0.0, 0.0, 0.0, 0.0, 0.0, 0.0, 0.0], [0.0, 0.0, 0.0, 0.0, 0.0, 0.0, 0.0, 0.0, 0.0, 0.0, 0.0, 0.0, 0.0, 0.0, 0.0, 0.0]]}}
bs_latimer_munro_efermi: 3.95045642