material_id: mp-28873
band_gap: 4.1681
efermi: -0.35200463
dos_magnetic_ordering: NM
dos_total_task_id: mp-2291368
dos_total_band_gap: 4.186
dos_total_cbm: 3.6866
dos_total_vbm: -0.4994
dos_total_efermi: -0.49680702
bs_setyawan_curtarolo_task_id: mp-1587130
bs_setyawan_curtarolo_band_gap: 4.1681
bs_setyawan_curtarolo_cbm: {'band_index': {'1': [17, 18]}, 'kpoint_index': [36, 37, 98], 'kpoint': <pymatgen.electronic_structure.bandstructure.Kpoint object at 0x7fc699d63930>, 'energy': 3.6658, 'projections': {'1': [[0.0, 0.0, 0.0064, 0.0257, 0.0064], [0.0, 0.0, 0.038200000000000005, 0.0, 0.038200000000000005], [0.0026000000000000003, 0.14450000000000002, 0.043300000000000005, 0.0872, 0.043300000000000005], [0.0012000000000000001, 0.0637, 0.0005, 0.0154, 0.0005], [0.0, 0.0, 0.0, 0.0, 0.0], [0.0, 0.0, 0.0, 0.0, 0.0], [0.0001, 0.0889, 0.0, 0.0, 0.0], [0.0027, 0.0002, 0.0, 0.0, 0.0], [0.0048000000000000004, 0.0, 0.0, 0.0, 0.0]]}}
bs_setyawan_curtarolo_vbm: {'band_index': {'1': [16]}, 'kpoint_index': [36, 37, 98], 'kpoint': <pymatgen.electronic_structure.bandstructure.Kpoint object at 0x7fc5d4b59e80>, 'energy': -0.5023, 'projections': {'1': [[0.0002, 0.0325, 0.0001, 0.0001, 0.0001], [0.0, 0.0, 0.009000000000000001, 0.0, 0.009000000000000001], [0.0053, 0.0315, 0.035500000000000004, 0.10590000000000001, 0.035500000000000004], [0.012, 0.0713, 0.14650000000000002, 0.0852, 0.14650000000000002], [0.0, 0.0, 0.0, 0.0, 0.0], [0.0, 0.0, 0.0, 0.0, 0.0], [0.0, 0.0001, 0.0, 0.0, 0.0], [0.0006000000000000001, 0.0222, 0.0, 0.0, 0.0], [0.0004, 0.0126, 0.0, 0.0, 0.0]]}}
bs_setyawan_curtarolo_efermi: -0.35200463
bs_hinuma_task_id: mp-2063671
bs_hinuma_band_gap: 4.1681
bs_hinuma_cbm: {'band_index': {'1': [17, 18]}, 'kpoint_index': [22, 23], 'kpoint': <pymatgen.electronic_structure.bandstructure.Kpoint object at 0x7fc5d4b5a200>, 'energy': 3.6658, 'projections': {'1': [[0.0, 0.0, 0.0064, 0.0257, 0.006500000000000001], [0.0, 0.0, 0.0381, 0.0, 0.0383], [0.0026000000000000003, 0.14450000000000002, 0.043300000000000005, 0.0872, 0.0432], [0.0012000000000000001, 0.0637, 0.0004, 0.0154, 0.0005], [0.0, 0.0, 0.0, 0.0, 0.0], [0.0, 0.0, 0.0, 0.0, 0.0], [0.0001, 0.0889, 0.0, 0.0, 0.0], [0.0027, 0.0002, 0.0, 0.0, 0.0], [0.0048000000000000004, 0.0, 0.0, 0.0, 0.0]]}}
bs_hinuma_vbm: {'band_index': {'1': [16]}, 'kpoint_index': [22, 23], 'kpoint': <pymatgen.electronic_structure.bandstructure.Kpoint object at 0x7fc5d4b5a350>, 'energy': -0.5023, 'projections': {'1': [[0.0002, 0.0325, 0.0001, 0.0001, 0.0001], [0.0, 0.0, 0.009000000000000001, 0.0, 0.009000000000000001], [0.0053, 0.0315, 0.035500000000000004, 0.10590000000000001, 0.035500000000000004], [0.012, 0.0713, 0.14650000000000002, 0.0852, 0.14650000000000002], [0.0, 0.0, 0.0, 0.0, 0.0], [0.0, 0.0, 0.0, 0.0, 0.0], [0.0, 0.0001, 0.0, 0.0, 0.0], [0.0006000000000000001, 0.0222, 0.0, 0.0, 0.0], [0.0004, 0.0126, 0.0, 0.0, 0.0]]}}
bs_hinuma_efermi: -0.35332275