material_id: mp-23495
band_gap: 3.6576
efermi: -1.40674585
dos_magnetic_ordering: NM
dos_total_task_id: mp-1669377
dos_total_band_gap: 3.6295
dos_total_cbm: 2.1635
dos_total_vbm: -1.466
dos_total_efermi: -1.48403976
bs_setyawan_curtarolo_task_id: mp-1607498
bs_setyawan_curtarolo_band_gap: 3.6576
bs_setyawan_curtarolo_cbm: {'band_index': {'1': [58]}, 'kpoint_index': [0], 'kpoint': <pymatgen.electronic_structure.bandstructure.Kpoint object at 0x7fc699d63930>, 'energy': 2.1722, 'projections': {'1': [[0.0095, 0.0095, 0.0045000000000000005, 0.0045000000000000005, 0.0654, 0.0654, 0.013000000000000001, 0.013000000000000001, 0.0155, 0.0155, 0.0115, 0.0115, 0.0115, 0.0115], [0.0005, 0.0005, 0.0, 0.0, 0.00030000000000000003, 0.00030000000000000003, 0.00030000000000000003, 0.00030000000000000003, 0.0059, 0.0059, 0.0039000000000000003, 0.0039000000000000003, 0.0039000000000000003, 0.0039000000000000003], [0.0, 0.0, 0.0, 0.0, 0.0, 0.0, 0.0083, 0.0083, 0.0024000000000000002, 0.0024000000000000002, 0.00030000000000000003, 0.00030000000000000003, 0.00030000000000000003, 0.00030000000000000003], [0.0, 0.0, 0.0, 0.0, 0.0, 0.0, 0.0, 0.0, 0.0, 0.0, 0.005, 0.005, 0.005, 0.005], [0.0, 0.0, 0.0, 0.0, 0.0, 0.0, 0.0, 0.0, 0.0, 0.0, 0.00030000000000000003, 0.00030000000000000003, 0.00030000000000000003, 0.00030000000000000003], [0.0, 0.0, 0.0, 0.0, 0.0, 0.0, 0.0001, 0.0001, 0.0007, 0.0007, 0.0, 0.0, 0.0, 0.0], [0.0, 0.0, 0.0, 0.0, 0.0, 0.0, 0.0009000000000000001, 0.0009000000000000001, 0.0, 0.0, 0.0002, 0.0002, 0.0002, 0.0002], [0.0, 0.0, 0.0, 0.0, 0.0, 0.0, 0.0, 0.0, 0.0, 0.0, 0.0, 0.0, 0.0, 0.0], [0.0001, 0.0001, 0.0, 0.0, 0.0, 0.0, 0.0, 0.0, 0.0002, 0.0002, 0.0, 0.0, 0.0, 0.0]]}}
bs_setyawan_curtarolo_vbm: {'band_index': {'1': [57]}, 'kpoint_index': [0], 'kpoint': <pymatgen.electronic_structure.bandstructure.Kpoint object at 0x7fc5d4b59be0>, 'energy': -1.4854, 'projections': {'1': [[0.0, 0.0, 0.0, 0.0, 0.0, 0.0, 0.0, 0.0, 0.0, 0.0, 0.0, 0.0, 0.0, 0.0], [0.0, 0.0, 0.0, 0.0, 0.0, 0.0, 0.0, 0.0, 0.0, 0.0, 0.0014, 0.0014, 0.0014, 0.0014], [0.0, 0.0, 0.0, 0.0, 0.0, 0.0, 0.0, 0.0, 0.0, 0.0, 0.001, 0.001, 0.001, 0.001], [0.0002, 0.0002, 0.0004, 0.0004, 0.0039000000000000003, 0.0039000000000000003, 0.1041, 0.1041, 0.0454, 0.0454, 0.0809, 0.0809, 0.0809, 0.0809], [0.0001, 0.0001, 0.0001, 0.0001, 0.0167, 0.0167, 0.0, 0.0, 0.0, 0.0, 0.0, 0.0, 0.0, 0.0], [0.0, 0.0, 0.0, 0.0, 0.0, 0.0, 0.0, 0.0, 0.0, 0.0, 0.0, 0.0, 0.0, 0.0], [0.0, 0.0, 0.0, 0.0, 0.0, 0.0, 0.0, 0.0, 0.0, 0.0, 0.0, 0.0, 0.0, 0.0], [0.0, 0.0, 0.0, 0.0, 0.0033, 0.0033, 0.0, 0.0, 0.0, 0.0, 0.0, 0.0, 0.0, 0.0], [0.0, 0.0, 0.0, 0.0, 0.0, 0.0, 0.0, 0.0, 0.0, 0.0, 0.0, 0.0, 0.0, 0.0]]}}
bs_setyawan_curtarolo_efermi: -1.40674585
bs_latimer_munro_task_id: mp-2689208
bs_latimer_munro_band_gap: 3.6576
bs_latimer_munro_cbm: {'band_index': {'1': [58]}, 'kpoint_index': [33, 34, 46, 57, 178, 179, 205], 'kpoint': <pymatgen.electronic_structure.bandstructure.Kpoint object at 0x7fc5d4b5a430>, 'energy': 2.1722, 'projections': {'1': [[0.009600000000000001, 0.009600000000000001, 0.0046, 0.0046, 0.0653, 0.0653, 0.013000000000000001, 0.013000000000000001, 0.0155, 0.0155, 0.0115, 0.0115, 0.0115, 0.0115], [0.0005, 0.0005, 0.0, 0.0, 0.00030000000000000003, 0.00030000000000000003, 0.00030000000000000003, 0.00030000000000000003, 0.0059, 0.0059, 0.0039000000000000003, 0.0039000000000000003, 0.0039000000000000003, 0.0039000000000000003], [0.0, 0.0, 0.0, 0.0, 0.0, 0.0, 0.0083, 0.0083, 0.0024000000000000002, 0.0024000000000000002, 0.00030000000000000003, 0.00030000000000000003, 0.00030000000000000003, 0.00030000000000000003], [0.0, 0.0, 0.0, 0.0, 0.0, 0.0, 0.0, 0.0, 0.0, 0.0, 0.005, 0.005, 0.005, 0.005], [0.0, 0.0, 0.0, 0.0, 0.0, 0.0, 0.0, 0.0, 0.0, 0.0, 0.00030000000000000003, 0.00030000000000000003, 0.00030000000000000003, 0.00030000000000000003], [0.0, 0.0, 0.0, 0.0, 0.0, 0.0, 0.0001, 0.0001, 0.0007, 0.0007, 0.0, 0.0, 0.0, 0.0], [0.0, 0.0, 0.0, 0.0, 0.0, 0.0, 0.0009000000000000001, 0.0009000000000000001, 0.0, 0.0, 0.0002, 0.0002, 0.0002, 0.0002], [0.0, 0.0, 0.0, 0.0, 0.0, 0.0, 0.0, 0.0, 0.0, 0.0, 0.0, 0.0, 0.0, 0.0], [0.0001, 0.0001, 0.0, 0.0, 0.0, 0.0, 0.0, 0.0, 0.0002, 0.0002, 0.0, 0.0, 0.0, 0.0]]}}
bs_latimer_munro_vbm: {'band_index': {'1': [57]}, 'kpoint_index': [33, 34, 46, 57, 178, 179, 205], 'kpoint': <pymatgen.electronic_structure.bandstructure.Kpoint object at 0x7fc5d4b5a350>, 'energy': -1.4854, 'projections': {'1': [[0.0, 0.0, 0.0, 0.0, 0.0, 0.0, 0.0, 0.0, 0.0, 0.0, 0.0, 0.0, 0.0, 0.0], [0.0, 0.0, 0.0, 0.0, 0.0, 0.0, 0.0, 0.0, 0.0, 0.0, 0.0014, 0.0014, 0.0014, 0.0014], [0.0, 0.0, 0.0, 0.0, 0.0, 0.0, 0.0, 0.0, 0.0, 0.0, 0.001, 0.001, 0.001, 0.001], [0.0002, 0.0002, 0.0004, 0.0004, 0.0039000000000000003, 0.0039000000000000003, 0.1041, 0.1041, 0.0454, 0.0454, 0.0809, 0.0809, 0.0809, 0.0809], [0.0001, 0.0001, 0.0001, 0.0001, 0.0167, 0.0167, 0.0, 0.0, 0.0, 0.0, 0.0, 0.0, 0.0, 0.0], [0.0, 0.0, 0.0, 0.0, 0.0, 0.0, 0.0, 0.0, 0.0, 0.0, 0.0, 0.0, 0.0, 0.0], [0.0, 0.0, 0.0, 0.0, 0.0, 0.0, 0.0, 0.0, 0.0, 0.0, 0.0, 0.0, 0.0, 0.0], [0.0, 0.0, 0.0, 0.0, 0.0033, 0.0033, 0.0, 0.0, 0.0, 0.0, 0.0, 0.0, 0.0, 0.0], [0.0, 0.0, 0.0, 0.0, 0.0, 0.0, 0.0, 0.0, 0.0, 0.0, 0.0, 0.0, 0.0, 0.0]]}}
bs_latimer_munro_efermi: -1.4332394