material_id: mp-23828
band_gap: 3.7026
efermi: 0.46862854
dos_magnetic_ordering: NM
dos_total_task_id: mp-1673455
dos_total_band_gap: 3.7146
dos_total_cbm: 4.1434
dos_total_vbm: 0.4288
dos_total_efermi: 0.40765288
bs_setyawan_curtarolo_task_id: mp-1605620
bs_setyawan_curtarolo_band_gap: 3.7026
bs_setyawan_curtarolo_cbm: {'band_index': {'1': [48]}, 'kpoint_index': [56, 57, 100], 'kpoint': <pymatgen.electronic_structure.bandstructure.Kpoint object at 0x7fc699d63930>, 'energy': 4.1081, 'projections': {'1': [[0.0, 0.013300000000000001, 0.013300000000000001, 0.013300000000000001, 0.0, 0.0, 0.0, 0.0, 0.0, 0.0, 0.0, 0.0, 0.0, 0.0, 0.0, 0.0, 0.0018000000000000002, 0.0018000000000000002, 0.0018000000000000002, 0.015300000000000001, 0.0], [0.0, 0.0019, 0.0014, 0.0019, 0.0061, 0.0, 0.0, 0.0, 0.0, 0.0, 0.0, 0.0, 0.0, 0.0001, 0.0007, 0.0004, 0.0006000000000000001, 0.0, 0.0008, 0.0, 0.0], [0.0004, 0.0, 0.0, 0.0, 0.0, 0.0004, 0.0004, 0.0008, 0.0008, 0.0008, 0.0004, 0.0004, 0.0004, 0.0, 0.0, 0.0, 0.0, 0.0, 0.0, 0.0, 0.0], [0.0, 0.0015, 0.0021000000000000003, 0.0016, 0.0061, 0.0, 0.0, 0.0, 0.0, 0.0, 0.0, 0.0, 0.0, 0.0007, 0.0001, 0.0004, 0.0004, 0.0009000000000000001, 0.0001, 0.0, 0.0], [0.0, 0.006900000000000001, 0.0022, 0.0015, 0.0298, 0.0, 0.0, 0.0, 0.0, 0.0, 0.0, 0.0, 0.0, 0.0, 0.0, 0.0, 0.0, 0.0, 0.0, 0.0, 0.0], [0.0045000000000000005, 0.0, 0.0, 0.0, 0.0, 0.0152, 0.0329, 0.0, 0.0, 0.0, 0.0, 0.0, 0.0, 0.0, 0.0, 0.0, 0.0, 0.0, 0.0, 0.0, 0.0005], [0.0, 0.0067, 0.0067, 0.0067, 0.0, 0.0, 0.0, 0.0, 0.0, 0.0, 0.0, 0.0, 0.0, 0.0, 0.0, 0.0, 0.0, 0.0, 0.0, 0.0014, 0.0], [0.030500000000000003, 0.0, 0.0, 0.0, 0.0, 0.0198, 0.0022, 0.0, 0.0, 0.0, 0.0, 0.0, 0.0, 0.0, 0.0, 0.0, 0.0, 0.0, 0.0, 0.0, 0.0005], [0.0, 0.0001, 0.0049, 0.0056, 0.0298, 0.0, 0.0, 0.0, 0.0, 0.0, 0.0, 0.0, 0.0, 0.0, 0.0, 0.0, 0.0, 0.0, 0.0, 0.0, 0.0]]}}
bs_setyawan_curtarolo_vbm: {'band_index': {'1': [46, 47]}, 'kpoint_index': [0, 24, 25], 'kpoint': <pymatgen.electronic_structure.bandstructure.Kpoint object at 0x7fc5d4b5a430>, 'energy': 0.4055, 'projections': {'1': [[0.0, 0.0, 0.0004, 0.00030000000000000003, 0.0, 0.0, 0.0, 0.0442, 0.0323, 0.0009000000000000001, 0.0115, 0.018600000000000002, 0.0009000000000000001, 0.0328, 0.0027, 0.0167, 0.0233, 0.019100000000000002, 0.0844, 0.0, 0.0], [0.005, 0.0006000000000000001, 0.00030000000000000003, 0.0012000000000000001, 0.0053, 0.0005, 0.0028, 0.0, 0.0, 0.0, 0.0, 0.0, 0.0, 0.0, 0.0, 0.0, 0.0, 0.0, 0.0, 0.012400000000000001, 0.0015], [0.0, 0.0, 0.0, 0.0, 0.0, 0.0, 0.0, 0.0, 0.0, 0.0, 0.0, 0.0, 0.0, 0.0, 0.0, 0.0, 0.0, 0.0, 0.0, 0.0, 0.0], [0.00030000000000000003, 0.0013000000000000002, 0.0005, 0.0005, 0.0027, 0.0006000000000000001, 0.0041, 0.0, 0.0, 0.0, 0.0, 0.0, 0.0, 0.0, 0.0, 0.0, 0.0, 0.0, 0.0, 0.0012000000000000001, 0.030100000000000002], [0.0, 0.0039000000000000003, 0.0005, 0.0004, 0.0021000000000000003, 0.0023, 0.0011, 0.0, 0.0, 0.0, 0.0, 0.0, 0.0, 0.0, 0.0, 0.0, 0.0, 0.0, 0.0, 0.00030000000000000003, 0.0], [0.0, 0.0, 0.0, 0.0, 0.0, 0.0, 0.0, 0.0, 0.0, 0.0, 0.0, 0.0, 0.0, 0.0, 0.0, 0.0, 0.0, 0.0, 0.0, 0.0, 0.0], [0.0001, 0.0037, 0.0005, 0.0071, 0.0, 0.0023, 0.0035, 0.0, 0.0, 0.0, 0.0, 0.0, 0.0, 0.0, 0.0, 0.0, 0.0, 0.0, 0.0, 0.0, 0.0], [0.0, 0.0, 0.0, 0.0, 0.0, 0.0, 0.0, 0.0, 0.0, 0.0, 0.0, 0.0, 0.0, 0.0, 0.0, 0.0, 0.0, 0.0, 0.0, 0.0, 0.0], [0.0, 0.0038, 0.0119, 0.0001, 0.004, 0.0036000000000000003, 0.0043, 0.0, 0.0, 0.0, 0.0, 0.0, 0.0, 0.0, 0.0, 0.0, 0.0, 0.0, 0.0, 0.0001, 0.0006000000000000001]]}}
bs_setyawan_curtarolo_efermi: 0.46862854
bs_hinuma_task_id: mp-2138559
bs_hinuma_band_gap: 3.702499999999999
bs_hinuma_cbm: {'band_index': {'1': [48]}, 'kpoint_index': [56, 57, 84], 'kpoint': <pymatgen.electronic_structure.bandstructure.Kpoint object at 0x7fc5d4b59be0>, 'energy': 4.108, 'projections': {'1': [[0.0, 0.013300000000000001, 0.013300000000000001, 0.013300000000000001, 0.0, 0.0, 0.0, 0.0, 0.0, 0.0, 0.0, 0.0, 0.0, 0.0, 0.0, 0.0, 0.0018000000000000002, 0.0018000000000000002, 0.0018000000000000002, 0.015300000000000001, 0.0], [0.0, 0.0019, 0.0014, 0.0019, 0.0061, 0.0, 0.0, 0.0, 0.0, 0.0, 0.0, 0.0, 0.0, 0.0001, 0.0007, 0.0004, 0.0006000000000000001, 0.0, 0.0008, 0.0, 0.0], [0.0004, 0.0, 0.0, 0.0, 0.0, 0.0004, 0.0004, 0.0008, 0.0008, 0.0008, 0.0004, 0.0004, 0.0004, 0.0, 0.0, 0.0, 0.0, 0.0, 0.0, 0.0, 0.0], [0.0, 0.0015, 0.0021000000000000003, 0.0016, 0.0061, 0.0, 0.0, 0.0, 0.0, 0.0, 0.0, 0.0, 0.0, 0.0007, 0.0001, 0.0004, 0.0004, 0.0009000000000000001, 0.0001, 0.0, 0.0], [0.0, 0.006900000000000001, 0.0022, 0.0015, 0.0298, 0.0, 0.0, 0.0, 0.0, 0.0, 0.0, 0.0, 0.0, 0.0, 0.0, 0.0, 0.0, 0.0, 0.0, 0.0, 0.0], [0.0045000000000000005, 0.0, 0.0, 0.0, 0.0, 0.0152, 0.0329, 0.0, 0.0, 0.0, 0.0, 0.0, 0.0, 0.0, 0.0, 0.0, 0.0, 0.0, 0.0, 0.0, 0.0005], [0.0, 0.0067, 0.0067, 0.0067, 0.0, 0.0, 0.0, 0.0, 0.0, 0.0, 0.0, 0.0, 0.0, 0.0, 0.0, 0.0, 0.0, 0.0, 0.0, 0.0014, 0.0], [0.030500000000000003, 0.0, 0.0, 0.0, 0.0, 0.0198, 0.0022, 0.0, 0.0, 0.0, 0.0, 0.0, 0.0, 0.0, 0.0, 0.0, 0.0, 0.0, 0.0, 0.0, 0.0005], [0.0, 0.0001, 0.0049, 0.0056, 0.0298, 0.0, 0.0, 0.0, 0.0, 0.0, 0.0, 0.0, 0.0, 0.0, 0.0, 0.0, 0.0, 0.0, 0.0, 0.0, 0.0]]}}
bs_hinuma_vbm: {'band_index': {'1': [46, 47]}, 'kpoint_index': [0, 24, 25], 'kpoint': <pymatgen.electronic_structure.bandstructure.Kpoint object at 0x7fc5d4b5a3c0>, 'energy': 0.4055, 'projections': {'1': [[0.0, 0.0, 0.0004, 0.00030000000000000003, 0.0, 0.0, 0.0, 0.0442, 0.0323, 0.0009000000000000001, 0.0115, 0.018600000000000002, 0.0009000000000000001, 0.0328, 0.0027, 0.0167, 0.0233, 0.019100000000000002, 0.0844, 0.0, 0.0], [0.005, 0.0006000000000000001, 0.00030000000000000003, 0.0012000000000000001, 0.0053, 0.0005, 0.0028, 0.0, 0.0, 0.0, 0.0, 0.0, 0.0, 0.0, 0.0, 0.0, 0.0, 0.0, 0.0, 0.012400000000000001, 0.0015], [0.0, 0.0, 0.0, 0.0, 0.0, 0.0, 0.0, 0.0, 0.0, 0.0, 0.0, 0.0, 0.0, 0.0, 0.0, 0.0, 0.0, 0.0, 0.0, 0.0, 0.0], [0.00030000000000000003, 0.0013000000000000002, 0.0005, 0.0005, 0.0027, 0.0006000000000000001, 0.0041, 0.0, 0.0, 0.0, 0.0, 0.0, 0.0, 0.0, 0.0, 0.0, 0.0, 0.0, 0.0, 0.0012000000000000001, 0.030100000000000002], [0.0, 0.0039000000000000003, 0.0005, 0.0004, 0.0021000000000000003, 0.0023, 0.0011, 0.0, 0.0, 0.0, 0.0, 0.0, 0.0, 0.0, 0.0, 0.0, 0.0, 0.0, 0.0, 0.00030000000000000003, 0.0], [0.0, 0.0, 0.0, 0.0, 0.0, 0.0, 0.0, 0.0, 0.0, 0.0, 0.0, 0.0, 0.0, 0.0, 0.0, 0.0, 0.0, 0.0, 0.0, 0.0, 0.0], [0.0001, 0.0037, 0.0005, 0.0071, 0.0, 0.0023, 0.0035, 0.0, 0.0, 0.0, 0.0, 0.0, 0.0, 0.0, 0.0, 0.0, 0.0, 0.0, 0.0, 0.0, 0.0], [0.0, 0.0, 0.0, 0.0, 0.0, 0.0, 0.0, 0.0, 0.0, 0.0, 0.0, 0.0, 0.0, 0.0, 0.0, 0.0, 0.0, 0.0, 0.0, 0.0, 0.0], [0.0, 0.0038, 0.0119, 0.0001, 0.004, 0.0036000000000000003, 0.0043, 0.0, 0.0, 0.0, 0.0, 0.0, 0.0, 0.0, 0.0, 0.0, 0.0, 0.0, 0.0, 0.0001, 0.0006000000000000001]]}}
bs_hinuma_efermi: 0.46862854
bs_latimer_munro_task_id: mp-2600693
bs_latimer_munro_band_gap: 3.7026
bs_latimer_munro_cbm: {'band_index': {'1': [48]}, 'kpoint_index': [5, 6, 83], 'kpoint': <pymatgen.electronic_structure.bandstructure.Kpoint object at 0x7fc5d4b5a190>, 'energy': 4.1081, 'projections': {'1': [[0.0, 0.013300000000000001, 0.013300000000000001, 0.013300000000000001, 0.0, 0.0, 0.0, 0.0, 0.0, 0.0, 0.0, 0.0, 0.0, 0.0, 0.0, 0.0, 0.0018000000000000002, 0.0018000000000000002, 0.0018000000000000002, 0.015300000000000001, 0.0], [0.0, 0.0019, 0.0014, 0.0019, 0.0061, 0.0, 0.0, 0.0, 0.0, 0.0, 0.0, 0.0, 0.0, 0.0001, 0.0007, 0.0004, 0.0006000000000000001, 0.0, 0.0008, 0.0, 0.0], [0.0004, 0.0, 0.0, 0.0, 0.0, 0.0004, 0.0004, 0.0008, 0.0008, 0.0008, 0.0004, 0.0004, 0.0004, 0.0, 0.0, 0.0, 0.0, 0.0, 0.0, 0.0, 0.0], [0.0, 0.0015, 0.0021000000000000003, 0.0016, 0.0061, 0.0, 0.0, 0.0, 0.0, 0.0, 0.0, 0.0, 0.0, 0.0007, 0.0001, 0.0004, 0.0004, 0.0009000000000000001, 0.0001, 0.0, 0.0], [0.0, 0.006900000000000001, 0.0022, 0.0015, 0.0298, 0.0, 0.0, 0.0, 0.0, 0.0, 0.0, 0.0, 0.0, 0.0, 0.0, 0.0, 0.0, 0.0, 0.0, 0.0, 0.0], [0.0045000000000000005, 0.0, 0.0, 0.0, 0.0, 0.0152, 0.0329, 0.0, 0.0, 0.0, 0.0, 0.0, 0.0, 0.0, 0.0, 0.0, 0.0, 0.0, 0.0, 0.0, 0.0005], [0.0, 0.0067, 0.0067, 0.0067, 0.0, 0.0, 0.0, 0.0, 0.0, 0.0, 0.0, 0.0, 0.0, 0.0, 0.0, 0.0, 0.0, 0.0, 0.0, 0.0014, 0.0], [0.030500000000000003, 0.0, 0.0, 0.0, 0.0, 0.0198, 0.0022, 0.0, 0.0, 0.0, 0.0, 0.0, 0.0, 0.0, 0.0, 0.0, 0.0, 0.0, 0.0, 0.0, 0.0005], [0.0, 0.0001, 0.0049, 0.0056, 0.0298, 0.0, 0.0, 0.0, 0.0, 0.0, 0.0, 0.0, 0.0, 0.0, 0.0, 0.0, 0.0, 0.0, 0.0, 0.0, 0.0]]}}
bs_latimer_munro_vbm: {'band_index': {'1': [46, 47]}, 'kpoint_index': [32, 33, 100], 'kpoint': <pymatgen.electronic_structure.bandstructure.Kpoint object at 0x7fc5d4b59c50>, 'energy': 0.4055, 'projections': {'1': [[0.0, 0.0, 0.0004, 0.00030000000000000003, 0.0, 0.0, 0.0, 0.0442, 0.0323, 0.0009000000000000001, 0.0115, 0.018600000000000002, 0.0009000000000000001, 0.0328, 0.0027, 0.0167, 0.0233, 0.019100000000000002, 0.0844, 0.0, 0.0], [0.005, 0.0006000000000000001, 0.00030000000000000003, 0.0012000000000000001, 0.0053, 0.0005, 0.0028, 0.0, 0.0, 0.0, 0.0, 0.0, 0.0, 0.0, 0.0, 0.0, 0.0, 0.0, 0.0, 0.012400000000000001, 0.0015], [0.0, 0.0, 0.0, 0.0, 0.0, 0.0, 0.0, 0.0, 0.0, 0.0, 0.0, 0.0, 0.0, 0.0, 0.0, 0.0, 0.0, 0.0, 0.0, 0.0, 0.0], [0.00030000000000000003, 0.0013000000000000002, 0.0005, 0.0005, 0.0027, 0.0006000000000000001, 0.0041, 0.0, 0.0, 0.0, 0.0, 0.0, 0.0, 0.0, 0.0, 0.0, 0.0, 0.0, 0.0, 0.0012000000000000001, 0.030100000000000002], [0.0, 0.0039000000000000003, 0.0005, 0.0004, 0.0021000000000000003, 0.0023, 0.0011, 0.0, 0.0, 0.0, 0.0, 0.0, 0.0, 0.0, 0.0, 0.0, 0.0, 0.0, 0.0, 0.00030000000000000003, 0.0], [0.0, 0.0, 0.0, 0.0, 0.0, 0.0, 0.0, 0.0, 0.0, 0.0, 0.0, 0.0, 0.0, 0.0, 0.0, 0.0, 0.0, 0.0, 0.0, 0.0, 0.0], [0.0001, 0.0037, 0.0005, 0.0071, 0.0, 0.0023, 0.0035, 0.0, 0.0, 0.0, 0.0, 0.0, 0.0, 0.0, 0.0, 0.0, 0.0, 0.0, 0.0, 0.0, 0.0], [0.0, 0.0, 0.0, 0.0, 0.0, 0.0, 0.0, 0.0, 0.0, 0.0, 0.0, 0.0, 0.0, 0.0, 0.0, 0.0, 0.0, 0.0, 0.0, 0.0, 0.0], [0.0, 0.0038, 0.0119, 0.0001, 0.004, 0.0036000000000000003, 0.0043, 0.0, 0.0, 0.0, 0.0, 0.0, 0.0, 0.0, 0.0, 0.0, 0.0, 0.0, 0.0, 0.0001, 0.0006000000000000001]]}}
bs_latimer_munro_efermi: 0.47296951000000004