material_id: mp-29337
band_gap: 1.4222000000000001
efermi: 3.07582058
dos_magnetic_ordering: NM
dos_total_task_id: mp-1668937
dos_total_band_gap: 1.4303
dos_total_cbm: 4.4824
dos_total_vbm: 3.0521
dos_total_efermi: 3.05308534
bs_setyawan_curtarolo_task_id: mp-682343
bs_setyawan_curtarolo_band_gap: 1.4222000000000001
bs_setyawan_curtarolo_cbm: {'band_index': {'1': [60]}, 'kpoint_index': ['59'], 'kpoint': <pymatgen.electronic_structure.bandstructure.Kpoint object at 0x7fc699d63930>, 'energy': 4.4622, 'projections': {}}
bs_setyawan_curtarolo_vbm: {'band_index': {'1': [59]}, 'kpoint_index': [10, 11, 84], 'kpoint': <pymatgen.electronic_structure.bandstructure.Kpoint object at 0x7fc5d4b59c50>, 'energy': 3.04, 'projections': {}}
bs_setyawan_curtarolo_efermi: 3.07582058
bs_latimer_munro_task_id: mp-2447304
bs_latimer_munro_band_gap: 1.399099999999999
bs_latimer_munro_cbm: {'band_index': {'1': [60]}, 'kpoint_index': ['206'], 'kpoint': <pymatgen.electronic_structure.bandstructure.Kpoint object at 0x7fc5d4b59be0>, 'energy': 4.4632, 'projections': {'1': [[0.0008, 0.0008, 0.0008, 0.0008, 0.0, 0.0, 0.0013000000000000002, 0.0013000000000000002, 0.0043, 0.0043, 0.0043, 0.0043, 0.0099, 0.0099], [0.011600000000000001, 0.011600000000000001, 0.011600000000000001, 0.011600000000000001, 0.0212, 0.0212, 0.007, 0.007, 0.0019, 0.0019, 0.0019, 0.0019, 0.003, 0.003], [0.0061, 0.0061, 0.0061, 0.0061, 0.0131, 0.0131, 0.0098, 0.0098, 0.0019, 0.0019, 0.0019, 0.0019, 0.004200000000000001, 0.004200000000000001], [0.021500000000000002, 0.021500000000000002, 0.021500000000000002, 0.021500000000000002, 0.0, 0.0, 0.0, 0.0, 0.0002, 0.0002, 0.0002, 0.0002, 0.0, 0.0], [0.0, 0.0, 0.0, 0.0, 0.0, 0.0, 0.0, 0.0, 0.0, 0.0, 0.0, 0.0, 0.0, 0.0], [0.0, 0.0, 0.0, 0.0, 0.00030000000000000003, 0.00030000000000000003, 0.0, 0.0, 0.0, 0.0, 0.0, 0.0, 0.0, 0.0], [0.0002, 0.0002, 0.0002, 0.0002, 0.0002, 0.0002, 0.0, 0.0, 0.0, 0.0, 0.0, 0.0, 0.0, 0.0], [0.0, 0.0, 0.0, 0.0, 0.0, 0.0, 0.0, 0.0, 0.0, 0.0, 0.0, 0.0, 0.0, 0.0], [0.0002, 0.0002, 0.0002, 0.0002, 0.0002, 0.0002, 0.0, 0.0, 0.0, 0.0, 0.0, 0.0, 0.0, 0.0]]}}
bs_latimer_munro_vbm: {'band_index': {'1': [59]}, 'kpoint_index': ['169'], 'kpoint': <pymatgen.electronic_structure.bandstructure.Kpoint object at 0x7fc5d4b5a3c0>, 'energy': 3.0641, 'projections': {'1': [[0.042100000000000005, 0.042100000000000005, 0.042100000000000005, 0.042100000000000005, 0.0, 0.0, 0.0, 0.0, 0.0, 0.0, 0.0, 0.0, 0.0, 0.0], [0.0016, 0.0016, 0.0016, 0.0016, 0.0, 0.0, 0.0, 0.0, 0.013600000000000001, 0.013600000000000001, 0.013600000000000001, 0.013600000000000001, 0.0, 0.0], [0.0, 0.0, 0.0, 0.0, 0.0, 0.0, 0.0, 0.0, 0.0664, 0.0664, 0.0664, 0.0664, 0.0, 0.0], [0.0013000000000000002, 0.0013000000000000002, 0.0013000000000000002, 0.0013000000000000002, 0.0001, 0.0001, 0.0001, 0.0001, 0.0196, 0.0196, 0.0196, 0.0196, 0.021500000000000002, 0.021500000000000002], [0.0001, 0.0001, 0.0001, 0.0001, 0.001, 0.001, 0.0, 0.0, 0.0, 0.0, 0.0, 0.0, 0.0, 0.0], [0.0, 0.0, 0.0, 0.0, 0.0, 0.0, 0.0, 0.0, 0.0, 0.0, 0.0, 0.0, 0.0, 0.0], [0.0004, 0.0004, 0.0004, 0.0004, 0.0, 0.0, 0.0, 0.0, 0.0, 0.0, 0.0, 0.0, 0.0, 0.0], [0.0001, 0.0001, 0.0001, 0.0001, 0.00030000000000000003, 0.00030000000000000003, 0.0, 0.0, 0.0, 0.0, 0.0, 0.0, 0.0, 0.0], [0.0001, 0.0001, 0.0001, 0.0001, 0.0, 0.0, 0.0, 0.0, 0.0, 0.0, 0.0, 0.0, 0.0, 0.0]]}}
bs_latimer_munro_efermi: 3.19139752