material_id: mp-27167
band_gap: 2.435599999999999
efermi: 2.728956
dos_magnetic_ordering: NM
dos_total_task_id: mp-1705743
dos_total_band_gap: 2.4135
dos_total_cbm: 5.1226
dos_total_vbm: 2.7091000000000003
dos_total_efermi: 2.70950381
bs_setyawan_curtarolo_task_id: mp-846643
bs_setyawan_curtarolo_band_gap: 2.435599999999999
bs_setyawan_curtarolo_cbm: {'band_index': {'1': [56]}, 'kpoint_index': [0, 61, 62], 'kpoint': <pymatgen.electronic_structure.bandstructure.Kpoint object at 0x7fc699d63930>, 'energy': 5.1335, 'projections': {}}
bs_setyawan_curtarolo_vbm: {'band_index': {'1': [55]}, 'kpoint_index': [71, 72, 117], 'kpoint': <pymatgen.electronic_structure.bandstructure.Kpoint object at 0x7fc5d4b59c50>, 'energy': 2.6979, 'projections': {}}
bs_setyawan_curtarolo_efermi: 2.728956
bs_hinuma_task_id: mp-2183030
bs_hinuma_band_gap: 2.4336
bs_hinuma_cbm: {'band_index': {'1': [56]}, 'kpoint_index': [0, 41, 42, 90], 'kpoint': <pymatgen.electronic_structure.bandstructure.Kpoint object at 0x7fc5d4b5a3c0>, 'energy': 5.133, 'projections': {'1': [[0.010400000000000001, 0.010400000000000001, 0.010400000000000001, 0.010400000000000001, 0.0076, 0.0076, 0.0068000000000000005, 0.0068000000000000005, 0.0078000000000000005, 0.0078000000000000005, 0.0078000000000000005, 0.0078000000000000005], [0.0714, 0.0714, 0.0714, 0.0714, 0.0, 0.0, 0.0, 0.0, 0.009600000000000001, 0.009600000000000001, 0.009600000000000001, 0.009600000000000001], [0.0014, 0.0014, 0.0014, 0.0014, 0.0, 0.0, 0.0, 0.0, 0.0008, 0.0008, 0.0008, 0.0008], [0.0, 0.0, 0.0, 0.0, 0.0, 0.0, 0.0, 0.0, 0.0, 0.0, 0.0, 0.0], [0.0, 0.0, 0.0, 0.0, 0.0, 0.0, 0.0, 0.0, 0.0, 0.0, 0.0, 0.0], [0.0, 0.0, 0.0, 0.0, 0.0, 0.0, 0.0, 0.0, 0.0, 0.0, 0.0, 0.0], [0.0002, 0.0002, 0.0002, 0.0002, 0.0012000000000000001, 0.0012000000000000001, 0.0, 0.0, 0.0, 0.0, 0.0, 0.0], [0.0, 0.0, 0.0, 0.0, 0.0, 0.0, 0.0, 0.0, 0.0, 0.0, 0.0, 0.0], [0.0028, 0.0028, 0.0028, 0.0028, 0.0029000000000000002, 0.0029000000000000002, 0.0, 0.0, 0.0, 0.0, 0.0, 0.0]]}}
bs_hinuma_vbm: {'band_index': {'1': [55]}, 'kpoint_index': [9, 10, 89], 'kpoint': <pymatgen.electronic_structure.bandstructure.Kpoint object at 0x7fc5d4b5a350>, 'energy': 2.6994, 'projections': {'1': [[0.0636, 0.0636, 0.0636, 0.0636, 0.0, 0.0, 0.0, 0.0, 0.0, 0.0, 0.0, 0.0], [0.0018000000000000002, 0.0018000000000000002, 0.0018000000000000002, 0.0018000000000000002, 0.0, 0.0, 0.0, 0.0, 0.0217, 0.0217, 0.0217, 0.0217], [0.0028, 0.0028, 0.0028, 0.0028, 0.1587, 0.1587, 0.0199, 0.0199, 0.0, 0.0, 0.0, 0.0], [0.0002, 0.0002, 0.0002, 0.0002, 0.0001, 0.0001, 0.0, 0.0, 0.0, 0.0, 0.0, 0.0], [0.0, 0.0, 0.0, 0.0, 0.0, 0.0, 0.0, 0.0, 0.0, 0.0, 0.0, 0.0], [0.0, 0.0, 0.0, 0.0, 0.0, 0.0, 0.0, 0.0, 0.0, 0.0, 0.0, 0.0], [0.0001, 0.0001, 0.0001, 0.0001, 0.0, 0.0, 0.0, 0.0, 0.0, 0.0, 0.0, 0.0], [0.0, 0.0, 0.0, 0.0, 0.0, 0.0, 0.0, 0.0, 0.0, 0.0, 0.0, 0.0], [0.0, 0.0, 0.0, 0.0, 0.0, 0.0, 0.0, 0.0, 0.0, 0.0, 0.0, 0.0]]}}
bs_hinuma_efermi: 2.82891221
bs_latimer_munro_task_id: mp-2688602
bs_latimer_munro_band_gap: 2.4336
bs_latimer_munro_cbm: {'band_index': {'1': [56]}, 'kpoint_index': [24, 25, 140, 141, 166, 185, 202], 'kpoint': <pymatgen.electronic_structure.bandstructure.Kpoint object at 0x7fc5d4b59be0>, 'energy': 5.133, 'projections': {'1': [[0.010400000000000001, 0.010400000000000001, 0.010400000000000001, 0.010400000000000001, 0.0076, 0.0076, 0.0068000000000000005, 0.0068000000000000005, 0.0078000000000000005, 0.0078000000000000005, 0.0078000000000000005, 0.0078000000000000005], [0.0714, 0.0714, 0.0714, 0.0714, 0.0, 0.0, 0.0, 0.0, 0.009600000000000001, 0.009600000000000001, 0.009600000000000001, 0.009600000000000001], [0.0014, 0.0014, 0.0014, 0.0014, 0.0, 0.0, 0.0, 0.0, 0.0008, 0.0008, 0.0008, 0.0008], [0.0, 0.0, 0.0, 0.0, 0.0, 0.0, 0.0, 0.0, 0.0, 0.0, 0.0, 0.0], [0.0, 0.0, 0.0, 0.0, 0.0, 0.0, 0.0, 0.0, 0.0, 0.0, 0.0, 0.0], [0.0, 0.0, 0.0, 0.0, 0.0, 0.0, 0.0, 0.0, 0.0, 0.0, 0.0, 0.0], [0.0002, 0.0002, 0.0002, 0.0002, 0.0012000000000000001, 0.0012000000000000001, 0.0, 0.0, 0.0, 0.0, 0.0, 0.0], [0.0, 0.0, 0.0, 0.0, 0.0, 0.0, 0.0, 0.0, 0.0, 0.0, 0.0, 0.0], [0.0028, 0.0028, 0.0028, 0.0028, 0.0029000000000000002, 0.0029000000000000002, 0.0, 0.0, 0.0, 0.0, 0.0, 0.0]]}}
bs_latimer_munro_vbm: {'band_index': {'1': [55]}, 'kpoint_index': [68, 69, 150, 151], 'kpoint': <pymatgen.electronic_structure.bandstructure.Kpoint object at 0x7fc5d4b5a430>, 'energy': 2.6994, 'projections': {'1': [[0.0636, 0.0636, 0.0636, 0.0636, 0.0, 0.0, 0.0, 0.0, 0.0, 0.0, 0.0, 0.0], [0.0018000000000000002, 0.0018000000000000002, 0.0018000000000000002, 0.0018000000000000002, 0.0, 0.0, 0.0, 0.0, 0.0217, 0.0217, 0.0217, 0.0217], [0.0028, 0.0028, 0.0028, 0.0028, 0.1587, 0.1587, 0.0199, 0.0199, 0.0, 0.0, 0.0, 0.0], [0.0002, 0.0002, 0.0002, 0.0002, 0.0001, 0.0001, 0.0, 0.0, 0.0, 0.0, 0.0, 0.0], [0.0, 0.0, 0.0, 0.0, 0.0, 0.0, 0.0, 0.0, 0.0, 0.0, 0.0, 0.0], [0.0, 0.0, 0.0, 0.0, 0.0, 0.0, 0.0, 0.0, 0.0, 0.0, 0.0, 0.0], [0.0001, 0.0001, 0.0001, 0.0001, 0.0, 0.0, 0.0, 0.0, 0.0, 0.0, 0.0, 0.0], [0.0, 0.0, 0.0, 0.0, 0.0, 0.0, 0.0, 0.0, 0.0, 0.0, 0.0, 0.0], [0.0, 0.0, 0.0, 0.0, 0.0, 0.0, 0.0, 0.0, 0.0, 0.0, 0.0, 0.0]]}}
bs_latimer_munro_efermi: 2.83103933