material_id: mp-29848
band_gap: 2.1132
efermi: 1.03648529
dos_magnetic_ordering: NM
dos_total_task_id: mp-1669573
dos_total_band_gap: 2.1542
dos_total_cbm: 3.1062
dos_total_vbm: 0.9520000000000001
dos_total_efermi: 0.95513481
bs_setyawan_curtarolo_task_id: mp-692943
bs_setyawan_curtarolo_band_gap: 2.1132
bs_setyawan_curtarolo_cbm: {'band_index': {'1': [56, 57]}, 'kpoint_index': ['29'], 'kpoint': <pymatgen.electronic_structure.bandstructure.Kpoint object at 0x7fc699d63930>, 'energy': 3.0878, 'projections': {}}
bs_setyawan_curtarolo_vbm: {'band_index': {'1': [55]}, 'kpoint_index': ['11'], 'kpoint': <pymatgen.electronic_structure.bandstructure.Kpoint object at 0x7fc5d4b5a430>, 'energy': 0.9746, 'projections': {}}
bs_setyawan_curtarolo_efermi: 1.03648529
bs_hinuma_task_id: mp-2176547
bs_hinuma_band_gap: 2.151399999999999
bs_hinuma_cbm: {'band_index': {'1': [56, 57]}, 'kpoint_index': ['29'], 'kpoint': <pymatgen.electronic_structure.bandstructure.Kpoint object at 0x7fc5d4b5a3c0>, 'energy': 3.1066, 'projections': {'1': [[0.0094, 0.0026000000000000003, 0.0026000000000000003, 0.0094, 0.005, 0.0014, 0.0014, 0.005, 0.0006000000000000001, 0.0058000000000000005, 0.0058000000000000005, 0.0006000000000000001, 0.0035, 0.0029000000000000002, 0.0029000000000000002, 0.0034000000000000002], [0.010700000000000001, 0.039400000000000004, 0.039400000000000004, 0.010700000000000001, 0.0007, 0.0025, 0.0025, 0.0007, 0.0077, 0.0085, 0.0055000000000000005, 0.0047, 0.0031000000000000003, 0.0131, 0.010100000000000001, 0.0001], [0.0337, 0.0091, 0.0091, 0.0337, 0.0182, 0.0049, 0.0049, 0.0182, 0.0022, 0.001, 0.0013000000000000002, 0.0025, 0.0029000000000000002, 0.00030000000000000003, 0.0006000000000000001, 0.0032], [0.062400000000000004, 0.016900000000000002, 0.016900000000000002, 0.062400000000000004, 0.032100000000000004, 0.008700000000000001, 0.008700000000000001, 0.032100000000000004, 0.0061, 0.0013000000000000002, 0.0012000000000000001, 0.006, 0.002, 0.0055000000000000005, 0.0053, 0.0018000000000000002], [0.0002, 0.0007, 0.0007, 0.0002, 0.0, 0.0, 0.0, 0.0, 0.0, 0.0, 0.0, 0.0, 0.0, 0.0, 0.0, 0.0], [0.0, 0.0, 0.0, 0.0, 0.0, 0.0, 0.0, 0.0, 0.0, 0.0, 0.0, 0.0, 0.0, 0.0, 0.0, 0.0], [0.0009000000000000001, 0.0002, 0.0002, 0.0009000000000000001, 0.0, 0.0, 0.0, 0.0, 0.0, 0.0, 0.0, 0.0, 0.0, 0.0, 0.0, 0.0], [0.0091, 0.0025, 0.0025, 0.0091, 0.0, 0.0, 0.0, 0.0, 0.0, 0.0, 0.0, 0.0, 0.0, 0.0, 0.0, 0.0], [0.0006000000000000001, 0.0002, 0.0002, 0.0006000000000000001, 0.0, 0.0, 0.0, 0.0, 0.0, 0.0, 0.0, 0.0, 0.0, 0.0, 0.0, 0.0]]}}
bs_hinuma_vbm: {'band_index': {'1': [55]}, 'kpoint_index': ['11'], 'kpoint': <pymatgen.electronic_structure.bandstructure.Kpoint object at 0x7fc5d4b5a200>, 'energy': 0.9552, 'projections': {'1': [[0.0005, 0.0005, 0.0005, 0.0005, 0.0, 0.0, 0.0, 0.0, 0.0001, 0.0001, 0.0001, 0.0001, 0.0001, 0.0001, 0.0001, 0.0001], [0.0, 0.0, 0.0, 0.0, 0.0, 0.0, 0.0, 0.0, 0.0004, 0.0004, 0.0004, 0.0004, 0.0004, 0.0004, 0.0004, 0.0004], [0.0751, 0.0751, 0.0751, 0.0751, 0.0181, 0.0181, 0.0181, 0.0181, 0.0154, 0.0154, 0.0154, 0.0154, 0.0154, 0.0154, 0.0154, 0.0154], [0.0329, 0.0329, 0.0329, 0.0329, 0.012, 0.012, 0.012, 0.012, 0.0051, 0.0051, 0.0051, 0.0051, 0.0051, 0.0051, 0.0051, 0.0051], [0.0, 0.0, 0.0, 0.0, 0.0, 0.0, 0.0, 0.0, 0.0, 0.0, 0.0, 0.0, 0.0, 0.0, 0.0, 0.0], [0.0, 0.0, 0.0, 0.0, 0.0, 0.0, 0.0, 0.0, 0.0, 0.0, 0.0, 0.0, 0.0, 0.0, 0.0, 0.0], [0.0004, 0.0004, 0.0004, 0.0004, 0.0, 0.0, 0.0, 0.0, 0.0, 0.0, 0.0, 0.0, 0.0, 0.0, 0.0, 0.0], [0.00030000000000000003, 0.00030000000000000003, 0.00030000000000000003, 0.00030000000000000003, 0.0, 0.0, 0.0, 0.0, 0.0, 0.0, 0.0, 0.0, 0.0, 0.0, 0.0, 0.0], [0.0, 0.0, 0.0, 0.0, 0.0, 0.0, 0.0, 0.0, 0.0, 0.0, 0.0, 0.0, 0.0, 0.0, 0.0, 0.0]]}}
bs_hinuma_efermi: 1.01287294
bs_latimer_munro_task_id: mp-2340218
bs_latimer_munro_band_gap: 2.1252
bs_latimer_munro_cbm: {'band_index': {'1': [56]}, 'kpoint_index': ['120'], 'kpoint': <pymatgen.electronic_structure.bandstructure.Kpoint object at 0x7fc5d4b5a350>, 'energy': 3.0804, 'projections': {'1': [[0.0059, 0.0059, 0.0059, 0.0059, 0.0033, 0.0033, 0.0033, 0.0033, 0.0013000000000000002, 0.005, 0.005, 0.0013000000000000002, 0.0013000000000000002, 0.005, 0.005, 0.0013000000000000002], [0.0236, 0.0236, 0.0236, 0.0236, 0.0017000000000000001, 0.0017000000000000001, 0.0017000000000000001, 0.0017000000000000001, 0.0011, 0.0103, 0.0103, 0.0011, 0.0011, 0.0103, 0.0103, 0.0011], [0.0199, 0.0199, 0.0199, 0.0199, 0.0119, 0.0119, 0.0119, 0.0119, 0.0035, 0.0002, 0.0002, 0.0035, 0.0035, 0.0002, 0.0002, 0.0035], [0.043000000000000003, 0.043000000000000003, 0.043000000000000003, 0.043000000000000003, 0.02, 0.02, 0.02, 0.02, 0.0036000000000000003, 0.004, 0.004, 0.0036000000000000003, 0.0036000000000000003, 0.004, 0.004, 0.0036000000000000003], [0.0005, 0.0005, 0.0005, 0.0005, 0.0, 0.0, 0.0, 0.0, 0.0, 0.0, 0.0, 0.0, 0.0, 0.0, 0.0, 0.0], [0.0, 0.0, 0.0, 0.0, 0.0, 0.0, 0.0, 0.0, 0.0, 0.0, 0.0, 0.0, 0.0, 0.0, 0.0, 0.0], [0.0005, 0.0005, 0.0005, 0.0005, 0.0, 0.0, 0.0, 0.0, 0.0, 0.0, 0.0, 0.0, 0.0, 0.0, 0.0, 0.0], [0.0056, 0.0056, 0.0056, 0.0056, 0.0, 0.0, 0.0, 0.0, 0.0, 0.0, 0.0, 0.0, 0.0, 0.0, 0.0, 0.0], [0.0005, 0.0005, 0.0005, 0.0005, 0.0, 0.0, 0.0, 0.0, 0.0, 0.0, 0.0, 0.0, 0.0, 0.0, 0.0, 0.0]]}}
bs_latimer_munro_vbm: {'band_index': {'1': [55]}, 'kpoint_index': ['226'], 'kpoint': <pymatgen.electronic_structure.bandstructure.Kpoint object at 0x7fc5d4b59be0>, 'energy': 0.9552, 'projections': {'1': [[0.0005, 0.0005, 0.0005, 0.0005, 0.0, 0.0, 0.0, 0.0, 0.0001, 0.0001, 0.0001, 0.0001, 0.0001, 0.0001, 0.0001, 0.0001], [0.0, 0.0, 0.0, 0.0, 0.0, 0.0, 0.0, 0.0, 0.0004, 0.0004, 0.0004, 0.0004, 0.0004, 0.0004, 0.0004, 0.0004], [0.0751, 0.0751, 0.0751, 0.0751, 0.0181, 0.0181, 0.0181, 0.0181, 0.0154, 0.0154, 0.0154, 0.0154, 0.0154, 0.0154, 0.0154, 0.0154], [0.0329, 0.0329, 0.0329, 0.0329, 0.012, 0.012, 0.012, 0.012, 0.0051, 0.0051, 0.0051, 0.0051, 0.0051, 0.0051, 0.0051, 0.0051], [0.0, 0.0, 0.0, 0.0, 0.0, 0.0, 0.0, 0.0, 0.0, 0.0, 0.0, 0.0, 0.0, 0.0, 0.0, 0.0], [0.0, 0.0, 0.0, 0.0, 0.0, 0.0, 0.0, 0.0, 0.0, 0.0, 0.0, 0.0, 0.0, 0.0, 0.0, 0.0], [0.0004, 0.0004, 0.0004, 0.0004, 0.0, 0.0, 0.0, 0.0, 0.0, 0.0, 0.0, 0.0, 0.0, 0.0, 0.0, 0.0], [0.00030000000000000003, 0.00030000000000000003, 0.00030000000000000003, 0.00030000000000000003, 0.0, 0.0, 0.0, 0.0, 0.0, 0.0, 0.0, 0.0, 0.0, 0.0, 0.0, 0.0], [0.0, 0.0, 0.0, 0.0, 0.0, 0.0, 0.0, 0.0, 0.0, 0.0, 0.0, 0.0, 0.0, 0.0, 0.0, 0.0]]}}
bs_latimer_munro_efermi: 1.02794504