material_id: mp-29160
band_gap: 1.2698
efermi: 1.91924479
dos_magnetic_ordering: NM
dos_total_task_id: mp-1673129
dos_total_band_gap: 1.259199999999999
dos_total_cbm: 3.1246
dos_total_vbm: 1.8654000000000002
dos_total_efermi: 1.868759429999999
bs_setyawan_curtarolo_task_id: mp-1606609
bs_setyawan_curtarolo_band_gap: 1.2698
bs_setyawan_curtarolo_cbm: {'band_index': {'1': [100]}, 'kpoint_index': [0, 70, 71, 96], 'kpoint': <pymatgen.electronic_structure.bandstructure.Kpoint object at 0x7fc699d63930>, 'energy': 3.1274, 'projections': {'1': [[0.0053, 0.0053, 0.0053, 0.0053, 0.007500000000000001, 0.007500000000000001, 0.007500000000000001, 0.007500000000000001, 0.0247, 0.0247, 0.0247, 0.0247, 0.0037, 0.0037, 0.0037, 0.0037, 0.0098, 0.0098, 0.0098, 0.0058000000000000005, 0.0023, 0.0023, 0.0058000000000000005, 0.0098], [0.0001, 0.0001, 0.0001, 0.0001, 0.0004, 0.0004, 0.0004, 0.0004, 0.0, 0.0, 0.0, 0.0, 0.0025, 0.0026000000000000003, 0.0025, 0.0025, 0.0035, 0.0035, 0.0035, 0.0, 0.0, 0.0, 0.0, 0.0035], [0.0, 0.0, 0.0, 0.0, 0.0, 0.0, 0.0, 0.0, 0.0, 0.0, 0.0, 0.0, 0.005200000000000001, 0.005200000000000001, 0.005200000000000001, 0.005200000000000001, 0.0019, 0.0019, 0.0019, 0.0, 0.0, 0.0, 0.0, 0.0019], [0.00030000000000000003, 0.00030000000000000003, 0.00030000000000000003, 0.00030000000000000003, 0.0, 0.0, 0.0, 0.0, 0.00030000000000000003, 0.00030000000000000003, 0.00030000000000000003, 0.00030000000000000003, 0.0019, 0.0019, 0.0019, 0.0019, 0.0137, 0.0137, 0.0137, 0.016, 0.0013000000000000002, 0.0013000000000000002, 0.016, 0.0137], [0.0014, 0.0014, 0.0014, 0.0014, 0.0057, 0.0057, 0.0057, 0.0057, 0.002, 0.002, 0.002, 0.002, 0.0, 0.0, 0.0, 0.0, 0.0, 0.0, 0.0, 0.0, 0.0, 0.0, 0.0, 0.0], [0.025500000000000002, 0.025500000000000002, 0.025500000000000002, 0.025500000000000002, 0.019700000000000002, 0.019700000000000002, 0.019700000000000002, 0.019700000000000002, 0.0051, 0.0051, 0.0051, 0.0051, 0.0, 0.0, 0.0, 0.0, 0.0, 0.0, 0.0, 0.0, 0.0, 0.0, 0.0, 0.0], [0.004200000000000001, 0.004200000000000001, 0.004200000000000001, 0.004200000000000001, 0.0001, 0.0001, 0.0001, 0.0001, 0.0007, 0.0007, 0.0007, 0.0007, 0.0, 0.0, 0.0, 0.0, 0.0, 0.0, 0.0, 0.0, 0.0, 0.0, 0.0, 0.0], [0.0077, 0.0077, 0.0077, 0.0077, 0.002, 0.002, 0.002, 0.002, 0.0001, 0.0001, 0.0001, 0.0001, 0.0, 0.0, 0.0, 0.0, 0.0, 0.0, 0.0, 0.0, 0.0, 0.0, 0.0, 0.0], [0.0, 0.0, 0.0, 0.0, 0.0082, 0.0082, 0.0082, 0.0082, 0.0041, 0.0041, 0.0041, 0.0041, 0.0, 0.0, 0.0, 0.0, 0.0, 0.0, 0.0, 0.0, 0.0, 0.0, 0.0, 0.0]]}}
bs_setyawan_curtarolo_vbm: {'band_index': {'1': [99]}, 'kpoint_index': ['57'], 'kpoint': <pymatgen.electronic_structure.bandstructure.Kpoint object at 0x7fc5d4b59be0>, 'energy': 1.8576000000000001, 'projections': {'1': [[0.0002, 0.0002, 0.0002, 0.0002, 0.0082, 0.0082, 0.0082, 0.0082, 0.0005, 0.0005, 0.0005, 0.0005, 0.0008, 0.0008, 0.0008, 0.0008, 0.0006000000000000001, 0.0006000000000000001, 0.0006000000000000001, 0.0, 0.0, 0.0, 0.0, 0.0006000000000000001], [0.0006000000000000001, 0.0006000000000000001, 0.0006000000000000001, 0.0006000000000000001, 0.0001, 0.0001, 0.0001, 0.0001, 0.0001, 0.0001, 0.0001, 0.0001, 0.0152, 0.0152, 0.0152, 0.0152, 0.018600000000000002, 0.018600000000000002, 0.018600000000000002, 0.013300000000000001, 0.0047, 0.0047, 0.013300000000000001, 0.018600000000000002], [0.0012000000000000001, 0.0012000000000000001, 0.0012000000000000001, 0.0012000000000000001, 0.0, 0.0, 0.0, 0.0, 0.0004, 0.0004, 0.0004, 0.0004, 0.0018000000000000002, 0.0018000000000000002, 0.0018000000000000002, 0.0018000000000000002, 0.0135, 0.0135, 0.0135, 0.016300000000000002, 0.0037, 0.0037, 0.016300000000000002, 0.0135], [0.0005, 0.0005, 0.0005, 0.0005, 0.0, 0.0, 0.0, 0.0, 0.0001, 0.0001, 0.0001, 0.0001, 0.008400000000000001, 0.008400000000000001, 0.008400000000000001, 0.008400000000000001, 0.0013000000000000002, 0.0013000000000000002, 0.0013000000000000002, 0.0, 0.0, 0.0, 0.0, 0.0013000000000000002], [0.0005, 0.0005, 0.0005, 0.0005, 0.008700000000000001, 0.008700000000000001, 0.008700000000000001, 0.008700000000000001, 0.0035, 0.0035, 0.0035, 0.0035, 0.0, 0.0, 0.0, 0.0, 0.0, 0.0, 0.0, 0.0, 0.0, 0.0, 0.0, 0.0], [0.0002, 0.0002, 0.0002, 0.0002, 0.0485, 0.0485, 0.0485, 0.0485, 0.0022, 0.0022, 0.0022, 0.0022, 0.0, 0.0, 0.0, 0.0, 0.0, 0.0, 0.0, 0.0, 0.0, 0.0, 0.0, 0.0], [0.0019, 0.0019, 0.0019, 0.0019, 0.0023, 0.0023, 0.0023, 0.0023, 0.00030000000000000003, 0.00030000000000000003, 0.00030000000000000003, 0.00030000000000000003, 0.0, 0.0, 0.0, 0.0, 0.0, 0.0, 0.0, 0.0, 0.0, 0.0, 0.0, 0.0], [0.0001, 0.0001, 0.0001, 0.0001, 0.006200000000000001, 0.006200000000000001, 0.006200000000000001, 0.006200000000000001, 0.033, 0.033, 0.033, 0.033, 0.0, 0.0, 0.0, 0.0, 0.0, 0.0, 0.0, 0.0, 0.0, 0.0, 0.0, 0.0], [0.0041, 0.0041, 0.0041, 0.0041, 0.0177, 0.0177, 0.0177, 0.0177, 0.0013000000000000002, 0.0013000000000000002, 0.0013000000000000002, 0.0013000000000000002, 0.0, 0.0, 0.0, 0.0, 0.0, 0.0, 0.0, 0.0, 0.0, 0.0, 0.0, 0.0]]}}
bs_setyawan_curtarolo_efermi: 1.91924479
bs_latimer_munro_task_id: mp-2315741
bs_latimer_munro_band_gap: 1.2698
bs_latimer_munro_cbm: {'band_index': {'1': [100]}, 'kpoint_index': [10, 11, 55, 56, 100, 101, 144, 145, 155], 'kpoint': <pymatgen.electronic_structure.bandstructure.Kpoint object at 0x7fc5d4b5a350>, 'energy': 3.1274, 'projections': {'1': [[0.0053, 0.0053, 0.0053, 0.0053, 0.007500000000000001, 0.007500000000000001, 0.007500000000000001, 0.007500000000000001, 0.0247, 0.0247, 0.0247, 0.0247, 0.0037, 0.0037, 0.0037, 0.0037, 0.0098, 0.0098, 0.0098, 0.0058000000000000005, 0.0023, 0.0023, 0.0058000000000000005, 0.0098], [0.0001, 0.0001, 0.0001, 0.0001, 0.0004, 0.0004, 0.0004, 0.0004, 0.0, 0.0, 0.0, 0.0, 0.0026000000000000003, 0.0025, 0.0025, 0.0026000000000000003, 0.0035, 0.0035, 0.0035, 0.0, 0.0, 0.0, 0.0, 0.0035], [0.0, 0.0, 0.0, 0.0, 0.0, 0.0, 0.0, 0.0, 0.0, 0.0, 0.0, 0.0, 0.005200000000000001, 0.005200000000000001, 0.005200000000000001, 0.005200000000000001, 0.0019, 0.0019, 0.0019, 0.0, 0.0, 0.0, 0.0, 0.0019], [0.00030000000000000003, 0.00030000000000000003, 0.00030000000000000003, 0.00030000000000000003, 0.0, 0.0, 0.0, 0.0, 0.00030000000000000003, 0.00030000000000000003, 0.00030000000000000003, 0.00030000000000000003, 0.0019, 0.0019, 0.0019, 0.0019, 0.0137, 0.0137, 0.0137, 0.016, 0.0013000000000000002, 0.0013000000000000002, 0.016, 0.0137], [0.0014, 0.0014, 0.0014, 0.0014, 0.0057, 0.0057, 0.0057, 0.0057, 0.002, 0.002, 0.002, 0.002, 0.0, 0.0, 0.0, 0.0, 0.0, 0.0, 0.0, 0.0, 0.0, 0.0, 0.0, 0.0], [0.025500000000000002, 0.025500000000000002, 0.025500000000000002, 0.025500000000000002, 0.019700000000000002, 0.019700000000000002, 0.019700000000000002, 0.019700000000000002, 0.0051, 0.0051, 0.0051, 0.0051, 0.0, 0.0, 0.0, 0.0, 0.0, 0.0, 0.0, 0.0, 0.0, 0.0, 0.0, 0.0], [0.004200000000000001, 0.004200000000000001, 0.004200000000000001, 0.004200000000000001, 0.0001, 0.0001, 0.0001, 0.0001, 0.0007, 0.0007, 0.0007, 0.0007, 0.0, 0.0, 0.0, 0.0, 0.0, 0.0, 0.0, 0.0, 0.0, 0.0, 0.0, 0.0], [0.0077, 0.0077, 0.0077, 0.0077, 0.002, 0.002, 0.002, 0.002, 0.0001, 0.0001, 0.0001, 0.0001, 0.0, 0.0, 0.0, 0.0, 0.0, 0.0, 0.0, 0.0, 0.0, 0.0, 0.0, 0.0], [0.0, 0.0, 0.0, 0.0, 0.0082, 0.0082, 0.0082, 0.0082, 0.0041, 0.0041, 0.0041, 0.0041, 0.0, 0.0, 0.0, 0.0, 0.0, 0.0, 0.0, 0.0, 0.0, 0.0, 0.0, 0.0]]}}
bs_latimer_munro_vbm: {'band_index': {'1': [99]}, 'kpoint_index': ['89'], 'kpoint': <pymatgen.electronic_structure.bandstructure.Kpoint object at 0x7fc5d4b5a3c0>, 'energy': 1.8576000000000001, 'projections': {'1': [[0.0002, 0.0002, 0.0002, 0.0002, 0.0082, 0.0082, 0.0082, 0.0082, 0.0005, 0.0005, 0.0005, 0.0005, 0.0008, 0.0008, 0.0008, 0.0008, 0.0006000000000000001, 0.0006000000000000001, 0.0006000000000000001, 0.0, 0.0, 0.0, 0.0, 0.0006000000000000001], [0.0006000000000000001, 0.0006000000000000001, 0.0006000000000000001, 0.0006000000000000001, 0.0001, 0.0001, 0.0001, 0.0001, 0.0001, 0.0001, 0.0001, 0.0001, 0.0152, 0.0152, 0.0152, 0.0152, 0.018600000000000002, 0.018600000000000002, 0.018600000000000002, 0.013300000000000001, 0.0047, 0.0047, 0.013300000000000001, 0.018600000000000002], [0.0012000000000000001, 0.0012000000000000001, 0.0012000000000000001, 0.0012000000000000001, 0.0, 0.0, 0.0, 0.0, 0.0004, 0.0004, 0.0004, 0.0004, 0.0018000000000000002, 0.0018000000000000002, 0.0018000000000000002, 0.0018000000000000002, 0.0135, 0.0135, 0.0135, 0.016300000000000002, 0.0037, 0.0037, 0.016300000000000002, 0.0135], [0.0005, 0.0005, 0.0005, 0.0005, 0.0, 0.0, 0.0, 0.0, 0.0001, 0.0001, 0.0001, 0.0001, 0.008400000000000001, 0.008400000000000001, 0.008400000000000001, 0.008400000000000001, 0.0013000000000000002, 0.0013000000000000002, 0.0013000000000000002, 0.0, 0.0, 0.0, 0.0, 0.0013000000000000002], [0.0005, 0.0005, 0.0005, 0.0005, 0.008700000000000001, 0.008700000000000001, 0.008700000000000001, 0.008700000000000001, 0.0035, 0.0035, 0.0035, 0.0035, 0.0, 0.0, 0.0, 0.0, 0.0, 0.0, 0.0, 0.0, 0.0, 0.0, 0.0, 0.0], [0.0002, 0.0002, 0.0002, 0.0002, 0.0485, 0.0485, 0.0485, 0.0485, 0.0022, 0.0022, 0.0022, 0.0022, 0.0, 0.0, 0.0, 0.0, 0.0, 0.0, 0.0, 0.0, 0.0, 0.0, 0.0, 0.0], [0.0019, 0.0019, 0.0019, 0.0019, 0.0023, 0.0023, 0.0023, 0.0023, 0.00030000000000000003, 0.00030000000000000003, 0.00030000000000000003, 0.00030000000000000003, 0.0, 0.0, 0.0, 0.0, 0.0, 0.0, 0.0, 0.0, 0.0, 0.0, 0.0, 0.0], [0.0001, 0.0001, 0.0001, 0.0001, 0.006200000000000001, 0.006200000000000001, 0.006200000000000001, 0.006200000000000001, 0.033, 0.033, 0.033, 0.033, 0.0, 0.0, 0.0, 0.0, 0.0, 0.0, 0.0, 0.0, 0.0, 0.0, 0.0, 0.0], [0.0041, 0.0041, 0.0041, 0.0041, 0.0177, 0.0177, 0.0177, 0.0177, 0.0013000000000000002, 0.0013000000000000002, 0.0013000000000000002, 0.0013000000000000002, 0.0, 0.0, 0.0, 0.0, 0.0, 0.0, 0.0, 0.0, 0.0, 0.0, 0.0, 0.0]]}}
bs_latimer_munro_efermi: 1.9382222