material_id: mp-27829
band_gap: 2.6051
efermi: -0.5839137600000001
dos_magnetic_ordering: NM
dos_total_task_id: mp-2280887
dos_total_band_gap: 2.5981
dos_total_cbm: 1.9724
dos_total_vbm: -0.6257
dos_total_efermi: -0.63994484
bs_setyawan_curtarolo_task_id: mp-699795
bs_setyawan_curtarolo_band_gap: 2.6051
bs_setyawan_curtarolo_cbm: {'band_index': {'1': [33]}, 'kpoint_index': [53, 54, 78, 79], 'kpoint': <pymatgen.electronic_structure.bandstructure.Kpoint object at 0x7fc699d63930>, 'energy': 1.9633, 'projections': {}}
bs_setyawan_curtarolo_vbm: {'band_index': {'1': [32]}, 'kpoint_index': [21, 22, 68, 69], 'kpoint': <pymatgen.electronic_structure.bandstructure.Kpoint object at 0x7fc5d4b5a200>, 'energy': -0.6418, 'projections': {}}
bs_setyawan_curtarolo_efermi: -0.5839137600000001
bs_hinuma_task_id: mp-2067186
bs_hinuma_band_gap: 2.6056
bs_hinuma_cbm: {'band_index': {'1': [33]}, 'kpoint_index': [45, 46], 'kpoint': <pymatgen.electronic_structure.bandstructure.Kpoint object at 0x7fc5d4b5a190>, 'energy': 1.9692, 'projections': {'1': [[0.0001, 0.0001, 0.0, 0.0063, 0.0063, 0.0063, 0.0063, 0.0063, 0.0063], [0.0, 0.0, 0.11420000000000001, 0.0014, 0.035500000000000004, 0.035500000000000004, 0.0014, 0.0014, 0.0014], [0.0, 0.0, 0.11420000000000001, 0.035500000000000004, 0.0014, 0.0014, 0.035500000000000004, 0.0014, 0.0014], [0.0, 0.0, 0.11420000000000001, 0.0014, 0.0014, 0.0014, 0.0014, 0.035500000000000004, 0.035500000000000004], [0.0001, 0.0001, 0.0, 0.0, 0.0, 0.0, 0.0, 0.0, 0.0], [0.0001, 0.0001, 0.0, 0.0, 0.0, 0.0, 0.0, 0.0, 0.0], [0.0, 0.0, 0.0, 0.0, 0.0, 0.0, 0.0, 0.0, 0.0], [0.0001, 0.0001, 0.0, 0.0, 0.0, 0.0, 0.0, 0.0, 0.0], [0.0, 0.0, 0.0, 0.0, 0.0, 0.0, 0.0, 0.0, 0.0]]}}
bs_hinuma_vbm: {'band_index': {'1': [32]}, 'kpoint_index': [55, 56], 'kpoint': <pymatgen.electronic_structure.bandstructure.Kpoint object at 0x7fc5d4b59d30>, 'energy': -0.6364000000000001, 'projections': {'1': [[0.0, 0.0, 0.1047, 0.0, 0.0, 0.0, 0.0, 0.0, 0.0], [0.0001, 0.0001, 0.0, 0.0, 0.1105, 0.1105, 0.0, 0.0, 0.0], [0.0001, 0.0001, 0.0, 0.1105, 0.0, 0.0, 0.1105, 0.0, 0.0], [0.0, 0.0, 0.0, 0.0048000000000000004, 0.0048000000000000004, 0.0048000000000000004, 0.0048000000000000004, 0.0824, 0.0824], [0.0, 0.0, 0.0, 0.0, 0.0, 0.0, 0.0, 0.0, 0.0], [0.0, 0.0, 0.0, 0.0, 0.0, 0.0, 0.0, 0.0, 0.0], [0.0, 0.0, 0.0, 0.0, 0.0, 0.0, 0.0, 0.0, 0.0], [0.0, 0.0, 0.0, 0.0, 0.0, 0.0, 0.0, 0.0, 0.0], [0.0, 0.0, 0.0001, 0.0, 0.0, 0.0, 0.0, 0.0, 0.0]]}}
bs_hinuma_efermi: -0.56600233
bs_latimer_munro_task_id: mp-2332261
bs_latimer_munro_band_gap: 2.6056
bs_latimer_munro_cbm: {'band_index': {'1': [33]}, 'kpoint_index': [57, 58, 68], 'kpoint': <pymatgen.electronic_structure.bandstructure.Kpoint object at 0x7fc5d4b59c50>, 'energy': 1.9692, 'projections': {'1': [[0.0001, 0.0001, 0.0, 0.0063, 0.0063, 0.0063, 0.0063, 0.0063, 0.0063], [0.0, 0.0, 0.11420000000000001, 0.0014, 0.035500000000000004, 0.035500000000000004, 0.0014, 0.0014, 0.0014], [0.0, 0.0, 0.11420000000000001, 0.035500000000000004, 0.0014, 0.0014, 0.035500000000000004, 0.0014, 0.0014], [0.0, 0.0, 0.11420000000000001, 0.0014, 0.0014, 0.0014, 0.0014, 0.035500000000000004, 0.035500000000000004], [0.0001, 0.0001, 0.0, 0.0, 0.0, 0.0, 0.0, 0.0, 0.0], [0.0001, 0.0001, 0.0, 0.0, 0.0, 0.0, 0.0, 0.0, 0.0], [0.0, 0.0, 0.0, 0.0, 0.0, 0.0, 0.0, 0.0, 0.0], [0.0001, 0.0001, 0.0, 0.0, 0.0, 0.0, 0.0, 0.0, 0.0], [0.0, 0.0, 0.0, 0.0, 0.0, 0.0, 0.0, 0.0, 0.0]]}}
bs_latimer_munro_vbm: {'band_index': {'1': [32]}, 'kpoint_index': [0, 34, 35, 67], 'kpoint': <pymatgen.electronic_structure.bandstructure.Kpoint object at 0x7fc5d4b5a430>, 'energy': -0.6364000000000001, 'projections': {'1': [[0.0, 0.0, 0.1047, 0.0, 0.0, 0.0, 0.0, 0.0, 0.0], [0.0001, 0.0001, 0.0, 0.0, 0.1105, 0.1105, 0.0, 0.0, 0.0], [0.0001, 0.0001, 0.0, 0.1105, 0.0, 0.0, 0.1105, 0.0, 0.0], [0.0, 0.0, 0.0, 0.0048000000000000004, 0.0048000000000000004, 0.0048000000000000004, 0.0048000000000000004, 0.0824, 0.0824], [0.0, 0.0, 0.0, 0.0, 0.0, 0.0, 0.0, 0.0, 0.0], [0.0, 0.0, 0.0, 0.0, 0.0, 0.0, 0.0, 0.0, 0.0], [0.0, 0.0, 0.0, 0.0, 0.0, 0.0, 0.0, 0.0, 0.0], [0.0, 0.0, 0.0, 0.0, 0.0, 0.0, 0.0, 0.0, 0.0], [0.0, 0.0, 0.0001, 0.0, 0.0, 0.0, 0.0, 0.0, 0.0]]}}
bs_latimer_munro_efermi: -0.55036608