material_id: mp-29468
band_gap: 1.6658
efermi: 0.89929581
dos_magnetic_ordering: NM
dos_total_task_id: mp-1730260
dos_total_band_gap: 1.6631
dos_total_cbm: 2.5242
dos_total_vbm: 0.8611000000000001
dos_total_efermi: 0.86583099
bs_setyawan_curtarolo_task_id: mp-692843
bs_setyawan_curtarolo_band_gap: 1.6658
bs_setyawan_curtarolo_cbm: {'band_index': {'1': [88]}, 'kpoint_index': [0, 33, 34], 'kpoint': <pymatgen.electronic_structure.bandstructure.Kpoint object at 0x7fc699d63930>, 'energy': 2.5188, 'projections': {}}
bs_setyawan_curtarolo_vbm: {'band_index': {'1': [87]}, 'kpoint_index': [0, 33, 34], 'kpoint': <pymatgen.electronic_structure.bandstructure.Kpoint object at 0x7fc5d4b5a350>, 'energy': 0.853, 'projections': {}}
bs_setyawan_curtarolo_efermi: 0.89929581
bs_hinuma_task_id: mp-2112285
bs_hinuma_band_gap: 1.6613
bs_hinuma_cbm: {'band_index': {'1': [88]}, 'kpoint_index': [0, 33, 34, 57], 'kpoint': <pymatgen.electronic_structure.bandstructure.Kpoint object at 0x7fc5d4b59e80>, 'energy': 2.5183, 'projections': {'1': [[0.006900000000000001, 0.006900000000000001, 0.006900000000000001, 0.006900000000000001, 0.006900000000000001, 0.006900000000000001, 0.006900000000000001, 0.006900000000000001, 0.006900000000000001, 0.006900000000000001, 0.006900000000000001, 0.006900000000000001, 0.0063, 0.0063, 0.0077, 0.0077, 0.0077, 0.0077, 0.0077, 0.0077, 0.0023, 0.0023], [0.0001, 0.0002, 0.0004, 0.0001, 0.0002, 0.0004, 0.0002, 0.0001, 0.0004, 0.0001, 0.0002, 0.0004, 0.0, 0.0, 0.0, 0.0, 0.0, 0.0, 0.0, 0.0, 0.0, 0.0], [0.0004, 0.0001, 0.0, 0.0004, 0.0001, 0.0, 0.0001, 0.0004, 0.0, 0.0004, 0.0001, 0.0, 0.0, 0.0, 0.0, 0.0, 0.0, 0.0, 0.0, 0.0, 0.0, 0.0], [0.0, 0.00030000000000000003, 0.0001, 0.0, 0.00030000000000000003, 0.0001, 0.00030000000000000003, 0.0, 0.0001, 0.0, 0.00030000000000000003, 0.0001, 0.0, 0.0, 0.0, 0.0, 0.0, 0.0, 0.0, 0.0, 0.0, 0.0], [0.0, 0.0, 0.0, 0.0, 0.0, 0.0, 0.0, 0.0, 0.0, 0.0, 0.0, 0.0, 0.0, 0.0, 0.0, 0.0, 0.0, 0.0, 0.0, 0.0, 0.0, 0.0], [0.0001, 0.0, 0.0, 0.0001, 0.0, 0.0, 0.0, 0.0001, 0.0, 0.0001, 0.0, 0.0, 0.0, 0.0, 0.0, 0.0, 0.0, 0.0, 0.0, 0.0, 0.0, 0.0], [0.0, 0.0, 0.0, 0.0, 0.0, 0.0, 0.0, 0.0, 0.0, 0.0, 0.0, 0.0, 0.0, 0.0, 0.0, 0.0, 0.0, 0.0, 0.0, 0.0, 0.0, 0.0], [0.0, 0.0, 0.0001, 0.0, 0.0, 0.0001, 0.0, 0.0, 0.0001, 0.0, 0.0, 0.0001, 0.0, 0.0, 0.0, 0.0, 0.0, 0.0, 0.0, 0.0, 0.0, 0.0], [0.0, 0.0, 0.0, 0.0, 0.0, 0.0, 0.0, 0.0, 0.0, 0.0, 0.0, 0.0, 0.0, 0.0, 0.0, 0.0, 0.0, 0.0, 0.0, 0.0, 0.0, 0.0]]}}
bs_hinuma_vbm: {'band_index': {'1': [87]}, 'kpoint_index': [0, 33, 34, 57], 'kpoint': <pymatgen.electronic_structure.bandstructure.Kpoint object at 0x7fc5d4b5a430>, 'energy': 0.857, 'projections': {'1': [[0.0006000000000000001, 0.0006000000000000001, 0.0006000000000000001, 0.0006000000000000001, 0.0006000000000000001, 0.0006000000000000001, 0.0006000000000000001, 0.0006000000000000001, 0.0006000000000000001, 0.0006000000000000001, 0.0006000000000000001, 0.0006000000000000001, 0.0, 0.0, 0.0, 0.0, 0.0, 0.0, 0.0, 0.0, 0.0, 0.0], [0.0002, 0.0007, 0.0018000000000000002, 0.0002, 0.0007, 0.0018000000000000002, 0.0007, 0.0002, 0.0018000000000000002, 0.0002, 0.0007, 0.0018000000000000002, 0.0, 0.0, 0.0001, 0.0001, 0.0, 0.0001, 0.0001, 0.0, 0.0, 0.0], [0.0017000000000000001, 0.0004, 0.0, 0.0017000000000000001, 0.0004, 0.0, 0.0004, 0.0017000000000000001, 0.0, 0.0017000000000000001, 0.0004, 0.0, 0.001, 0.001, 0.0002, 0.0002, 0.0, 0.0002, 0.0002, 0.0, 0.0926, 0.0926], [0.0001, 0.001, 0.00030000000000000003, 0.0001, 0.001, 0.00030000000000000003, 0.001, 0.0001, 0.00030000000000000003, 0.0001, 0.001, 0.00030000000000000003, 0.0021000000000000003, 0.0021000000000000003, 0.0001, 0.0001, 0.0004, 0.0001, 0.0001, 0.0004, 0.1913, 0.1913], [0.0, 0.0009000000000000001, 0.0007, 0.0, 0.0009000000000000001, 0.0007, 0.0009000000000000001, 0.0, 0.0007, 0.0, 0.0009000000000000001, 0.0007, 0.0, 0.0, 0.0, 0.0, 0.0, 0.0, 0.0, 0.0, 0.0, 0.0], [0.0005, 0.00030000000000000003, 0.0, 0.0005, 0.00030000000000000003, 0.0, 0.00030000000000000003, 0.0005, 0.0, 0.0005, 0.00030000000000000003, 0.0, 0.0, 0.0, 0.0, 0.0, 0.0, 0.0, 0.0, 0.0, 0.0, 0.0], [0.001, 0.0001, 0.0004, 0.001, 0.0001, 0.0004, 0.0001, 0.001, 0.0004, 0.001, 0.0001, 0.0004, 0.0, 0.0, 0.0, 0.0, 0.0, 0.0, 0.0, 0.0, 0.0, 0.0], [0.00030000000000000003, 0.0007, 0.0, 0.00030000000000000003, 0.0007, 0.0, 0.0007, 0.00030000000000000003, 0.0, 0.00030000000000000003, 0.0007, 0.0, 0.0, 0.0, 0.0, 0.0, 0.0, 0.0, 0.0, 0.0, 0.0, 0.0], [0.0, 0.0, 0.0009000000000000001, 0.0, 0.0, 0.0009000000000000001, 0.0, 0.0, 0.0009000000000000001, 0.0, 0.0, 0.0009000000000000001, 0.0, 0.0, 0.0, 0.0, 0.0, 0.0, 0.0, 0.0, 0.0, 0.0]]}}
bs_hinuma_efermi: 0.94446761
bs_latimer_munro_task_id: mp-2303111
bs_latimer_munro_band_gap: 1.6613
bs_latimer_munro_cbm: {'band_index': {'1': [88]}, 'kpoint_index': [12, 13, 24, 37, 72, 73, 106], 'kpoint': <pymatgen.electronic_structure.bandstructure.Kpoint object at 0x7fc5d4b59d30>, 'energy': 2.5183, 'projections': {'1': [[0.006900000000000001, 0.006900000000000001, 0.006900000000000001, 0.006900000000000001, 0.006900000000000001, 0.006900000000000001, 0.006900000000000001, 0.006900000000000001, 0.006900000000000001, 0.006900000000000001, 0.006900000000000001, 0.006900000000000001, 0.0063, 0.0063, 0.0077, 0.0077, 0.0077, 0.0077, 0.0077, 0.0077, 0.0023, 0.0023], [0.0001, 0.0002, 0.0004, 0.0001, 0.0002, 0.0004, 0.0002, 0.0001, 0.0004, 0.0001, 0.0002, 0.0004, 0.0, 0.0, 0.0, 0.0, 0.0, 0.0, 0.0, 0.0, 0.0, 0.0], [0.0004, 0.0001, 0.0, 0.0004, 0.0001, 0.0, 0.0001, 0.0004, 0.0, 0.0004, 0.0001, 0.0, 0.0, 0.0, 0.0, 0.0, 0.0, 0.0, 0.0, 0.0, 0.0, 0.0], [0.0, 0.0002, 0.0001, 0.0, 0.0002, 0.0001, 0.00030000000000000003, 0.0, 0.0001, 0.0, 0.00030000000000000003, 0.0001, 0.0, 0.0, 0.0, 0.0, 0.0, 0.0, 0.0, 0.0, 0.0, 0.0], [0.0, 0.0, 0.0, 0.0, 0.0, 0.0, 0.0, 0.0, 0.0, 0.0, 0.0, 0.0, 0.0, 0.0, 0.0, 0.0, 0.0, 0.0, 0.0, 0.0, 0.0, 0.0], [0.0001, 0.0, 0.0, 0.0001, 0.0, 0.0, 0.0, 0.0001, 0.0, 0.0001, 0.0, 0.0, 0.0, 0.0, 0.0, 0.0, 0.0, 0.0, 0.0, 0.0, 0.0, 0.0], [0.0, 0.0, 0.0, 0.0, 0.0, 0.0, 0.0, 0.0, 0.0, 0.0, 0.0, 0.0, 0.0, 0.0, 0.0, 0.0, 0.0, 0.0, 0.0, 0.0, 0.0, 0.0], [0.0, 0.0, 0.0001, 0.0, 0.0, 0.0001, 0.0, 0.0, 0.0001, 0.0, 0.0, 0.0001, 0.0, 0.0, 0.0, 0.0, 0.0, 0.0, 0.0, 0.0, 0.0, 0.0], [0.0, 0.0, 0.0, 0.0, 0.0, 0.0, 0.0, 0.0, 0.0, 0.0, 0.0, 0.0, 0.0, 0.0, 0.0, 0.0, 0.0, 0.0, 0.0, 0.0, 0.0, 0.0]]}}
bs_latimer_munro_vbm: {'band_index': {'1': [87]}, 'kpoint_index': [12, 13, 24, 37, 72, 73, 106], 'kpoint': <pymatgen.electronic_structure.bandstructure.Kpoint object at 0x7fc5d4b5a200>, 'energy': 0.857, 'projections': {'1': [[0.0006000000000000001, 0.0006000000000000001, 0.0006000000000000001, 0.0006000000000000001, 0.0006000000000000001, 0.0006000000000000001, 0.0006000000000000001, 0.0006000000000000001, 0.0006000000000000001, 0.0006000000000000001, 0.0006000000000000001, 0.0006000000000000001, 0.0, 0.0, 0.0, 0.0, 0.0, 0.0, 0.0, 0.0, 0.0, 0.0], [0.0002, 0.0007, 0.0018000000000000002, 0.0002, 0.0007, 0.0018000000000000002, 0.0007, 0.0002, 0.0018000000000000002, 0.0002, 0.0007, 0.0018000000000000002, 0.0, 0.0, 0.0001, 0.0001, 0.0, 0.0001, 0.0001, 0.0, 0.0, 0.0], [0.0017000000000000001, 0.0004, 0.0, 0.0017000000000000001, 0.0004, 0.0, 0.0004, 0.0017000000000000001, 0.0, 0.0017000000000000001, 0.0004, 0.0, 0.001, 0.001, 0.0002, 0.0002, 0.0, 0.0002, 0.0002, 0.0, 0.0926, 0.0926], [0.0001, 0.001, 0.00030000000000000003, 0.0001, 0.001, 0.00030000000000000003, 0.001, 0.0001, 0.00030000000000000003, 0.0001, 0.001, 0.00030000000000000003, 0.0021000000000000003, 0.0021000000000000003, 0.0001, 0.0001, 0.0004, 0.0001, 0.0001, 0.0004, 0.1913, 0.1913], [0.0, 0.0009000000000000001, 0.0007, 0.0, 0.0009000000000000001, 0.0007, 0.0009000000000000001, 0.0, 0.0007, 0.0, 0.0009000000000000001, 0.0007, 0.0, 0.0, 0.0, 0.0, 0.0, 0.0, 0.0, 0.0, 0.0, 0.0], [0.0005, 0.00030000000000000003, 0.0, 0.0005, 0.00030000000000000003, 0.0, 0.00030000000000000003, 0.0005, 0.0, 0.0005, 0.00030000000000000003, 0.0, 0.0, 0.0, 0.0, 0.0, 0.0, 0.0, 0.0, 0.0, 0.0, 0.0], [0.001, 0.0001, 0.0004, 0.001, 0.0001, 0.0004, 0.0001, 0.001, 0.0004, 0.001, 0.0001, 0.0004, 0.0, 0.0, 0.0, 0.0, 0.0, 0.0, 0.0, 0.0, 0.0, 0.0], [0.00030000000000000003, 0.0006000000000000001, 0.0, 0.00030000000000000003, 0.0007, 0.0, 0.0006000000000000001, 0.00030000000000000003, 0.0, 0.00030000000000000003, 0.0007, 0.0, 0.0, 0.0, 0.0, 0.0, 0.0, 0.0, 0.0, 0.0, 0.0, 0.0], [0.0, 0.0, 0.0009000000000000001, 0.0, 0.0, 0.0009000000000000001, 0.0, 0.0, 0.0009000000000000001, 0.0, 0.0, 0.0009000000000000001, 0.0, 0.0, 0.0, 0.0, 0.0, 0.0, 0.0, 0.0, 0.0, 0.0]]}}
bs_latimer_munro_efermi: 0.9588407800000001