material_id: mp-2858
band_gap: 3.5322
efermi: 2.69810887
dos_magnetic_ordering: NM
dos_total_task_id: mp-2278211
dos_total_band_gap: 3.4972
dos_total_cbm: 6.0867
dos_total_vbm: 2.5895
dos_total_efermi: 2.59370849
bs_setyawan_curtarolo_task_id: mp-1597050
bs_setyawan_curtarolo_band_gap: 3.5322
bs_setyawan_curtarolo_cbm: {'band_index': {'1': [48]}, 'kpoint_index': [69, 70], 'kpoint': <pymatgen.electronic_structure.bandstructure.Kpoint object at 0x7fc699d63930>, 'energy': 6.1121, 'projections': {'1': [[0.0035, 0.0035, 0.0035, 0.0035, 0.0, 0.0, 0.0002, 0.0002, 0.0002, 0.0002, 0.0, 0.0], [0.0008, 0.0008, 0.0008, 0.0008, 0.00030000000000000003, 0.00030000000000000003, 0.0005, 0.0005, 0.0005, 0.0005, 0.00030000000000000003, 0.00030000000000000003], [0.0002, 0.0002, 0.0002, 0.0002, 0.0, 0.0, 0.0001, 0.0001, 0.0001, 0.0001, 0.0, 0.0], [0.00030000000000000003, 0.00030000000000000003, 0.00030000000000000003, 0.00030000000000000003, 0.0009000000000000001, 0.0009000000000000001, 0.0201, 0.0201, 0.0201, 0.0201, 0.0009000000000000001, 0.0009000000000000001], [0.0111, 0.0111, 0.0111, 0.0111, 0.0, 0.0, 0.0, 0.0, 0.0, 0.0, 0.0, 0.0], [0.0015, 0.0015, 0.0015, 0.0015, 0.0, 0.0, 0.0, 0.0, 0.0, 0.0, 0.0, 0.0], [0.0, 0.0, 0.0, 0.0, 0.0, 0.0, 0.0, 0.0, 0.0, 0.0, 0.0, 0.0], [0.0006000000000000001, 0.0006000000000000001, 0.0006000000000000001, 0.0006000000000000001, 0.0, 0.0, 0.0, 0.0, 0.0, 0.0, 0.0, 0.0], [0.14930000000000002, 0.14930000000000002, 0.14930000000000002, 0.14930000000000002, 0.0, 0.0, 0.0, 0.0, 0.0, 0.0, 0.0, 0.0]]}}
bs_setyawan_curtarolo_vbm: {'band_index': {'1': [47]}, 'kpoint_index': [0], 'kpoint': <pymatgen.electronic_structure.bandstructure.Kpoint object at 0x7fc5d4b59e80>, 'energy': 2.5799000000000003, 'projections': {'1': [[0.0, 0.0, 0.0, 0.0, 0.0, 0.0, 0.0, 0.0, 0.0, 0.0, 0.0, 0.0], [0.0, 0.0, 0.0, 0.0, 0.0398, 0.0398, 0.0043, 0.0043, 0.0043, 0.0043, 0.0398, 0.0398], [0.0001, 0.0001, 0.0001, 0.0001, 0.0641, 0.0641, 0.0, 0.0, 0.0, 0.0, 0.0641, 0.0641], [0.0, 0.0, 0.0, 0.0, 0.0761, 0.0761, 0.0016, 0.0016, 0.0016, 0.0016, 0.0761, 0.0761], [0.0001, 0.0001, 0.0001, 0.0001, 0.0, 0.0, 0.0, 0.0, 0.0, 0.0, 0.0, 0.0], [0.00030000000000000003, 0.00030000000000000003, 0.00030000000000000003, 0.00030000000000000003, 0.0, 0.0, 0.0, 0.0, 0.0, 0.0, 0.0, 0.0], [0.0009000000000000001, 0.0009000000000000001, 0.0009000000000000001, 0.0009000000000000001, 0.0, 0.0, 0.0, 0.0, 0.0, 0.0, 0.0, 0.0], [0.0, 0.0, 0.0, 0.0, 0.0, 0.0, 0.0, 0.0, 0.0, 0.0, 0.0, 0.0], [0.0001, 0.0001, 0.0001, 0.0001, 0.0, 0.0, 0.0, 0.0, 0.0, 0.0, 0.0, 0.0]]}}
bs_setyawan_curtarolo_efermi: 2.69810887
bs_latimer_munro_task_id: mp-2341872
bs_latimer_munro_band_gap: 3.5322
bs_latimer_munro_cbm: {'band_index': {'1': [48]}, 'kpoint_index': [132, 133, 238], 'kpoint': <pymatgen.electronic_structure.bandstructure.Kpoint object at 0x7fc5d4b5a200>, 'energy': 6.1121, 'projections': {'1': [[0.0035, 0.0035, 0.0035, 0.0035, 0.0, 0.0, 0.0002, 0.0002, 0.0002, 0.0002, 0.0, 0.0], [0.0008, 0.0008, 0.0008, 0.0008, 0.00030000000000000003, 0.00030000000000000003, 0.0005, 0.0005, 0.0005, 0.0005, 0.00030000000000000003, 0.00030000000000000003], [0.0002, 0.0002, 0.0002, 0.0002, 0.0, 0.0, 0.0001, 0.0001, 0.0001, 0.0001, 0.0, 0.0], [0.00030000000000000003, 0.00030000000000000003, 0.00030000000000000003, 0.00030000000000000003, 0.0009000000000000001, 0.0009000000000000001, 0.0201, 0.0201, 0.0201, 0.0201, 0.0009000000000000001, 0.0009000000000000001], [0.0111, 0.0111, 0.0111, 0.0111, 0.0, 0.0, 0.0, 0.0, 0.0, 0.0, 0.0, 0.0], [0.0015, 0.0015, 0.0015, 0.0015, 0.0, 0.0, 0.0, 0.0, 0.0, 0.0, 0.0, 0.0], [0.0, 0.0, 0.0, 0.0, 0.0, 0.0, 0.0, 0.0, 0.0, 0.0, 0.0, 0.0], [0.0006000000000000001, 0.0006000000000000001, 0.0006000000000000001, 0.0006000000000000001, 0.0, 0.0, 0.0, 0.0, 0.0, 0.0, 0.0, 0.0], [0.14930000000000002, 0.14930000000000002, 0.14930000000000002, 0.14930000000000002, 0.0, 0.0, 0.0, 0.0, 0.0, 0.0, 0.0, 0.0]]}}
bs_latimer_munro_vbm: {'band_index': {'1': [47]}, 'kpoint_index': [160, 161, 178, 195, 212, 225, 239], 'kpoint': <pymatgen.electronic_structure.bandstructure.Kpoint object at 0x7fc5d4b5a350>, 'energy': 2.5799000000000003, 'projections': {'1': [[0.0, 0.0, 0.0, 0.0, 0.0, 0.0, 0.0, 0.0, 0.0, 0.0, 0.0, 0.0], [0.0, 0.0, 0.0, 0.0, 0.0398, 0.0398, 0.0043, 0.0043, 0.0043, 0.0043, 0.0398, 0.0398], [0.0001, 0.0001, 0.0001, 0.0001, 0.0641, 0.0641, 0.0, 0.0, 0.0, 0.0, 0.0641, 0.0641], [0.0, 0.0, 0.0, 0.0, 0.0761, 0.0761, 0.0016, 0.0016, 0.0016, 0.0016, 0.0761, 0.0761], [0.0001, 0.0001, 0.0001, 0.0001, 0.0, 0.0, 0.0, 0.0, 0.0, 0.0, 0.0, 0.0], [0.00030000000000000003, 0.00030000000000000003, 0.00030000000000000003, 0.00030000000000000003, 0.0, 0.0, 0.0, 0.0, 0.0, 0.0, 0.0, 0.0], [0.0009000000000000001, 0.0009000000000000001, 0.0009000000000000001, 0.0009000000000000001, 0.0, 0.0, 0.0, 0.0, 0.0, 0.0, 0.0, 0.0], [0.0, 0.0, 0.0, 0.0, 0.0, 0.0, 0.0, 0.0, 0.0, 0.0, 0.0, 0.0], [0.0001, 0.0001, 0.0001, 0.0001, 0.0, 0.0, 0.0, 0.0, 0.0, 0.0, 0.0, 0.0]]}}
bs_latimer_munro_efermi: 2.64014307