material_id: mp-28373
band_gap: 0.129199999999999
efermi: 4.85662227
dos_magnetic_ordering: NM
dos_total_task_id: mp-1735476
dos_total_band_gap: 0.229299999999999
dos_total_cbm: 4.9361
dos_total_vbm: 4.7068
dos_total_efermi: 4.70944541
bs_setyawan_curtarolo_task_id: mp-1625096
bs_setyawan_curtarolo_band_gap: 0.129199999999999
bs_setyawan_curtarolo_cbm: {'band_index': {'1': [90]}, 'kpoint_index': ['171'], 'kpoint': <pymatgen.electronic_structure.bandstructure.Kpoint object at 0x7fc699d63930>, 'energy': 4.9143, 'projections': {'1': [[0.0, 0.0, 0.0, 0.0, 0.0001, 0.0001, 0.0001, 0.0001, 0.0013000000000000002, 0.0013000000000000002, 0.0013000000000000002, 0.0002, 0.0002, 0.0002, 0.0002, 0.0013000000000000002, 0.002, 0.001, 0.001, 0.002, 0.0012000000000000001, 0.0012000000000000001, 0.0012000000000000001, 0.0012000000000000001], [0.0013000000000000002, 0.0013000000000000002, 0.0013000000000000002, 0.0013000000000000002, 0.0067, 0.0067, 0.0067, 0.0067, 0.006500000000000001, 0.006500000000000001, 0.006500000000000001, 0.005200000000000001, 0.005200000000000001, 0.005200000000000001, 0.005200000000000001, 0.006500000000000001, 0.0007, 0.0007, 0.0007, 0.0007, 0.0022, 0.0022, 0.0022, 0.0022], [0.0004, 0.0004, 0.0004, 0.0004, 0.002, 0.002, 0.002, 0.002, 0.0023, 0.0023, 0.0023, 0.0025, 0.0025, 0.0025, 0.0025, 0.0023, 0.0091, 0.0002, 0.0002, 0.0091, 0.0051, 0.0051, 0.0051, 0.0051], [0.0011, 0.0011, 0.0011, 0.0011, 0.005200000000000001, 0.005200000000000001, 0.005200000000000001, 0.005200000000000001, 0.0056, 0.0056, 0.0056, 0.0014, 0.0014, 0.0014, 0.0014, 0.0056, 0.0103, 0.0008, 0.0008, 0.0103, 0.0012000000000000001, 0.0012000000000000001, 0.0012000000000000001, 0.0012000000000000001], [0.012400000000000001, 0.012400000000000001, 0.012400000000000001, 0.012400000000000001, 0.0, 0.0, 0.0, 0.0, 0.0, 0.0, 0.0, 0.0, 0.0, 0.0, 0.0, 0.0, 0.0011, 0.016800000000000002, 0.016800000000000002, 0.0011, 0.0014, 0.0014, 0.0014, 0.0014], [0.0007, 0.0007, 0.0007, 0.0007, 0.0, 0.0, 0.0, 0.0, 0.0, 0.0, 0.0, 0.0, 0.0, 0.0, 0.0, 0.0, 0.0004, 0.0011, 0.0011, 0.0004, 0.0016, 0.0016, 0.0016, 0.0016], [0.0013000000000000002, 0.0013000000000000002, 0.0013000000000000002, 0.0013000000000000002, 0.0, 0.0, 0.0, 0.0, 0.0, 0.0, 0.0, 0.0, 0.0, 0.0, 0.0, 0.0, 0.0, 0.009300000000000001, 0.009300000000000001, 0.0, 0.0006000000000000001, 0.0006000000000000001, 0.0006000000000000001, 0.0006000000000000001], [0.0047, 0.0047, 0.0047, 0.0047, 0.0, 0.0, 0.0, 0.0, 0.0, 0.0, 0.0, 0.0, 0.0, 0.0, 0.0, 0.0, 0.0016, 0.012100000000000001, 0.012100000000000001, 0.0016, 0.0028, 0.0028, 0.0028, 0.0028], [0.00030000000000000003, 0.00030000000000000003, 0.00030000000000000003, 0.00030000000000000003, 0.0, 0.0, 0.0, 0.0, 0.0, 0.0, 0.0, 0.0, 0.0, 0.0, 0.0, 0.0, 0.0001, 0.0056, 0.0056, 0.0001, 0.0027, 0.0027, 0.0027, 0.0027]]}}
bs_setyawan_curtarolo_vbm: {'band_index': {'1': [89]}, 'kpoint_index': [219, 220], 'kpoint': <pymatgen.electronic_structure.bandstructure.Kpoint object at 0x7fc5d4b5a430>, 'energy': 4.7851, 'projections': {'1': [[0.0004, 0.0004, 0.0004, 0.0004, 0.0, 0.0, 0.0, 0.0, 0.0019, 0.0019, 0.0019, 0.0001, 0.0001, 0.0001, 0.0001, 0.0019, 0.005200000000000001, 0.0, 0.0, 0.005200000000000001, 0.0004, 0.0004, 0.0004, 0.0004], [0.0001, 0.0001, 0.0001, 0.0001, 0.0053, 0.0053, 0.0053, 0.0053, 0.0137, 0.0137, 0.0137, 0.0004, 0.0004, 0.0004, 0.0004, 0.0137, 0.0, 0.0061, 0.0061, 0.0, 0.0004, 0.0004, 0.0004, 0.0004], [0.0, 0.0, 0.0, 0.0, 0.0091, 0.0091, 0.0091, 0.0091, 0.022, 0.022, 0.022, 0.006900000000000001, 0.006900000000000001, 0.006900000000000001, 0.006900000000000001, 0.022, 0.0, 0.0036000000000000003, 0.0036000000000000003, 0.0, 0.0022, 0.0022, 0.0022, 0.0022], [0.0016, 0.0016, 0.0016, 0.0016, 0.0001, 0.0001, 0.0001, 0.0001, 0.00030000000000000003, 0.00030000000000000003, 0.00030000000000000003, 0.0002, 0.0002, 0.0002, 0.0002, 0.00030000000000000003, 0.0, 0.004200000000000001, 0.004200000000000001, 0.0, 0.0002, 0.0002, 0.0002, 0.0002], [0.003, 0.003, 0.003, 0.003, 0.0, 0.0, 0.0, 0.0, 0.0, 0.0, 0.0, 0.0, 0.0, 0.0, 0.0, 0.0, 0.012100000000000001, 0.0, 0.0, 0.0122, 0.009000000000000001, 0.009000000000000001, 0.009000000000000001, 0.009000000000000001], [0.0004, 0.0004, 0.0004, 0.0004, 0.0, 0.0, 0.0, 0.0, 0.0, 0.0, 0.0, 0.0, 0.0, 0.0, 0.0, 0.0, 0.021400000000000002, 0.0, 0.0, 0.021400000000000002, 0.0, 0.0, 0.0, 0.0], [0.0047, 0.0047, 0.0047, 0.0047, 0.0, 0.0, 0.0, 0.0, 0.0, 0.0, 0.0, 0.0, 0.0, 0.0, 0.0, 0.0, 0.0005, 0.0, 0.0, 0.0005, 0.0041, 0.0041, 0.0041, 0.0041], [0.0006000000000000001, 0.0006000000000000001, 0.0006000000000000001, 0.0006000000000000001, 0.0, 0.0, 0.0, 0.0, 0.0, 0.0, 0.0, 0.0, 0.0, 0.0, 0.0, 0.0, 0.0468, 0.0, 0.0, 0.0468, 0.0055000000000000005, 0.0055000000000000005, 0.0055000000000000005, 0.0055000000000000005], [0.0001, 0.0001, 0.0001, 0.0001, 0.0, 0.0, 0.0, 0.0, 0.0, 0.0, 0.0, 0.0, 0.0, 0.0, 0.0, 0.0, 0.0026000000000000003, 0.0, 0.0, 0.0026000000000000003, 0.0033, 0.0033, 0.0033, 0.0033]]}}
bs_setyawan_curtarolo_efermi: 4.85662227
bs_latimer_munro_task_id: mp-2309489
bs_latimer_munro_band_gap: 0.129199999999999
bs_latimer_munro_cbm: {'band_index': {'1': [90]}, 'kpoint_index': ['25'], 'kpoint': <pymatgen.electronic_structure.bandstructure.Kpoint object at 0x7fc5d4b5a190>, 'energy': 4.9143, 'projections': {'1': [[0.0, 0.0, 0.0, 0.0, 0.0001, 0.0001, 0.0001, 0.0001, 0.0013000000000000002, 0.0013000000000000002, 0.0013000000000000002, 0.0002, 0.0002, 0.0002, 0.0002, 0.0013000000000000002, 0.002, 0.001, 0.001, 0.002, 0.0012000000000000001, 0.0012000000000000001, 0.0012000000000000001, 0.0012000000000000001], [0.0013000000000000002, 0.0013000000000000002, 0.0013000000000000002, 0.0013000000000000002, 0.0067, 0.0067, 0.0067, 0.0067, 0.006500000000000001, 0.006500000000000001, 0.006500000000000001, 0.005200000000000001, 0.005200000000000001, 0.005200000000000001, 0.005200000000000001, 0.006500000000000001, 0.0007, 0.0007, 0.0007, 0.0007, 0.0022, 0.0022, 0.0022, 0.0022], [0.0004, 0.0004, 0.0004, 0.0004, 0.002, 0.002, 0.002, 0.002, 0.0023, 0.0023, 0.0023, 0.0025, 0.0025, 0.0025, 0.0025, 0.0023, 0.0091, 0.0002, 0.0002, 0.0091, 0.0051, 0.0051, 0.0051, 0.0051], [0.0011, 0.0011, 0.0011, 0.0011, 0.005200000000000001, 0.005200000000000001, 0.005200000000000001, 0.005200000000000001, 0.0056, 0.0056, 0.0056, 0.0014, 0.0014, 0.0014, 0.0014, 0.0056, 0.0103, 0.0008, 0.0008, 0.0103, 0.0012000000000000001, 0.0012000000000000001, 0.0012000000000000001, 0.0012000000000000001], [0.012400000000000001, 0.012400000000000001, 0.012400000000000001, 0.012400000000000001, 0.0, 0.0, 0.0, 0.0, 0.0, 0.0, 0.0, 0.0, 0.0, 0.0, 0.0, 0.0, 0.0011, 0.016800000000000002, 0.016800000000000002, 0.0011, 0.0014, 0.0014, 0.0014, 0.0014], [0.0007, 0.0007, 0.0007, 0.0007, 0.0, 0.0, 0.0, 0.0, 0.0, 0.0, 0.0, 0.0, 0.0, 0.0, 0.0, 0.0, 0.0004, 0.0011, 0.0011, 0.0004, 0.0016, 0.0016, 0.0016, 0.0016], [0.0013000000000000002, 0.0013000000000000002, 0.0013000000000000002, 0.0013000000000000002, 0.0, 0.0, 0.0, 0.0, 0.0, 0.0, 0.0, 0.0, 0.0, 0.0, 0.0, 0.0, 0.0, 0.009300000000000001, 0.009300000000000001, 0.0, 0.0006000000000000001, 0.0006000000000000001, 0.0006000000000000001, 0.0006000000000000001], [0.0047, 0.0047, 0.0047, 0.0047, 0.0, 0.0, 0.0, 0.0, 0.0, 0.0, 0.0, 0.0, 0.0, 0.0, 0.0, 0.0, 0.0016, 0.012100000000000001, 0.012100000000000001, 0.0016, 0.0028, 0.0028, 0.0028, 0.0028], [0.00030000000000000003, 0.00030000000000000003, 0.00030000000000000003, 0.00030000000000000003, 0.0, 0.0, 0.0, 0.0, 0.0, 0.0, 0.0, 0.0, 0.0, 0.0, 0.0, 0.0, 0.0001, 0.0056, 0.0056, 0.0001, 0.0027, 0.0027, 0.0027, 0.0027]]}}
bs_latimer_munro_vbm: {'band_index': {'1': [89]}, 'kpoint_index': [73, 74, 221], 'kpoint': <pymatgen.electronic_structure.bandstructure.Kpoint object at 0x7fc5d4b59e80>, 'energy': 4.7851, 'projections': {'1': [[0.0004, 0.0004, 0.0004, 0.0004, 0.0, 0.0, 0.0, 0.0, 0.0019, 0.0019, 0.0019, 0.0001, 0.0001, 0.0001, 0.0001, 0.0019, 0.005200000000000001, 0.0, 0.0, 0.005200000000000001, 0.0004, 0.0004, 0.0004, 0.0004], [0.0001, 0.0001, 0.0001, 0.0001, 0.0053, 0.0053, 0.0053, 0.0053, 0.0137, 0.0137, 0.0137, 0.0004, 0.0004, 0.0004, 0.0004, 0.0137, 0.0, 0.0061, 0.0061, 0.0, 0.0004, 0.0004, 0.0004, 0.0004], [0.0, 0.0, 0.0, 0.0, 0.0091, 0.0091, 0.0091, 0.0091, 0.022, 0.022, 0.022, 0.006900000000000001, 0.006900000000000001, 0.006900000000000001, 0.006900000000000001, 0.022, 0.0, 0.0036000000000000003, 0.0036000000000000003, 0.0, 0.0022, 0.0022, 0.0022, 0.0022], [0.0016, 0.0016, 0.0016, 0.0016, 0.0001, 0.0001, 0.0001, 0.0001, 0.00030000000000000003, 0.00030000000000000003, 0.00030000000000000003, 0.0002, 0.0002, 0.0002, 0.0002, 0.00030000000000000003, 0.0, 0.004200000000000001, 0.004200000000000001, 0.0, 0.0002, 0.0002, 0.0002, 0.0002], [0.003, 0.003, 0.003, 0.003, 0.0, 0.0, 0.0, 0.0, 0.0, 0.0, 0.0, 0.0, 0.0, 0.0, 0.0, 0.0, 0.012100000000000001, 0.0, 0.0, 0.012100000000000001, 0.009000000000000001, 0.009000000000000001, 0.009000000000000001, 0.009000000000000001], [0.0004, 0.0004, 0.0004, 0.0004, 0.0, 0.0, 0.0, 0.0, 0.0, 0.0, 0.0, 0.0, 0.0, 0.0, 0.0, 0.0, 0.021400000000000002, 0.0, 0.0, 0.021400000000000002, 0.0, 0.0, 0.0, 0.0], [0.0047, 0.0047, 0.0047, 0.0047, 0.0, 0.0, 0.0, 0.0, 0.0, 0.0, 0.0, 0.0, 0.0, 0.0, 0.0, 0.0, 0.0005, 0.0, 0.0, 0.0005, 0.0041, 0.0041, 0.0041, 0.0041], [0.0006000000000000001, 0.0006000000000000001, 0.0006000000000000001, 0.0006000000000000001, 0.0, 0.0, 0.0, 0.0, 0.0, 0.0, 0.0, 0.0, 0.0, 0.0, 0.0, 0.0, 0.0468, 0.0, 0.0, 0.0468, 0.0055000000000000005, 0.0055000000000000005, 0.0055000000000000005, 0.0055000000000000005], [0.0001, 0.0001, 0.0001, 0.0001, 0.0, 0.0, 0.0, 0.0, 0.0, 0.0, 0.0, 0.0, 0.0, 0.0, 0.0, 0.0, 0.0026000000000000003, 0.0, 0.0, 0.0026000000000000003, 0.0033, 0.0033, 0.0033, 0.0033]]}}
bs_latimer_munro_efermi: 4.85475264