material_id: mp-23036
band_gap: 1.6978
efermi: -0.42338219
dos_magnetic_ordering: NM
dos_total_task_id: mp-2286105
dos_total_band_gap: 1.7037
dos_total_cbm: 1.1727
dos_total_vbm: -0.531
dos_total_efermi: -0.52839808
bs_setyawan_curtarolo_task_id: mp-1598313
bs_setyawan_curtarolo_band_gap: 1.6978
bs_setyawan_curtarolo_cbm: {'band_index': {'1': [33]}, 'kpoint_index': [51, 52, 76, 77], 'kpoint': <pymatgen.electronic_structure.bandstructure.Kpoint object at 0x7fc699d63930>, 'energy': 1.1558, 'projections': {'1': [[0.0001, 0.0001, 0.0, 0.006, 0.006, 0.006, 0.006, 0.006, 0.006], [0.0, 0.0, 0.10740000000000001, 0.034, 0.0009000000000000001, 0.0009000000000000001, 0.0009000000000000001, 0.0009000000000000001, 0.034], [0.0, 0.0, 0.10740000000000001, 0.0009000000000000001, 0.0009000000000000001, 0.0009000000000000001, 0.034, 0.034, 0.0009000000000000001], [0.0, 0.0, 0.10740000000000001, 0.0009000000000000001, 0.034, 0.034, 0.0009000000000000001, 0.0009000000000000001, 0.0009000000000000001], [0.0001, 0.0001, 0.0, 0.00030000000000000003, 0.00030000000000000003, 0.00030000000000000003, 0.0, 0.0, 0.00030000000000000003], [0.0001, 0.0001, 0.0, 0.00030000000000000003, 0.0, 0.0, 0.00030000000000000003, 0.00030000000000000003, 0.00030000000000000003], [0.0, 0.0, 0.0, 0.0007, 0.0007, 0.0007, 0.003, 0.003, 0.0007], [0.0001, 0.0001, 0.0, 0.0, 0.00030000000000000003, 0.00030000000000000003, 0.00030000000000000003, 0.00030000000000000003, 0.0], [0.0, 0.0, 0.0, 0.0022, 0.0022, 0.0022, 0.0, 0.0, 0.0022]]}}
bs_setyawan_curtarolo_vbm: {'band_index': {'1': [30, 31, 32]}, 'kpoint_index': [0, 39, 40], 'kpoint': <pymatgen.electronic_structure.bandstructure.Kpoint object at 0x7fc5d4b59c50>, 'energy': -0.542, 'projections': {'1': [[0.0, 0.0, 0.0, 0.0, 0.0, 0.0, 0.0, 0.0, 0.0], [0.0, 0.0, 0.0, 0.0, 0.0097, 0.0097, 0.081, 0.081, 0.0], [0.0, 0.0, 0.0, 0.081, 0.0795, 0.0795, 0.0, 0.0, 0.081], [0.0, 0.0, 0.0, 0.0097, 0.0, 0.0, 0.0795, 0.0795, 0.0097], [0.0, 0.0, 0.0, 0.0, 0.0, 0.0, 0.0, 0.0, 0.0], [0.0, 0.0, 0.0, 0.0, 0.0, 0.0, 0.0, 0.0, 0.0], [0.0, 0.0, 0.0, 0.0, 0.0, 0.0, 0.0, 0.0, 0.0], [0.0, 0.0, 0.0, 0.0, 0.0, 0.0, 0.0, 0.0, 0.0], [0.0, 0.0, 0.0, 0.0, 0.0, 0.0, 0.0, 0.0, 0.0]]}}
bs_setyawan_curtarolo_efermi: -0.42338219
bs_hinuma_task_id: mp-2066781
bs_hinuma_band_gap: 1.6978
bs_hinuma_cbm: {'band_index': {'1': [33]}, 'kpoint_index': [44, 45], 'kpoint': <pymatgen.electronic_structure.bandstructure.Kpoint object at 0x7fc5d4b59e80>, 'energy': 1.1558, 'projections': {'1': [[0.0001, 0.0001, 0.0, 0.006, 0.006, 0.006, 0.006, 0.006, 0.006], [0.0, 0.0, 0.10740000000000001, 0.034, 0.0009000000000000001, 0.0009000000000000001, 0.0009000000000000001, 0.0009000000000000001, 0.034], [0.0, 0.0, 0.10740000000000001, 0.0009000000000000001, 0.0009000000000000001, 0.0009000000000000001, 0.034, 0.034, 0.0009000000000000001], [0.0, 0.0, 0.10740000000000001, 0.0009000000000000001, 0.034, 0.034, 0.0009000000000000001, 0.0009000000000000001, 0.0009000000000000001], [0.0001, 0.0001, 0.0, 0.00030000000000000003, 0.00030000000000000003, 0.00030000000000000003, 0.0, 0.0, 0.00030000000000000003], [0.0001, 0.0001, 0.0, 0.00030000000000000003, 0.0, 0.0, 0.00030000000000000003, 0.00030000000000000003, 0.00030000000000000003], [0.0, 0.0, 0.0, 0.0007, 0.0007, 0.0007, 0.003, 0.003, 0.0007], [0.0001, 0.0001, 0.0, 0.0, 0.00030000000000000003, 0.00030000000000000003, 0.00030000000000000003, 0.00030000000000000003, 0.0], [0.0, 0.0, 0.0, 0.0022, 0.0022, 0.0022, 0.0, 0.0, 0.0022]]}}
bs_hinuma_vbm: {'band_index': {'1': [30, 31, 32]}, 'kpoint_index': [0, 32, 33], 'kpoint': <pymatgen.electronic_structure.bandstructure.Kpoint object at 0x7fc5d4b5a350>, 'energy': -0.542, 'projections': {'1': [[0.0, 0.0, 0.0, 0.0, 0.0, 0.0, 0.0, 0.0, 0.0], [0.0, 0.0, 0.0, 0.0, 0.0097, 0.0097, 0.081, 0.081, 0.0], [0.0, 0.0, 0.0, 0.081, 0.0795, 0.0795, 0.0, 0.0, 0.081], [0.0, 0.0, 0.0, 0.0097, 0.0, 0.0, 0.0795, 0.0795, 0.0097], [0.0, 0.0, 0.0, 0.0, 0.0, 0.0, 0.0, 0.0, 0.0], [0.0, 0.0, 0.0, 0.0, 0.0, 0.0, 0.0, 0.0, 0.0], [0.0, 0.0, 0.0, 0.0, 0.0, 0.0, 0.0, 0.0, 0.0], [0.0, 0.0, 0.0, 0.0, 0.0, 0.0, 0.0, 0.0, 0.0], [0.0, 0.0, 0.0, 0.0, 0.0, 0.0, 0.0, 0.0, 0.0]]}}
bs_hinuma_efermi: -0.43037664000000003
bs_latimer_munro_task_id: mp-2440171
bs_latimer_munro_band_gap: 1.6978
bs_latimer_munro_cbm: {'band_index': {'1': [33]}, 'kpoint_index': [43, 44, 92], 'kpoint': <pymatgen.electronic_structure.bandstructure.Kpoint object at 0x7fc5d4b59be0>, 'energy': 1.1558, 'projections': {'1': [[0.0001, 0.0001, 0.0, 0.006, 0.006, 0.006, 0.006, 0.006, 0.006], [0.0, 0.0, 0.10740000000000001, 0.034, 0.0009000000000000001, 0.0009000000000000001, 0.0009000000000000001, 0.0009000000000000001, 0.034], [0.0, 0.0, 0.10740000000000001, 0.0009000000000000001, 0.0009000000000000001, 0.0009000000000000001, 0.034, 0.034, 0.0009000000000000001], [0.0, 0.0, 0.10740000000000001, 0.0009000000000000001, 0.034, 0.034, 0.0009000000000000001, 0.0009000000000000001, 0.0009000000000000001], [0.0001, 0.0001, 0.0, 0.00030000000000000003, 0.00030000000000000003, 0.00030000000000000003, 0.0, 0.0, 0.00030000000000000003], [0.0001, 0.0001, 0.0, 0.00030000000000000003, 0.0, 0.0, 0.00030000000000000003, 0.00030000000000000003, 0.00030000000000000003], [0.0, 0.0, 0.0, 0.0007, 0.0007, 0.0007, 0.003, 0.003, 0.0007], [0.0001, 0.0001, 0.0, 0.0, 0.00030000000000000003, 0.00030000000000000003, 0.00030000000000000003, 0.00030000000000000003, 0.0], [0.0, 0.0, 0.0, 0.0022, 0.0022, 0.0022, 0.0, 0.0, 0.0022]]}}
bs_latimer_munro_vbm: {'band_index': {'1': [30, 31, 32]}, 'kpoint_index': [20, 21, 80, 81, 93], 'kpoint': <pymatgen.electronic_structure.bandstructure.Kpoint object at 0x7fc5d4b5a200>, 'energy': -0.542, 'projections': {'1': [[0.0, 0.0, 0.0, 0.0, 0.0, 0.0, 0.0, 0.0, 0.0], [0.0, 0.0, 0.0, 0.0, 0.10250000000000001, 0.10250000000000001, 0.0334, 0.0334, 0.0], [0.0, 0.0, 0.0, 0.0334, 0.034300000000000004, 0.034300000000000004, 0.0, 0.0, 0.0334], [0.0, 0.0, 0.0, 0.10250000000000001, 0.0, 0.0, 0.034300000000000004, 0.034300000000000004, 0.10250000000000001], [0.0, 0.0, 0.0, 0.0, 0.0, 0.0, 0.0, 0.0, 0.0], [0.0, 0.0, 0.0, 0.0, 0.0, 0.0, 0.0, 0.0, 0.0], [0.0, 0.0, 0.0, 0.0, 0.0, 0.0, 0.0, 0.0, 0.0], [0.0, 0.0, 0.0, 0.0, 0.0, 0.0, 0.0, 0.0, 0.0], [0.0, 0.0, 0.0, 0.0, 0.0, 0.0, 0.0, 0.0, 0.0]]}}
bs_latimer_munro_efermi: -0.42725372