material_id: mp-29343
band_gap: 0.107199999999999
efermi: 0.61911645
dos_magnetic_ordering: FiM
dos_total_task_id: mp-1707744
dos_total_band_gap: 0.31880000000000003
dos_total_cbm: 0.6667000000000001
dos_total_vbm: 0.34790000000000004
dos_total_efermi: 0.62686634
bs_setyawan_curtarolo_task_id: mp-1607100
bs_setyawan_curtarolo_band_gap: 0.107199999999999
bs_setyawan_curtarolo_cbm: {'band_index': {'1': [106], '-1': []}, 'kpoint_index': [60, 61, 249], 'kpoint': <pymatgen.electronic_structure.bandstructure.Kpoint object at 0x7fc699d63930>, 'energy': 0.6745, 'projections': {'1': [[0.0, 0.0, 0.0, 0.0, 0.0013000000000000002, 0.0013000000000000002, 0.0, 0.0, 0.0038, 0.0038, 0.0, 0.0, 0.0, 0.0, 0.0001, 0.0001, 0.0007, 0.0007, 0.0007, 0.0007, 0.0001, 0.0001], [0.0, 0.0, 0.0012000000000000001, 0.0012000000000000001, 0.0, 0.0, 0.0, 0.0, 0.0, 0.0, 0.0, 0.0, 0.0, 0.0, 0.0, 0.0, 0.0056, 0.0056, 0.0056, 0.0056, 0.0, 0.0], [0.0, 0.0, 0.0, 0.0, 0.0, 0.0, 0.0, 0.0, 0.0, 0.0, 0.0002, 0.0002, 0.0002, 0.0002, 0.0001, 0.0001, 0.0, 0.0, 0.0, 0.0, 0.0001, 0.0001], [0.0, 0.0, 0.0, 0.0, 0.0, 0.0, 0.0, 0.0, 0.0546, 0.0546, 0.0013000000000000002, 0.0013000000000000002, 0.0013000000000000002, 0.0013000000000000002, 0.00030000000000000003, 0.00030000000000000003, 0.016300000000000002, 0.016300000000000002, 0.016300000000000002, 0.016300000000000002, 0.00030000000000000003, 0.00030000000000000003], [0.0, 0.0, 0.0, 0.0, 0.1202, 0.1202, 0.0, 0.0, 0.0, 0.0, 0.0, 0.0, 0.0, 0.0, 0.0, 0.0, 0.0, 0.0, 0.0, 0.0, 0.0, 0.0], [0.0, 0.0, 0.0, 0.0, 0.054700000000000006, 0.054700000000000006, 0.0, 0.0, 0.0, 0.0, 0.0, 0.0, 0.0, 0.0, 0.0, 0.0, 0.0, 0.0, 0.0, 0.0, 0.0, 0.0], [0.0, 0.0, 0.0, 0.0, 0.163, 0.163, 0.0, 0.0, 0.0, 0.0, 0.0, 0.0, 0.0, 0.0, 0.0, 0.0, 0.0, 0.0, 0.0, 0.0, 0.0, 0.0], [0.0, 0.0, 0.0, 0.0, 0.0051, 0.0051, 0.0, 0.0, 0.0, 0.0, 0.0, 0.0, 0.0, 0.0, 0.0, 0.0, 0.0, 0.0, 0.0, 0.0, 0.0, 0.0], [0.0, 0.0, 0.0, 0.0, 0.021500000000000002, 0.021500000000000002, 0.0, 0.0, 0.0, 0.0, 0.0, 0.0, 0.0, 0.0, 0.0, 0.0, 0.0, 0.0, 0.0, 0.0, 0.0, 0.0]]}}
bs_setyawan_curtarolo_vbm: {'band_index': {'-1': [107], '1': []}, 'kpoint_index': [0, 336, 337, 452], 'kpoint': <pymatgen.electronic_structure.bandstructure.Kpoint object at 0x7fc5d4b5a190>, 'energy': 0.5673, 'projections': {'-1': [[0.0, 0.0, 0.0055000000000000005, 0.0055000000000000005, 0.0007, 0.0007, 0.0014, 0.0014, 0.0, 0.0, 0.0001, 0.0001, 0.0001, 0.0001, 0.0002, 0.0002, 0.0, 0.0, 0.0, 0.0, 0.0002, 0.0002], [0.0, 0.0, 0.0, 0.0, 0.0, 0.0, 0.0, 0.0, 0.0, 0.0, 0.00030000000000000003, 0.00030000000000000003, 0.00030000000000000003, 0.00030000000000000003, 0.0155, 0.0155, 0.006900000000000001, 0.006900000000000001, 0.006900000000000001, 0.006900000000000001, 0.0155, 0.0155], [0.0, 0.0, 0.0, 0.0, 0.0, 0.0, 0.0, 0.0, 0.0, 0.0, 0.0001, 0.0001, 0.0001, 0.0001, 0.0041, 0.0041, 0.0001, 0.0001, 0.0001, 0.0001, 0.0041, 0.0041], [0.0, 0.0, 0.0, 0.0, 0.0, 0.0, 0.0, 0.0, 0.0015, 0.0015, 0.041800000000000004, 0.041800000000000004, 0.041800000000000004, 0.041800000000000004, 0.0019, 0.0019, 0.0016, 0.0016, 0.0016, 0.0016, 0.0019, 0.0019], [0.0, 0.0, 0.0369, 0.0369, 0.0122, 0.0122, 0.0317, 0.0317, 0.0, 0.0, 0.0, 0.0, 0.0, 0.0, 0.0, 0.0, 0.0, 0.0, 0.0, 0.0, 0.0, 0.0], [0.0, 0.0, 0.0009000000000000001, 0.0009000000000000001, 0.0011, 0.0011, 0.0522, 0.0522, 0.0, 0.0, 0.0, 0.0, 0.0, 0.0, 0.0, 0.0, 0.0, 0.0, 0.0, 0.0, 0.0, 0.0], [0.0, 0.0, 0.0128, 0.0128, 0.006500000000000001, 0.006500000000000001, 0.0012000000000000001, 0.0012000000000000001, 0.0, 0.0, 0.0, 0.0, 0.0, 0.0, 0.0, 0.0, 0.0, 0.0, 0.0, 0.0, 0.0, 0.0], [0.0, 0.0, 0.0446, 0.0446, 0.0026000000000000003, 0.0026000000000000003, 0.0081, 0.0081, 0.0, 0.0, 0.0, 0.0, 0.0, 0.0, 0.0, 0.0, 0.0, 0.0, 0.0, 0.0, 0.0, 0.0], [0.0, 0.0, 0.09390000000000001, 0.09390000000000001, 0.0032, 0.0032, 0.0119, 0.0119, 0.0, 0.0, 0.0, 0.0, 0.0, 0.0, 0.0, 0.0, 0.0, 0.0, 0.0, 0.0, 0.0, 0.0]]}}
bs_setyawan_curtarolo_efermi: 0.61911645
bs_latimer_munro_task_id: mp-2599910
bs_latimer_munro_band_gap: 0.107199999999999
bs_latimer_munro_cbm: {'band_index': {'1': [106], '-1': []}, 'kpoint_index': [462, 463, 486], 'kpoint': <pymatgen.electronic_structure.bandstructure.Kpoint object at 0x7fc5d4b5a350>, 'energy': 0.6745, 'projections': {'1': [[0.0, 0.0, 0.0, 0.0, 0.0013000000000000002, 0.0013000000000000002, 0.0, 0.0, 0.0038, 0.0038, 0.0, 0.0, 0.0, 0.0, 0.0001, 0.0001, 0.0007, 0.0007, 0.0007, 0.0007, 0.0001, 0.0001], [0.0, 0.0, 0.0012000000000000001, 0.0012000000000000001, 0.0, 0.0, 0.0, 0.0, 0.0, 0.0, 0.0, 0.0, 0.0, 0.0, 0.0, 0.0, 0.0056, 0.0056, 0.0056, 0.0056, 0.0, 0.0], [0.0, 0.0, 0.0, 0.0, 0.0, 0.0, 0.0, 0.0, 0.0, 0.0, 0.0002, 0.0002, 0.0002, 0.0002, 0.0001, 0.0001, 0.0, 0.0, 0.0, 0.0, 0.0001, 0.0001], [0.0, 0.0, 0.0, 0.0, 0.0, 0.0, 0.0, 0.0, 0.0546, 0.0546, 0.0013000000000000002, 0.0013000000000000002, 0.0013000000000000002, 0.0013000000000000002, 0.00030000000000000003, 0.00030000000000000003, 0.016300000000000002, 0.016300000000000002, 0.016300000000000002, 0.016300000000000002, 0.00030000000000000003, 0.00030000000000000003], [0.0, 0.0, 0.0, 0.0, 0.1202, 0.1202, 0.0, 0.0, 0.0, 0.0, 0.0, 0.0, 0.0, 0.0, 0.0, 0.0, 0.0, 0.0, 0.0, 0.0, 0.0, 0.0], [0.0, 0.0, 0.0, 0.0, 0.054700000000000006, 0.054700000000000006, 0.0, 0.0, 0.0, 0.0, 0.0, 0.0, 0.0, 0.0, 0.0, 0.0, 0.0, 0.0, 0.0, 0.0, 0.0, 0.0], [0.0, 0.0, 0.0, 0.0, 0.163, 0.163, 0.0, 0.0, 0.0, 0.0, 0.0, 0.0, 0.0, 0.0, 0.0, 0.0, 0.0, 0.0, 0.0, 0.0, 0.0, 0.0], [0.0, 0.0, 0.0, 0.0, 0.0051, 0.0051, 0.0, 0.0, 0.0, 0.0, 0.0, 0.0, 0.0, 0.0, 0.0, 0.0, 0.0, 0.0, 0.0, 0.0, 0.0, 0.0], [0.0, 0.0, 0.0, 0.0, 0.021500000000000002, 0.021500000000000002, 0.0, 0.0, 0.0, 0.0, 0.0, 0.0, 0.0, 0.0, 0.0, 0.0, 0.0, 0.0, 0.0, 0.0, 0.0, 0.0]]}}
bs_latimer_munro_vbm: {'band_index': {'-1': [107], '1': []}, 'kpoint_index': ['64'], 'kpoint': <pymatgen.electronic_structure.bandstructure.Kpoint object at 0x7fc5d4b59e80>, 'energy': 0.5673, 'projections': {'-1': [[0.0, 0.0, 0.0055000000000000005, 0.0055000000000000005, 0.0007, 0.0007, 0.0014, 0.0014, 0.0, 0.0, 0.0001, 0.0001, 0.0001, 0.0001, 0.0002, 0.0002, 0.0, 0.0, 0.0, 0.0, 0.0002, 0.0002], [0.0, 0.0, 0.0, 0.0, 0.0, 0.0, 0.0, 0.0, 0.0, 0.0, 0.00030000000000000003, 0.00030000000000000003, 0.00030000000000000003, 0.00030000000000000003, 0.0155, 0.0155, 0.006900000000000001, 0.006900000000000001, 0.006900000000000001, 0.006900000000000001, 0.0155, 0.0155], [0.0, 0.0, 0.0, 0.0, 0.0, 0.0, 0.0, 0.0, 0.0, 0.0, 0.0001, 0.0001, 0.0001, 0.0001, 0.0041, 0.0041, 0.0001, 0.0001, 0.0001, 0.0001, 0.0041, 0.0041], [0.0, 0.0, 0.0, 0.0, 0.0, 0.0, 0.0, 0.0, 0.0015, 0.0015, 0.041800000000000004, 0.041800000000000004, 0.041800000000000004, 0.041800000000000004, 0.0019, 0.0019, 0.0016, 0.0016, 0.0016, 0.0016, 0.0019, 0.0019], [0.0, 0.0, 0.0369, 0.0369, 0.0122, 0.0122, 0.0318, 0.0318, 0.0, 0.0, 0.0, 0.0, 0.0, 0.0, 0.0, 0.0, 0.0, 0.0, 0.0, 0.0, 0.0, 0.0], [0.0, 0.0, 0.0009000000000000001, 0.0009000000000000001, 0.0011, 0.0011, 0.0522, 0.0522, 0.0, 0.0, 0.0, 0.0, 0.0, 0.0, 0.0, 0.0, 0.0, 0.0, 0.0, 0.0, 0.0, 0.0], [0.0, 0.0, 0.0128, 0.0128, 0.006500000000000001, 0.006500000000000001, 0.0012000000000000001, 0.0012000000000000001, 0.0, 0.0, 0.0, 0.0, 0.0, 0.0, 0.0, 0.0, 0.0, 0.0, 0.0, 0.0, 0.0, 0.0], [0.0, 0.0, 0.0446, 0.0446, 0.0026000000000000003, 0.0026000000000000003, 0.0081, 0.0081, 0.0, 0.0, 0.0, 0.0, 0.0, 0.0, 0.0, 0.0, 0.0, 0.0, 0.0, 0.0, 0.0, 0.0], [0.0, 0.0, 0.09390000000000001, 0.09390000000000001, 0.0032, 0.0032, 0.0119, 0.0119, 0.0, 0.0, 0.0, 0.0, 0.0, 0.0, 0.0, 0.0, 0.0, 0.0, 0.0, 0.0, 0.0, 0.0]]}}
bs_latimer_munro_efermi: 0.61959022