material_id: mp-29305
band_gap: 3.7670999999999992
efermi: -0.54029971
dos_magnetic_ordering: NM
dos_total_task_id: mp-1741528
dos_total_band_gap: 3.7241
dos_total_cbm: 3.1305
dos_total_vbm: -0.5936
dos_total_efermi: -0.61009292
bs_setyawan_curtarolo_task_id: mp-1654796
bs_setyawan_curtarolo_band_gap: 3.7670999999999992
bs_setyawan_curtarolo_cbm: {'band_index': {'1': [132]}, 'kpoint_index': [43, 44, 58], 'kpoint': <pymatgen.electronic_structure.bandstructure.Kpoint object at 0x7fc699d63930>, 'energy': 3.1447, 'projections': {'1': [[0.0, 0.0, 0.0, 0.0001, 0.0, 0.0001, 0.0, 0.0001, 0.0001, 0.0, 0.0, 0.0, 0.0009000000000000001, 0.0, 0.0009000000000000001, 0.0002, 0.0001, 0.0002, 0.001, 0.0, 0.001, 0.0006000000000000001, 0.00030000000000000003, 0.0001, 0.00030000000000000003, 0.0001, 0.0006000000000000001, 0.0, 0.0, 0.0, 0.0002, 0.0002, 0.0001], [0.0001, 0.0, 0.0001, 0.0001, 0.0, 0.0, 0.006200000000000001, 0.007500000000000001, 0.0079, 0.002, 0.0004, 0.0095, 0.0038, 0.0008, 0.00030000000000000003, 0.0027, 0.0142, 0.0013000000000000002, 0.0019, 0.0018000000000000002, 0.006900000000000001, 0.0098, 0.0004, 0.002, 0.0, 0.00030000000000000003, 0.0009000000000000001, 0.0235, 0.0032, 0.01, 0.0006000000000000001, 0.0032, 0.0045000000000000005], [0.0, 0.0, 0.0, 0.0, 0.0, 0.0, 0.0, 0.0022, 0.0022, 0.0, 0.0, 0.0, 0.0066, 0.0, 0.0067, 0.0091, 0.0008, 0.0066, 0.0016, 0.0, 0.0016, 0.0001, 0.0011, 0.0026000000000000003, 0.0011, 0.0026000000000000003, 0.0001, 0.0, 0.0, 0.0, 0.0091, 0.0066, 0.0008], [0.0, 0.0, 0.0, 0.0, 0.0, 0.0, 0.018500000000000003, 0.0028, 0.0024000000000000002, 0.007500000000000001, 0.0011, 0.0, 0.0029000000000000002, 0.0025, 0.006500000000000001, 0.0034000000000000002, 0.0001, 0.002, 0.005, 0.0054, 0.0, 0.0005, 0.0001, 0.0, 0.0005, 0.0017000000000000001, 0.0095, 0.0007, 0.0098, 0.0142, 0.0055000000000000005, 0.0001, 0.0098], [0.009600000000000001, 0.0033, 0.0126, 0.0077, 0.003, 0.0478, 0.0, 0.0, 0.0001, 0.0, 0.0, 0.0, 0.0, 0.0, 0.0, 0.0, 0.0, 0.0, 0.0, 0.0, 0.0, 0.0, 0.0, 0.0, 0.0, 0.0, 0.0, 0.0, 0.0, 0.0, 0.0, 0.0, 0.0], [0.049600000000000005, 0.0023, 0.0132, 0.034800000000000005, 0.0152, 0.0821, 0.0, 0.0, 0.0, 0.0, 0.0, 0.0, 0.0, 0.0, 0.0, 0.0, 0.0, 0.0, 0.0, 0.0, 0.0, 0.0, 0.0, 0.0, 0.0, 0.0, 0.0, 0.0, 0.0, 0.0, 0.0, 0.0, 0.0], [0.0004, 0.0, 0.0004, 0.0016, 0.0, 0.0016, 0.0, 0.0, 0.0, 0.0, 0.0, 0.0, 0.0, 0.0, 0.0, 0.0, 0.0, 0.0, 0.0, 0.0, 0.0, 0.0, 0.0, 0.0, 0.0, 0.0, 0.0, 0.0, 0.0, 0.0, 0.0, 0.0, 0.0], [0.0, 0.007, 0.0364, 0.0497, 0.045700000000000005, 0.0025, 0.0001, 0.0, 0.0, 0.0, 0.0, 0.0, 0.0, 0.0, 0.0, 0.0, 0.0, 0.0, 0.0, 0.0, 0.0, 0.0, 0.0, 0.0, 0.0, 0.0, 0.0, 0.0, 0.0, 0.0, 0.0, 0.0, 0.0], [0.0054, 0.0098, 0.0023, 0.0407, 0.009000000000000001, 0.0006000000000000001, 0.0, 0.0, 0.0, 0.0, 0.0, 0.0, 0.0, 0.0, 0.0, 0.0, 0.0, 0.0, 0.0, 0.0, 0.0, 0.0, 0.0, 0.0, 0.0, 0.0, 0.0, 0.0, 0.0, 0.0, 0.0, 0.0, 0.0]]}}
bs_setyawan_curtarolo_vbm: {'band_index': {'1': [131]}, 'kpoint_index': [43, 44, 58], 'kpoint': <pymatgen.electronic_structure.bandstructure.Kpoint object at 0x7fc5d4b59e80>, 'energy': -0.6224000000000001, 'projections': {'1': [[0.0018000000000000002, 0.0, 0.0018000000000000002, 0.0007, 0.0, 0.0007, 0.0, 0.048400000000000006, 0.048400000000000006, 0.0001, 0.0, 0.0001, 0.0, 0.0, 0.0, 0.0006000000000000001, 0.0006000000000000001, 0.0004, 0.0, 0.0, 0.0, 0.0007, 0.0005, 0.0006000000000000001, 0.0005, 0.0006000000000000001, 0.0007, 0.0001, 0.0, 0.0001, 0.0006000000000000001, 0.0004, 0.0006000000000000001], [0.00030000000000000003, 0.0006000000000000001, 0.00030000000000000003, 0.0001, 0.0005, 0.00030000000000000003, 0.0, 0.0, 0.0, 0.0, 0.0012000000000000001, 0.0027, 0.0002, 0.0007, 0.0, 0.010400000000000001, 0.0017000000000000001, 0.013900000000000001, 0.0013000000000000002, 0.0106, 0.0068000000000000005, 0.0085, 0.0, 0.001, 0.0009000000000000001, 0.0, 0.0053, 0.0222, 0.024200000000000003, 0.0013000000000000002, 0.0085, 0.00030000000000000003, 0.009300000000000001], [0.0004, 0.0, 0.0004, 0.004200000000000001, 0.0, 0.004200000000000001, 0.0, 0.0006000000000000001, 0.0006000000000000001, 0.002, 0.0, 0.002, 0.0029000000000000002, 0.0, 0.0029000000000000002, 0.0198, 0.0268, 0.0323, 0.0058000000000000005, 0.0, 0.0058000000000000005, 0.0162, 0.0264, 0.0056, 0.0264, 0.0056, 0.0162, 0.0058000000000000005, 0.0, 0.0058000000000000005, 0.0198, 0.0323, 0.0268], [0.0009000000000000001, 0.0018000000000000002, 0.0008, 0.0006000000000000001, 0.0015, 0.0004, 0.0001, 0.0, 0.0, 0.0033, 0.0036000000000000003, 0.0006000000000000001, 0.0002, 0.0021000000000000003, 0.0004, 0.0023, 0.0183, 0.0024000000000000002, 0.0055000000000000005, 0.031900000000000005, 0.0, 0.0009000000000000001, 0.0015, 0.0005, 0.0006000000000000001, 0.0015, 0.004200000000000001, 0.016300000000000002, 0.0727, 0.037200000000000004, 0.0041, 0.016, 0.0106], [0.001, 0.0005, 0.0002, 0.0, 0.0002, 0.0007, 0.0, 0.0, 0.0, 0.0, 0.0, 0.0, 0.0, 0.0, 0.0, 0.0, 0.0, 0.0, 0.0, 0.0, 0.0, 0.0, 0.0, 0.0, 0.0, 0.0, 0.0, 0.0, 0.0, 0.0, 0.0, 0.0, 0.0], [0.0, 0.0002, 0.0001, 0.0001, 0.0004, 0.00030000000000000003, 0.0, 0.0, 0.0, 0.0, 0.0, 0.0, 0.0, 0.0, 0.0, 0.0, 0.0, 0.0, 0.0, 0.0, 0.0, 0.0, 0.0, 0.0, 0.0, 0.0, 0.0, 0.0, 0.0, 0.0, 0.0, 0.0, 0.0], [0.0005, 0.0, 0.0005, 0.0004, 0.0, 0.0004, 0.0, 0.0006000000000000001, 0.0006000000000000001, 0.0, 0.0, 0.0, 0.0, 0.0, 0.0, 0.0, 0.0, 0.0, 0.0, 0.0, 0.0, 0.0, 0.0, 0.0, 0.0, 0.0, 0.0, 0.0, 0.0, 0.0, 0.0, 0.0, 0.0], [0.0001, 0.0005, 0.0, 0.00030000000000000003, 0.0012000000000000001, 0.0, 0.0, 0.0, 0.0, 0.0, 0.0, 0.0, 0.0, 0.0, 0.0, 0.0, 0.0, 0.0, 0.0, 0.0, 0.0, 0.0, 0.0, 0.0, 0.0, 0.0, 0.0, 0.0, 0.0, 0.0, 0.0, 0.0, 0.0], [0.0, 0.0014, 0.0008, 0.001, 0.0007, 0.00030000000000000003, 0.0, 0.0, 0.0, 0.0, 0.0, 0.0, 0.0, 0.0, 0.0, 0.0, 0.0, 0.0, 0.0, 0.0, 0.0, 0.0, 0.0, 0.0, 0.0, 0.0, 0.0, 0.0, 0.0, 0.0, 0.0, 0.0, 0.0]]}}
bs_setyawan_curtarolo_efermi: -0.54029971
bs_hinuma_task_id: mp-2099629
bs_hinuma_band_gap: 3.7670999999999992
bs_hinuma_cbm: {'band_index': {'1': [132]}, 'kpoint_index': [43, 44, 58], 'kpoint': <pymatgen.electronic_structure.bandstructure.Kpoint object at 0x7fc5d4b59c50>, 'energy': 3.1447, 'projections': {'1': [[0.0, 0.0, 0.0, 0.0001, 0.0, 0.0001, 0.0, 0.0001, 0.0001, 0.0, 0.0, 0.0, 0.0009000000000000001, 0.0, 0.0009000000000000001, 0.0002, 0.0001, 0.0002, 0.001, 0.0, 0.001, 0.0006000000000000001, 0.00030000000000000003, 0.0001, 0.00030000000000000003, 0.0001, 0.0006000000000000001, 0.0, 0.0, 0.0, 0.0002, 0.0002, 0.0001], [0.0001, 0.0, 0.0001, 0.0001, 0.0, 0.0, 0.006200000000000001, 0.007500000000000001, 0.0079, 0.002, 0.0004, 0.0095, 0.0038, 0.0008, 0.00030000000000000003, 0.0027, 0.0142, 0.0013000000000000002, 0.0019, 0.0018000000000000002, 0.006900000000000001, 0.0098, 0.0004, 0.002, 0.0, 0.00030000000000000003, 0.0009000000000000001, 0.0235, 0.0032, 0.01, 0.0006000000000000001, 0.0032, 0.0045000000000000005], [0.0, 0.0, 0.0, 0.0, 0.0, 0.0, 0.0, 0.0022, 0.0022, 0.0, 0.0, 0.0, 0.0066, 0.0, 0.0067, 0.0091, 0.0008, 0.0066, 0.0016, 0.0, 0.0016, 0.0001, 0.0011, 0.0026000000000000003, 0.0011, 0.0026000000000000003, 0.0001, 0.0, 0.0, 0.0, 0.0091, 0.0066, 0.0008], [0.0, 0.0, 0.0, 0.0, 0.0, 0.0, 0.018500000000000003, 0.0028, 0.0024000000000000002, 0.007500000000000001, 0.0011, 0.0, 0.0029000000000000002, 0.0025, 0.006500000000000001, 0.0034000000000000002, 0.0001, 0.002, 0.005, 0.0054, 0.0, 0.0005, 0.0001, 0.0, 0.0005, 0.0017000000000000001, 0.0095, 0.0007, 0.0098, 0.0142, 0.0055000000000000005, 0.0001, 0.0098], [0.009600000000000001, 0.0033, 0.0126, 0.0077, 0.003, 0.0478, 0.0, 0.0, 0.0001, 0.0, 0.0, 0.0, 0.0, 0.0, 0.0, 0.0, 0.0, 0.0, 0.0, 0.0, 0.0, 0.0, 0.0, 0.0, 0.0, 0.0, 0.0, 0.0, 0.0, 0.0, 0.0, 0.0, 0.0], [0.049600000000000005, 0.0023, 0.0132, 0.034800000000000005, 0.0152, 0.0821, 0.0, 0.0, 0.0, 0.0, 0.0, 0.0, 0.0, 0.0, 0.0, 0.0, 0.0, 0.0, 0.0, 0.0, 0.0, 0.0, 0.0, 0.0, 0.0, 0.0, 0.0, 0.0, 0.0, 0.0, 0.0, 0.0, 0.0], [0.0004, 0.0, 0.0004, 0.0016, 0.0, 0.0016, 0.0, 0.0, 0.0, 0.0, 0.0, 0.0, 0.0, 0.0, 0.0, 0.0, 0.0, 0.0, 0.0, 0.0, 0.0, 0.0, 0.0, 0.0, 0.0, 0.0, 0.0, 0.0, 0.0, 0.0, 0.0, 0.0, 0.0], [0.0, 0.007, 0.0364, 0.0497, 0.045700000000000005, 0.0025, 0.0001, 0.0, 0.0, 0.0, 0.0, 0.0, 0.0, 0.0, 0.0, 0.0, 0.0, 0.0, 0.0, 0.0, 0.0, 0.0, 0.0, 0.0, 0.0, 0.0, 0.0, 0.0, 0.0, 0.0, 0.0, 0.0, 0.0], [0.0054, 0.0098, 0.0023, 0.0407, 0.009000000000000001, 0.0006000000000000001, 0.0, 0.0, 0.0, 0.0, 0.0, 0.0, 0.0, 0.0, 0.0, 0.0, 0.0, 0.0, 0.0, 0.0, 0.0, 0.0, 0.0, 0.0, 0.0, 0.0, 0.0, 0.0, 0.0, 0.0, 0.0, 0.0, 0.0]]}}
bs_hinuma_vbm: {'band_index': {'1': [131]}, 'kpoint_index': [43, 44, 58], 'kpoint': <pymatgen.electronic_structure.bandstructure.Kpoint object at 0x7fc5d4b5a200>, 'energy': -0.6224000000000001, 'projections': {'1': [[0.0018000000000000002, 0.0, 0.0018000000000000002, 0.0007, 0.0, 0.0007, 0.0, 0.048400000000000006, 0.048400000000000006, 0.0001, 0.0, 0.0001, 0.0, 0.0, 0.0, 0.0006000000000000001, 0.0006000000000000001, 0.0004, 0.0, 0.0, 0.0, 0.0007, 0.0005, 0.0006000000000000001, 0.0005, 0.0006000000000000001, 0.0007, 0.0001, 0.0, 0.0001, 0.0006000000000000001, 0.0004, 0.0006000000000000001], [0.00030000000000000003, 0.0006000000000000001, 0.00030000000000000003, 0.0001, 0.0005, 0.00030000000000000003, 0.0, 0.0, 0.0, 0.0, 0.0012000000000000001, 0.0027, 0.0002, 0.0007, 0.0, 0.010400000000000001, 0.0017000000000000001, 0.013900000000000001, 0.0013000000000000002, 0.0106, 0.0068000000000000005, 0.0085, 0.0, 0.001, 0.0009000000000000001, 0.0, 0.0053, 0.0222, 0.024200000000000003, 0.0013000000000000002, 0.0085, 0.00030000000000000003, 0.009300000000000001], [0.0004, 0.0, 0.0004, 0.004200000000000001, 0.0, 0.004200000000000001, 0.0, 0.0006000000000000001, 0.0006000000000000001, 0.002, 0.0, 0.002, 0.0029000000000000002, 0.0, 0.0029000000000000002, 0.0198, 0.0268, 0.0323, 0.0058000000000000005, 0.0, 0.0058000000000000005, 0.0162, 0.0264, 0.0056, 0.0264, 0.0056, 0.0162, 0.0058000000000000005, 0.0, 0.0058000000000000005, 0.0198, 0.0323, 0.0268], [0.0009000000000000001, 0.0018000000000000002, 0.0008, 0.0006000000000000001, 0.0015, 0.0004, 0.0001, 0.0, 0.0, 0.0033, 0.0036000000000000003, 0.0006000000000000001, 0.0002, 0.0021000000000000003, 0.0004, 0.0023, 0.0183, 0.0024000000000000002, 0.0055000000000000005, 0.031900000000000005, 0.0, 0.0009000000000000001, 0.0015, 0.0005, 0.0006000000000000001, 0.0015, 0.004200000000000001, 0.016300000000000002, 0.0727, 0.037200000000000004, 0.0041, 0.016, 0.0106], [0.001, 0.0005, 0.0002, 0.0, 0.0002, 0.0007, 0.0, 0.0, 0.0, 0.0, 0.0, 0.0, 0.0, 0.0, 0.0, 0.0, 0.0, 0.0, 0.0, 0.0, 0.0, 0.0, 0.0, 0.0, 0.0, 0.0, 0.0, 0.0, 0.0, 0.0, 0.0, 0.0, 0.0], [0.0, 0.0002, 0.0001, 0.0001, 0.0004, 0.00030000000000000003, 0.0, 0.0, 0.0, 0.0, 0.0, 0.0, 0.0, 0.0, 0.0, 0.0, 0.0, 0.0, 0.0, 0.0, 0.0, 0.0, 0.0, 0.0, 0.0, 0.0, 0.0, 0.0, 0.0, 0.0, 0.0, 0.0, 0.0], [0.0005, 0.0, 0.0005, 0.0004, 0.0, 0.0004, 0.0, 0.0006000000000000001, 0.0006000000000000001, 0.0, 0.0, 0.0, 0.0, 0.0, 0.0, 0.0, 0.0, 0.0, 0.0, 0.0, 0.0, 0.0, 0.0, 0.0, 0.0, 0.0, 0.0, 0.0, 0.0, 0.0, 0.0, 0.0, 0.0], [0.0001, 0.0005, 0.0, 0.00030000000000000003, 0.0012000000000000001, 0.0, 0.0, 0.0, 0.0, 0.0, 0.0, 0.0, 0.0, 0.0, 0.0, 0.0, 0.0, 0.0, 0.0, 0.0, 0.0, 0.0, 0.0, 0.0, 0.0, 0.0, 0.0, 0.0, 0.0, 0.0, 0.0, 0.0, 0.0], [0.0, 0.0014, 0.0008, 0.001, 0.0007, 0.00030000000000000003, 0.0, 0.0, 0.0, 0.0, 0.0, 0.0, 0.0, 0.0, 0.0, 0.0, 0.0, 0.0, 0.0, 0.0, 0.0, 0.0, 0.0, 0.0, 0.0, 0.0, 0.0, 0.0, 0.0, 0.0, 0.0, 0.0, 0.0]]}}
bs_hinuma_efermi: -0.54029889
bs_latimer_munro_task_id: mp-2301118
bs_latimer_munro_band_gap: 3.767
bs_latimer_munro_cbm: {'band_index': {'1': [132]}, 'kpoint_index': [0, 161], 'kpoint': <pymatgen.electronic_structure.bandstructure.Kpoint object at 0x7fc5d4b5a190>, 'energy': 3.1446, 'projections': {'1': [[0.0, 0.0, 0.0, 0.0, 0.0001, 0.0001, 0.0, 0.0001, 0.0001, 0.0, 0.0, 0.0, 0.0, 0.0009000000000000001, 0.0009000000000000001, 0.0002, 0.0002, 0.0001, 0.001, 0.001, 0.0, 0.0001, 0.0006000000000000001, 0.00030000000000000003, 0.0001, 0.0006000000000000001, 0.00030000000000000003, 0.0, 0.0, 0.0, 0.0001, 0.0002, 0.0002], [0.0, 0.0, 0.0, 0.0, 0.0, 0.0, 0.0247, 0.0, 0.0, 0.0014, 0.0028, 0.0028, 0.0033, 0.0061, 0.0061, 0.0004, 0.0058000000000000005, 0.0027, 0.0015, 0.0015, 0.007200000000000001, 0.0008, 0.0049, 0.00030000000000000003, 0.0008, 0.0049, 0.00030000000000000003, 0.0028, 0.0028, 0.013000000000000001, 0.0027, 0.0058000000000000005, 0.0004], [0.0, 0.0, 0.0, 0.0, 0.0, 0.0, 0.0, 0.0022, 0.0022, 0.0, 0.0, 0.0, 0.0, 0.0067, 0.0067, 0.0066, 0.0091, 0.0008, 0.0016, 0.0016, 0.0, 0.0026000000000000003, 0.0001, 0.0011, 0.0026000000000000003, 0.0001, 0.0011, 0.0, 0.0, 0.0, 0.0008, 0.0091, 0.0066], [0.0001, 0.0001, 0.0, 0.0, 0.0, 0.0, 0.0, 0.0103, 0.0103, 0.0, 0.0067, 0.0067, 0.0, 0.0007, 0.0007, 0.0028, 0.00030000000000000003, 0.011600000000000001, 0.0054, 0.0054, 0.0, 0.0012000000000000001, 0.0055000000000000005, 0.0002, 0.0012000000000000001, 0.0055000000000000005, 0.0002, 0.021400000000000002, 0.021400000000000002, 0.0, 0.011600000000000001, 0.00030000000000000003, 0.0028], [0.0002, 0.0002, 0.0131, 0.012, 0.0171, 0.0171, 0.0, 0.0, 0.0, 0.0, 0.0, 0.0, 0.0, 0.0, 0.0, 0.0, 0.0, 0.0, 0.0, 0.0, 0.0, 0.0, 0.0, 0.0, 0.0, 0.0, 0.0, 0.0, 0.0, 0.0, 0.0, 0.0, 0.0], [0.0117, 0.0117, 0.0092, 0.0608, 0.01, 0.01, 0.0001, 0.0, 0.0, 0.0, 0.0, 0.0, 0.0, 0.0, 0.0, 0.0, 0.0, 0.0, 0.0, 0.0, 0.0, 0.0, 0.0, 0.0, 0.0, 0.0, 0.0, 0.0, 0.0, 0.0, 0.0, 0.0, 0.0], [0.0004, 0.0004, 0.0, 0.0, 0.0016, 0.0016, 0.0, 0.0, 0.0, 0.0, 0.0, 0.0, 0.0, 0.0, 0.0, 0.0, 0.0, 0.0, 0.0, 0.0, 0.0, 0.0, 0.0, 0.0, 0.0, 0.0, 0.0, 0.0, 0.0, 0.0, 0.0, 0.0, 0.0], [0.038, 0.038, 0.0, 0.0, 0.0746, 0.0746, 0.0, 0.0, 0.0, 0.0, 0.0, 0.0, 0.0, 0.0, 0.0, 0.0, 0.0, 0.0, 0.0, 0.0, 0.0, 0.0, 0.0, 0.0, 0.0, 0.0, 0.0, 0.0, 0.0, 0.0, 0.0, 0.0, 0.0], [0.014700000000000001, 0.014700000000000001, 0.0, 0.0, 0.031400000000000004, 0.031400000000000004, 0.0, 0.0, 0.0, 0.0, 0.0, 0.0, 0.0, 0.0, 0.0, 0.0, 0.0, 0.0, 0.0, 0.0, 0.0, 0.0, 0.0, 0.0, 0.0, 0.0, 0.0, 0.0, 0.0, 0.0, 0.0, 0.0, 0.0]]}}
bs_latimer_munro_vbm: {'band_index': {'1': [131]}, 'kpoint_index': [0, 161], 'kpoint': <pymatgen.electronic_structure.bandstructure.Kpoint object at 0x7fc5d4b5a3c0>, 'energy': -0.6224000000000001, 'projections': {'1': [[0.0018000000000000002, 0.0018000000000000002, 0.0, 0.0, 0.0007, 0.0007, 0.0, 0.048400000000000006, 0.048400000000000006, 0.0, 0.0001, 0.0001, 0.0, 0.0, 0.0, 0.0004, 0.0006000000000000001, 0.0006000000000000001, 0.0, 0.0, 0.0, 0.0006000000000000001, 0.0007, 0.0005, 0.0006000000000000001, 0.0007, 0.0005, 0.0001, 0.0001, 0.0, 0.0006000000000000001, 0.0006000000000000001, 0.0004], [0.0011, 0.0011, 0.0025, 0.0021000000000000003, 0.0007, 0.0007, 0.0001, 0.0, 0.0, 0.0048000000000000004, 0.0023, 0.0023, 0.0028, 0.0004, 0.0004, 0.0102, 0.0001, 0.0189, 0.0021000000000000003, 0.0021000000000000003, 0.0425, 0.0012000000000000001, 0.0004, 0.0013000000000000002, 0.0012000000000000001, 0.0004, 0.0013000000000000002, 0.0342, 0.0342, 0.097, 0.0189, 0.0001, 0.0102], [0.0004, 0.0004, 0.0, 0.0, 0.004200000000000001, 0.004200000000000001, 0.0, 0.0006000000000000001, 0.0006000000000000001, 0.0, 0.002, 0.002, 0.0, 0.0029000000000000002, 0.0029000000000000002, 0.0324, 0.0198, 0.0268, 0.0058000000000000005, 0.0058000000000000005, 0.0, 0.0056, 0.0162, 0.0264, 0.0056, 0.0162, 0.0264, 0.0058000000000000005, 0.0058000000000000005, 0.0, 0.0268, 0.0198, 0.0324], [0.0, 0.0, 0.0, 0.0, 0.0, 0.0, 0.0, 0.0, 0.0, 0.0, 0.0011, 0.0011, 0.0, 0.0, 0.0, 0.0061, 0.0125, 0.001, 0.0047, 0.0047, 0.0, 0.00030000000000000003, 0.0091, 0.0002, 0.00030000000000000003, 0.0091, 0.0002, 0.0043, 0.0043, 0.0, 0.001, 0.0125, 0.0061], [0.00030000000000000003, 0.00030000000000000003, 0.0018000000000000002, 0.001, 0.0008, 0.0008, 0.0, 0.0, 0.0, 0.0, 0.0, 0.0, 0.0, 0.0, 0.0, 0.0, 0.0, 0.0, 0.0, 0.0, 0.0, 0.0, 0.0, 0.0, 0.0, 0.0, 0.0, 0.0, 0.0, 0.0, 0.0, 0.0, 0.0], [0.0001, 0.0001, 0.0007, 0.0017000000000000001, 0.0001, 0.0001, 0.0, 0.0, 0.0, 0.0, 0.0, 0.0, 0.0, 0.0, 0.0, 0.0, 0.0, 0.0, 0.0, 0.0, 0.0, 0.0, 0.0, 0.0, 0.0, 0.0, 0.0, 0.0, 0.0, 0.0, 0.0, 0.0, 0.0], [0.0005, 0.0005, 0.0, 0.0, 0.0004, 0.0004, 0.0, 0.0006000000000000001, 0.0006000000000000001, 0.0, 0.0, 0.0, 0.0, 0.0, 0.0, 0.0, 0.0, 0.0, 0.0, 0.0, 0.0, 0.0, 0.0, 0.0, 0.0, 0.0, 0.0, 0.0, 0.0, 0.0, 0.0, 0.0, 0.0], [0.0, 0.0, 0.0, 0.0, 0.0002, 0.0002, 0.0, 0.0, 0.0, 0.0, 0.0, 0.0, 0.0, 0.0, 0.0, 0.0, 0.0, 0.0, 0.0, 0.0, 0.0, 0.0, 0.0, 0.0, 0.0, 0.0, 0.0, 0.0, 0.0, 0.0, 0.0, 0.0, 0.0], [0.0007, 0.0007, 0.0, 0.0, 0.0002, 0.0002, 0.0, 0.0001, 0.0001, 0.0, 0.0, 0.0, 0.0, 0.0, 0.0, 0.0, 0.0, 0.0, 0.0, 0.0, 0.0, 0.0, 0.0, 0.0, 0.0, 0.0, 0.0, 0.0, 0.0, 0.0, 0.0, 0.0, 0.0]]}}
bs_latimer_munro_efermi: -0.53848796