material_id: mp-28391
band_gap: 5.5658
efermi: -2.63413313
dos_magnetic_ordering: NM
dos_total_task_id: mp-1735907
dos_total_band_gap: 5.8017
dos_total_cbm: 3.0366
dos_total_vbm: -2.7651
dos_total_efermi: -2.74599767
bs_setyawan_curtarolo_task_id: mp-1624702
bs_setyawan_curtarolo_band_gap: 5.5658
bs_setyawan_curtarolo_cbm: {'band_index': {'1': [64]}, 'kpoint_index': [0], 'kpoint': <pymatgen.electronic_structure.bandstructure.Kpoint object at 0x7fc699d63930>, 'energy': 2.8393, 'projections': {'1': [[0.0396, 0.0396, 0.0396, 0.0396, 0.006500000000000001, 0.006500000000000001, 0.006500000000000001, 0.006500000000000001, 0.0068000000000000005, 0.0068000000000000005, 0.0068000000000000005, 0.0068000000000000005, 0.0067, 0.0067, 0.0067, 0.0067, 0.0073, 0.0073, 0.0073, 0.0073], [0.0, 0.0, 0.0, 0.0, 0.0074, 0.0074, 0.0074, 0.0074, 0.0043, 0.0043, 0.0043, 0.0043, 0.0019, 0.0019, 0.0019, 0.0019, 0.0006000000000000001, 0.0006000000000000001, 0.0006000000000000001, 0.0006000000000000001], [0.0, 0.0, 0.0, 0.0, 0.0005, 0.0005, 0.0005, 0.0005, 0.0063, 0.0063, 0.0063, 0.006200000000000001, 0.0077, 0.0077, 0.0077, 0.0077, 0.0008, 0.0008, 0.0008, 0.0008], [0.0001, 0.0001, 0.0001, 0.0001, 0.002, 0.002, 0.002, 0.002, 0.0, 0.0, 0.0, 0.0, 0.0021000000000000003, 0.0021000000000000003, 0.0021000000000000003, 0.0021000000000000003, 0.01, 0.01, 0.01, 0.01], [0.0, 0.0, 0.0, 0.0, 0.0, 0.0, 0.0, 0.0, 0.0, 0.0, 0.0, 0.0, 0.0, 0.0, 0.0, 0.0, 0.0, 0.0, 0.0, 0.0], [0.0, 0.0, 0.0, 0.0, 0.0, 0.0, 0.0, 0.0, 0.0, 0.0, 0.0, 0.0, 0.0, 0.0, 0.0, 0.0, 0.0, 0.0, 0.0, 0.0], [0.0, 0.0, 0.0, 0.0, 0.0, 0.0, 0.0, 0.0, 0.0, 0.0, 0.0, 0.0, 0.0, 0.0, 0.0, 0.0, 0.0, 0.0, 0.0, 0.0], [0.0, 0.0, 0.0, 0.0, 0.0, 0.0, 0.0, 0.0, 0.0, 0.0, 0.0, 0.0, 0.0, 0.0, 0.0, 0.0, 0.0, 0.0, 0.0, 0.0], [0.0, 0.0, 0.0, 0.0, 0.0, 0.0, 0.0, 0.0, 0.0, 0.0, 0.0, 0.0, 0.0, 0.0, 0.0, 0.0, 0.0, 0.0, 0.0, 0.0]]}}
bs_setyawan_curtarolo_vbm: {'band_index': {'1': [63]}, 'kpoint_index': [47, 48], 'kpoint': <pymatgen.electronic_structure.bandstructure.Kpoint object at 0x7fc5d4b5a190>, 'energy': -2.7265, 'projections': {'1': [[0.0, 0.0, 0.0, 0.0, 0.0, 0.0, 0.0, 0.0, 0.0, 0.0, 0.0, 0.0, 0.0, 0.0, 0.0, 0.0, 0.0, 0.0, 0.0, 0.0], [0.0, 0.0, 0.0, 0.0, 0.0058000000000000005, 0.0058000000000000005, 0.0058000000000000005, 0.0058000000000000005, 0.0238, 0.0238, 0.0238, 0.0238, 0.0349, 0.0349, 0.0349, 0.0349, 0.0207, 0.0207, 0.0207, 0.0207], [0.0, 0.0, 0.0, 0.0, 0.0461, 0.0461, 0.0461, 0.0461, 0.0221, 0.0221, 0.0221, 0.0221, 0.006, 0.006, 0.006, 0.006, 0.0008, 0.0008, 0.0008, 0.0008], [0.0, 0.0, 0.0, 0.0, 0.0017000000000000001, 0.0017000000000000001, 0.0017000000000000001, 0.0017000000000000001, 0.011, 0.011, 0.011, 0.011, 0.001, 0.001, 0.001, 0.001, 0.0014, 0.0014, 0.0014, 0.0014], [0.0, 0.0, 0.0, 0.0, 0.0, 0.0, 0.0, 0.0, 0.0, 0.0, 0.0, 0.0, 0.0, 0.0, 0.0, 0.0, 0.0, 0.0, 0.0, 0.0], [0.0, 0.0, 0.0, 0.0, 0.0, 0.0, 0.0, 0.0, 0.0, 0.0, 0.0, 0.0, 0.0, 0.0, 0.0, 0.0, 0.0, 0.0, 0.0, 0.0], [0.0, 0.0, 0.0, 0.0, 0.0, 0.0, 0.0, 0.0, 0.0, 0.0, 0.0, 0.0, 0.0, 0.0, 0.0, 0.0, 0.0, 0.0, 0.0, 0.0], [0.0, 0.0, 0.0, 0.0, 0.0, 0.0, 0.0, 0.0, 0.0, 0.0, 0.0, 0.0, 0.0, 0.0, 0.0, 0.0, 0.0, 0.0, 0.0, 0.0], [0.0, 0.0, 0.0, 0.0, 0.0, 0.0, 0.0, 0.0, 0.0, 0.0, 0.0, 0.0, 0.0, 0.0, 0.0, 0.0, 0.0, 0.0, 0.0, 0.0]]}}
bs_setyawan_curtarolo_efermi: -2.63413313
bs_latimer_munro_task_id: mp-2310005
bs_latimer_munro_band_gap: 5.5658
bs_latimer_munro_cbm: {'band_index': {'1': [64]}, 'kpoint_index': [98, 99, 108, 117, 126, 134, 142], 'kpoint': <pymatgen.electronic_structure.bandstructure.Kpoint object at 0x7fc5d4b5a350>, 'energy': 2.8393, 'projections': {'1': [[0.0396, 0.0396, 0.0396, 0.0396, 0.006500000000000001, 0.006500000000000001, 0.006500000000000001, 0.006500000000000001, 0.0068000000000000005, 0.0068000000000000005, 0.0068000000000000005, 0.0068000000000000005, 0.0067, 0.0067, 0.0067, 0.0067, 0.0073, 0.0073, 0.0073, 0.0073], [0.0, 0.0, 0.0, 0.0, 0.0074, 0.0074, 0.0074, 0.0074, 0.0043, 0.0043, 0.0043, 0.0043, 0.0019, 0.0019, 0.0019, 0.0019, 0.0006000000000000001, 0.0006000000000000001, 0.0006000000000000001, 0.0006000000000000001], [0.0, 0.0, 0.0, 0.0, 0.0005, 0.0005, 0.0005, 0.0005, 0.0063, 0.0063, 0.0063, 0.006200000000000001, 0.0077, 0.0077, 0.0077, 0.0077, 0.0008, 0.0008, 0.0008, 0.0008], [0.0001, 0.0001, 0.0001, 0.0001, 0.002, 0.002, 0.002, 0.002, 0.0, 0.0, 0.0, 0.0, 0.0021000000000000003, 0.0021000000000000003, 0.0021000000000000003, 0.0021000000000000003, 0.01, 0.01, 0.01, 0.01], [0.0, 0.0, 0.0, 0.0, 0.0, 0.0, 0.0, 0.0, 0.0, 0.0, 0.0, 0.0, 0.0, 0.0, 0.0, 0.0, 0.0, 0.0, 0.0, 0.0], [0.0, 0.0, 0.0, 0.0, 0.0, 0.0, 0.0, 0.0, 0.0, 0.0, 0.0, 0.0, 0.0, 0.0, 0.0, 0.0, 0.0, 0.0, 0.0, 0.0], [0.0, 0.0, 0.0, 0.0, 0.0, 0.0, 0.0, 0.0, 0.0, 0.0, 0.0, 0.0, 0.0, 0.0, 0.0, 0.0, 0.0, 0.0, 0.0, 0.0], [0.0, 0.0, 0.0, 0.0, 0.0, 0.0, 0.0, 0.0, 0.0, 0.0, 0.0, 0.0, 0.0, 0.0, 0.0, 0.0, 0.0, 0.0, 0.0, 0.0], [0.0, 0.0, 0.0, 0.0, 0.0, 0.0, 0.0, 0.0, 0.0, 0.0, 0.0, 0.0, 0.0, 0.0, 0.0, 0.0, 0.0, 0.0, 0.0, 0.0]]}}
bs_latimer_munro_vbm: {'band_index': {'1': [63]}, 'kpoint_index': [83, 84, 141], 'kpoint': <pymatgen.electronic_structure.bandstructure.Kpoint object at 0x7fc5d4b5a430>, 'energy': -2.7265, 'projections': {'1': [[0.0, 0.0, 0.0, 0.0, 0.0, 0.0, 0.0, 0.0, 0.0, 0.0, 0.0, 0.0, 0.0, 0.0, 0.0, 0.0, 0.0, 0.0, 0.0, 0.0], [0.0, 0.0, 0.0, 0.0, 0.0058000000000000005, 0.0058000000000000005, 0.0058000000000000005, 0.0058000000000000005, 0.0238, 0.0238, 0.0238, 0.0238, 0.0349, 0.0349, 0.0349, 0.0349, 0.0207, 0.0207, 0.0207, 0.0207], [0.0, 0.0, 0.0, 0.0, 0.0461, 0.0461, 0.0461, 0.0461, 0.0221, 0.0221, 0.0221, 0.0221, 0.006, 0.006, 0.006, 0.006, 0.0008, 0.0008, 0.0008, 0.0008], [0.0, 0.0, 0.0, 0.0, 0.0017000000000000001, 0.0017000000000000001, 0.0017000000000000001, 0.0017000000000000001, 0.011, 0.011, 0.011, 0.011, 0.001, 0.001, 0.001, 0.001, 0.0014, 0.0014, 0.0014, 0.0014], [0.0, 0.0, 0.0, 0.0, 0.0, 0.0, 0.0, 0.0, 0.0, 0.0, 0.0, 0.0, 0.0, 0.0, 0.0, 0.0, 0.0, 0.0, 0.0, 0.0], [0.0, 0.0, 0.0, 0.0, 0.0, 0.0, 0.0, 0.0, 0.0, 0.0, 0.0, 0.0, 0.0, 0.0, 0.0, 0.0, 0.0, 0.0, 0.0, 0.0], [0.0, 0.0, 0.0, 0.0, 0.0, 0.0, 0.0, 0.0, 0.0, 0.0, 0.0, 0.0, 0.0, 0.0, 0.0, 0.0, 0.0, 0.0, 0.0, 0.0], [0.0, 0.0, 0.0, 0.0, 0.0, 0.0, 0.0, 0.0, 0.0, 0.0, 0.0, 0.0, 0.0, 0.0, 0.0, 0.0, 0.0, 0.0, 0.0, 0.0], [0.0, 0.0, 0.0, 0.0, 0.0, 0.0, 0.0, 0.0, 0.0, 0.0, 0.0, 0.0, 0.0, 0.0, 0.0, 0.0, 0.0, 0.0, 0.0, 0.0]]}}
bs_latimer_munro_efermi: -2.63698585