material_id: mp-28260
band_gap: 1.1204
efermi: -0.87801619
dos_magnetic_ordering: NM
dos_total_task_id: mp-2279204
dos_total_band_gap: 1.5604
dos_total_cbm: 0.7069000000000001
dos_total_vbm: -0.8535
dos_total_efermi: -0.86772689
bs_setyawan_curtarolo_task_id: mp-835921
bs_setyawan_curtarolo_band_gap: 1.1204
bs_setyawan_curtarolo_cbm: {'band_index': {'1': [23]}, 'kpoint_index': [0, 35, 36], 'kpoint': <pymatgen.electronic_structure.bandstructure.Kpoint object at 0x7fc699d63930>, 'energy': 0.1615, 'projections': {'1': [[0.0, 0.00030000000000000003, 0.00030000000000000003, 0.00030000000000000003, 0.00030000000000000003, 0.0], [0.0, 0.034800000000000005, 0.034800000000000005, 0.003, 0.003, 0.0], [0.0, 0.0002, 0.0002, 0.0002, 0.0002, 0.0], [0.0, 0.003, 0.003, 0.034800000000000005, 0.034800000000000005, 0.0], [0.4038, 0.0031000000000000003, 0.0031000000000000003, 0.0031000000000000003, 0.0031000000000000003, 0.0], [0.0, 0.0, 0.0, 0.0, 0.0, 0.0], [0.0, 0.0, 0.0, 0.0, 0.0, 0.0], [0.0, 0.0, 0.0, 0.0, 0.0, 0.0], [0.18610000000000002, 0.0005, 0.0005, 0.0005, 0.0005, 0.0]]}}
bs_setyawan_curtarolo_vbm: {'band_index': {'1': [22]}, 'kpoint_index': ['84'], 'kpoint': <pymatgen.electronic_structure.bandstructure.Kpoint object at 0x7fc5d4b59be0>, 'energy': -0.9589000000000001, 'projections': {'1': [[0.0, 0.0, 0.0, 0.0, 0.0, 0.0], [0.0, 0.1567, 0.1567, 0.0109, 0.0109, 0.0], [0.0, 0.00030000000000000003, 0.00030000000000000003, 0.00030000000000000003, 0.00030000000000000003, 0.0], [0.0, 0.0109, 0.0109, 0.1567, 0.1567, 0.0], [0.0, 0.0, 0.0, 0.0, 0.0, 0.0], [0.0, 0.0, 0.0, 0.0, 0.0, 0.0], [0.0, 0.0, 0.0, 0.0, 0.0, 0.0], [0.0, 0.0, 0.0, 0.0, 0.0, 0.0], [0.0, 0.0, 0.0, 0.0, 0.0, 0.0]]}}
bs_setyawan_curtarolo_efermi: -0.87801619