material_id: mp-22303
band_gap: 2.2673
efermi: 0.56664559
dos_magnetic_ordering: NM
dos_total_task_id: mp-1705826
dos_total_band_gap: 2.2865
dos_total_cbm: 2.7774
dos_total_vbm: 0.4909
dos_total_efermi: 0.49633307
bs_setyawan_curtarolo_task_id: mp-1606204
bs_setyawan_curtarolo_band_gap: 2.2673
bs_setyawan_curtarolo_cbm: {'band_index': {'1': [58]}, 'kpoint_index': [0, 74, 75, 96], 'kpoint': <pymatgen.electronic_structure.bandstructure.Kpoint object at 0x7fc699d63930>, 'energy': 2.7786, 'projections': {'1': [[0.0063, 0.0109, 0.0076, 0.0109, 0.0063, 0.0076, 0.0413, 0.0413, 0.0155, 0.0204, 0.0204, 0.0155, 0.0155, 0.0155], [0.0, 0.0, 0.0005, 0.0, 0.0, 0.0005, 0.0001, 0.0001, 0.0013000000000000002, 0.0024000000000000002, 0.0024000000000000002, 0.0013000000000000002, 0.0013000000000000002, 0.0013000000000000002], [0.0, 0.0, 0.00030000000000000003, 0.0, 0.0, 0.00030000000000000003, 0.0004, 0.0004, 0.0019, 0.0068000000000000005, 0.0068000000000000005, 0.0019, 0.0019, 0.0019], [0.0002, 0.0, 0.0, 0.0, 0.0002, 0.0, 0.0, 0.0, 0.009600000000000001, 0.0, 0.0, 0.009600000000000001, 0.009600000000000001, 0.009600000000000001], [0.0, 0.0, 0.0, 0.0, 0.0, 0.0, 0.0, 0.0, 0.0, 0.0, 0.0, 0.0, 0.0, 0.0], [0.0, 0.0002, 0.0, 0.0002, 0.0, 0.0, 0.0016, 0.0016, 0.0, 0.0, 0.0, 0.0, 0.0, 0.0], [0.0, 0.0001, 0.0, 0.0001, 0.0, 0.0, 0.0, 0.0, 0.0, 0.0, 0.0, 0.0, 0.0, 0.0], [0.0, 0.0, 0.0, 0.0, 0.0, 0.0, 0.0, 0.0, 0.0, 0.0, 0.0, 0.0, 0.0, 0.0], [0.0001, 0.0001, 0.0001, 0.0001, 0.0001, 0.0001, 0.00030000000000000003, 0.00030000000000000003, 0.0, 0.0, 0.0, 0.0, 0.0, 0.0]]}}
bs_setyawan_curtarolo_vbm: {'band_index': {'1': [57]}, 'kpoint_index': [63, 64], 'kpoint': <pymatgen.electronic_structure.bandstructure.Kpoint object at 0x7fc5d4b5a430>, 'energy': 0.5113, 'projections': {'1': [[0.0, 0.0, 0.0, 0.0, 0.0, 0.0, 0.0, 0.0, 0.0, 0.0, 0.0, 0.0, 0.0, 0.0], [0.0014, 0.0001, 0.0, 0.0001, 0.0014, 0.0, 0.0, 0.0, 0.0526, 0.0, 0.0, 0.0526, 0.0526, 0.0526], [0.001, 0.0006000000000000001, 0.0, 0.0006000000000000001, 0.001, 0.0, 0.0, 0.0, 0.0012000000000000001, 0.0, 0.0, 0.0012000000000000001, 0.0012000000000000001, 0.0012000000000000001], [0.0, 0.0, 0.0008, 0.0, 0.0, 0.0008, 0.0005, 0.0005, 0.058300000000000005, 0.0155, 0.0155, 0.058300000000000005, 0.058300000000000005, 0.058300000000000005], [0.0002, 0.0001, 0.0011, 0.0001, 0.0002, 0.0011, 0.0018000000000000002, 0.0018000000000000002, 0.0, 0.0, 0.0, 0.0, 0.0, 0.0], [0.0, 0.0, 0.0, 0.0, 0.0, 0.0, 0.0, 0.0, 0.0, 0.0, 0.0, 0.0, 0.0, 0.0], [0.0, 0.0, 0.0, 0.0, 0.0, 0.0, 0.0, 0.0, 0.0, 0.0, 0.0, 0.0, 0.0, 0.0], [0.0006000000000000001, 0.0001, 0.0008, 0.0001, 0.0006000000000000001, 0.0008, 0.001, 0.001, 0.0, 0.0, 0.0, 0.0, 0.0, 0.0], [0.0, 0.0, 0.0, 0.0, 0.0, 0.0, 0.0, 0.0, 0.0, 0.0, 0.0, 0.0, 0.0, 0.0]]}}
bs_setyawan_curtarolo_efermi: 0.56664559
bs_latimer_munro_task_id: mp-2711540
bs_latimer_munro_band_gap: 2.2673
bs_latimer_munro_cbm: {'band_index': {'1': [58]}, 'kpoint_index': [78, 79, 92, 134, 135, 164, 165, 185, 197], 'kpoint': <pymatgen.electronic_structure.bandstructure.Kpoint object at 0x7fc5d4b59d30>, 'energy': 2.7786, 'projections': {'1': [[0.0063, 0.011, 0.0076, 0.011, 0.0063, 0.0076, 0.0412, 0.0413, 0.0155, 0.0204, 0.0204, 0.0155, 0.0155, 0.0155], [0.0, 0.0, 0.0005, 0.0, 0.0, 0.0005, 0.0001, 0.0001, 0.0013000000000000002, 0.0024000000000000002, 0.0024000000000000002, 0.0013000000000000002, 0.0013000000000000002, 0.0013000000000000002], [0.0, 0.0, 0.00030000000000000003, 0.0, 0.0, 0.00030000000000000003, 0.0004, 0.0004, 0.0019, 0.0068000000000000005, 0.0068000000000000005, 0.0019, 0.0019, 0.0019], [0.0002, 0.0, 0.0, 0.0, 0.0002, 0.0, 0.0, 0.0, 0.009600000000000001, 0.0, 0.0, 0.009600000000000001, 0.009600000000000001, 0.009600000000000001], [0.0, 0.0, 0.0, 0.0, 0.0, 0.0, 0.0, 0.0, 0.0, 0.0, 0.0, 0.0, 0.0, 0.0], [0.0, 0.0002, 0.0, 0.0002, 0.0, 0.0, 0.0016, 0.0016, 0.0, 0.0, 0.0, 0.0, 0.0, 0.0], [0.0, 0.0001, 0.0, 0.0001, 0.0, 0.0, 0.0, 0.0, 0.0, 0.0, 0.0, 0.0, 0.0, 0.0], [0.0, 0.0, 0.0, 0.0, 0.0, 0.0, 0.0, 0.0, 0.0, 0.0, 0.0, 0.0, 0.0, 0.0], [0.0001, 0.0001, 0.0001, 0.0001, 0.0001, 0.0001, 0.00030000000000000003, 0.00030000000000000003, 0.0, 0.0, 0.0, 0.0, 0.0, 0.0]]}}
bs_latimer_munro_vbm: {'band_index': {'1': [57]}, 'kpoint_index': [17, 18, 28, 37, 47, 67, 68], 'kpoint': <pymatgen.electronic_structure.bandstructure.Kpoint object at 0x7fc5d4b59e80>, 'energy': 0.5113, 'projections': {'1': [[0.0, 0.0, 0.0, 0.0, 0.0, 0.0, 0.0, 0.0, 0.0, 0.0, 0.0, 0.0, 0.0, 0.0], [0.0014, 0.0001, 0.0, 0.0001, 0.0014, 0.0, 0.0, 0.0, 0.0526, 0.0, 0.0, 0.0526, 0.0526, 0.0526], [0.001, 0.0006000000000000001, 0.0, 0.0006000000000000001, 0.001, 0.0, 0.0, 0.0, 0.0012000000000000001, 0.0, 0.0, 0.0012000000000000001, 0.0012000000000000001, 0.0012000000000000001], [0.0, 0.0, 0.0008, 0.0, 0.0, 0.0008, 0.0005, 0.0005, 0.058300000000000005, 0.0155, 0.0155, 0.058300000000000005, 0.058300000000000005, 0.058300000000000005], [0.0002, 0.0001, 0.0011, 0.0001, 0.0002, 0.0011, 0.0018000000000000002, 0.0018000000000000002, 0.0, 0.0, 0.0, 0.0, 0.0, 0.0], [0.0, 0.0, 0.0, 0.0, 0.0, 0.0, 0.0, 0.0, 0.0, 0.0, 0.0, 0.0, 0.0, 0.0], [0.0, 0.0, 0.0, 0.0, 0.0, 0.0, 0.0, 0.0, 0.0, 0.0, 0.0, 0.0, 0.0, 0.0], [0.0006000000000000001, 0.0001, 0.0008, 0.0001, 0.0006000000000000001, 0.0008, 0.001, 0.001, 0.0, 0.0, 0.0, 0.0, 0.0, 0.0], [0.0, 0.0, 0.0, 0.0, 0.0, 0.0, 0.0, 0.0, 0.0, 0.0, 0.0, 0.0, 0.0, 0.0]]}}
bs_latimer_munro_efermi: 0.63518398