material_id: mp-21228
band_gap: 1.1989
efermi: 4.12801483
dos_magnetic_ordering: NM
dos_total_task_id: mp-2261131
dos_total_band_gap: 1.1816
dos_total_cbm: 5.2446
dos_total_vbm: 4.063
dos_total_efermi: 4.06843223
bs_setyawan_curtarolo_task_id: mp-699783
bs_setyawan_curtarolo_band_gap: 1.1989
bs_setyawan_curtarolo_cbm: {'band_index': {'1': [40]}, 'kpoint_index': [0, 56, 57], 'kpoint': <pymatgen.electronic_structure.bandstructure.Kpoint object at 0x7fc699d63930>, 'energy': 5.2339, 'projections': {}}
bs_setyawan_curtarolo_vbm: {'band_index': {'1': [38, 39]}, 'kpoint_index': [0, 56, 57], 'kpoint': <pymatgen.electronic_structure.bandstructure.Kpoint object at 0x7fc5d4b5a190>, 'energy': 4.035, 'projections': {}}
bs_setyawan_curtarolo_efermi: 4.12801483
bs_hinuma_task_id: mp-2056613
bs_hinuma_band_gap: 1.197499999999999
bs_hinuma_cbm: {'band_index': {'1': [40]}, 'kpoint_index': [0, 56, 57], 'kpoint': <pymatgen.electronic_structure.bandstructure.Kpoint object at 0x7fc5d4b5a430>, 'energy': 5.2364, 'projections': {'1': [[0.0356, 0.0356, 0.0358, 0.0358, 0.0786, 0.0786, 0.0092, 0.0092], [0.0, 0.0, 0.0, 0.0, 0.0, 0.0, 0.0, 0.0], [0.0024000000000000002, 0.0024000000000000002, 0.0, 0.0, 0.033600000000000005, 0.033600000000000005, 0.0, 0.0], [0.0, 0.0, 0.0, 0.0, 0.0, 0.0, 0.0, 0.0], [0.0, 0.0, 0.0, 0.0, 0.0, 0.0, 0.0, 0.0], [0.0, 0.0, 0.0, 0.0, 0.0, 0.0, 0.0, 0.0], [0.0001, 0.0001, 0.002, 0.002, 0.0, 0.0, 0.0, 0.0], [0.0, 0.0, 0.0, 0.0, 0.0, 0.0, 0.0, 0.0], [0.0, 0.0, 0.0, 0.0, 0.0, 0.0, 0.0, 0.0]]}}
bs_hinuma_vbm: {'band_index': {'1': [38, 39]}, 'kpoint_index': [0, 56, 57], 'kpoint': <pymatgen.electronic_structure.bandstructure.Kpoint object at 0x7fc5d4b5a3c0>, 'energy': 4.0389, 'projections': {'1': [[0.0, 0.0, 0.0, 0.0, 0.0, 0.0, 0.0, 0.0], [0.001, 0.001, 0.0006000000000000001, 0.0006000000000000001, 0.0451, 0.0451, 0.0005, 0.0005], [0.0, 0.0, 0.0, 0.0, 0.0, 0.0, 0.0, 0.0], [0.0023, 0.0023, 0.0014, 0.0014, 0.1053, 0.1053, 0.0012000000000000001, 0.0012000000000000001], [0.0, 0.0, 0.0, 0.0, 0.0, 0.0, 0.0, 0.0], [0.0011, 0.0011, 0.0699, 0.0699, 0.0004, 0.0004, 0.0, 0.0], [0.0, 0.0, 0.0, 0.0, 0.0, 0.0, 0.0, 0.0], [0.0026000000000000003, 0.0026000000000000003, 0.16340000000000002, 0.16340000000000002, 0.0009000000000000001, 0.0009000000000000001, 0.0, 0.0], [0.0, 0.0, 0.0, 0.0, 0.0, 0.0, 0.0, 0.0]]}}
bs_hinuma_efermi: 4.08832062
bs_latimer_munro_task_id: mp-2601560
bs_latimer_munro_band_gap: 1.197499999999999
bs_latimer_munro_cbm: {'band_index': {'1': [40]}, 'kpoint_index': [34, 35, 157, 158, 167], 'kpoint': <pymatgen.electronic_structure.bandstructure.Kpoint object at 0x7fc5d4b59be0>, 'energy': 5.2364, 'projections': {'1': [[0.0356, 0.0356, 0.0357, 0.0357, 0.0786, 0.0786, 0.0092, 0.0092], [0.0, 0.0, 0.0, 0.0, 0.0, 0.0, 0.0, 0.0], [0.0024000000000000002, 0.0024000000000000002, 0.0, 0.0, 0.033600000000000005, 0.033600000000000005, 0.0, 0.0], [0.0, 0.0, 0.0, 0.0, 0.0, 0.0, 0.0, 0.0], [0.0, 0.0, 0.0, 0.0, 0.0, 0.0, 0.0, 0.0], [0.0, 0.0, 0.0, 0.0, 0.0, 0.0, 0.0, 0.0], [0.0001, 0.0001, 0.002, 0.002, 0.0, 0.0, 0.0, 0.0], [0.0, 0.0, 0.0, 0.0, 0.0, 0.0, 0.0, 0.0], [0.0, 0.0, 0.0, 0.0, 0.0, 0.0, 0.0, 0.0]]}}
bs_latimer_munro_vbm: {'band_index': {'1': [38, 39]}, 'kpoint_index': [34, 35, 157, 158, 167], 'kpoint': <pymatgen.electronic_structure.bandstructure.Kpoint object at 0x7fc5d4b59d30>, 'energy': 4.0389, 'projections': {'1': [[0.0, 0.0, 0.0, 0.0, 0.0, 0.0, 0.0, 0.0], [0.0029000000000000002, 0.0029000000000000002, 0.0018000000000000002, 0.0018000000000000002, 0.1322, 0.1322, 0.0015, 0.0015], [0.0, 0.0, 0.0, 0.0, 0.0, 0.0, 0.0, 0.0], [0.0004, 0.0004, 0.0002, 0.0002, 0.0182, 0.0182, 0.0002, 0.0002], [0.0, 0.0, 0.0, 0.0, 0.0, 0.0, 0.0, 0.0], [0.0032, 0.0032, 0.20500000000000002, 0.20500000000000002, 0.0012000000000000001, 0.0012000000000000001, 0.0, 0.0], [0.0, 0.0, 0.0, 0.0, 0.0, 0.0, 0.0, 0.0], [0.0004, 0.0004, 0.028200000000000003, 0.028200000000000003, 0.0002, 0.0002, 0.0, 0.0], [0.0, 0.0, 0.0, 0.0, 0.0, 0.0, 0.0, 0.0]]}}
bs_latimer_munro_efermi: 4.11369781