material_id: mp-23553
band_gap: 2.380899999999999
efermi: 3.767728619999999
dos_magnetic_ordering: NM
dos_total_task_id: mp-1755076
dos_total_band_gap: 2.4151
dos_total_cbm: 6.3939
dos_total_vbm: 3.9788
dos_total_efermi: 3.98140476
bs_setyawan_curtarolo_task_id: mp-688201
bs_setyawan_curtarolo_band_gap: 2.380899999999999
bs_setyawan_curtarolo_cbm: {'band_index': {'1': [108]}, 'kpoint_index': [0, 47, 48], 'kpoint': <pymatgen.electronic_structure.bandstructure.Kpoint object at 0x7fc699d63930>, 'energy': 6.0337, 'projections': {}}
bs_setyawan_curtarolo_vbm: {'band_index': {'1': [106, 107]}, 'kpoint_index': [71, 72, 110], 'kpoint': <pymatgen.electronic_structure.bandstructure.Kpoint object at 0x7fc5d4b59d30>, 'energy': 3.6528, 'projections': {}}
bs_setyawan_curtarolo_efermi: 3.767728619999999
bs_hinuma_task_id: mp-2112089
bs_hinuma_band_gap: 2.384699999999999
bs_hinuma_cbm: {'band_index': {'1': [108]}, 'kpoint_index': [0, 47, 48], 'kpoint': <pymatgen.electronic_structure.bandstructure.Kpoint object at 0x7fc5d4b59e80>, 'energy': 6.4044, 'projections': {'1': [[0.0145, 0.0145, 0.0145, 0.0145, 0.0018000000000000002, 0.0018000000000000002, 0.0018000000000000002, 0.0018000000000000002, 0.0, 0.0, 0.0, 0.0, 0.009000000000000001, 0.009000000000000001, 0.009000000000000001, 0.009000000000000001, 0.0048000000000000004, 0.0048000000000000004, 0.0048000000000000004, 0.0048000000000000004, 0.0056, 0.0056, 0.0056, 0.0057, 0.0074, 0.0074, 0.0074, 0.0074, 0.0, 0.0, 0.0, 0.0], [0.0007, 0.0007, 0.0007, 0.0007, 0.0327, 0.0327, 0.0327, 0.0327, 0.0777, 0.0777, 0.0777, 0.0777, 0.0001, 0.0001, 0.0001, 0.0001, 0.0026000000000000003, 0.0026000000000000003, 0.0026000000000000003, 0.0026000000000000003, 0.002, 0.002, 0.002, 0.002, 0.0014, 0.0014, 0.0014, 0.0014, 0.0, 0.0, 0.0, 0.0], [0.00030000000000000003, 0.00030000000000000003, 0.00030000000000000003, 0.00030000000000000003, 0.0002, 0.0002, 0.0002, 0.0002, 0.0027, 0.0027, 0.0027, 0.0027, 0.0033, 0.0033, 0.0033, 0.0033, 0.0006000000000000001, 0.0006000000000000001, 0.0006000000000000001, 0.0006000000000000001, 0.0019, 0.0019, 0.0019, 0.0019, 0.0009000000000000001, 0.0009000000000000001, 0.0009000000000000001, 0.0009000000000000001, 0.0, 0.0, 0.0, 0.0], [0.0, 0.0, 0.0, 0.0, 0.0, 0.0, 0.0, 0.0, 0.0, 0.0, 0.0, 0.0, 0.0, 0.0, 0.0, 0.0, 0.0, 0.0, 0.0, 0.0, 0.0, 0.0, 0.0, 0.0, 0.0, 0.0, 0.0, 0.0, 0.0, 0.0, 0.0, 0.0], [0.0, 0.0, 0.0, 0.0, 0.0, 0.0, 0.0, 0.0, 0.0, 0.0, 0.0, 0.0, 0.0, 0.0, 0.0, 0.0, 0.0, 0.0, 0.0, 0.0, 0.0, 0.0, 0.0, 0.0, 0.0, 0.0, 0.0, 0.0, 0.0, 0.0, 0.0, 0.0], [0.0, 0.0, 0.0, 0.0, 0.0002, 0.0002, 0.0002, 0.0002, 0.0005, 0.0005, 0.0005, 0.0005, 0.0, 0.0, 0.0, 0.0, 0.0, 0.0, 0.0, 0.0, 0.0, 0.0, 0.0, 0.0, 0.0, 0.0, 0.0, 0.0, 0.0, 0.0, 0.0, 0.0], [0.0008, 0.0008, 0.0008, 0.0008, 0.0001, 0.0001, 0.0001, 0.0001, 0.0002, 0.0002, 0.0002, 0.0002, 0.0, 0.0, 0.0, 0.0, 0.0, 0.0, 0.0, 0.0, 0.0, 0.0, 0.0, 0.0, 0.0, 0.0, 0.0, 0.0, 0.0, 0.0, 0.0, 0.0], [0.0, 0.0, 0.0, 0.0, 0.0, 0.0, 0.0, 0.0, 0.0, 0.0, 0.0, 0.0, 0.0, 0.0, 0.0, 0.0, 0.0, 0.0, 0.0, 0.0, 0.0, 0.0, 0.0, 0.0, 0.0, 0.0, 0.0, 0.0, 0.0, 0.0, 0.0, 0.0], [0.0005, 0.0005, 0.0005, 0.0005, 0.0001, 0.0001, 0.0001, 0.0001, 0.0001, 0.0001, 0.0001, 0.0001, 0.0, 0.0, 0.0, 0.0, 0.0, 0.0, 0.0, 0.0, 0.0, 0.0, 0.0, 0.0, 0.0, 0.0, 0.0, 0.0, 0.0, 0.0, 0.0, 0.0]]}}
bs_hinuma_vbm: {'band_index': {'1': [106, 107]}, 'kpoint_index': [71, 72, 109], 'kpoint': <pymatgen.electronic_structure.bandstructure.Kpoint object at 0x7fc5d4b5a200>, 'energy': 4.0197, 'projections': {'1': [[0.0, 0.0, 0.0, 0.0, 0.0004, 0.0015, 0.0015, 0.0004, 0.0112, 0.0396, 0.0396, 0.0112, 0.0, 0.0, 0.0, 0.0, 0.0, 0.0, 0.0, 0.0, 0.0, 0.0, 0.0, 0.0, 0.0, 0.0, 0.0, 0.0, 0.0001, 0.0002, 0.0002, 0.0001], [0.0, 0.0, 0.0, 0.0, 0.0, 0.0, 0.0, 0.0, 0.0001, 0.0002, 0.0002, 0.0001, 0.0039000000000000003, 0.0137, 0.0137, 0.0039000000000000003, 0.0001, 0.0002, 0.0002, 0.0001, 0.0032, 0.0111, 0.0111, 0.0032, 0.00030000000000000003, 0.0001, 0.0001, 0.00030000000000000003, 0.002, 0.0071, 0.0071, 0.002], [0.0, 0.0, 0.0, 0.0, 0.0001, 0.0004, 0.0004, 0.0001, 0.0014, 0.0051, 0.0051, 0.0014, 0.0037, 0.0131, 0.0131, 0.0037, 0.00030000000000000003, 0.0009000000000000001, 0.0009000000000000001, 0.00030000000000000003, 0.0002, 0.0006000000000000001, 0.0006000000000000001, 0.0002, 0.0, 0.0, 0.0, 0.0, 0.0051, 0.0178, 0.0178, 0.0051], [0.0, 0.0, 0.0, 0.0, 0.00030000000000000003, 0.0001, 0.0001, 0.00030000000000000003, 0.0, 0.0, 0.0, 0.0, 0.0001, 0.0, 0.0, 0.0001, 0.07540000000000001, 0.021400000000000002, 0.021400000000000002, 0.07540000000000001, 0.010100000000000001, 0.0029000000000000002, 0.0029000000000000002, 0.010100000000000001, 0.031900000000000005, 0.11220000000000001, 0.11220000000000001, 0.031900000000000005, 0.0, 0.0, 0.0, 0.0], [0.0007, 0.0024000000000000002, 0.0024000000000000002, 0.0007, 0.00030000000000000003, 0.0001, 0.0001, 0.00030000000000000003, 0.0, 0.0, 0.0, 0.0, 0.0, 0.0, 0.0, 0.0, 0.0, 0.0, 0.0, 0.0, 0.0, 0.0, 0.0, 0.0, 0.0, 0.0, 0.0, 0.0, 0.0, 0.0, 0.0, 0.0], [0.0002, 0.0, 0.0, 0.0002, 0.0, 0.0001, 0.0001, 0.0, 0.0001, 0.0004, 0.0004, 0.0001, 0.0, 0.0, 0.0, 0.0, 0.0, 0.0, 0.0, 0.0, 0.0, 0.0, 0.0, 0.0, 0.0, 0.0, 0.0, 0.0, 0.0, 0.0, 0.0, 0.0], [0.0002, 0.0, 0.0, 0.0002, 0.0001, 0.0002, 0.0002, 0.0001, 0.0006000000000000001, 0.0021000000000000003, 0.0021000000000000003, 0.0006000000000000001, 0.0, 0.0, 0.0, 0.0, 0.0, 0.0, 0.0, 0.0, 0.0, 0.0, 0.0, 0.0, 0.0, 0.0, 0.0, 0.0, 0.0, 0.0, 0.0, 0.0], [0.0001, 0.00030000000000000003, 0.00030000000000000003, 0.0001, 0.0002, 0.0, 0.0, 0.0002, 0.0, 0.0, 0.0, 0.0, 0.0, 0.0, 0.0, 0.0, 0.0, 0.0, 0.0, 0.0, 0.0, 0.0, 0.0, 0.0, 0.0, 0.0, 0.0, 0.0, 0.0, 0.0, 0.0, 0.0], [0.0001, 0.0, 0.0, 0.0001, 0.0, 0.0, 0.0, 0.0, 0.0001, 0.0002, 0.0002, 0.0001, 0.0, 0.0, 0.0, 0.0, 0.0, 0.0, 0.0, 0.0, 0.0, 0.0, 0.0, 0.0, 0.0, 0.0, 0.0, 0.0, 0.0, 0.0, 0.0, 0.0]]}}
bs_hinuma_efermi: 4.07680435
bs_latimer_munro_task_id: mp-2305527
bs_latimer_munro_band_gap: 2.384699999999999
bs_latimer_munro_cbm: {'band_index': {'1': [108]}, 'kpoint_index': [24, 25, 125, 126, 196, 197], 'kpoint': <pymatgen.electronic_structure.bandstructure.Kpoint object at 0x7fc5d4b59be0>, 'energy': 6.4044, 'projections': {'1': [[0.0145, 0.0145, 0.0145, 0.0145, 0.0018000000000000002, 0.0018000000000000002, 0.0018000000000000002, 0.0018000000000000002, 0.0, 0.0, 0.0, 0.0, 0.009000000000000001, 0.009000000000000001, 0.009000000000000001, 0.009000000000000001, 0.0048000000000000004, 0.0048000000000000004, 0.0048000000000000004, 0.0048000000000000004, 0.0056, 0.0056, 0.0056, 0.0056, 0.0074, 0.0074, 0.0074, 0.0074, 0.0, 0.0, 0.0, 0.0], [0.0007, 0.0007, 0.0007, 0.0007, 0.0327, 0.0327, 0.0327, 0.0327, 0.0777, 0.0777, 0.0777, 0.0777, 0.0001, 0.0001, 0.0001, 0.0001, 0.0026000000000000003, 0.0026000000000000003, 0.0026000000000000003, 0.0026000000000000003, 0.002, 0.002, 0.002, 0.002, 0.0014, 0.0014, 0.0014, 0.0014, 0.0, 0.0, 0.0, 0.0], [0.00030000000000000003, 0.00030000000000000003, 0.00030000000000000003, 0.00030000000000000003, 0.0002, 0.0002, 0.0002, 0.0002, 0.0027, 0.0027, 0.0027, 0.0027, 0.0033, 0.0033, 0.0033, 0.0033, 0.0006000000000000001, 0.0006000000000000001, 0.0006000000000000001, 0.0006000000000000001, 0.0019, 0.0019, 0.0019, 0.0019, 0.0009000000000000001, 0.0009000000000000001, 0.0009000000000000001, 0.0009000000000000001, 0.0, 0.0, 0.0, 0.0], [0.0, 0.0, 0.0, 0.0, 0.0, 0.0, 0.0, 0.0, 0.0, 0.0, 0.0, 0.0, 0.0, 0.0, 0.0, 0.0, 0.0, 0.0, 0.0, 0.0, 0.0, 0.0, 0.0, 0.0, 0.0, 0.0, 0.0, 0.0, 0.0, 0.0, 0.0, 0.0], [0.0, 0.0, 0.0, 0.0, 0.0, 0.0, 0.0, 0.0, 0.0, 0.0, 0.0, 0.0, 0.0, 0.0, 0.0, 0.0, 0.0, 0.0, 0.0, 0.0, 0.0, 0.0, 0.0, 0.0, 0.0, 0.0, 0.0, 0.0, 0.0, 0.0, 0.0, 0.0], [0.0, 0.0, 0.0, 0.0, 0.0002, 0.0002, 0.0002, 0.0002, 0.0005, 0.0005, 0.0005, 0.0005, 0.0, 0.0, 0.0, 0.0, 0.0, 0.0, 0.0, 0.0, 0.0, 0.0, 0.0, 0.0, 0.0, 0.0, 0.0, 0.0, 0.0, 0.0, 0.0, 0.0], [0.0008, 0.0008, 0.0008, 0.0008, 0.0001, 0.0001, 0.0001, 0.0001, 0.0002, 0.0002, 0.0002, 0.0002, 0.0, 0.0, 0.0, 0.0, 0.0, 0.0, 0.0, 0.0, 0.0, 0.0, 0.0, 0.0, 0.0, 0.0, 0.0, 0.0, 0.0, 0.0, 0.0, 0.0], [0.0, 0.0, 0.0, 0.0, 0.0, 0.0, 0.0, 0.0, 0.0, 0.0, 0.0, 0.0, 0.0, 0.0, 0.0, 0.0, 0.0, 0.0, 0.0, 0.0, 0.0, 0.0, 0.0, 0.0, 0.0, 0.0, 0.0, 0.0, 0.0, 0.0, 0.0, 0.0], [0.0005, 0.0005, 0.0005, 0.0005, 0.0001, 0.0001, 0.0001, 0.0001, 0.0001, 0.0001, 0.0001, 0.0001, 0.0, 0.0, 0.0, 0.0, 0.0, 0.0, 0.0, 0.0, 0.0, 0.0, 0.0, 0.0, 0.0, 0.0, 0.0, 0.0, 0.0, 0.0, 0.0, 0.0]]}}
bs_latimer_munro_vbm: {'band_index': {'1': [106, 107]}, 'kpoint_index': [6, 7, 149, 150], 'kpoint': <pymatgen.electronic_structure.bandstructure.Kpoint object at 0x7fc5d4b59c50>, 'energy': 4.0197, 'projections': {'1': [[0.0, 0.0, 0.0, 0.0, 0.00030000000000000003, 0.0016, 0.0016, 0.00030000000000000003, 0.0076, 0.0432, 0.0432, 0.0076, 0.0, 0.0, 0.0, 0.0, 0.0, 0.0, 0.0, 0.0, 0.0, 0.0, 0.0, 0.0, 0.0, 0.0, 0.0, 0.0, 0.0, 0.0002, 0.0002, 0.0], [0.0, 0.0, 0.0, 0.0, 0.0, 0.0, 0.0, 0.0, 0.0, 0.0002, 0.0002, 0.0, 0.0026000000000000003, 0.0149, 0.0149, 0.0026000000000000003, 0.0, 0.0002, 0.0002, 0.0, 0.0021000000000000003, 0.012100000000000001, 0.012100000000000001, 0.0021000000000000003, 0.0004, 0.0001, 0.0001, 0.0004, 0.0014, 0.0078000000000000005, 0.0078000000000000005, 0.0014], [0.0, 0.0, 0.0, 0.0, 0.0001, 0.0004, 0.0004, 0.0001, 0.001, 0.0056, 0.0056, 0.001, 0.0025, 0.0142, 0.0142, 0.0025, 0.0002, 0.001, 0.001, 0.0002, 0.0001, 0.0007, 0.0007, 0.0001, 0.0, 0.0, 0.0, 0.0, 0.0034000000000000002, 0.0195, 0.0195, 0.0034000000000000002], [0.0, 0.0, 0.0, 0.0, 0.00030000000000000003, 0.0001, 0.0001, 0.00030000000000000003, 0.0, 0.0, 0.0, 0.0, 0.0001, 0.0, 0.0, 0.0001, 0.0823, 0.0146, 0.0146, 0.0823, 0.011, 0.0019, 0.0019, 0.011, 0.0217, 0.12240000000000001, 0.12240000000000001, 0.0217, 0.0, 0.0, 0.0, 0.0], [0.0005, 0.0026000000000000003, 0.0026000000000000003, 0.0005, 0.00030000000000000003, 0.0001, 0.0001, 0.00030000000000000003, 0.0, 0.0, 0.0, 0.0, 0.0, 0.0, 0.0, 0.0, 0.0, 0.0, 0.0, 0.0, 0.0, 0.0, 0.0, 0.0, 0.0, 0.0, 0.0, 0.0, 0.0, 0.0, 0.0, 0.0], [0.0002, 0.0, 0.0, 0.0002, 0.0, 0.0001, 0.0001, 0.0, 0.0001, 0.0004, 0.0004, 0.0001, 0.0, 0.0, 0.0, 0.0, 0.0, 0.0, 0.0, 0.0, 0.0, 0.0, 0.0, 0.0, 0.0, 0.0, 0.0, 0.0, 0.0, 0.0, 0.0, 0.0], [0.0002, 0.0, 0.0, 0.0002, 0.0, 0.00030000000000000003, 0.00030000000000000003, 0.0, 0.0004, 0.0023, 0.0023, 0.0004, 0.0, 0.0, 0.0, 0.0, 0.0, 0.0, 0.0, 0.0, 0.0, 0.0, 0.0, 0.0, 0.0, 0.0, 0.0, 0.0, 0.0, 0.0, 0.0, 0.0], [0.0, 0.00030000000000000003, 0.00030000000000000003, 0.0, 0.0002, 0.0, 0.0, 0.0002, 0.0, 0.0, 0.0, 0.0, 0.0, 0.0, 0.0, 0.0, 0.0, 0.0, 0.0, 0.0, 0.0, 0.0, 0.0, 0.0, 0.0, 0.0, 0.0, 0.0, 0.0, 0.0, 0.0, 0.0], [0.0002, 0.0, 0.0, 0.0002, 0.0, 0.0, 0.0, 0.0, 0.0, 0.0002, 0.0002, 0.0, 0.0, 0.0, 0.0, 0.0, 0.0, 0.0, 0.0, 0.0, 0.0, 0.0, 0.0, 0.0, 0.0, 0.0, 0.0, 0.0, 0.0, 0.0, 0.0, 0.0]]}}
bs_latimer_munro_efermi: 4.15630208