material_id: mp-34047
band_gap: 0.29860000000000003
efermi: 1.5058459
dos_magnetic_ordering: FM
dos_total_task_id: mp-1753646
dos_total_band_gap: 0.32180000000000003
dos_total_cbm: 1.6533
dos_total_vbm: 1.3315000000000001
dos_total_efermi: 1.30470361
bs_setyawan_curtarolo_task_id: mp-1620109
bs_setyawan_curtarolo_band_gap: 0.29860000000000003
bs_setyawan_curtarolo_cbm: {'band_index': {'1': [31, 32, 33], '-1': []}, 'kpoint_index': [0, 242, 243], 'kpoint': <pymatgen.electronic_structure.bandstructure.Kpoint object at 0x7fc699d63930>, 'energy': 1.6056, 'projections': {'1': [[0.0, 0.0, 0.0, 0.0, 0.0, 0.0, 0.0, 0.0, 0.0], [0.0, 0.0, 0.0, 0.0, 0.0, 0.0, 0.0, 0.0, 0.0], [0.0, 0.0, 0.0, 0.0, 0.0, 0.0, 0.0, 0.0, 0.0], [0.0, 0.0, 0.0, 0.0, 0.0, 0.0, 0.0, 0.0, 0.0], [0.0, 0.0006000000000000001, 0.0006000000000000001, 0.0, 0.0, 0.0, 0.0, 0.0, 0.0], [0.0, 0.24960000000000002, 0.24960000000000002, 0.0, 0.0, 0.0, 0.0, 0.0, 0.0], [0.0, 0.0, 0.0, 0.0, 0.0, 0.0, 0.0, 0.0, 0.0], [0.0, 0.1486, 0.1486, 0.0, 0.0, 0.0, 0.0, 0.0, 0.0], [0.0, 0.0, 0.0, 0.0, 0.0, 0.0, 0.0, 0.0, 0.0]]}}
bs_setyawan_curtarolo_vbm: {'band_index': {'1': [30], '-1': []}, 'kpoint_index': [82, 83, 535], 'kpoint': <pymatgen.electronic_structure.bandstructure.Kpoint object at 0x7fc5d4b5a3c0>, 'energy': 1.307, 'projections': {'1': [[0.3431, 0.0, 0.0, 0.0, 0.0, 0.0, 0.0, 0.0, 0.0], [0.0, 0.0018000000000000002, 0.0018000000000000002, 0.0, 0.0381, 0.0381, 0.0, 0.0381, 0.0381], [0.0, 0.0, 0.0, 0.0, 0.0, 0.0066, 0.0, 0.0, 0.0066], [0.0, 0.0, 0.0, 0.0, 0.0066, 0.0, 0.0, 0.0066, 0.0], [0.0, 0.0, 0.0, 0.0, 0.0, 0.0, 0.0, 0.0, 0.0], [0.0, 0.0, 0.0, 0.0, 0.0, 0.0, 0.0, 0.0, 0.0], [0.0, 0.0, 0.0, 0.0, 0.0, 0.0, 0.0, 0.0, 0.0], [0.0, 0.0117, 0.0117, 0.0, 0.0, 0.0, 0.0, 0.0, 0.0], [0.0, 0.0, 0.0, 0.0, 0.0, 0.0, 0.0, 0.0, 0.0]]}}
bs_setyawan_curtarolo_efermi: 1.5058459
bs_hinuma_task_id: mp-2112493
bs_hinuma_band_gap: 0.29860000000000003
bs_hinuma_cbm: {'band_index': {'1': [31, 32, 33], '-1': []}, 'kpoint_index': [0, 200, 201], 'kpoint': <pymatgen.electronic_structure.bandstructure.Kpoint object at 0x7fc5d4b59e80>, 'energy': 1.6056, 'projections': {'1': [[0.0, 0.0, 0.0, 0.0, 0.0, 0.0, 0.0, 0.0, 0.0], [0.0, 0.0, 0.0, 0.0, 0.0, 0.0, 0.0, 0.0, 0.0], [0.0, 0.0, 0.0, 0.0, 0.0, 0.0, 0.0, 0.0, 0.0], [0.0, 0.0, 0.0, 0.0, 0.0, 0.0, 0.0, 0.0, 0.0], [0.0, 0.0006000000000000001, 0.0006000000000000001, 0.0, 0.0, 0.0, 0.0, 0.0, 0.0], [0.0, 0.24960000000000002, 0.24960000000000002, 0.0, 0.0, 0.0, 0.0, 0.0, 0.0], [0.0, 0.0, 0.0, 0.0, 0.0, 0.0, 0.0, 0.0, 0.0], [0.0, 0.1486, 0.1486, 0.0, 0.0, 0.0, 0.0, 0.0, 0.0], [0.0, 0.0, 0.0, 0.0, 0.0, 0.0, 0.0, 0.0, 0.0]]}}
bs_hinuma_vbm: {'band_index': {'1': [30], '-1': []}, 'kpoint_index': [82, 83, 373], 'kpoint': <pymatgen.electronic_structure.bandstructure.Kpoint object at 0x7fc5d4b5a190>, 'energy': 1.307, 'projections': {'1': [[0.3431, 0.0, 0.0, 0.0, 0.0, 0.0, 0.0, 0.0, 0.0], [0.0, 0.0018000000000000002, 0.0018000000000000002, 0.0, 0.0381, 0.0381, 0.0, 0.0381, 0.0381], [0.0, 0.0, 0.0, 0.0, 0.0, 0.0066, 0.0, 0.0, 0.0066], [0.0, 0.0, 0.0, 0.0, 0.0066, 0.0, 0.0, 0.0066, 0.0], [0.0, 0.0, 0.0, 0.0, 0.0, 0.0, 0.0, 0.0, 0.0], [0.0, 0.0, 0.0, 0.0, 0.0, 0.0, 0.0, 0.0, 0.0], [0.0, 0.0, 0.0, 0.0, 0.0, 0.0, 0.0, 0.0, 0.0], [0.0, 0.0117, 0.0117, 0.0, 0.0, 0.0, 0.0, 0.0, 0.0], [0.0, 0.0, 0.0, 0.0, 0.0, 0.0, 0.0, 0.0, 0.0]]}}
bs_hinuma_efermi: 1.5204237200000001
bs_latimer_munro_task_id: mp-2304385
bs_latimer_munro_band_gap: 0.29860000000000003
bs_latimer_munro_cbm: {'band_index': {'1': [31, 32, 33], '-1': []}, 'kpoint_index': [117, 118, 407, 408, 480], 'kpoint': <pymatgen.electronic_structure.bandstructure.Kpoint object at 0x7fc5d4b59c50>, 'energy': 1.6056, 'projections': {'1': [[0.0, 0.0, 0.0, 0.0, 0.0, 0.0, 0.0, 0.0, 0.0], [0.0, 0.0, 0.0, 0.0, 0.0, 0.0, 0.0, 0.0, 0.0], [0.0, 0.0, 0.0, 0.0, 0.0, 0.0, 0.0, 0.0, 0.0], [0.0, 0.0, 0.0, 0.0, 0.0, 0.0, 0.0, 0.0, 0.0], [0.0, 0.0048000000000000004, 0.0048000000000000004, 0.0, 0.0, 0.0, 0.0, 0.0, 0.0], [0.0, 0.2901, 0.2901, 0.0, 0.0, 0.0, 0.0, 0.0, 0.0], [0.0, 0.0, 0.0, 0.0, 0.0, 0.0, 0.0, 0.0, 0.0], [0.0, 0.1039, 0.1039, 0.0, 0.0, 0.0, 0.0, 0.0, 0.0], [0.0, 0.0, 0.0, 0.0, 0.0, 0.0, 0.0, 0.0, 0.0]]}}
bs_latimer_munro_vbm: {'band_index': {'1': [30], '-1': []}, 'kpoint_index': [562, 563, 605], 'kpoint': <pymatgen.electronic_structure.bandstructure.Kpoint object at 0x7fc5d4b5a430>, 'energy': 1.307, 'projections': {'1': [[0.3431, 0.0, 0.0, 0.0, 0.0, 0.0, 0.0, 0.0, 0.0], [0.0, 0.0, 0.0, 0.0, 0.0, 0.0066, 0.0, 0.0, 0.0066], [0.0, 0.0018000000000000002, 0.0018000000000000002, 0.0381, 0.0, 0.0381, 0.0381, 0.0, 0.0381], [0.0, 0.0, 0.0, 0.0066, 0.0, 0.0, 0.0066, 0.0, 0.0], [0.0, 0.0117, 0.0117, 0.0, 0.0, 0.0, 0.0, 0.0, 0.0], [0.0, 0.0, 0.0, 0.0, 0.0, 0.0, 0.0, 0.0, 0.0], [0.0, 0.0, 0.0, 0.0, 0.0, 0.0, 0.0, 0.0, 0.0], [0.0, 0.0, 0.0, 0.0, 0.0, 0.0, 0.0, 0.0, 0.0], [0.0, 0.0, 0.0, 0.0, 0.0, 0.0, 0.0, 0.0, 0.0]]}}
bs_latimer_munro_efermi: 1.37663196