material_id: mp-30525
band_gap: 0.102899999999999
efermi: 4.75135411
dos_magnetic_ordering: FM
dos_total_task_id: mp-1675915
dos_total_band_gap: 0.0952
dos_total_cbm: 4.8158
dos_total_vbm: 4.7206
dos_total_efermi: 4.72856117
bs_setyawan_curtarolo_task_id: mp-1605893
bs_setyawan_curtarolo_band_gap: 0.102899999999999
bs_setyawan_curtarolo_cbm: {'band_index': {'1': [82], '-1': []}, 'kpoint_index': [263, 264], 'kpoint': <pymatgen.electronic_structure.bandstructure.Kpoint object at 0x7fc699d63930>, 'energy': 4.8075, 'projections': {'1': [[0.0001, 0.0001, 0.0001, 0.0001, 0.0, 0.0, 0.0, 0.0, 0.0007, 0.0007, 0.0007, 0.0007, 0.0, 0.0, 0.0, 0.0, 0.0001, 0.0001, 0.0001, 0.0001, 0.0, 0.0, 0.0, 0.0], [0.0, 0.0, 0.0, 0.0, 0.0056, 0.0056, 0.0056, 0.0056, 0.0, 0.0, 0.0, 0.0, 0.0004, 0.0004, 0.0004, 0.0004, 0.0008, 0.0008, 0.0008, 0.0008, 0.0033, 0.0033, 0.0033, 0.0033], [0.0002, 0.0002, 0.0002, 0.0002, 0.0013000000000000002, 0.0013000000000000002, 0.0013000000000000002, 0.0013000000000000002, 0.001, 0.001, 0.001, 0.001, 0.0018000000000000002, 0.0018000000000000002, 0.0018000000000000002, 0.0018000000000000002, 0.0017000000000000001, 0.0017000000000000001, 0.0017000000000000001, 0.0017000000000000001, 0.0161, 0.0161, 0.0161, 0.0161], [0.0001, 0.0001, 0.0001, 0.0001, 0.0024000000000000002, 0.0024000000000000002, 0.0024000000000000002, 0.0024000000000000002, 0.00030000000000000003, 0.00030000000000000003, 0.00030000000000000003, 0.00030000000000000003, 0.0, 0.0, 0.0, 0.0, 0.00030000000000000003, 0.00030000000000000003, 0.00030000000000000003, 0.00030000000000000003, 0.0151, 0.0151, 0.0151, 0.0151], [0.0391, 0.0391, 0.0391, 0.0391, 0.0002, 0.0002, 0.0002, 0.0002, 0.0, 0.0, 0.0, 0.0, 0.0, 0.0, 0.0, 0.0, 0.0, 0.0, 0.0, 0.0, 0.0, 0.0, 0.0, 0.0], [0.008400000000000001, 0.008400000000000001, 0.008400000000000001, 0.008400000000000001, 0.0002, 0.0002, 0.0002, 0.0002, 0.0, 0.0, 0.0, 0.0, 0.0, 0.0, 0.0, 0.0, 0.0, 0.0, 0.0, 0.0, 0.0, 0.0, 0.0, 0.0], [0.078, 0.078, 0.078, 0.078, 0.00030000000000000003, 0.00030000000000000003, 0.00030000000000000003, 0.00030000000000000003, 0.0, 0.0, 0.0, 0.0, 0.0, 0.0, 0.0, 0.0, 0.0, 0.0, 0.0, 0.0, 0.0, 0.0, 0.0, 0.0], [0.015700000000000002, 0.015700000000000002, 0.015700000000000002, 0.015700000000000002, 0.0, 0.0, 0.0, 0.0, 0.0, 0.0, 0.0, 0.0, 0.0, 0.0, 0.0, 0.0, 0.0, 0.0, 0.0, 0.0, 0.0, 0.0, 0.0, 0.0], [0.0227, 0.0227, 0.0227, 0.0227, 0.0, 0.0, 0.0, 0.0, 0.0, 0.0, 0.0, 0.0, 0.0, 0.0, 0.0, 0.0, 0.0, 0.0, 0.0, 0.0, 0.0, 0.0, 0.0, 0.0]]}}
bs_setyawan_curtarolo_vbm: {'band_index': {'1': [80, 81], '-1': []}, 'kpoint_index': [332, 333, 423], 'kpoint': <pymatgen.electronic_structure.bandstructure.Kpoint object at 0x7fc5d4b59d30>, 'energy': 4.7046, 'projections': {'1': [[0.0001, 0.0001, 0.0001, 0.0001, 0.0007, 0.0001, 0.0007, 0.0001, 0.0, 0.0004, 0.0, 0.0004, 0.0001, 0.0004, 0.0001, 0.0004, 0.0, 0.00030000000000000003, 0.0, 0.00030000000000000003, 0.0002, 0.0002, 0.0002, 0.0002], [0.0, 0.0001, 0.0, 0.0001, 0.0007, 0.0008, 0.0007, 0.0008, 0.0014, 0.0011, 0.0014, 0.0011, 0.0001, 0.0, 0.0001, 0.0, 0.0048000000000000004, 0.0199, 0.0048000000000000004, 0.0199, 0.0001, 0.001, 0.0001, 0.001], [0.0, 0.0, 0.0, 0.0, 0.0031000000000000003, 0.004, 0.0031000000000000003, 0.004, 0.0034000000000000002, 0.0013000000000000002, 0.0034000000000000002, 0.0013000000000000002, 0.0007, 0.0, 0.0007, 0.0, 0.0025, 0.0059, 0.0025, 0.0059, 0.0007, 0.0017000000000000001, 0.0007, 0.0017000000000000001], [0.0, 0.00030000000000000003, 0.0, 0.00030000000000000003, 0.0002, 0.0026000000000000003, 0.0002, 0.0026000000000000003, 0.003, 0.0004, 0.003, 0.0004, 0.0045000000000000005, 0.0109, 0.0045000000000000005, 0.0109, 0.004, 0.0019, 0.004, 0.0019, 0.0043, 0.0013000000000000002, 0.0043, 0.0013000000000000002], [0.0164, 0.039, 0.0164, 0.039, 0.0, 0.0001, 0.0, 0.0001, 0.0, 0.0, 0.0, 0.0, 0.0, 0.0, 0.0, 0.0, 0.0, 0.0, 0.0, 0.0, 0.0, 0.0, 0.0, 0.0], [0.002, 0.0064, 0.002, 0.0064, 0.0, 0.0, 0.0, 0.0, 0.0, 0.0, 0.0, 0.0, 0.0, 0.0, 0.0, 0.0, 0.0, 0.0, 0.0, 0.0, 0.0, 0.0, 0.0, 0.0], [0.0921, 0.0917, 0.0921, 0.0917, 0.0004, 0.0001, 0.0004, 0.0001, 0.0, 0.0, 0.0, 0.0, 0.0, 0.0, 0.0, 0.0, 0.0, 0.0, 0.0, 0.0, 0.0, 0.0, 0.0, 0.0], [0.0298, 0.0253, 0.0298, 0.0253, 0.0004, 0.0001, 0.0004, 0.0001, 0.0, 0.0, 0.0, 0.0, 0.0, 0.0, 0.0, 0.0, 0.0, 0.0, 0.0, 0.0, 0.0, 0.0, 0.0, 0.0], [0.0189, 0.039400000000000004, 0.019, 0.039400000000000004, 0.0, 0.0001, 0.0, 0.0001, 0.0, 0.0, 0.0, 0.0, 0.0, 0.0, 0.0, 0.0, 0.0, 0.0, 0.0, 0.0, 0.0, 0.0, 0.0, 0.0]]}}
bs_setyawan_curtarolo_efermi: 4.75135411
bs_latimer_munro_task_id: mp-2315681
bs_latimer_munro_band_gap: 0.102899999999999
bs_latimer_munro_cbm: {'band_index': {'1': [82], '-1': []}, 'kpoint_index': [244, 245, 956], 'kpoint': <pymatgen.electronic_structure.bandstructure.Kpoint object at 0x7fc5d4b59c50>, 'energy': 4.8075, 'projections': {'1': [[0.0001, 0.0001, 0.0001, 0.0001, 0.0, 0.0, 0.0, 0.0, 0.0007, 0.0007, 0.0007, 0.0007, 0.0, 0.0, 0.0, 0.0, 0.0001, 0.0001, 0.0001, 0.0001, 0.0, 0.0, 0.0, 0.0], [0.0, 0.0, 0.0, 0.0, 0.0056, 0.0056, 0.0056, 0.0056, 0.0, 0.0, 0.0, 0.0, 0.0004, 0.0004, 0.0004, 0.0004, 0.0008, 0.0008, 0.0008, 0.0008, 0.0033, 0.0033, 0.0033, 0.0033], [0.0002, 0.0002, 0.0002, 0.0002, 0.0013000000000000002, 0.0013000000000000002, 0.0013000000000000002, 0.0013000000000000002, 0.001, 0.001, 0.001, 0.001, 0.0018000000000000002, 0.0018000000000000002, 0.0018000000000000002, 0.0018000000000000002, 0.0017000000000000001, 0.0017000000000000001, 0.0017000000000000001, 0.0017000000000000001, 0.0161, 0.0161, 0.0161, 0.0161], [0.0001, 0.0001, 0.0001, 0.0001, 0.0024000000000000002, 0.0024000000000000002, 0.0024000000000000002, 0.0024000000000000002, 0.00030000000000000003, 0.00030000000000000003, 0.00030000000000000003, 0.00030000000000000003, 0.0, 0.0, 0.0, 0.0, 0.00030000000000000003, 0.00030000000000000003, 0.00030000000000000003, 0.00030000000000000003, 0.0151, 0.0151, 0.0151, 0.0151], [0.0391, 0.0391, 0.0391, 0.0391, 0.0002, 0.0002, 0.0002, 0.0002, 0.0, 0.0, 0.0, 0.0, 0.0, 0.0, 0.0, 0.0, 0.0, 0.0, 0.0, 0.0, 0.0, 0.0, 0.0, 0.0], [0.008400000000000001, 0.008400000000000001, 0.008400000000000001, 0.008400000000000001, 0.0002, 0.0002, 0.0002, 0.0002, 0.0, 0.0, 0.0, 0.0, 0.0, 0.0, 0.0, 0.0, 0.0, 0.0, 0.0, 0.0, 0.0, 0.0, 0.0, 0.0], [0.078, 0.078, 0.078, 0.078, 0.00030000000000000003, 0.00030000000000000003, 0.00030000000000000003, 0.00030000000000000003, 0.0, 0.0, 0.0, 0.0, 0.0, 0.0, 0.0, 0.0, 0.0, 0.0, 0.0, 0.0, 0.0, 0.0, 0.0, 0.0], [0.015700000000000002, 0.015700000000000002, 0.015700000000000002, 0.015700000000000002, 0.0, 0.0, 0.0, 0.0, 0.0, 0.0, 0.0, 0.0, 0.0, 0.0, 0.0, 0.0, 0.0, 0.0, 0.0, 0.0, 0.0, 0.0, 0.0, 0.0], [0.0227, 0.0227, 0.0227, 0.0227, 0.0, 0.0, 0.0, 0.0, 0.0, 0.0, 0.0, 0.0, 0.0, 0.0, 0.0, 0.0, 0.0, 0.0, 0.0, 0.0, 0.0, 0.0, 0.0, 0.0]]}}
bs_latimer_munro_vbm: {'band_index': {'1': [80, 81], '-1': []}, 'kpoint_index': [638, 639, 1074], 'kpoint': <pymatgen.electronic_structure.bandstructure.Kpoint object at 0x7fc5d4b59e80>, 'energy': 4.7046, 'projections': {'1': [[0.0, 0.0002, 0.0, 0.0002, 0.0004, 0.0004, 0.0004, 0.0004, 0.0001, 0.00030000000000000003, 0.0001, 0.00030000000000000003, 0.0001, 0.0004, 0.0001, 0.0004, 0.0001, 0.0002, 0.0001, 0.0002, 0.0001, 0.00030000000000000003, 0.0001, 0.00030000000000000003], [0.0, 0.0, 0.0, 0.0, 0.0002, 0.0013000000000000002, 0.0002, 0.0013000000000000002, 0.0005, 0.002, 0.0005, 0.002, 0.0001, 0.0, 0.0001, 0.0, 0.0029000000000000002, 0.0218, 0.0029000000000000002, 0.0218, 0.0006000000000000001, 0.0005, 0.0006000000000000001, 0.0005], [0.0, 0.0, 0.0, 0.0, 0.0011, 0.0061, 0.0011, 0.0061, 0.0014, 0.0033, 0.0014, 0.0033, 0.0004, 0.00030000000000000003, 0.0004, 0.00030000000000000003, 0.001, 0.0074, 0.001, 0.0074, 0.0017000000000000001, 0.0007, 0.0017000000000000001, 0.0007], [0.0001, 0.0001, 0.0001, 0.0001, 0.0013000000000000002, 0.0015, 0.0013000000000000002, 0.0015, 0.0016, 0.0019, 0.0016, 0.0019, 0.0018000000000000002, 0.0137, 0.0018000000000000002, 0.0137, 0.0016, 0.0044, 0.0016, 0.0044, 0.005, 0.0007, 0.005, 0.0007], [0.006500000000000001, 0.049, 0.006500000000000001, 0.049, 0.0001, 0.0, 0.0001, 0.0, 0.0, 0.0, 0.0, 0.0, 0.0, 0.0, 0.0, 0.0, 0.0, 0.0, 0.0, 0.0, 0.0, 0.0, 0.0, 0.0], [0.001, 0.0074, 0.001, 0.0074, 0.0, 0.0, 0.0, 0.0, 0.0, 0.0, 0.0, 0.0, 0.0, 0.0, 0.0, 0.0, 0.0, 0.0, 0.0, 0.0, 0.0, 0.0, 0.0, 0.0], [0.0316, 0.1522, 0.0316, 0.1522, 0.0004, 0.0001, 0.0004, 0.0001, 0.0, 0.0, 0.0, 0.0, 0.0, 0.0, 0.0, 0.0, 0.0, 0.0, 0.0, 0.0, 0.0, 0.0, 0.0, 0.0], [0.010400000000000001, 0.044700000000000004, 0.010400000000000001, 0.044700000000000004, 0.0002, 0.0002, 0.0002, 0.0002, 0.0, 0.0, 0.0, 0.0, 0.0, 0.0, 0.0, 0.0, 0.0, 0.0, 0.0, 0.0, 0.0, 0.0, 0.0, 0.0], [0.007, 0.0514, 0.007, 0.0514, 0.0, 0.0001, 0.0, 0.0001, 0.0, 0.0, 0.0, 0.0, 0.0, 0.0, 0.0, 0.0, 0.0, 0.0, 0.0, 0.0, 0.0, 0.0, 0.0, 0.0]]}}
bs_latimer_munro_efermi: 4.76475277