material_id: mp-30275
band_gap: 0.8917
efermi: 4.89781635
dos_magnetic_ordering: NM
dos_total_task_id: mp-1668204
dos_total_band_gap: 0.8973000000000001
dos_total_cbm: 5.7327
dos_total_vbm: 4.8354
dos_total_efermi: 4.83679727
bs_setyawan_curtarolo_task_id: mp-1609024
bs_setyawan_curtarolo_band_gap: 0.8917
bs_setyawan_curtarolo_cbm: {'band_index': {'1': [50]}, 'kpoint_index': ['45'], 'kpoint': <pymatgen.electronic_structure.bandstructure.Kpoint object at 0x7fc699d63930>, 'energy': 5.7192, 'projections': {'1': [[0.0006000000000000001, 0.0006000000000000001, 0.026600000000000002, 0.026600000000000002, 0.0158, 0.0158, 0.0043, 0.0043, 0.0033, 0.0033, 0.0017000000000000001, 0.0017000000000000001, 0.0049, 0.0049, 0.0008, 0.0008, 0.0001, 0.0001], [0.0002, 0.0002, 0.0029000000000000002, 0.0029000000000000002, 0.0002, 0.0002, 0.0012000000000000001, 0.0012000000000000001, 0.012100000000000001, 0.012100000000000001, 0.0119, 0.0119, 0.0092, 0.0092, 0.0005, 0.0005, 0.0079, 0.0079], [0.0, 0.0, 0.0007, 0.0007, 0.003, 0.003, 0.0228, 0.0228, 0.0053, 0.0053, 0.0082, 0.0082, 0.0008, 0.0008, 0.0001, 0.0001, 0.0076, 0.0076], [0.0005, 0.0005, 0.0008, 0.0008, 0.0018000000000000002, 0.0018000000000000002, 0.0049, 0.0049, 0.0032, 0.0032, 0.0014, 0.0014, 0.0012000000000000001, 0.0012000000000000001, 0.0148, 0.0148, 0.00030000000000000003, 0.00030000000000000003], [0.0018000000000000002, 0.0018000000000000002, 0.0, 0.0, 0.0, 0.0, 0.0, 0.0, 0.0, 0.0, 0.0, 0.0, 0.0, 0.0, 0.0, 0.0, 0.0, 0.0], [0.0002, 0.0002, 0.0, 0.0, 0.0, 0.0, 0.0, 0.0, 0.0, 0.0, 0.0, 0.0, 0.0, 0.0, 0.0, 0.0, 0.0, 0.0], [0.0024000000000000002, 0.0024000000000000002, 0.0, 0.0, 0.0, 0.0, 0.0, 0.0, 0.0, 0.0, 0.0, 0.0, 0.0, 0.0, 0.0, 0.0, 0.0, 0.0], [0.0026000000000000003, 0.0026000000000000003, 0.0, 0.0, 0.0, 0.0, 0.0, 0.0, 0.0, 0.0, 0.0, 0.0, 0.0, 0.0, 0.0, 0.0, 0.0, 0.0], [0.0007, 0.0007, 0.0, 0.0, 0.0, 0.0, 0.0, 0.0, 0.0, 0.0, 0.0, 0.0, 0.0, 0.0, 0.0, 0.0, 0.0, 0.0]]}}
bs_setyawan_curtarolo_vbm: {'band_index': {'1': [49]}, 'kpoint_index': [42], 'kpoint': <pymatgen.electronic_structure.bandstructure.Kpoint object at 0x7fc5d4b5a3c0>, 'energy': 4.8275, 'projections': {'1': [[0.0001, 0.0001, 0.0002, 0.0002, 0.006, 0.006, 0.007500000000000001, 0.007500000000000001, 0.0012000000000000001, 0.0012000000000000001, 0.0, 0.0, 0.0015, 0.0015, 0.0007, 0.0007, 0.001, 0.001], [0.0008, 0.0008, 0.00030000000000000003, 0.00030000000000000003, 0.0002, 0.0002, 0.0012000000000000001, 0.0012000000000000001, 0.0004, 0.0004, 0.0027, 0.0027, 0.0004, 0.0004, 0.0055000000000000005, 0.0055000000000000005, 0.0015, 0.0015], [0.0, 0.0, 0.0031000000000000003, 0.0031000000000000003, 0.0013000000000000002, 0.0013000000000000002, 0.0106, 0.0106, 0.015, 0.015, 0.0085, 0.0085, 0.0001, 0.0001, 0.0233, 0.0233, 0.0049, 0.0049], [0.0013000000000000002, 0.0013000000000000002, 0.0, 0.0, 0.0115, 0.0115, 0.0024000000000000002, 0.0024000000000000002, 0.0004, 0.0004, 0.0747, 0.0747, 0.013000000000000001, 0.013000000000000001, 0.0046, 0.0046, 0.0, 0.0], [0.0, 0.0, 0.0, 0.0, 0.0, 0.0, 0.0, 0.0, 0.0, 0.0, 0.0, 0.0, 0.0, 0.0, 0.0, 0.0, 0.0, 0.0], [0.00030000000000000003, 0.00030000000000000003, 0.0, 0.0, 0.0, 0.0, 0.0, 0.0, 0.0, 0.0, 0.0, 0.0, 0.0, 0.0, 0.0, 0.0, 0.0, 0.0], [0.0026000000000000003, 0.0026000000000000003, 0.0, 0.0, 0.0, 0.0, 0.0, 0.0, 0.0, 0.0, 0.0, 0.0, 0.0, 0.0, 0.0, 0.0, 0.0, 0.0], [0.0049, 0.0049, 0.0, 0.0, 0.0, 0.0, 0.0, 0.0, 0.0, 0.0, 0.0, 0.0, 0.0, 0.0, 0.0, 0.0, 0.0, 0.0], [0.0024000000000000002, 0.0024000000000000002, 0.0, 0.0, 0.0, 0.0, 0.0, 0.0, 0.0, 0.0, 0.0, 0.0, 0.0, 0.0, 0.0, 0.0, 0.0, 0.0]]}}
bs_setyawan_curtarolo_efermi: 4.89781635
bs_hinuma_task_id: mp-2153156
bs_hinuma_band_gap: 0.8917
bs_hinuma_cbm: {'band_index': {'1': [50]}, 'kpoint_index': ['60'], 'kpoint': <pymatgen.electronic_structure.bandstructure.Kpoint object at 0x7fc5d4b59be0>, 'energy': 5.7192, 'projections': {'1': [[0.0006000000000000001, 0.0006000000000000001, 0.026600000000000002, 0.026600000000000002, 0.0158, 0.0158, 0.0043, 0.0043, 0.0033, 0.0033, 0.0017000000000000001, 0.0017000000000000001, 0.0049, 0.0049, 0.0008, 0.0008, 0.0001, 0.0001], [0.0002, 0.0002, 0.0029000000000000002, 0.0029000000000000002, 0.0002, 0.0002, 0.0012000000000000001, 0.0012000000000000001, 0.012100000000000001, 0.012100000000000001, 0.0119, 0.0119, 0.0092, 0.0092, 0.0005, 0.0005, 0.0079, 0.0079], [0.0, 0.0, 0.0007, 0.0007, 0.003, 0.003, 0.0228, 0.0228, 0.0053, 0.0053, 0.0082, 0.0082, 0.0008, 0.0008, 0.0001, 0.0001, 0.0076, 0.0076], [0.0005, 0.0005, 0.0008, 0.0008, 0.0018000000000000002, 0.0018000000000000002, 0.0049, 0.0049, 0.0032, 0.0032, 0.0014, 0.0014, 0.0012000000000000001, 0.0012000000000000001, 0.0148, 0.0148, 0.00030000000000000003, 0.00030000000000000003], [0.0018000000000000002, 0.0018000000000000002, 0.0, 0.0, 0.0, 0.0, 0.0, 0.0, 0.0, 0.0, 0.0, 0.0, 0.0, 0.0, 0.0, 0.0, 0.0, 0.0], [0.0002, 0.0002, 0.0, 0.0, 0.0, 0.0, 0.0, 0.0, 0.0, 0.0, 0.0, 0.0, 0.0, 0.0, 0.0, 0.0, 0.0, 0.0], [0.0024000000000000002, 0.0024000000000000002, 0.0, 0.0, 0.0, 0.0, 0.0, 0.0, 0.0, 0.0, 0.0, 0.0, 0.0, 0.0, 0.0, 0.0, 0.0, 0.0], [0.0026000000000000003, 0.0026000000000000003, 0.0, 0.0, 0.0, 0.0, 0.0, 0.0, 0.0, 0.0, 0.0, 0.0, 0.0, 0.0, 0.0, 0.0, 0.0, 0.0], [0.0007, 0.0007, 0.0, 0.0, 0.0, 0.0, 0.0, 0.0, 0.0, 0.0, 0.0, 0.0, 0.0, 0.0, 0.0, 0.0, 0.0, 0.0]]}}
bs_hinuma_vbm: {'band_index': {'1': [49]}, 'kpoint_index': [30], 'kpoint': <pymatgen.electronic_structure.bandstructure.Kpoint object at 0x7fc5d4b59c50>, 'energy': 4.8275, 'projections': {'1': [[0.0001, 0.0001, 0.0002, 0.0002, 0.006, 0.006, 0.007500000000000001, 0.007500000000000001, 0.0012000000000000001, 0.0012000000000000001, 0.0, 0.0, 0.0015, 0.0015, 0.0007, 0.0007, 0.001, 0.001], [0.0008, 0.0008, 0.00030000000000000003, 0.00030000000000000003, 0.0002, 0.0002, 0.0012000000000000001, 0.0012000000000000001, 0.0004, 0.0004, 0.0027, 0.0027, 0.0004, 0.0004, 0.0055000000000000005, 0.0055000000000000005, 0.0015, 0.0015], [0.0, 0.0, 0.0031000000000000003, 0.0031000000000000003, 0.0013000000000000002, 0.0013000000000000002, 0.0106, 0.0106, 0.015, 0.015, 0.0085, 0.0085, 0.0001, 0.0001, 0.0233, 0.0233, 0.0049, 0.0049], [0.0013000000000000002, 0.0013000000000000002, 0.0, 0.0, 0.0115, 0.0115, 0.0024000000000000002, 0.0024000000000000002, 0.0004, 0.0004, 0.0747, 0.0747, 0.013000000000000001, 0.013000000000000001, 0.0046, 0.0046, 0.0, 0.0], [0.0, 0.0, 0.0, 0.0, 0.0, 0.0, 0.0, 0.0, 0.0, 0.0, 0.0, 0.0, 0.0, 0.0, 0.0, 0.0, 0.0, 0.0], [0.00030000000000000003, 0.00030000000000000003, 0.0, 0.0, 0.0, 0.0, 0.0, 0.0, 0.0, 0.0, 0.0, 0.0, 0.0, 0.0, 0.0, 0.0, 0.0, 0.0], [0.0026000000000000003, 0.0026000000000000003, 0.0, 0.0, 0.0, 0.0, 0.0, 0.0, 0.0, 0.0, 0.0, 0.0, 0.0, 0.0, 0.0, 0.0, 0.0, 0.0], [0.0049, 0.0049, 0.0, 0.0, 0.0, 0.0, 0.0, 0.0, 0.0, 0.0, 0.0, 0.0, 0.0, 0.0, 0.0, 0.0, 0.0, 0.0], [0.0024000000000000002, 0.0024000000000000002, 0.0, 0.0, 0.0, 0.0, 0.0, 0.0, 0.0, 0.0, 0.0, 0.0, 0.0, 0.0, 0.0, 0.0, 0.0, 0.0]]}}
bs_hinuma_efermi: 4.88374968
bs_latimer_munro_task_id: mp-2323968
bs_latimer_munro_band_gap: 0.8917
bs_latimer_munro_cbm: {'band_index': {'1': [50]}, 'kpoint_index': ['80'], 'kpoint': <pymatgen.electronic_structure.bandstructure.Kpoint object at 0x7fc5d4b5a200>, 'energy': 5.7192, 'projections': {'1': [[0.0006000000000000001, 0.0006000000000000001, 0.026600000000000002, 0.026600000000000002, 0.0158, 0.0158, 0.0043, 0.0043, 0.0033, 0.0033, 0.0017000000000000001, 0.0017000000000000001, 0.0049, 0.0049, 0.0008, 0.0008, 0.0001, 0.0001], [0.0002, 0.0002, 0.0029000000000000002, 0.0029000000000000002, 0.0002, 0.0002, 0.0012000000000000001, 0.0012000000000000001, 0.012100000000000001, 0.012100000000000001, 0.0119, 0.0119, 0.0092, 0.0092, 0.0005, 0.0005, 0.0079, 0.0079], [0.0, 0.0, 0.0007, 0.0007, 0.003, 0.003, 0.0228, 0.0228, 0.0053, 0.0053, 0.0082, 0.0082, 0.0008, 0.0008, 0.0001, 0.0001, 0.0076, 0.0076], [0.0005, 0.0005, 0.0008, 0.0008, 0.0018000000000000002, 0.0018000000000000002, 0.0049, 0.0049, 0.0032, 0.0032, 0.0014, 0.0014, 0.0012000000000000001, 0.0012000000000000001, 0.0148, 0.0148, 0.00030000000000000003, 0.00030000000000000003], [0.0018000000000000002, 0.0018000000000000002, 0.0, 0.0, 0.0, 0.0, 0.0, 0.0, 0.0, 0.0, 0.0, 0.0, 0.0, 0.0, 0.0, 0.0, 0.0, 0.0], [0.0002, 0.0002, 0.0, 0.0, 0.0, 0.0, 0.0, 0.0, 0.0, 0.0, 0.0, 0.0, 0.0, 0.0, 0.0, 0.0, 0.0, 0.0], [0.0024000000000000002, 0.0024000000000000002, 0.0, 0.0, 0.0, 0.0, 0.0, 0.0, 0.0, 0.0, 0.0, 0.0, 0.0, 0.0, 0.0, 0.0, 0.0, 0.0], [0.0026000000000000003, 0.0026000000000000003, 0.0, 0.0, 0.0, 0.0, 0.0, 0.0, 0.0, 0.0, 0.0, 0.0, 0.0, 0.0, 0.0, 0.0, 0.0, 0.0], [0.0007, 0.0007, 0.0, 0.0, 0.0, 0.0, 0.0, 0.0, 0.0, 0.0, 0.0, 0.0, 0.0, 0.0, 0.0, 0.0, 0.0, 0.0]]}}
bs_latimer_munro_vbm: {'band_index': {'1': [49]}, 'kpoint_index': [0], 'kpoint': <pymatgen.electronic_structure.bandstructure.Kpoint object at 0x7fc5d4b5a350>, 'energy': 4.8275, 'projections': {'1': [[0.0001, 0.0001, 0.0002, 0.0002, 0.006, 0.006, 0.007500000000000001, 0.007500000000000001, 0.0012000000000000001, 0.0012000000000000001, 0.0, 0.0, 0.0015, 0.0014, 0.0007, 0.0007, 0.001, 0.001], [0.0008, 0.0008, 0.00030000000000000003, 0.00030000000000000003, 0.0002, 0.0002, 0.0012000000000000001, 0.0012000000000000001, 0.0004, 0.0004, 0.0027, 0.0027, 0.0004, 0.0004, 0.0055000000000000005, 0.0055000000000000005, 0.0015, 0.0015], [0.0, 0.0, 0.0031000000000000003, 0.0031000000000000003, 0.0013000000000000002, 0.0013000000000000002, 0.0106, 0.0106, 0.015, 0.015, 0.0085, 0.0085, 0.0001, 0.0001, 0.0233, 0.0233, 0.0049, 0.0049], [0.0013000000000000002, 0.0013000000000000002, 0.0, 0.0, 0.0115, 0.0115, 0.0024000000000000002, 0.0024000000000000002, 0.0004, 0.0004, 0.0747, 0.0747, 0.013000000000000001, 0.013000000000000001, 0.0046, 0.0046, 0.0, 0.0], [0.0, 0.0, 0.0, 0.0, 0.0, 0.0, 0.0, 0.0, 0.0, 0.0, 0.0, 0.0, 0.0, 0.0, 0.0, 0.0, 0.0, 0.0], [0.00030000000000000003, 0.00030000000000000003, 0.0, 0.0, 0.0, 0.0, 0.0, 0.0, 0.0, 0.0, 0.0, 0.0, 0.0, 0.0, 0.0, 0.0, 0.0, 0.0], [0.0026000000000000003, 0.0026000000000000003, 0.0, 0.0, 0.0, 0.0, 0.0, 0.0, 0.0, 0.0, 0.0, 0.0, 0.0, 0.0, 0.0, 0.0, 0.0, 0.0], [0.0049, 0.0049, 0.0, 0.0, 0.0, 0.0, 0.0, 0.0, 0.0, 0.0, 0.0, 0.0, 0.0, 0.0, 0.0, 0.0, 0.0, 0.0], [0.0024000000000000002, 0.0024000000000000002, 0.0, 0.0, 0.0, 0.0, 0.0, 0.0, 0.0, 0.0, 0.0, 0.0, 0.0, 0.0, 0.0, 0.0, 0.0, 0.0]]}}
bs_latimer_munro_efermi: 4.89458514