material_id: mp-38975
band_gap: 5.1318
efermi: 3.4633365
dos_magnetic_ordering: NM
dos_total_task_id: mp-1751452
dos_total_band_gap: 5.117500000000001
dos_total_cbm: 8.5401
dos_total_vbm: 3.4226
dos_total_efermi: 3.42545067
bs_setyawan_curtarolo_task_id: mp-744151
bs_setyawan_curtarolo_band_gap: 5.1318
bs_setyawan_curtarolo_cbm: {'band_index': {'1': [24]}, 'kpoint_index': [0, 45, 46], 'kpoint': <pymatgen.electronic_structure.bandstructure.Kpoint object at 0x7fc699d63930>, 'energy': 8.554, 'projections': {}}
bs_setyawan_curtarolo_vbm: {'band_index': {'1': [23]}, 'kpoint_index': [16, 17, 117], 'kpoint': <pymatgen.electronic_structure.bandstructure.Kpoint object at 0x7fc5d4b5a350>, 'energy': 3.4222, 'projections': {}}
bs_setyawan_curtarolo_efermi: 3.4633365
bs_hinuma_task_id: mp-2093383
bs_hinuma_band_gap: 5.1417
bs_hinuma_cbm: {'band_index': {'1': [24]}, 'kpoint_index': [0, 45, 46], 'kpoint': <pymatgen.electronic_structure.bandstructure.Kpoint object at 0x7fc5d4b59d30>, 'energy': 8.5609, 'projections': {'1': [[0.085, 0.085, 0.085, 0.0563, 0.0563, 0.0563, 0.050100000000000006, 0.050100000000000006, 0.050100000000000006], [0.0032, 0.0086, 0.0013000000000000002, 0.0061, 0.0009000000000000001, 0.0024000000000000002, 0.0055000000000000005, 0.0105, 0.0008], [0.0006000000000000001, 0.0006000000000000001, 0.0006000000000000001, 0.0021000000000000003, 0.0021000000000000003, 0.0021000000000000003, 0.004200000000000001, 0.0041, 0.004200000000000001], [0.0055000000000000005, 0.0001, 0.0074, 0.0001, 0.0053, 0.0038, 0.0057, 0.0007, 0.0103], [0.0, 0.0, 0.0, 0.0, 0.0, 0.0, 0.0, 0.0, 0.0], [0.0, 0.0, 0.0, 0.0, 0.0, 0.0, 0.0, 0.0, 0.0], [0.0, 0.0, 0.0, 0.0, 0.0, 0.0, 0.0, 0.0, 0.0], [0.0, 0.0, 0.0, 0.0, 0.0, 0.0, 0.0, 0.0, 0.0], [0.0, 0.0, 0.0, 0.0, 0.0, 0.0, 0.0, 0.0, 0.0]]}}
bs_hinuma_vbm: {'band_index': {'1': [23]}, 'kpoint_index': [16, 17, 117], 'kpoint': <pymatgen.electronic_structure.bandstructure.Kpoint object at 0x7fc5d4b59e80>, 'energy': 3.4192, 'projections': {'1': [[0.0001, 0.0018000000000000002, 0.0035, 0.0044, 0.0014, 0.0009000000000000001, 0.00030000000000000003, 0.0004, 0.0007], [0.0009000000000000001, 0.0011, 0.0007, 0.025900000000000003, 0.0088, 0.1736, 0.001, 0.0015, 0.014400000000000001], [0.00030000000000000003, 0.0007, 0.0009000000000000001, 0.1489, 0.004, 0.0201, 0.0008, 0.0031000000000000003, 0.037], [0.0009000000000000001, 0.0016, 0.0002, 0.028, 0.125, 0.0008, 0.0014, 0.0284, 0.0007], [0.0, 0.0, 0.0, 0.0, 0.0, 0.0, 0.0, 0.0, 0.0], [0.0, 0.0, 0.0, 0.0, 0.0, 0.0, 0.0, 0.0, 0.0], [0.0, 0.0, 0.0, 0.0, 0.0, 0.0, 0.0, 0.0, 0.0], [0.0, 0.0, 0.0, 0.0, 0.0, 0.0, 0.0, 0.0, 0.0], [0.0, 0.0, 0.0, 0.0, 0.0, 0.0, 0.0, 0.0, 0.0]]}}
bs_hinuma_efermi: 3.4901252400000002
bs_latimer_munro_task_id: mp-2302606
bs_latimer_munro_band_gap: 5.1417
bs_latimer_munro_cbm: {'band_index': {'1': [24]}, 'kpoint_index': [12, 13, 34], 'kpoint': <pymatgen.electronic_structure.bandstructure.Kpoint object at 0x7fc5d4b5a190>, 'energy': 8.5609, 'projections': {'1': [[0.085, 0.085, 0.085, 0.0563, 0.0563, 0.0563, 0.050100000000000006, 0.050100000000000006, 0.050100000000000006], [0.0032, 0.0086, 0.0013000000000000002, 0.0061, 0.0009000000000000001, 0.0024000000000000002, 0.0055000000000000005, 0.0105, 0.0008], [0.0006000000000000001, 0.0006000000000000001, 0.0006000000000000001, 0.0021000000000000003, 0.0021000000000000003, 0.0021000000000000003, 0.004200000000000001, 0.004200000000000001, 0.004200000000000001], [0.0055000000000000005, 0.0001, 0.0074, 0.0001, 0.0053, 0.0038, 0.0057, 0.0007, 0.0103], [0.0, 0.0, 0.0, 0.0, 0.0, 0.0, 0.0, 0.0, 0.0], [0.0, 0.0, 0.0, 0.0, 0.0, 0.0, 0.0, 0.0, 0.0], [0.0, 0.0, 0.0, 0.0, 0.0, 0.0, 0.0, 0.0, 0.0], [0.0, 0.0, 0.0, 0.0, 0.0, 0.0, 0.0, 0.0, 0.0], [0.0, 0.0, 0.0, 0.0, 0.0, 0.0, 0.0, 0.0, 0.0]]}}
bs_latimer_munro_vbm: {'band_index': {'1': [23]}, 'kpoint_index': [50], 'kpoint': <pymatgen.electronic_structure.bandstructure.Kpoint object at 0x7fc5d4b5a430>, 'energy': 3.4192, 'projections': {'1': [[0.0035, 0.0001, 0.0018000000000000002, 0.0014, 0.0009000000000000001, 0.0044, 0.0007, 0.00030000000000000003, 0.0004], [0.0007, 0.0017000000000000001, 0.0026000000000000003, 0.0673, 0.054200000000000005, 0.004200000000000001, 0.0013000000000000002, 0.0023, 0.016], [0.0009000000000000001, 0.00030000000000000003, 0.0007, 0.004, 0.0201, 0.1489, 0.037, 0.0008, 0.0031000000000000003], [0.0002, 0.0001, 0.0001, 0.0665, 0.1202, 0.0497, 0.013800000000000002, 0.0001, 0.013900000000000001], [0.0, 0.0, 0.0, 0.0, 0.0, 0.0, 0.0, 0.0, 0.0], [0.0, 0.0, 0.0, 0.0, 0.0, 0.0, 0.0, 0.0, 0.0], [0.0, 0.0, 0.0, 0.0, 0.0, 0.0, 0.0, 0.0, 0.0], [0.0, 0.0, 0.0, 0.0, 0.0, 0.0, 0.0, 0.0, 0.0], [0.0, 0.0, 0.0, 0.0, 0.0, 0.0, 0.0, 0.0, 0.0]]}}
bs_latimer_munro_efermi: 3.49281798