material_id: mp-3387
band_gap: 3.6891
efermi: 6.22700127
dos_magnetic_ordering: NM
dos_total_task_id: mp-1763674
dos_total_band_gap: 3.6307
dos_total_cbm: 9.882
dos_total_vbm: 6.2513
dos_total_efermi: 6.28888187
bs_setyawan_curtarolo_task_id: mp-1615052
bs_setyawan_curtarolo_band_gap: 3.6891
bs_setyawan_curtarolo_cbm: {'band_index': {'1': [32]}, 'kpoint_index': [0, 56, 57], 'kpoint': <pymatgen.electronic_structure.bandstructure.Kpoint object at 0x7fc699d63930>, 'energy': 9.8184, 'projections': {'1': [[0.0002, 0.0002, 0.2753, 0.2753, 0.0264, 0.033600000000000005, 0.033600000000000005, 0.033600000000000005, 0.033600000000000005, 0.0264], [0.0, 0.0, 0.0, 0.0, 0.0, 0.0057, 0.0057, 0.0057, 0.0057, 0.0], [0.0, 0.0, 0.0, 0.0, 0.0, 0.0, 0.0, 0.0, 0.0, 0.0], [0.0, 0.0, 0.0, 0.0, 0.0, 0.0057, 0.0057, 0.0057, 0.0057, 0.0], [0.0, 0.0, 0.0, 0.0, 0.0, 0.0, 0.0, 0.0, 0.0, 0.0], [0.0, 0.0, 0.0, 0.0, 0.0, 0.0, 0.0, 0.0, 0.0, 0.0], [0.005, 0.005, 0.0, 0.0, 0.0, 0.0, 0.0, 0.0, 0.0, 0.0], [0.0, 0.0, 0.0, 0.0, 0.0, 0.0, 0.0, 0.0, 0.0, 0.0], [0.0, 0.0, 0.0, 0.0, 0.0, 0.0, 0.0, 0.0, 0.0, 0.0]]}}
bs_setyawan_curtarolo_vbm: {'band_index': {'1': [30, 31]}, 'kpoint_index': [0, 56, 57], 'kpoint': <pymatgen.electronic_structure.bandstructure.Kpoint object at 0x7fc5d4b59c50>, 'energy': 6.1293, 'projections': {'1': [[0.0, 0.0, 0.0, 0.0, 0.0, 0.0, 0.0, 0.0, 0.0, 0.0], [0.0, 0.0, 0.0, 0.0, 0.0995, 0.0, 0.0, 0.0, 0.0, 0.0995], [0.0, 0.0, 0.0, 0.0, 0.0, 0.0, 0.0, 0.1973, 0.1973, 0.0], [0.0, 0.0, 0.0, 0.0, 0.0993, 0.0, 0.0, 0.0, 0.0, 0.0993], [0.0, 0.0, 0.0, 0.0, 0.0, 0.0, 0.0, 0.0, 0.0, 0.0], [0.002, 0.002, 0.0, 0.0, 0.0, 0.0, 0.0, 0.0, 0.0, 0.0], [0.0, 0.0, 0.0, 0.0, 0.0, 0.0, 0.0, 0.0, 0.0, 0.0], [0.002, 0.002, 0.0, 0.0, 0.0, 0.0, 0.0, 0.0, 0.0, 0.0], [0.0, 0.0, 0.0, 0.0, 0.0, 0.0, 0.0, 0.0, 0.0, 0.0]]}}
bs_setyawan_curtarolo_efermi: 6.22700127
bs_hinuma_task_id: mp-2081546
bs_hinuma_band_gap: 3.6891
bs_hinuma_cbm: {'band_index': {'1': [32]}, 'kpoint_index': [0, 59, 60, 106], 'kpoint': <pymatgen.electronic_structure.bandstructure.Kpoint object at 0x7fc5d4b5a200>, 'energy': 9.8184, 'projections': {'1': [[0.0002, 0.0002, 0.2753, 0.2753, 0.0264, 0.033600000000000005, 0.033600000000000005, 0.033600000000000005, 0.033600000000000005, 0.0264], [0.0, 0.0, 0.0, 0.0, 0.0, 0.0057, 0.0057, 0.0057, 0.0057, 0.0], [0.0, 0.0, 0.0, 0.0, 0.0, 0.0, 0.0, 0.0, 0.0, 0.0], [0.0, 0.0, 0.0, 0.0, 0.0, 0.0057, 0.0057, 0.0057, 0.0057, 0.0], [0.0, 0.0, 0.0, 0.0, 0.0, 0.0, 0.0, 0.0, 0.0, 0.0], [0.0, 0.0, 0.0, 0.0, 0.0, 0.0, 0.0, 0.0, 0.0, 0.0], [0.005, 0.005, 0.0, 0.0, 0.0, 0.0, 0.0, 0.0, 0.0, 0.0], [0.0, 0.0, 0.0, 0.0, 0.0, 0.0, 0.0, 0.0, 0.0, 0.0], [0.0, 0.0, 0.0, 0.0, 0.0, 0.0, 0.0, 0.0, 0.0, 0.0]]}}
bs_hinuma_vbm: {'band_index': {'1': [30, 31]}, 'kpoint_index': [0, 59, 60, 106], 'kpoint': <pymatgen.electronic_structure.bandstructure.Kpoint object at 0x7fc5d4b59be0>, 'energy': 6.1293, 'projections': {'1': [[0.0, 0.0, 0.0, 0.0, 0.0, 0.0, 0.0, 0.0, 0.0, 0.0], [0.0, 0.0, 0.0, 0.0, 0.0995, 0.0, 0.0, 0.0, 0.0, 0.0995], [0.0, 0.0, 0.0, 0.0, 0.0, 0.0, 0.0, 0.1973, 0.1973, 0.0], [0.0, 0.0, 0.0, 0.0, 0.0993, 0.0, 0.0, 0.0, 0.0, 0.0993], [0.0, 0.0, 0.0, 0.0, 0.0, 0.0, 0.0, 0.0, 0.0, 0.0], [0.002, 0.002, 0.0, 0.0, 0.0, 0.0, 0.0, 0.0, 0.0, 0.0], [0.0, 0.0, 0.0, 0.0, 0.0, 0.0, 0.0, 0.0, 0.0, 0.0], [0.002, 0.002, 0.0, 0.0, 0.0, 0.0, 0.0, 0.0, 0.0, 0.0], [0.0, 0.0, 0.0, 0.0, 0.0, 0.0, 0.0, 0.0, 0.0, 0.0]]}}
bs_hinuma_efermi: 6.21506937
bs_latimer_munro_task_id: mp-2335651
bs_latimer_munro_band_gap: 3.6891
bs_latimer_munro_cbm: {'band_index': {'1': [32]}, 'kpoint_index': [28, 29, 140, 141, 160, 216, 217, 237, 257], 'kpoint': <pymatgen.electronic_structure.bandstructure.Kpoint object at 0x7fc5d4b5a3c0>, 'energy': 9.8184, 'projections': {'1': [[0.0002, 0.0002, 0.2753, 0.2753, 0.0264, 0.033600000000000005, 0.033600000000000005, 0.033600000000000005, 0.033600000000000005, 0.0264], [0.0, 0.0, 0.0, 0.0, 0.0, 0.0057, 0.0057, 0.0057, 0.0057, 0.0], [0.0, 0.0, 0.0, 0.0, 0.0, 0.0, 0.0, 0.0, 0.0, 0.0], [0.0, 0.0, 0.0, 0.0, 0.0, 0.0057, 0.0057, 0.0057, 0.0057, 0.0], [0.0, 0.0, 0.0, 0.0, 0.0, 0.0, 0.0, 0.0, 0.0, 0.0], [0.0, 0.0, 0.0, 0.0, 0.0, 0.0, 0.0, 0.0, 0.0, 0.0], [0.005, 0.005, 0.0, 0.0, 0.0, 0.0, 0.0, 0.0, 0.0, 0.0], [0.0, 0.0, 0.0, 0.0, 0.0, 0.0, 0.0, 0.0, 0.0, 0.0], [0.0, 0.0, 0.0, 0.0, 0.0, 0.0, 0.0, 0.0, 0.0, 0.0]]}}
bs_latimer_munro_vbm: {'band_index': {'1': [30, 31]}, 'kpoint_index': [28, 29, 140, 141, 160, 216, 217, 237, 257], 'kpoint': <pymatgen.electronic_structure.bandstructure.Kpoint object at 0x7fc5d4b5a350>, 'energy': 6.1293, 'projections': {'1': [[0.0, 0.0, 0.0, 0.0, 0.0, 0.0, 0.0, 0.0, 0.0, 0.0], [0.0, 0.0, 0.0, 0.0, 0.0994, 0.0, 0.0, 0.0, 0.0, 0.0994], [0.0, 0.0, 0.0, 0.0, 0.0, 0.0, 0.0, 0.1973, 0.1973, 0.0], [0.0, 0.0, 0.0, 0.0, 0.0994, 0.0, 0.0, 0.0, 0.0, 0.0994], [0.0, 0.0, 0.0, 0.0, 0.0, 0.0, 0.0, 0.0, 0.0, 0.0], [0.002, 0.002, 0.0, 0.0, 0.0, 0.0, 0.0, 0.0, 0.0, 0.0], [0.0, 0.0, 0.0, 0.0, 0.0, 0.0, 0.0, 0.0, 0.0, 0.0], [0.002, 0.002, 0.0, 0.0, 0.0, 0.0, 0.0, 0.0, 0.0, 0.0], [0.0, 0.0, 0.0, 0.0, 0.0, 0.0, 0.0, 0.0, 0.0, 0.0]]}}
bs_latimer_munro_efermi: 6.22638577