material_id: mp-3142
band_gap: 3.6398
efermi: -0.25897535
dos_magnetic_ordering: NM
dos_total_task_id: mp-1741903
dos_total_band_gap: 3.5949
dos_total_cbm: 3.2125
dos_total_vbm: -0.3824
dos_total_efermi: -0.40469267000000003
bs_setyawan_curtarolo_task_id: mp-1654377
bs_setyawan_curtarolo_band_gap: 3.6398
bs_setyawan_curtarolo_cbm: {'band_index': {'1': [112, 113, 114]}, 'kpoint_index': [0, 32, 33], 'kpoint': <pymatgen.electronic_structure.bandstructure.Kpoint object at 0x7fc699d63930>, 'energy': 3.2347, 'projections': {'1': [[0.0, 0.0, 0.0, 0.0, 0.0, 0.0, 0.0, 0.0001, 0.0, 0.0001, 0.0, 0.0, 0.0001, 0.0, 0.00030000000000000003, 0.0005, 0.0001, 0.0001, 0.00030000000000000003, 0.0001, 0.00030000000000000003, 0.0001, 0.0001, 0.0001, 0.0, 0.00030000000000000003, 0.0005, 0.0001, 0.0001, 0.0001, 0.00030000000000000003, 0.0001, 0.00030000000000000003, 0.0001, 0.0001, 0.0001], [0.0, 0.0, 0.0, 0.0, 0.0181, 0.003, 0.0073, 0.0327, 0.0181, 0.0327, 0.0073, 0.003, 0.0132, 0.0024000000000000002, 0.005, 0.0016, 0.0068000000000000005, 0.0057, 0.0048000000000000004, 0.0098, 0.0021000000000000003, 0.0008, 0.0105, 0.001, 0.0024000000000000002, 0.005, 0.0016, 0.0132, 0.0068000000000000005, 0.0057, 0.0048000000000000004, 0.0098, 0.0021000000000000003, 0.0008, 0.0105, 0.001], [0.0, 0.0, 0.0, 0.0, 0.013300000000000001, 0.0025, 0.0061, 0.028900000000000002, 0.013300000000000001, 0.028900000000000002, 0.0061, 0.0025, 0.01, 0.0022, 0.0024000000000000002, 0.0008, 0.0051, 0.008, 0.004, 0.0094, 0.0023, 0.0007, 0.0128, 0.0014, 0.0022, 0.0024000000000000002, 0.0008, 0.01, 0.0051, 0.008, 0.004, 0.0094, 0.0023, 0.0007, 0.0128, 0.0014], [0.0, 0.0, 0.0, 0.0, 0.0148, 0.0025, 0.0089, 0.031100000000000003, 0.0148, 0.031100000000000003, 0.0089, 0.0025, 0.0108, 0.0021000000000000003, 0.0031000000000000003, 0.001, 0.0056, 0.0048000000000000004, 0.0034000000000000002, 0.0097, 0.0022, 0.0009000000000000001, 0.0097, 0.0008, 0.0021000000000000003, 0.0031000000000000003, 0.001, 0.0108, 0.0056, 0.0048000000000000004, 0.0034000000000000002, 0.0097, 0.0022, 0.0009000000000000001, 0.0097, 0.0008], [0.001, 0.001, 0.00030000000000000003, 0.0002, 0.0, 0.0, 0.0, 0.0, 0.0, 0.0, 0.0, 0.0, 0.0, 0.0, 0.0, 0.0, 0.0, 0.0, 0.0, 0.0, 0.0, 0.0, 0.0, 0.0, 0.0, 0.0, 0.0, 0.0, 0.0, 0.0, 0.0, 0.0, 0.0, 0.0, 0.0, 0.0], [0.0, 0.00030000000000000003, 0.0001, 0.0002, 0.0, 0.0, 0.0, 0.0, 0.0, 0.0, 0.0, 0.0, 0.0, 0.0, 0.0, 0.0, 0.0, 0.0, 0.0, 0.0, 0.0, 0.0, 0.0, 0.0, 0.0, 0.0, 0.0, 0.0, 0.0, 0.0, 0.0, 0.0, 0.0, 0.0, 0.0, 0.0], [0.0066, 0.0029000000000000002, 0.0016, 0.0045000000000000005, 0.0, 0.0, 0.0, 0.0, 0.0, 0.0, 0.0, 0.0, 0.0, 0.0, 0.0, 0.0, 0.0, 0.0, 0.0, 0.0, 0.0, 0.0, 0.0, 0.0, 0.0, 0.0, 0.0, 0.0, 0.0, 0.0, 0.0, 0.0, 0.0, 0.0, 0.0, 0.0], [0.0011, 0.0007, 0.0007, 0.0012000000000000001, 0.0, 0.0, 0.0, 0.0, 0.0, 0.0, 0.0, 0.0, 0.0, 0.0, 0.0, 0.0, 0.0, 0.0, 0.0, 0.0, 0.0, 0.0, 0.0, 0.0, 0.0, 0.0, 0.0, 0.0, 0.0, 0.0, 0.0, 0.0, 0.0, 0.0, 0.0, 0.0], [0.0025, 0.005, 0.001, 0.0017000000000000001, 0.0, 0.0, 0.0, 0.0, 0.0, 0.0, 0.0, 0.0, 0.0, 0.0, 0.0, 0.0, 0.0, 0.0, 0.0, 0.0, 0.0, 0.0, 0.0, 0.0, 0.0, 0.0, 0.0, 0.0, 0.0, 0.0, 0.0, 0.0, 0.0, 0.0, 0.0, 0.0]]}}
bs_setyawan_curtarolo_vbm: {'band_index': {'1': [109, 110, 111]}, 'kpoint_index': [0, 32, 33], 'kpoint': <pymatgen.electronic_structure.bandstructure.Kpoint object at 0x7fc5d4b5a430>, 'energy': -0.4051, 'projections': {'1': [[0.0, 0.0, 0.0, 0.0, 0.0, 0.0, 0.0, 0.0, 0.0, 0.0, 0.0, 0.0, 0.0, 0.0, 0.0, 0.0, 0.0, 0.0, 0.0, 0.0, 0.0, 0.0, 0.0, 0.0, 0.0, 0.0, 0.0, 0.0, 0.0, 0.0, 0.0, 0.0, 0.0, 0.0, 0.0, 0.0], [0.0001, 0.0001, 0.0001, 0.0001, 0.0, 0.0, 0.0, 0.0, 0.0, 0.0, 0.0, 0.0, 0.0091, 0.0014, 0.029900000000000003, 0.0097, 0.0123, 0.0117, 0.00030000000000000003, 0.0006000000000000001, 0.018500000000000003, 0.0002, 0.0046, 0.0037, 0.0014, 0.029900000000000003, 0.0097, 0.0091, 0.0123, 0.0117, 0.00030000000000000003, 0.0006000000000000001, 0.018500000000000003, 0.0002, 0.0046, 0.0037], [0.0006000000000000001, 0.0006000000000000001, 0.0006000000000000001, 0.0006000000000000001, 0.0, 0.0, 0.0, 0.0, 0.0, 0.0, 0.0, 0.0, 0.0018000000000000002, 0.0145, 0.0034000000000000002, 0.0025, 0.0023, 0.025500000000000002, 0.0044, 0.0048000000000000004, 0.0415, 0.0041, 0.016, 0.0206, 0.0145, 0.0034000000000000002, 0.0025, 0.0018000000000000002, 0.0023, 0.025500000000000002, 0.0044, 0.0048000000000000004, 0.0415, 0.0041, 0.016, 0.0206], [0.0001, 0.0001, 0.0001, 0.0, 0.0, 0.0, 0.0, 0.0, 0.0, 0.0, 0.0, 0.0, 0.0128, 0.033600000000000005, 0.027200000000000002, 0.016900000000000002, 0.0182, 0.0018000000000000002, 0.019100000000000002, 0.009300000000000001, 0.0024000000000000002, 0.0088, 0.0006000000000000001, 0.0005, 0.033600000000000005, 0.027200000000000002, 0.016900000000000002, 0.0128, 0.0182, 0.0018000000000000002, 0.019100000000000002, 0.009300000000000001, 0.0024000000000000002, 0.0088, 0.0006000000000000001, 0.0005], [0.0, 0.0, 0.0, 0.0, 0.0, 0.0, 0.0, 0.0, 0.0, 0.0, 0.0, 0.0, 0.0, 0.0, 0.0, 0.0, 0.0, 0.0, 0.0, 0.0, 0.0, 0.0, 0.0, 0.0, 0.0, 0.0, 0.0, 0.0, 0.0, 0.0, 0.0, 0.0, 0.0, 0.0, 0.0, 0.0], [0.0, 0.0, 0.0, 0.0, 0.0, 0.0, 0.0, 0.0, 0.0, 0.0, 0.0, 0.0, 0.0, 0.0, 0.0, 0.0, 0.0, 0.0, 0.0, 0.0, 0.0, 0.0, 0.0, 0.0, 0.0, 0.0, 0.0, 0.0, 0.0, 0.0, 0.0, 0.0, 0.0, 0.0, 0.0, 0.0], [0.0, 0.0, 0.0, 0.0, 0.0, 0.0, 0.0, 0.0, 0.0, 0.0, 0.0, 0.0, 0.0, 0.0, 0.0, 0.0, 0.0, 0.0, 0.0, 0.0, 0.0, 0.0, 0.0, 0.0, 0.0, 0.0, 0.0, 0.0, 0.0, 0.0, 0.0, 0.0, 0.0, 0.0, 0.0, 0.0], [0.0, 0.0, 0.0, 0.0, 0.0, 0.0, 0.0, 0.0, 0.0, 0.0, 0.0, 0.0, 0.0, 0.0, 0.0, 0.0, 0.0, 0.0, 0.0, 0.0, 0.0, 0.0, 0.0, 0.0, 0.0, 0.0, 0.0, 0.0, 0.0, 0.0, 0.0, 0.0, 0.0, 0.0, 0.0, 0.0], [0.0, 0.0, 0.0, 0.0, 0.0, 0.0, 0.0, 0.0, 0.0, 0.0, 0.0, 0.0, 0.0, 0.0, 0.0, 0.0, 0.0, 0.0, 0.0, 0.0, 0.0, 0.0, 0.0, 0.0, 0.0, 0.0, 0.0, 0.0, 0.0, 0.0, 0.0, 0.0, 0.0, 0.0, 0.0, 0.0]]}}
bs_setyawan_curtarolo_efermi: -0.25897535
bs_hinuma_task_id: mp-2100117
bs_hinuma_band_gap: 3.6398
bs_hinuma_cbm: {'band_index': {'1': [112, 113, 114]}, 'kpoint_index': [0, 32, 33], 'kpoint': <pymatgen.electronic_structure.bandstructure.Kpoint object at 0x7fc5d4b59d30>, 'energy': 3.2347, 'projections': {'1': [[0.0, 0.0, 0.0, 0.0, 0.0, 0.0, 0.0, 0.0001, 0.0, 0.0001, 0.0, 0.0, 0.0001, 0.0, 0.00030000000000000003, 0.0005, 0.0001, 0.0001, 0.00030000000000000003, 0.0001, 0.00030000000000000003, 0.0001, 0.0001, 0.0001, 0.0, 0.00030000000000000003, 0.0005, 0.0001, 0.0001, 0.0001, 0.00030000000000000003, 0.0001, 0.00030000000000000003, 0.0001, 0.0001, 0.0001], [0.0, 0.0, 0.0, 0.0, 0.0181, 0.003, 0.0073, 0.0327, 0.0181, 0.0327, 0.0073, 0.003, 0.0132, 0.0024000000000000002, 0.005, 0.0016, 0.0068000000000000005, 0.0057, 0.0048000000000000004, 0.0098, 0.0021000000000000003, 0.0008, 0.0105, 0.001, 0.0024000000000000002, 0.005, 0.0016, 0.0132, 0.0068000000000000005, 0.0057, 0.0048000000000000004, 0.0098, 0.0021000000000000003, 0.0008, 0.0105, 0.001], [0.0, 0.0, 0.0, 0.0, 0.013300000000000001, 0.0025, 0.0061, 0.028900000000000002, 0.013300000000000001, 0.028900000000000002, 0.0061, 0.0025, 0.01, 0.0022, 0.0024000000000000002, 0.0008, 0.0051, 0.008, 0.004, 0.0094, 0.0023, 0.0007, 0.0128, 0.0014, 0.0022, 0.0024000000000000002, 0.0008, 0.01, 0.0051, 0.008, 0.004, 0.0094, 0.0023, 0.0007, 0.0128, 0.0014], [0.0, 0.0, 0.0, 0.0, 0.0148, 0.0025, 0.0089, 0.031100000000000003, 0.0148, 0.031100000000000003, 0.0089, 0.0025, 0.0108, 0.0021000000000000003, 0.0031000000000000003, 0.001, 0.0056, 0.0048000000000000004, 0.0034000000000000002, 0.0097, 0.0022, 0.0009000000000000001, 0.0097, 0.0008, 0.0021000000000000003, 0.0031000000000000003, 0.001, 0.0108, 0.0056, 0.0048000000000000004, 0.0034000000000000002, 0.0097, 0.0022, 0.0009000000000000001, 0.0097, 0.0008], [0.001, 0.001, 0.00030000000000000003, 0.0002, 0.0, 0.0, 0.0, 0.0, 0.0, 0.0, 0.0, 0.0, 0.0, 0.0, 0.0, 0.0, 0.0, 0.0, 0.0, 0.0, 0.0, 0.0, 0.0, 0.0, 0.0, 0.0, 0.0, 0.0, 0.0, 0.0, 0.0, 0.0, 0.0, 0.0, 0.0, 0.0], [0.0, 0.00030000000000000003, 0.0001, 0.0002, 0.0, 0.0, 0.0, 0.0, 0.0, 0.0, 0.0, 0.0, 0.0, 0.0, 0.0, 0.0, 0.0, 0.0, 0.0, 0.0, 0.0, 0.0, 0.0, 0.0, 0.0, 0.0, 0.0, 0.0, 0.0, 0.0, 0.0, 0.0, 0.0, 0.0, 0.0, 0.0], [0.0066, 0.0029000000000000002, 0.0016, 0.0045000000000000005, 0.0, 0.0, 0.0, 0.0, 0.0, 0.0, 0.0, 0.0, 0.0, 0.0, 0.0, 0.0, 0.0, 0.0, 0.0, 0.0, 0.0, 0.0, 0.0, 0.0, 0.0, 0.0, 0.0, 0.0, 0.0, 0.0, 0.0, 0.0, 0.0, 0.0, 0.0, 0.0], [0.0011, 0.0007, 0.0007, 0.0012000000000000001, 0.0, 0.0, 0.0, 0.0, 0.0, 0.0, 0.0, 0.0, 0.0, 0.0, 0.0, 0.0, 0.0, 0.0, 0.0, 0.0, 0.0, 0.0, 0.0, 0.0, 0.0, 0.0, 0.0, 0.0, 0.0, 0.0, 0.0, 0.0, 0.0, 0.0, 0.0, 0.0], [0.0025, 0.005, 0.001, 0.0017000000000000001, 0.0, 0.0, 0.0, 0.0, 0.0, 0.0, 0.0, 0.0, 0.0, 0.0, 0.0, 0.0, 0.0, 0.0, 0.0, 0.0, 0.0, 0.0, 0.0, 0.0, 0.0, 0.0, 0.0, 0.0, 0.0, 0.0, 0.0, 0.0, 0.0, 0.0, 0.0, 0.0]]}}
bs_hinuma_vbm: {'band_index': {'1': [109, 110, 111]}, 'kpoint_index': [0, 32, 33], 'kpoint': <pymatgen.electronic_structure.bandstructure.Kpoint object at 0x7fc5d4b5a3c0>, 'energy': -0.4051, 'projections': {'1': [[0.0, 0.0, 0.0, 0.0, 0.0, 0.0, 0.0, 0.0, 0.0, 0.0, 0.0, 0.0, 0.0, 0.0, 0.0, 0.0, 0.0, 0.0, 0.0, 0.0, 0.0, 0.0, 0.0, 0.0, 0.0, 0.0, 0.0, 0.0, 0.0, 0.0, 0.0, 0.0, 0.0, 0.0, 0.0, 0.0], [0.0001, 0.0001, 0.0001, 0.0001, 0.0, 0.0, 0.0, 0.0, 0.0, 0.0, 0.0, 0.0, 0.0091, 0.0014, 0.029900000000000003, 0.0097, 0.0123, 0.0117, 0.00030000000000000003, 0.0006000000000000001, 0.018500000000000003, 0.0002, 0.0046, 0.0037, 0.0014, 0.029900000000000003, 0.0097, 0.0091, 0.0123, 0.0117, 0.00030000000000000003, 0.0006000000000000001, 0.018500000000000003, 0.0002, 0.0046, 0.0037], [0.0006000000000000001, 0.0006000000000000001, 0.0006000000000000001, 0.0006000000000000001, 0.0, 0.0, 0.0, 0.0, 0.0, 0.0, 0.0, 0.0, 0.0018000000000000002, 0.0145, 0.0034000000000000002, 0.0025, 0.0023, 0.025500000000000002, 0.0044, 0.0048000000000000004, 0.0415, 0.0041, 0.016, 0.0206, 0.0145, 0.0034000000000000002, 0.0025, 0.0018000000000000002, 0.0023, 0.025500000000000002, 0.0044, 0.0048000000000000004, 0.0415, 0.0041, 0.016, 0.0206], [0.0001, 0.0001, 0.0001, 0.0, 0.0, 0.0, 0.0, 0.0, 0.0, 0.0, 0.0, 0.0, 0.0128, 0.033600000000000005, 0.027200000000000002, 0.016900000000000002, 0.0182, 0.0018000000000000002, 0.019100000000000002, 0.009300000000000001, 0.0024000000000000002, 0.0088, 0.0006000000000000001, 0.0005, 0.033600000000000005, 0.027200000000000002, 0.016900000000000002, 0.0128, 0.0182, 0.0018000000000000002, 0.019100000000000002, 0.009300000000000001, 0.0024000000000000002, 0.0088, 0.0006000000000000001, 0.0005], [0.0, 0.0, 0.0, 0.0, 0.0, 0.0, 0.0, 0.0, 0.0, 0.0, 0.0, 0.0, 0.0, 0.0, 0.0, 0.0, 0.0, 0.0, 0.0, 0.0, 0.0, 0.0, 0.0, 0.0, 0.0, 0.0, 0.0, 0.0, 0.0, 0.0, 0.0, 0.0, 0.0, 0.0, 0.0, 0.0], [0.0, 0.0, 0.0, 0.0, 0.0, 0.0, 0.0, 0.0, 0.0, 0.0, 0.0, 0.0, 0.0, 0.0, 0.0, 0.0, 0.0, 0.0, 0.0, 0.0, 0.0, 0.0, 0.0, 0.0, 0.0, 0.0, 0.0, 0.0, 0.0, 0.0, 0.0, 0.0, 0.0, 0.0, 0.0, 0.0], [0.0, 0.0, 0.0, 0.0, 0.0, 0.0, 0.0, 0.0, 0.0, 0.0, 0.0, 0.0, 0.0, 0.0, 0.0, 0.0, 0.0, 0.0, 0.0, 0.0, 0.0, 0.0, 0.0, 0.0, 0.0, 0.0, 0.0, 0.0, 0.0, 0.0, 0.0, 0.0, 0.0, 0.0, 0.0, 0.0], [0.0, 0.0, 0.0, 0.0, 0.0, 0.0, 0.0, 0.0, 0.0, 0.0, 0.0, 0.0, 0.0, 0.0, 0.0, 0.0, 0.0, 0.0, 0.0, 0.0, 0.0, 0.0, 0.0, 0.0, 0.0, 0.0, 0.0, 0.0, 0.0, 0.0, 0.0, 0.0, 0.0, 0.0, 0.0, 0.0], [0.0, 0.0, 0.0, 0.0, 0.0, 0.0, 0.0, 0.0, 0.0, 0.0, 0.0, 0.0, 0.0, 0.0, 0.0, 0.0, 0.0, 0.0, 0.0, 0.0, 0.0, 0.0, 0.0, 0.0, 0.0, 0.0, 0.0, 0.0, 0.0, 0.0, 0.0, 0.0, 0.0, 0.0, 0.0, 0.0]]}}
bs_hinuma_efermi: -0.25897535
bs_latimer_munro_task_id: mp-2301504
bs_latimer_munro_band_gap: 3.6398
bs_latimer_munro_cbm: {'band_index': {'1': [112, 113, 114]}, 'kpoint_index': [22, 23, 80], 'kpoint': <pymatgen.electronic_structure.bandstructure.Kpoint object at 0x7fc5d4b5a200>, 'energy': 3.2347, 'projections': {'1': [[0.0, 0.0, 0.0, 0.0, 0.0, 0.0, 0.0, 0.0001, 0.0, 0.0001, 0.0, 0.0, 0.0, 0.0, 0.0002, 0.0004, 0.0001, 0.0001, 0.00030000000000000003, 0.0001, 0.0004, 0.0001, 0.0001, 0.0002, 0.0, 0.0002, 0.0004, 0.0, 0.0001, 0.0001, 0.00030000000000000003, 0.0001, 0.0004, 0.0001, 0.0001, 0.0002], [0.0, 0.0, 0.0, 0.0, 0.016, 0.0041, 0.0081, 0.031, 0.016, 0.031, 0.0081, 0.0041, 0.0109, 0.0027, 0.0035, 0.00030000000000000003, 0.0044, 0.0055000000000000005, 0.004200000000000001, 0.0094, 0.0028, 0.0012000000000000001, 0.010400000000000001, 0.0018000000000000002, 0.0027, 0.0035, 0.00030000000000000003, 0.0109, 0.0044, 0.0055000000000000005, 0.004200000000000001, 0.0094, 0.0028, 0.0012000000000000001, 0.010400000000000001, 0.0018000000000000002], [0.0, 0.0, 0.0, 0.0, 0.0135, 0.0056, 0.0088, 0.0298, 0.0135, 0.0298, 0.0088, 0.0056, 0.009600000000000001, 0.003, 0.0027, 0.0012000000000000001, 0.0045000000000000005, 0.0079, 0.004, 0.0095, 0.0034000000000000002, 0.0016, 0.0129, 0.0027, 0.003, 0.0027, 0.0012000000000000001, 0.009600000000000001, 0.0045000000000000005, 0.0079, 0.004, 0.0095, 0.0034000000000000002, 0.0016, 0.0129, 0.0027], [0.0, 0.0, 0.0, 0.0, 0.012, 0.0026000000000000003, 0.008700000000000001, 0.028900000000000002, 0.012, 0.028900000000000002, 0.008700000000000001, 0.0026000000000000003, 0.0097, 0.0037, 0.0028, 0.0007, 0.0044, 0.0044, 0.004200000000000001, 0.0108, 0.0027, 0.0026000000000000003, 0.0095, 0.0014, 0.0037, 0.0028, 0.0007, 0.0097, 0.0044, 0.0044, 0.004200000000000001, 0.0108, 0.0027, 0.0026000000000000003, 0.0095, 0.0014], [0.0012000000000000001, 0.0012000000000000001, 0.0006000000000000001, 0.0006000000000000001, 0.0, 0.0, 0.0, 0.0, 0.0, 0.0, 0.0, 0.0, 0.0, 0.0, 0.0, 0.0, 0.0, 0.0, 0.0, 0.0, 0.0, 0.0, 0.0, 0.0, 0.0, 0.0, 0.0, 0.0, 0.0, 0.0, 0.0, 0.0, 0.0, 0.0, 0.0, 0.0], [0.00030000000000000003, 0.0006000000000000001, 0.00030000000000000003, 0.0005, 0.0, 0.0, 0.0, 0.0, 0.0, 0.0, 0.0, 0.0, 0.0, 0.0, 0.0, 0.0, 0.0, 0.0, 0.0, 0.0, 0.0, 0.0, 0.0, 0.0, 0.0, 0.0, 0.0, 0.0, 0.0, 0.0, 0.0, 0.0, 0.0, 0.0, 0.0, 0.0], [0.0049, 0.0011, 0.0001, 0.0029000000000000002, 0.0, 0.0, 0.0, 0.0, 0.0, 0.0, 0.0, 0.0, 0.0, 0.0, 0.0, 0.0, 0.0, 0.0, 0.0, 0.0, 0.0, 0.0, 0.0, 0.0, 0.0, 0.0, 0.0, 0.0, 0.0, 0.0, 0.0, 0.0, 0.0, 0.0, 0.0, 0.0], [0.0006000000000000001, 0.0001, 0.0002, 0.0006000000000000001, 0.0, 0.0, 0.0, 0.0, 0.0, 0.0, 0.0, 0.0, 0.0, 0.0, 0.0, 0.0, 0.0, 0.0, 0.0, 0.0, 0.0, 0.0, 0.0, 0.0, 0.0, 0.0, 0.0, 0.0, 0.0, 0.0, 0.0, 0.0, 0.0, 0.0, 0.0, 0.0], [0.0039000000000000003, 0.0066, 0.0027, 0.0036000000000000003, 0.0, 0.0, 0.0, 0.0, 0.0, 0.0, 0.0, 0.0, 0.0, 0.0, 0.0, 0.0, 0.0, 0.0, 0.0, 0.0, 0.0, 0.0, 0.0, 0.0, 0.0, 0.0, 0.0, 0.0, 0.0, 0.0, 0.0, 0.0, 0.0, 0.0, 0.0, 0.0]]}}
bs_latimer_munro_vbm: {'band_index': {'1': [109, 110, 111]}, 'kpoint_index': [22, 23, 80], 'kpoint': <pymatgen.electronic_structure.bandstructure.Kpoint object at 0x7fc5d4b59be0>, 'energy': -0.4051, 'projections': {'1': [[0.0, 0.0, 0.0, 0.0, 0.0, 0.0, 0.0, 0.0, 0.0, 0.0, 0.0, 0.0, 0.0, 0.0, 0.0, 0.0, 0.0, 0.0, 0.0, 0.0, 0.0, 0.0, 0.0, 0.0, 0.0, 0.0, 0.0, 0.0, 0.0, 0.0, 0.0, 0.0, 0.0, 0.0, 0.0, 0.0], [0.0005, 0.0004, 0.0004, 0.0005, 0.0, 0.0, 0.0, 0.0, 0.0, 0.0, 0.0, 0.0, 0.035500000000000004, 0.0031000000000000003, 0.0349, 0.0125, 0.0114, 0.0018000000000000002, 0.001, 0.0031000000000000003, 0.0125, 0.0011, 0.0132, 0.0027, 0.0031000000000000003, 0.0349, 0.0125, 0.035500000000000004, 0.0114, 0.0018000000000000002, 0.001, 0.0031000000000000003, 0.0125, 0.0011, 0.0132, 0.0027], [0.0002, 0.0002, 0.0002, 0.0002, 0.0, 0.0, 0.0, 0.0, 0.0, 0.0, 0.0, 0.0, 0.0019, 0.0234, 0.0019, 0.0013000000000000002, 0.0013000000000000002, 0.0109, 0.0086, 0.0236, 0.0269, 0.0091, 0.027700000000000002, 0.0123, 0.0234, 0.0019, 0.0013000000000000002, 0.0019, 0.0013000000000000002, 0.0109, 0.0086, 0.0236, 0.0269, 0.0091, 0.027700000000000002, 0.0123], [0.0001, 0.0001, 0.0001, 0.0001, 0.0, 0.0, 0.0, 0.0, 0.0, 0.0, 0.0, 0.0, 0.0152, 0.025400000000000002, 0.0148, 0.0086, 0.0079, 0.00030000000000000003, 0.0048000000000000004, 0.026500000000000003, 0.0012000000000000001, 0.0063, 0.0013000000000000002, 0.0004, 0.025400000000000002, 0.0148, 0.0086, 0.0152, 0.0079, 0.00030000000000000003, 0.0048000000000000004, 0.026500000000000003, 0.0012000000000000001, 0.0063, 0.0013000000000000002, 0.0004], [0.0, 0.0, 0.0, 0.0, 0.0, 0.0, 0.0, 0.0, 0.0, 0.0, 0.0, 0.0, 0.0, 0.0, 0.0, 0.0, 0.0, 0.0, 0.0, 0.0, 0.0, 0.0, 0.0, 0.0, 0.0, 0.0, 0.0, 0.0, 0.0, 0.0, 0.0, 0.0, 0.0, 0.0, 0.0, 0.0], [0.0, 0.0, 0.0, 0.0, 0.0, 0.0, 0.0, 0.0, 0.0, 0.0, 0.0, 0.0, 0.0, 0.0, 0.0, 0.0, 0.0, 0.0, 0.0, 0.0, 0.0, 0.0, 0.0, 0.0, 0.0, 0.0, 0.0, 0.0, 0.0, 0.0, 0.0, 0.0, 0.0, 0.0, 0.0, 0.0], [0.0, 0.0, 0.0, 0.0, 0.0, 0.0, 0.0, 0.0, 0.0, 0.0, 0.0, 0.0, 0.0, 0.0, 0.0, 0.0, 0.0, 0.0, 0.0, 0.0, 0.0, 0.0, 0.0, 0.0, 0.0, 0.0, 0.0, 0.0, 0.0, 0.0, 0.0, 0.0, 0.0, 0.0, 0.0, 0.0], [0.0, 0.0, 0.0, 0.0, 0.0, 0.0, 0.0, 0.0, 0.0, 0.0, 0.0, 0.0, 0.0, 0.0, 0.0, 0.0, 0.0, 0.0, 0.0, 0.0, 0.0, 0.0, 0.0, 0.0, 0.0, 0.0, 0.0, 0.0, 0.0, 0.0, 0.0, 0.0, 0.0, 0.0, 0.0, 0.0], [0.0, 0.0, 0.0, 0.0, 0.0, 0.0, 0.0, 0.0, 0.0, 0.0, 0.0, 0.0, 0.0, 0.0, 0.0, 0.0, 0.0, 0.0, 0.0, 0.0, 0.0, 0.0, 0.0, 0.0, 0.0, 0.0, 0.0, 0.0, 0.0, 0.0, 0.0, 0.0, 0.0, 0.0, 0.0, 0.0]]}}
bs_latimer_munro_efermi: -0.26317529