material_id: mp-3376
band_gap: 2.578
efermi: 3.18353639
dos_magnetic_ordering: NM
dos_total_task_id: mp-2284654
dos_total_band_gap: 2.5642
dos_total_cbm: 5.6616
dos_total_vbm: 3.0974
dos_total_efermi: 3.10058078
bs_setyawan_curtarolo_task_id: mp-1589656
bs_setyawan_curtarolo_band_gap: 2.578
bs_setyawan_curtarolo_cbm: {'band_index': {'1': [29]}, 'kpoint_index': [0, 59, 60], 'kpoint': <pymatgen.electronic_structure.bandstructure.Kpoint object at 0x7fc699d63930>, 'energy': 5.6743, 'projections': {'1': [[0.028, 0.028, 0.2949, 0.0298, 0.0298, 0.049, 0.049], [0.0, 0.0, 0.0, 0.0, 0.0, 0.0, 0.0], [0.0023, 0.0023, 0.0, 0.0716, 0.0716, 0.0, 0.0], [0.0, 0.0, 0.0, 0.0, 0.0, 0.0, 0.0], [0.0, 0.0, 0.0, 0.0, 0.0, 0.0, 0.0], [0.0, 0.0, 0.0, 0.0, 0.0, 0.0, 0.0], [0.0035, 0.0035, 0.010700000000000001, 0.0, 0.0, 0.0, 0.0], [0.0, 0.0, 0.0, 0.0, 0.0, 0.0, 0.0], [0.0, 0.0, 0.0, 0.0, 0.0, 0.0, 0.0]]}}
bs_setyawan_curtarolo_vbm: {'band_index': {'1': [28]}, 'kpoint_index': [22, 23, 138], 'kpoint': <pymatgen.electronic_structure.bandstructure.Kpoint object at 0x7fc5d4b59e80>, 'energy': 3.0963, 'projections': {'1': [[0.0, 0.0, 0.0, 0.0, 0.0, 0.0, 0.0], [0.00030000000000000003, 0.00030000000000000003, 0.0, 0.1292, 0.1292, 0.0, 0.0], [0.0, 0.0, 0.0, 0.0, 0.0, 0.0993, 0.0993], [0.00030000000000000003, 0.00030000000000000003, 0.0, 0.1292, 0.1292, 0.0, 0.0], [0.0, 0.0, 0.0, 0.0, 0.0, 0.0, 0.0], [0.0005, 0.0005, 0.0001, 0.0, 0.0, 0.0, 0.0], [0.0, 0.0, 0.0, 0.0, 0.0, 0.0, 0.0], [0.0005, 0.0005, 0.0001, 0.0, 0.0, 0.0, 0.0], [0.0, 0.0, 0.0, 0.0, 0.0, 0.0, 0.0]]}}
bs_setyawan_curtarolo_efermi: 3.18353639
bs_hinuma_task_id: mp-2058646
bs_hinuma_band_gap: 2.578
bs_hinuma_cbm: {'band_index': {'1': [29]}, 'kpoint_index': [0, 63, 64, 107], 'kpoint': <pymatgen.electronic_structure.bandstructure.Kpoint object at 0x7fc5d4b59d30>, 'energy': 5.6743, 'projections': {'1': [[0.028, 0.028, 0.2949, 0.0298, 0.0298, 0.049, 0.049], [0.0, 0.0, 0.0, 0.0, 0.0, 0.0, 0.0], [0.0023, 0.0023, 0.0, 0.0716, 0.0716, 0.0, 0.0], [0.0, 0.0, 0.0, 0.0, 0.0, 0.0, 0.0], [0.0, 0.0, 0.0, 0.0, 0.0, 0.0, 0.0], [0.0, 0.0, 0.0, 0.0, 0.0, 0.0, 0.0], [0.0035, 0.0035, 0.010700000000000001, 0.0, 0.0, 0.0, 0.0], [0.0, 0.0, 0.0, 0.0, 0.0, 0.0, 0.0], [0.0, 0.0, 0.0, 0.0, 0.0, 0.0, 0.0]]}}
bs_hinuma_vbm: {'band_index': {'1': [28]}, 'kpoint_index': [22, 23, 108], 'kpoint': <pymatgen.electronic_structure.bandstructure.Kpoint object at 0x7fc5d4b5a350>, 'energy': 3.0963, 'projections': {'1': [[0.0, 0.0, 0.0, 0.0, 0.0, 0.0, 0.0], [0.00030000000000000003, 0.00030000000000000003, 0.0, 0.1292, 0.1292, 0.0, 0.0], [0.0, 0.0, 0.0, 0.0, 0.0, 0.0993, 0.0993], [0.00030000000000000003, 0.00030000000000000003, 0.0, 0.1292, 0.1292, 0.0, 0.0], [0.0, 0.0, 0.0, 0.0, 0.0, 0.0, 0.0], [0.0005, 0.0005, 0.0001, 0.0, 0.0, 0.0, 0.0], [0.0, 0.0, 0.0, 0.0, 0.0, 0.0, 0.0], [0.0005, 0.0005, 0.0001, 0.0, 0.0, 0.0, 0.0], [0.0, 0.0, 0.0, 0.0, 0.0, 0.0, 0.0]]}}
bs_hinuma_efermi: 3.18354948
bs_latimer_munro_task_id: mp-2318846
bs_latimer_munro_band_gap: 2.578
bs_latimer_munro_cbm: {'band_index': {'1': [29]}, 'kpoint_index': [31, 32, 108, 109, 132, 187, 188, 266, 267], 'kpoint': <pymatgen.electronic_structure.bandstructure.Kpoint object at 0x7fc5d4b5a190>, 'energy': 5.6743, 'projections': {'1': [[0.028, 0.028, 0.295, 0.0298, 0.0298, 0.049, 0.049], [0.0, 0.0, 0.0, 0.0, 0.0, 0.0, 0.0], [0.0023, 0.0023, 0.0, 0.0716, 0.0716, 0.0, 0.0], [0.0, 0.0, 0.0, 0.0, 0.0, 0.0, 0.0], [0.0, 0.0, 0.0, 0.0, 0.0, 0.0, 0.0], [0.0, 0.0, 0.0, 0.0, 0.0, 0.0, 0.0], [0.0035, 0.0035, 0.010700000000000001, 0.0, 0.0, 0.0, 0.0], [0.0, 0.0, 0.0, 0.0, 0.0, 0.0, 0.0], [0.0, 0.0, 0.0, 0.0, 0.0, 0.0, 0.0]]}}
bs_latimer_munro_vbm: {'band_index': {'1': [28]}, 'kpoint_index': [235, 236, 240, 244], 'kpoint': <pymatgen.electronic_structure.bandstructure.Kpoint object at 0x7fc5d4b59be0>, 'energy': 3.0963, 'projections': {'1': [[0.0, 0.0, 0.0, 0.0, 0.0, 0.0, 0.0], [0.00030000000000000003, 0.00030000000000000003, 0.0, 0.1292, 0.1292, 0.0, 0.0], [0.0, 0.0, 0.0, 0.0, 0.0, 0.0993, 0.0993], [0.00030000000000000003, 0.00030000000000000003, 0.0, 0.1292, 0.1292, 0.0, 0.0], [0.0, 0.0, 0.0, 0.0, 0.0, 0.0, 0.0], [0.0005, 0.0005, 0.0001, 0.0, 0.0, 0.0, 0.0], [0.0, 0.0, 0.0, 0.0, 0.0, 0.0, 0.0], [0.0005, 0.0005, 0.0001, 0.0, 0.0, 0.0, 0.0], [0.0, 0.0, 0.0, 0.0, 0.0, 0.0, 0.0]]}}
bs_latimer_munro_efermi: 3.18357182