material_id: mp-38103
band_gap: 5.304
efermi: -0.3147944
dos_magnetic_ordering: NM
dos_total_task_id: mp-1758492
dos_total_band_gap: 5.170299999999999
dos_total_cbm: 4.8637
dos_total_vbm: -0.30660000000000004
dos_total_efermi: -0.27631509
bs_setyawan_curtarolo_task_id: mp-1624726
bs_setyawan_curtarolo_band_gap: 5.304
bs_setyawan_curtarolo_cbm: {'band_index': {'1': [19]}, 'kpoint_index': [0, 57, 58], 'kpoint': <pymatgen.electronic_structure.bandstructure.Kpoint object at 0x7fc699d63930>, 'energy': 4.8517, 'projections': {'1': [[0.0736, 0.0877, 0.0415, 0.0415, 0.0415, 0.0415], [0.0, 0.0, 0.0119, 0.0119, 0.0119, 0.0119], [0.0, 0.0, 0.0126, 0.0126, 0.0126, 0.0126], [0.0, 0.0, 0.0119, 0.0119, 0.0119, 0.0119], [0.0, 0.0, 0.0, 0.0, 0.0, 0.0], [0.0, 0.0, 0.0, 0.0, 0.0, 0.0], [0.0, 0.0, 0.0, 0.0, 0.0, 0.0], [0.0, 0.0, 0.0, 0.0, 0.0, 0.0], [0.0, 0.0, 0.0, 0.0, 0.0, 0.0]]}}
bs_setyawan_curtarolo_vbm: {'band_index': {'1': [18]}, 'kpoint_index': [78, 79, 137], 'kpoint': <pymatgen.electronic_structure.bandstructure.Kpoint object at 0x7fc5d4b5a190>, 'energy': -0.45230000000000004, 'projections': {'1': [[0.0, 0.0, 0.0, 0.0, 0.0, 0.0], [0.0, 0.0, 0.0984, 0.0984, 0.0984, 0.0984], [0.0, 0.0, 0.0, 0.0, 0.0, 0.0], [0.0, 0.0, 0.0984, 0.0984, 0.0984, 0.0984], [0.0, 0.0, 0.0, 0.0, 0.0, 0.0], [0.0, 0.0, 0.0, 0.0, 0.0, 0.0], [0.0, 0.0, 0.0, 0.0, 0.0, 0.0], [0.0, 0.0, 0.0, 0.0, 0.0, 0.0], [0.0, 0.0, 0.0, 0.0, 0.0, 0.0]]}}
bs_setyawan_curtarolo_efermi: -0.3147944
bs_hinuma_task_id: mp-2091429
bs_hinuma_band_gap: 5.304
bs_hinuma_cbm: {'band_index': {'1': [19]}, 'kpoint_index': [0, 60, 61, 108], 'kpoint': <pymatgen.electronic_structure.bandstructure.Kpoint object at 0x7fc5d4b5a430>, 'energy': 4.8517, 'projections': {'1': [[0.0736, 0.0877, 0.0415, 0.0415, 0.0415, 0.0415], [0.0, 0.0, 0.0119, 0.0119, 0.0119, 0.0119], [0.0, 0.0, 0.0126, 0.0126, 0.0126, 0.0126], [0.0, 0.0, 0.0119, 0.0119, 0.0119, 0.0119], [0.0, 0.0, 0.0, 0.0, 0.0, 0.0], [0.0, 0.0, 0.0, 0.0, 0.0, 0.0], [0.0, 0.0, 0.0, 0.0, 0.0, 0.0], [0.0, 0.0, 0.0, 0.0, 0.0, 0.0], [0.0, 0.0, 0.0, 0.0, 0.0, 0.0]]}}
bs_hinuma_vbm: {'band_index': {'1': [18]}, 'kpoint_index': [81, 82, 129], 'kpoint': <pymatgen.electronic_structure.bandstructure.Kpoint object at 0x7fc5d4b59d30>, 'energy': -0.45230000000000004, 'projections': {'1': [[0.0, 0.0, 0.0, 0.0, 0.0, 0.0], [0.0, 0.0, 0.0984, 0.0984, 0.0984, 0.0984], [0.0, 0.0, 0.0, 0.0, 0.0, 0.0], [0.0, 0.0, 0.0984, 0.0984, 0.0984, 0.0984], [0.0, 0.0, 0.0, 0.0, 0.0, 0.0], [0.0, 0.0, 0.0, 0.0, 0.0, 0.0], [0.0, 0.0, 0.0, 0.0, 0.0, 0.0], [0.0, 0.0, 0.0, 0.0, 0.0, 0.0], [0.0, 0.0, 0.0, 0.0, 0.0, 0.0]]}}
bs_hinuma_efermi: -0.31096232
bs_latimer_munro_task_id: mp-2310339
bs_latimer_munro_band_gap: 5.304
bs_latimer_munro_cbm: {'band_index': {'1': [19]}, 'kpoint_index': [38, 39, 148, 149, 168, 188, 244, 245, 266], 'kpoint': <pymatgen.electronic_structure.bandstructure.Kpoint object at 0x7fc5d4b59e80>, 'energy': 4.8517, 'projections': {'1': [[0.07350000000000001, 0.0877, 0.0415, 0.0415, 0.0415, 0.0415], [0.0, 0.0, 0.0119, 0.0119, 0.0119, 0.0119], [0.0, 0.0, 0.0126, 0.0126, 0.0126, 0.0126], [0.0, 0.0, 0.0119, 0.0119, 0.0119, 0.0119], [0.0, 0.0, 0.0, 0.0, 0.0, 0.0], [0.0, 0.0, 0.0, 0.0, 0.0, 0.0], [0.0, 0.0, 0.0, 0.0, 0.0, 0.0], [0.0, 0.0, 0.0, 0.0, 0.0, 0.0], [0.0, 0.0, 0.0, 0.0, 0.0, 0.0]]}}
bs_latimer_munro_vbm: {'band_index': {'1': [18]}, 'kpoint_index': [214, 215, 224], 'kpoint': <pymatgen.electronic_structure.bandstructure.Kpoint object at 0x7fc5d4b5a350>, 'energy': -0.45230000000000004, 'projections': {'1': [[0.0, 0.0, 0.0, 0.0, 0.0, 0.0], [0.0, 0.0, 0.0984, 0.0984, 0.0984, 0.0984], [0.0, 0.0, 0.0, 0.0, 0.0, 0.0], [0.0, 0.0, 0.0984, 0.0984, 0.0984, 0.0984], [0.0, 0.0, 0.0, 0.0, 0.0, 0.0], [0.0, 0.0, 0.0, 0.0, 0.0, 0.0], [0.0, 0.0, 0.0, 0.0, 0.0, 0.0], [0.0, 0.0, 0.0, 0.0, 0.0, 0.0], [0.0, 0.0, 0.0, 0.0, 0.0, 0.0]]}}
bs_latimer_munro_efermi: -0.31507782