material_id: mp-36216
band_gap: 1.0895
efermi: 2.254801999999999
dos_magnetic_ordering: NM
dos_total_task_id: mp-1756891
dos_total_band_gap: 1.1338
dos_total_cbm: 3.3312
dos_total_vbm: 2.1974
dos_total_efermi: 2.1980138
bs_setyawan_curtarolo_task_id: mp-1626769
bs_setyawan_curtarolo_band_gap: 1.0895
bs_setyawan_curtarolo_cbm: {'band_index': {'1': [28]}, 'kpoint_index': ['88'], 'kpoint': <pymatgen.electronic_structure.bandstructure.Kpoint object at 0x7fc699d63930>, 'energy': 3.2988, 'projections': {'1': [[0.0017000000000000001, 0.0017000000000000001, 0.10640000000000001, 0.10640000000000001, 0.0455, 0.0455], [0.013000000000000001, 0.013000000000000001, 0.0001, 0.0001, 0.0284, 0.0284], [0.004, 0.004, 0.0, 0.0, 0.0, 0.0], [0.0, 0.0, 0.0, 0.0, 0.0, 0.0], [0.0, 0.0, 0.0, 0.0, 0.0, 0.0], [0.0166, 0.0166, 0.0, 0.0, 0.0, 0.0], [0.011600000000000001, 0.011600000000000001, 0.0047, 0.0047, 0.0, 0.0], [0.0, 0.0, 0.0, 0.0, 0.0, 0.0], [0.007200000000000001, 0.007200000000000001, 0.0316, 0.0316, 0.0, 0.0]]}}
bs_setyawan_curtarolo_vbm: {'band_index': {'1': [27]}, 'kpoint_index': [32, 33], 'kpoint': <pymatgen.electronic_structure.bandstructure.Kpoint object at 0x7fc5d4b5a350>, 'energy': 2.2093, 'projections': {'1': [[0.0131, 0.0131, 0.0089, 0.0089, 0.0001, 0.0001], [0.0, 0.0, 0.0071, 0.0071, 0.08370000000000001, 0.08370000000000001], [0.0, 0.0, 0.0, 0.0, 0.0, 0.0], [0.0, 0.0, 0.0024000000000000002, 0.0024000000000000002, 0.0646, 0.0646], [0.013600000000000001, 0.013600000000000001, 0.0021000000000000003, 0.0021000000000000003, 0.0, 0.0], [0.06380000000000001, 0.06380000000000001, 0.0, 0.0, 0.0, 0.0], [0.0335, 0.0335, 0.0039000000000000003, 0.0039000000000000003, 0.0, 0.0], [0.0011, 0.0011, 0.0, 0.0, 0.0, 0.0], [0.0021000000000000003, 0.0021000000000000003, 0.0844, 0.0844, 0.0, 0.0]]}}
bs_setyawan_curtarolo_efermi: 2.254801999999999
bs_hinuma_task_id: mp-2089590
bs_hinuma_band_gap: 1.0895
bs_hinuma_cbm: {'band_index': {'1': [28]}, 'kpoint_index': ['2'], 'kpoint': <pymatgen.electronic_structure.bandstructure.Kpoint object at 0x7fc5d4b59d30>, 'energy': 3.2988, 'projections': {'1': [[0.0017000000000000001, 0.0017000000000000001, 0.10640000000000001, 0.10640000000000001, 0.0455, 0.0455], [0.013000000000000001, 0.013000000000000001, 0.0001, 0.0001, 0.0284, 0.0284], [0.004, 0.004, 0.0, 0.0, 0.0, 0.0], [0.0, 0.0, 0.0, 0.0, 0.0, 0.0], [0.0, 0.0, 0.0, 0.0, 0.0, 0.0], [0.0166, 0.0166, 0.0, 0.0, 0.0, 0.0], [0.011600000000000001, 0.011600000000000001, 0.0047, 0.0047, 0.0, 0.0], [0.0, 0.0, 0.0, 0.0, 0.0, 0.0], [0.007200000000000001, 0.007200000000000001, 0.0316, 0.0316, 0.0, 0.0]]}}
bs_hinuma_vbm: {'band_index': {'1': [27]}, 'kpoint_index': [114, 115], 'kpoint': <pymatgen.electronic_structure.bandstructure.Kpoint object at 0x7fc5d4b59e80>, 'energy': 2.2093, 'projections': {'1': [[0.0131, 0.0131, 0.0089, 0.0089, 0.0001, 0.0001], [0.0, 0.0, 0.0071, 0.0071, 0.08370000000000001, 0.08370000000000001], [0.0, 0.0, 0.0, 0.0, 0.0, 0.0], [0.0, 0.0, 0.0024000000000000002, 0.0024000000000000002, 0.0646, 0.0646], [0.013600000000000001, 0.013600000000000001, 0.0021000000000000003, 0.0021000000000000003, 0.0, 0.0], [0.06380000000000001, 0.06380000000000001, 0.0, 0.0, 0.0, 0.0], [0.0335, 0.0335, 0.0039000000000000003, 0.0039000000000000003, 0.0, 0.0], [0.0011, 0.0011, 0.0, 0.0, 0.0, 0.0], [0.0021000000000000003, 0.0021000000000000003, 0.0844, 0.0844, 0.0, 0.0]]}}
bs_hinuma_efermi: 2.34444547
bs_latimer_munro_task_id: mp-2307887
bs_latimer_munro_band_gap: 1.0895
bs_latimer_munro_cbm: {'band_index': {'1': [28]}, 'kpoint_index': ['290'], 'kpoint': <pymatgen.electronic_structure.bandstructure.Kpoint object at 0x7fc5d4b59c50>, 'energy': 3.2988, 'projections': {'1': [[0.0017000000000000001, 0.0017000000000000001, 0.10640000000000001, 0.10640000000000001, 0.0455, 0.0455], [0.013000000000000001, 0.013000000000000001, 0.0001, 0.0001, 0.0284, 0.0284], [0.004, 0.004, 0.0, 0.0, 0.0, 0.0], [0.0, 0.0, 0.0, 0.0, 0.0, 0.0], [0.0, 0.0, 0.0, 0.0, 0.0, 0.0], [0.0166, 0.0166, 0.0, 0.0, 0.0, 0.0], [0.011600000000000001, 0.011600000000000001, 0.0047, 0.0047, 0.0, 0.0], [0.0, 0.0, 0.0, 0.0, 0.0, 0.0], [0.007200000000000001, 0.007200000000000001, 0.0316, 0.0316, 0.0, 0.0]]}}
bs_latimer_munro_vbm: {'band_index': {'1': [27]}, 'kpoint_index': [185, 186, 196], 'kpoint': <pymatgen.electronic_structure.bandstructure.Kpoint object at 0x7fc5d4b5a430>, 'energy': 2.2093, 'projections': {'1': [[0.0131, 0.0131, 0.0089, 0.0089, 0.0001, 0.0001], [0.0, 0.0, 0.0071, 0.0071, 0.08370000000000001, 0.08370000000000001], [0.0, 0.0, 0.0, 0.0, 0.0, 0.0], [0.0, 0.0, 0.0024000000000000002, 0.0024000000000000002, 0.0646, 0.0646], [0.013600000000000001, 0.013600000000000001, 0.0021000000000000003, 0.0021000000000000003, 0.0, 0.0], [0.06380000000000001, 0.06380000000000001, 0.0, 0.0, 0.0, 0.0], [0.0335, 0.0335, 0.0039000000000000003, 0.0039000000000000003, 0.0, 0.0], [0.0011, 0.0011, 0.0, 0.0, 0.0, 0.0], [0.0021000000000000003, 0.0021000000000000003, 0.0844, 0.0844, 0.0, 0.0]]}}
bs_latimer_munro_efermi: 2.26088466