material_id: mp-3319
band_gap: 1.1521
efermi: 4.38552807
dos_magnetic_ordering: NM
dos_total_task_id: mp-1697283
dos_total_band_gap: 1.2525
dos_total_cbm: 5.5963
dos_total_vbm: 4.3438
dos_total_efermi: 4.32363002
bs_setyawan_curtarolo_task_id: mp-698035
bs_setyawan_curtarolo_band_gap: 1.1521
bs_setyawan_curtarolo_cbm: {'band_index': {'1': [62]}, 'kpoint_index': ['14'], 'kpoint': <pymatgen.electronic_structure.bandstructure.Kpoint object at 0x7fc699d63930>, 'energy': 5.5091, 'projections': {'1': [[0.0103, 0.0103, 0.0005, 0.0005, 0.0005, 0.0005, 0.009300000000000001, 0.009300000000000001, 0.009300000000000001, 0.0094, 0.009300000000000001, 0.0094, 0.009300000000000001, 0.009300000000000001], [0.003, 0.003, 0.0007, 0.0007, 0.0007, 0.0007, 0.0055000000000000005, 0.0055000000000000005, 0.0055000000000000005, 0.0055000000000000005, 0.0055000000000000005, 0.0055000000000000005, 0.0055000000000000005, 0.0055000000000000005], [0.0, 0.0, 0.0002, 0.0002, 0.0002, 0.0002, 0.0013000000000000002, 0.0013000000000000002, 0.0013000000000000002, 0.0013000000000000002, 0.0013000000000000002, 0.0013000000000000002, 0.0013000000000000002, 0.0013000000000000002], [0.0, 0.0, 0.0002, 0.0002, 0.0002, 0.0002, 0.0013000000000000002, 0.0013000000000000002, 0.0013000000000000002, 0.0013000000000000002, 0.0013000000000000002, 0.0013000000000000002, 0.0013000000000000002, 0.0013000000000000002], [0.0, 0.0, 0.0, 0.0, 0.0, 0.0, 0.0, 0.0, 0.0, 0.0, 0.0, 0.0, 0.0, 0.0], [0.0, 0.0, 0.0, 0.0, 0.0, 0.0, 0.0, 0.0, 0.0, 0.0, 0.0, 0.0, 0.0, 0.0], [0.0, 0.0, 0.0362, 0.036000000000000004, 0.0359, 0.0361, 0.0, 0.0, 0.0, 0.0, 0.0, 0.0, 0.0, 0.0], [0.0, 0.0, 0.0038, 0.0036000000000000003, 0.0036000000000000003, 0.0038, 0.0, 0.0, 0.0, 0.0, 0.0, 0.0, 0.0, 0.0], [0.0, 0.0, 0.1085, 0.10830000000000001, 0.10790000000000001, 0.1082, 0.0, 0.0, 0.0, 0.0, 0.0, 0.0, 0.0, 0.0]]}}
bs_setyawan_curtarolo_vbm: {'band_index': {'1': [60, 61]}, 'kpoint_index': [15, 16, 108], 'kpoint': <pymatgen.electronic_structure.bandstructure.Kpoint object at 0x7fc5d4b59e80>, 'energy': 4.357, 'projections': {'1': [[0.0, 0.0, 0.0, 0.0, 0.0, 0.0, 0.0, 0.0, 0.0, 0.0, 0.0, 0.0, 0.0, 0.0], [0.0, 0.0, 0.0, 0.0, 0.0022, 0.0022, 0.0001, 0.0001, 0.039400000000000004, 0.039400000000000004, 0.039400000000000004, 0.039400000000000004, 0.0001, 0.0001], [0.00030000000000000003, 0.00030000000000000003, 0.0, 0.0, 0.0008, 0.0008, 0.012100000000000001, 0.0123, 0.0001, 0.0002, 0.0001, 0.0001, 0.0122, 0.0122], [0.00030000000000000003, 0.00030000000000000003, 0.0, 0.0, 0.0008, 0.0009000000000000001, 0.0122, 0.0122, 0.0001, 0.0001, 0.0002, 0.0002, 0.012100000000000001, 0.0123], [0.0, 0.0, 0.1607, 0.16190000000000002, 0.00030000000000000003, 0.00030000000000000003, 0.0, 0.0, 0.0, 0.0, 0.0, 0.0, 0.0, 0.0], [0.0, 0.0, 0.1597, 0.16110000000000002, 0.00030000000000000003, 0.00030000000000000003, 0.0, 0.0, 0.0, 0.0, 0.0, 0.0, 0.0, 0.0], [0.0, 0.0, 0.00030000000000000003, 0.0002, 0.0, 0.0, 0.0, 0.0, 0.0, 0.0, 0.0, 0.0, 0.0, 0.0], [0.0, 0.0, 0.0, 0.0, 0.0, 0.0, 0.0, 0.0, 0.0, 0.0, 0.0, 0.0, 0.0, 0.0], [0.0, 0.0, 0.0001, 0.0001, 0.0, 0.0, 0.0, 0.0, 0.0, 0.0, 0.0, 0.0, 0.0, 0.0]]}}
bs_setyawan_curtarolo_efermi: 4.38552807