material_id: mp-3889
band_gap: 4.1041
efermi: 0.7507045800000001
dos_magnetic_ordering: NM
dos_total_task_id: mp-1673815
dos_total_band_gap: 4.4222
dos_total_cbm: 5.1037
dos_total_vbm: 0.6815
dos_total_efermi: 0.6870636999999991
bs_setyawan_curtarolo_task_id: mp-1606417
bs_setyawan_curtarolo_band_gap: 4.1041
bs_setyawan_curtarolo_cbm: {'band_index': {'1': [66]}, 'kpoint_index': [0, 51, 52], 'kpoint': <pymatgen.electronic_structure.bandstructure.Kpoint object at 0x7fc699d63930>, 'energy': 4.7412, 'projections': {'1': [[0.0171, 0.0171, 0.0172, 0.0172, 0.0171, 0.0171, 0.003, 0.003, 0.003, 0.003, 0.003, 0.003, 0.014700000000000001, 0.014700000000000001, 0.014700000000000001, 0.014700000000000001, 0.014700000000000001, 0.014700000000000001, 0.010100000000000001, 0.010100000000000001, 0.010100000000000001, 0.010100000000000001, 0.010100000000000001, 0.010100000000000001], [0.0, 0.0001, 0.0, 0.0, 0.0001, 0.0, 0.0, 0.0, 0.0002, 0.0, 0.0002, 0.0, 0.0001, 0.00030000000000000003, 0.0001, 0.0001, 0.0001, 0.00030000000000000003, 0.0, 0.0001, 0.0, 0.0, 0.0001, 0.0], [0.0, 0.0, 0.0, 0.0, 0.0, 0.0, 0.0, 0.0, 0.0, 0.0, 0.0, 0.0, 0.0001, 0.0, 0.0001, 0.0001, 0.0001, 0.0, 0.0, 0.0, 0.0, 0.0, 0.0, 0.0], [0.0, 0.0, 0.0, 0.0, 0.0, 0.0, 0.0001, 0.0001, 0.0, 0.0001, 0.0, 0.0001, 0.0001, 0.0, 0.0001, 0.0001, 0.0001, 0.0, 0.0, 0.0, 0.0, 0.0, 0.0, 0.0], [0.0, 0.0, 0.0, 0.0, 0.0, 0.0, 0.0, 0.0, 0.0, 0.0, 0.0, 0.0, 0.0, 0.0, 0.0, 0.0, 0.0, 0.0, 0.0, 0.0, 0.0, 0.0, 0.0, 0.0], [0.0, 0.0, 0.0, 0.0, 0.0, 0.0, 0.0, 0.0, 0.0, 0.0, 0.0, 0.0, 0.0, 0.0, 0.0, 0.0, 0.0, 0.0, 0.0, 0.0, 0.0, 0.0, 0.0, 0.0], [0.0, 0.0, 0.0, 0.0, 0.0, 0.0, 0.0, 0.0, 0.0, 0.0, 0.0, 0.0, 0.0, 0.0, 0.0, 0.0, 0.0, 0.0, 0.0, 0.0, 0.0, 0.0, 0.0, 0.0], [0.0, 0.0, 0.0, 0.0, 0.0, 0.0, 0.0, 0.0, 0.0, 0.0, 0.0, 0.0, 0.0, 0.0, 0.0, 0.0, 0.0, 0.0, 0.0, 0.0, 0.0, 0.0, 0.0, 0.0], [0.0, 0.0, 0.0, 0.0, 0.0, 0.0, 0.0, 0.0, 0.0, 0.0, 0.0, 0.0, 0.0, 0.0, 0.0, 0.0, 0.0, 0.0, 0.0, 0.0, 0.0, 0.0, 0.0, 0.0]]}}
bs_setyawan_curtarolo_vbm: {'band_index': {'1': [65]}, 'kpoint_index': [0, 51, 52], 'kpoint': <pymatgen.electronic_structure.bandstructure.Kpoint object at 0x7fc5d4b5a430>, 'energy': 0.6371, 'projections': {'1': [[0.0, 0.0, 0.0, 0.0, 0.0, 0.0, 0.0, 0.0, 0.0, 0.0, 0.0, 0.0, 0.0, 0.0, 0.0, 0.0, 0.0, 0.0, 0.0, 0.0, 0.0, 0.0, 0.0, 0.0], [0.0002, 0.0, 0.0002, 0.0002, 0.0, 0.0002, 0.0002, 0.0002, 0.0, 0.0002, 0.0, 0.0002, 0.010400000000000001, 0.0, 0.010400000000000001, 0.010400000000000001, 0.010400000000000001, 0.0, 0.07880000000000001, 0.0, 0.07880000000000001, 0.0789, 0.0, 0.07880000000000001], [0.0, 0.0001, 0.0, 0.0, 0.0001, 0.0, 0.0, 0.0, 0.00030000000000000003, 0.0, 0.00030000000000000003, 0.0, 0.003, 0.0016, 0.003, 0.003, 0.003, 0.0016, 0.019200000000000002, 0.014700000000000001, 0.019200000000000002, 0.019200000000000002, 0.014700000000000001, 0.019200000000000002], [0.0, 0.0002, 0.0, 0.0, 0.0002, 0.0, 0.0002, 0.0002, 0.0, 0.0002, 0.0, 0.0002, 0.0012000000000000001, 0.013000000000000001, 0.0012000000000000001, 0.0012000000000000001, 0.0012000000000000001, 0.013000000000000001, 0.0108, 0.0941, 0.0108, 0.0108, 0.0942, 0.0108], [0.0, 0.0, 0.0, 0.0, 0.0, 0.0, 0.0, 0.0, 0.0, 0.0, 0.0, 0.0, 0.0, 0.0, 0.0, 0.0, 0.0, 0.0, 0.0, 0.0, 0.0, 0.0, 0.0, 0.0], [0.0, 0.0, 0.0, 0.0, 0.0, 0.0, 0.0, 0.0, 0.0, 0.0, 0.0, 0.0, 0.0, 0.0, 0.0, 0.0, 0.0, 0.0, 0.0, 0.0, 0.0, 0.0, 0.0, 0.0], [0.0, 0.0, 0.0, 0.0, 0.0, 0.0, 0.0, 0.0, 0.0, 0.0, 0.0, 0.0, 0.0, 0.0, 0.0, 0.0, 0.0, 0.0, 0.0, 0.0, 0.0, 0.0, 0.0, 0.0], [0.0, 0.0, 0.0, 0.0, 0.0, 0.0, 0.0, 0.0, 0.0, 0.0, 0.0, 0.0, 0.0, 0.0, 0.0, 0.0, 0.0, 0.0, 0.0, 0.0, 0.0, 0.0, 0.0, 0.0], [0.0, 0.0, 0.0, 0.0, 0.0, 0.0, 0.0, 0.0, 0.0, 0.0, 0.0, 0.0, 0.0, 0.0, 0.0, 0.0, 0.0, 0.0, 0.0, 0.0, 0.0, 0.0, 0.0, 0.0]]}}
bs_setyawan_curtarolo_efermi: 0.7507045800000001
bs_hinuma_task_id: mp-2170735
bs_hinuma_band_gap: 4.1041
bs_hinuma_cbm: {'band_index': {'1': [66]}, 'kpoint_index': [0, 56, 57], 'kpoint': <pymatgen.electronic_structure.bandstructure.Kpoint object at 0x7fc5d4b59c50>, 'energy': 4.7412, 'projections': {'1': [[0.0171, 0.0171, 0.0172, 0.0172, 0.0171, 0.0171, 0.003, 0.003, 0.003, 0.003, 0.003, 0.003, 0.014700000000000001, 0.014700000000000001, 0.014700000000000001, 0.014700000000000001, 0.014700000000000001, 0.014700000000000001, 0.010100000000000001, 0.010100000000000001, 0.010100000000000001, 0.010100000000000001, 0.010100000000000001, 0.010100000000000001], [0.0, 0.0001, 0.0, 0.0, 0.0001, 0.0, 0.0, 0.0, 0.0002, 0.0, 0.0002, 0.0, 0.0001, 0.00030000000000000003, 0.0001, 0.0001, 0.0001, 0.00030000000000000003, 0.0, 0.0001, 0.0, 0.0, 0.0001, 0.0], [0.0, 0.0, 0.0, 0.0, 0.0, 0.0, 0.0, 0.0, 0.0, 0.0, 0.0, 0.0, 0.0001, 0.0, 0.0001, 0.0001, 0.0001, 0.0, 0.0, 0.0, 0.0, 0.0, 0.0, 0.0], [0.0, 0.0, 0.0, 0.0, 0.0, 0.0, 0.0001, 0.0001, 0.0, 0.0001, 0.0, 0.0001, 0.0001, 0.0, 0.0001, 0.0001, 0.0001, 0.0, 0.0, 0.0, 0.0, 0.0, 0.0, 0.0], [0.0, 0.0, 0.0, 0.0, 0.0, 0.0, 0.0, 0.0, 0.0, 0.0, 0.0, 0.0, 0.0, 0.0, 0.0, 0.0, 0.0, 0.0, 0.0, 0.0, 0.0, 0.0, 0.0, 0.0], [0.0, 0.0, 0.0, 0.0, 0.0, 0.0, 0.0, 0.0, 0.0, 0.0, 0.0, 0.0, 0.0, 0.0, 0.0, 0.0, 0.0, 0.0, 0.0, 0.0, 0.0, 0.0, 0.0, 0.0], [0.0, 0.0, 0.0, 0.0, 0.0, 0.0, 0.0, 0.0, 0.0, 0.0, 0.0, 0.0, 0.0, 0.0, 0.0, 0.0, 0.0, 0.0, 0.0, 0.0, 0.0, 0.0, 0.0, 0.0], [0.0, 0.0, 0.0, 0.0, 0.0, 0.0, 0.0, 0.0, 0.0, 0.0, 0.0, 0.0, 0.0, 0.0, 0.0, 0.0, 0.0, 0.0, 0.0, 0.0, 0.0, 0.0, 0.0, 0.0], [0.0, 0.0, 0.0, 0.0, 0.0, 0.0, 0.0, 0.0, 0.0, 0.0, 0.0, 0.0, 0.0, 0.0, 0.0, 0.0, 0.0, 0.0, 0.0, 0.0, 0.0, 0.0, 0.0, 0.0]]}}
bs_hinuma_vbm: {'band_index': {'1': [65]}, 'kpoint_index': [0, 56, 57], 'kpoint': <pymatgen.electronic_structure.bandstructure.Kpoint object at 0x7fc5d4b59e80>, 'energy': 0.6371, 'projections': {'1': [[0.0, 0.0, 0.0, 0.0, 0.0, 0.0, 0.0, 0.0, 0.0, 0.0, 0.0, 0.0, 0.0, 0.0, 0.0, 0.0, 0.0, 0.0, 0.0, 0.0, 0.0, 0.0, 0.0, 0.0], [0.0002, 0.0, 0.0002, 0.0002, 0.0, 0.0002, 0.0002, 0.0002, 0.0, 0.0002, 0.0, 0.0002, 0.010400000000000001, 0.0, 0.010400000000000001, 0.010400000000000001, 0.010400000000000001, 0.0, 0.07880000000000001, 0.0, 0.07880000000000001, 0.0789, 0.0, 0.07880000000000001], [0.0, 0.0001, 0.0, 0.0, 0.0001, 0.0, 0.0, 0.0, 0.00030000000000000003, 0.0, 0.00030000000000000003, 0.0, 0.003, 0.0016, 0.003, 0.003, 0.003, 0.0016, 0.019200000000000002, 0.014700000000000001, 0.019200000000000002, 0.019200000000000002, 0.014700000000000001, 0.019200000000000002], [0.0, 0.0002, 0.0, 0.0, 0.0002, 0.0, 0.0002, 0.0002, 0.0, 0.0002, 0.0, 0.0002, 0.0012000000000000001, 0.013000000000000001, 0.0012000000000000001, 0.0012000000000000001, 0.0012000000000000001, 0.013000000000000001, 0.0108, 0.0941, 0.0108, 0.0108, 0.0942, 0.0108], [0.0, 0.0, 0.0, 0.0, 0.0, 0.0, 0.0, 0.0, 0.0, 0.0, 0.0, 0.0, 0.0, 0.0, 0.0, 0.0, 0.0, 0.0, 0.0, 0.0, 0.0, 0.0, 0.0, 0.0], [0.0, 0.0, 0.0, 0.0, 0.0, 0.0, 0.0, 0.0, 0.0, 0.0, 0.0, 0.0, 0.0, 0.0, 0.0, 0.0, 0.0, 0.0, 0.0, 0.0, 0.0, 0.0, 0.0, 0.0], [0.0, 0.0, 0.0, 0.0, 0.0, 0.0, 0.0, 0.0, 0.0, 0.0, 0.0, 0.0, 0.0, 0.0, 0.0, 0.0, 0.0, 0.0, 0.0, 0.0, 0.0, 0.0, 0.0, 0.0], [0.0, 0.0, 0.0, 0.0, 0.0, 0.0, 0.0, 0.0, 0.0, 0.0, 0.0, 0.0, 0.0, 0.0, 0.0, 0.0, 0.0, 0.0, 0.0, 0.0, 0.0, 0.0, 0.0, 0.0], [0.0, 0.0, 0.0, 0.0, 0.0, 0.0, 0.0, 0.0, 0.0, 0.0, 0.0, 0.0, 0.0, 0.0, 0.0, 0.0, 0.0, 0.0, 0.0, 0.0, 0.0, 0.0, 0.0, 0.0]]}}
bs_hinuma_efermi: 0.77626921
bs_latimer_munro_task_id: mp-2605246
bs_latimer_munro_band_gap: 4.1041
bs_latimer_munro_cbm: {'band_index': {'1': [66]}, 'kpoint_index': [21, 22, 104, 105, 151, 152, 165], 'kpoint': <pymatgen.electronic_structure.bandstructure.Kpoint object at 0x7fc5d4b59be0>, 'energy': 4.7412, 'projections': {'1': [[0.0172, 0.0171, 0.0171, 0.0171, 0.0171, 0.0171, 0.003, 0.003, 0.003, 0.003, 0.003, 0.003, 0.014700000000000001, 0.014700000000000001, 0.014700000000000001, 0.014700000000000001, 0.014700000000000001, 0.014700000000000001, 0.010100000000000001, 0.010100000000000001, 0.010100000000000001, 0.010100000000000001, 0.010100000000000001, 0.010100000000000001], [0.0, 0.0001, 0.0, 0.0, 0.0001, 0.0, 0.0, 0.0, 0.0002, 0.0, 0.0002, 0.0, 0.0001, 0.00030000000000000003, 0.0001, 0.0001, 0.0001, 0.00030000000000000003, 0.0, 0.0001, 0.0, 0.0, 0.0001, 0.0], [0.0, 0.0, 0.0, 0.0, 0.0, 0.0, 0.0, 0.0, 0.0, 0.0, 0.0, 0.0, 0.0001, 0.0, 0.0001, 0.0001, 0.0001, 0.0, 0.0, 0.0, 0.0, 0.0, 0.0, 0.0], [0.0, 0.0, 0.0, 0.0, 0.0, 0.0, 0.0001, 0.0001, 0.0, 0.0001, 0.0, 0.0001, 0.0001, 0.0, 0.0001, 0.0001, 0.0001, 0.0, 0.0, 0.0, 0.0, 0.0, 0.0, 0.0], [0.0, 0.0, 0.0, 0.0, 0.0, 0.0, 0.0, 0.0, 0.0, 0.0, 0.0, 0.0, 0.0, 0.0, 0.0, 0.0, 0.0, 0.0, 0.0, 0.0, 0.0, 0.0, 0.0, 0.0], [0.0, 0.0, 0.0, 0.0, 0.0, 0.0, 0.0, 0.0, 0.0, 0.0, 0.0, 0.0, 0.0, 0.0, 0.0, 0.0, 0.0, 0.0, 0.0, 0.0, 0.0, 0.0, 0.0, 0.0], [0.0, 0.0, 0.0, 0.0, 0.0, 0.0, 0.0, 0.0, 0.0, 0.0, 0.0, 0.0, 0.0, 0.0, 0.0, 0.0, 0.0, 0.0, 0.0, 0.0, 0.0, 0.0, 0.0, 0.0], [0.0, 0.0, 0.0, 0.0, 0.0, 0.0, 0.0, 0.0, 0.0, 0.0, 0.0, 0.0, 0.0, 0.0, 0.0, 0.0, 0.0, 0.0, 0.0, 0.0, 0.0, 0.0, 0.0, 0.0], [0.0, 0.0, 0.0, 0.0, 0.0, 0.0, 0.0, 0.0, 0.0, 0.0, 0.0, 0.0, 0.0, 0.0, 0.0, 0.0, 0.0, 0.0, 0.0, 0.0, 0.0, 0.0, 0.0, 0.0]]}}
bs_latimer_munro_vbm: {'band_index': {'1': [65]}, 'kpoint_index': [21, 22, 104, 105, 151, 152, 165], 'kpoint': <pymatgen.electronic_structure.bandstructure.Kpoint object at 0x7fc5d4b5a200>, 'energy': 0.6371, 'projections': {'1': [[0.0, 0.0, 0.0, 0.0, 0.0, 0.0, 0.0, 0.0, 0.0, 0.0, 0.0, 0.0, 0.0, 0.0, 0.0, 0.0, 0.0, 0.0, 0.0, 0.0, 0.0, 0.0, 0.0, 0.0], [0.0002, 0.0, 0.0002, 0.0002, 0.0, 0.0002, 0.0002, 0.0002, 0.0, 0.0002, 0.0, 0.0002, 0.010400000000000001, 0.0, 0.010400000000000001, 0.010400000000000001, 0.010400000000000001, 0.0, 0.07880000000000001, 0.0, 0.07880000000000001, 0.0789, 0.0, 0.07880000000000001], [0.0, 0.0001, 0.0, 0.0, 0.0001, 0.0, 0.0, 0.0, 0.00030000000000000003, 0.0, 0.00030000000000000003, 0.0, 0.003, 0.0016, 0.003, 0.003, 0.003, 0.0016, 0.019200000000000002, 0.014700000000000001, 0.019200000000000002, 0.019200000000000002, 0.014700000000000001, 0.019200000000000002], [0.0, 0.0002, 0.0, 0.0, 0.0002, 0.0, 0.0002, 0.0002, 0.0, 0.0002, 0.0, 0.0002, 0.0012000000000000001, 0.013000000000000001, 0.0012000000000000001, 0.0012000000000000001, 0.0012000000000000001, 0.013000000000000001, 0.0108, 0.0941, 0.0108, 0.0108, 0.0942, 0.0108], [0.0, 0.0, 0.0, 0.0, 0.0, 0.0, 0.0, 0.0, 0.0, 0.0, 0.0, 0.0, 0.0, 0.0, 0.0, 0.0, 0.0, 0.0, 0.0, 0.0, 0.0, 0.0, 0.0, 0.0], [0.0, 0.0, 0.0, 0.0, 0.0, 0.0, 0.0, 0.0, 0.0, 0.0, 0.0, 0.0, 0.0, 0.0, 0.0, 0.0, 0.0, 0.0, 0.0, 0.0, 0.0, 0.0, 0.0, 0.0], [0.0, 0.0, 0.0, 0.0, 0.0, 0.0, 0.0, 0.0, 0.0, 0.0, 0.0, 0.0, 0.0, 0.0, 0.0, 0.0, 0.0, 0.0, 0.0, 0.0, 0.0, 0.0, 0.0, 0.0], [0.0, 0.0, 0.0, 0.0, 0.0, 0.0, 0.0, 0.0, 0.0, 0.0, 0.0, 0.0, 0.0, 0.0, 0.0, 0.0, 0.0, 0.0, 0.0, 0.0, 0.0, 0.0, 0.0, 0.0], [0.0, 0.0, 0.0, 0.0, 0.0, 0.0, 0.0, 0.0, 0.0, 0.0, 0.0, 0.0, 0.0, 0.0, 0.0, 0.0, 0.0, 0.0, 0.0, 0.0, 0.0, 0.0, 0.0, 0.0]]}}
bs_latimer_munro_efermi: 0.74399318