material_id: mp-30187
band_gap: 3.5124999999999993
efermi: 2.695629669999999
dos_magnetic_ordering: NM
dos_total_task_id: mp-1671421
dos_total_band_gap: 3.5068
dos_total_cbm: 6.1721
dos_total_vbm: 2.6653000000000002
dos_total_efermi: 2.6680993600000003
bs_setyawan_curtarolo_task_id: mp-1605095
bs_setyawan_curtarolo_band_gap: 3.5124999999999993
bs_setyawan_curtarolo_cbm: {'band_index': {'1': [58]}, 'kpoint_index': [25], 'kpoint': <pymatgen.electronic_structure.bandstructure.Kpoint object at 0x7fc699d63930>, 'energy': 6.1651, 'projections': {'1': [[0.021400000000000002, 0.021, 0.0172, 0.0023, 0.001, 0.0005, 0.0095, 0.0419, 0.0, 0.0055000000000000005, 0.0033, 0.004200000000000001, 0.0, 0.0151, 0.0005, 0.0007, 0.0017000000000000001], [0.0001, 0.0024000000000000002, 0.0, 0.1188, 0.0007, 0.006, 0.012100000000000001, 0.0012000000000000001, 0.0, 0.0004, 0.0001, 0.0026000000000000003, 0.0014, 0.0, 0.0023, 0.0142, 0.005200000000000001], [0.0033, 0.0028, 0.0011, 0.0304, 0.0049, 0.0097, 0.0002, 0.0027, 0.0004, 0.0001, 0.0002, 0.005, 0.006500000000000001, 0.0053, 0.0, 0.014100000000000001, 0.0017000000000000001], [0.0001, 0.001, 0.15030000000000002, 0.0103, 0.0001, 0.0152, 0.006, 0.0015, 0.0039000000000000003, 0.019100000000000002, 0.0005, 0.0, 0.014400000000000001, 0.0007, 0.00030000000000000003, 0.0014, 0.0], [0.00030000000000000003, 0.0002, 0.0027, 0.0001, 0.0001, 0.0014, 0.0, 0.0, 0.0, 0.0, 0.0, 0.0, 0.0, 0.0, 0.0, 0.0, 0.0], [0.0001, 0.0, 0.0005, 0.00030000000000000003, 0.00030000000000000003, 0.0, 0.0, 0.0, 0.0, 0.0, 0.0, 0.0, 0.0, 0.0, 0.0, 0.0, 0.0], [0.0002, 0.0, 0.003, 0.00030000000000000003, 0.0005, 0.001, 0.0, 0.0, 0.0, 0.0, 0.0, 0.0, 0.0, 0.0, 0.0, 0.0, 0.0], [0.00030000000000000003, 0.0005, 0.0015, 0.0007, 0.0004, 0.0053, 0.0, 0.0, 0.0, 0.0, 0.0, 0.0, 0.0, 0.0, 0.0, 0.0, 0.0], [0.0002, 0.0002, 0.0002, 0.0001, 0.0012000000000000001, 0.0002, 0.0, 0.0, 0.0, 0.0, 0.0, 0.0, 0.0, 0.0, 0.0, 0.0, 0.0]]}}
bs_setyawan_curtarolo_vbm: {'band_index': {'1': [57]}, 'kpoint_index': ['34'], 'kpoint': <pymatgen.electronic_structure.bandstructure.Kpoint object at 0x7fc5d4b59c50>, 'energy': 2.6526, 'projections': {'1': [[0.0005, 0.0001, 0.0135, 0.0366, 0.0014, 0.0123, 0.00030000000000000003, 0.0008, 0.0002, 0.0002, 0.0, 0.0002, 0.0001, 0.0004, 0.0, 0.0001, 0.0], [0.00030000000000000003, 0.0013000000000000002, 0.0001, 0.0007, 0.0006000000000000001, 0.0112, 0.012700000000000001, 0.0008, 0.0751, 0.027200000000000002, 0.0012000000000000001, 0.0013000000000000002, 0.0027, 0.029500000000000002, 0.0033, 0.0143, 0.004200000000000001], [0.0014, 0.0004, 0.0137, 0.0335, 0.0009000000000000001, 0.0019, 0.0346, 0.1012, 0.028300000000000002, 0.0149, 0.0045000000000000005, 0.0111, 0.0352, 0.0143, 0.024300000000000002, 0.006200000000000001, 0.0081], [0.0, 0.0, 0.0194, 0.0001, 0.0011, 0.0002, 0.0109, 0.02, 0.0066, 0.0039000000000000003, 0.028, 0.0013000000000000002, 0.0182, 0.0222, 0.0007, 0.0318, 0.0009000000000000001], [0.0001, 0.00030000000000000003, 0.0005, 0.0002, 0.00030000000000000003, 0.0, 0.0, 0.0, 0.0, 0.0, 0.0, 0.0, 0.0, 0.0, 0.0, 0.0, 0.0], [0.00030000000000000003, 0.0, 0.00030000000000000003, 0.0, 0.0002, 0.0015, 0.0, 0.0, 0.0, 0.0, 0.0, 0.0, 0.0, 0.0, 0.0, 0.0, 0.0], [0.0019, 0.0002, 0.0002, 0.0019, 0.0007, 0.0004, 0.0, 0.0, 0.0, 0.0, 0.0, 0.0, 0.0, 0.0, 0.0, 0.0, 0.0], [0.00030000000000000003, 0.0001, 0.0018000000000000002, 0.0001, 0.0004, 0.0, 0.0, 0.0, 0.0, 0.0, 0.0, 0.0, 0.0, 0.0, 0.0, 0.0, 0.0], [0.0001, 0.00030000000000000003, 0.0, 0.0001, 0.0, 0.00030000000000000003, 0.0, 0.0, 0.0, 0.0, 0.0, 0.0, 0.0, 0.0, 0.0, 0.0, 0.0]]}}
bs_setyawan_curtarolo_efermi: 2.695629669999999
bs_hinuma_task_id: mp-2182356
bs_hinuma_band_gap: 3.5124999999999993
bs_hinuma_cbm: {'band_index': {'1': [58]}, 'kpoint_index': [13], 'kpoint': <pymatgen.electronic_structure.bandstructure.Kpoint object at 0x7fc5d4b59be0>, 'energy': 6.1651, 'projections': {'1': [[0.021400000000000002, 0.021, 0.0172, 0.0023, 0.001, 0.0005, 0.0095, 0.0419, 0.0, 0.0055000000000000005, 0.0033, 0.004200000000000001, 0.0, 0.0151, 0.0005, 0.0007, 0.0017000000000000001], [0.0001, 0.0024000000000000002, 0.0, 0.1188, 0.0007, 0.006, 0.012100000000000001, 0.0012000000000000001, 0.0, 0.0004, 0.0001, 0.0026000000000000003, 0.0014, 0.0, 0.0023, 0.0142, 0.005200000000000001], [0.0033, 0.0028, 0.0011, 0.0304, 0.0049, 0.0097, 0.0002, 0.0027, 0.0004, 0.0001, 0.0002, 0.005, 0.006500000000000001, 0.0053, 0.0, 0.014100000000000001, 0.0017000000000000001], [0.0001, 0.001, 0.15030000000000002, 0.0103, 0.0001, 0.0152, 0.006, 0.0015, 0.0039000000000000003, 0.019100000000000002, 0.0005, 0.0, 0.014400000000000001, 0.0007, 0.00030000000000000003, 0.0014, 0.0], [0.00030000000000000003, 0.0002, 0.0027, 0.0001, 0.0001, 0.0014, 0.0, 0.0, 0.0, 0.0, 0.0, 0.0, 0.0, 0.0, 0.0, 0.0, 0.0], [0.0001, 0.0, 0.0005, 0.00030000000000000003, 0.00030000000000000003, 0.0, 0.0, 0.0, 0.0, 0.0, 0.0, 0.0, 0.0, 0.0, 0.0, 0.0, 0.0], [0.0002, 0.0, 0.003, 0.00030000000000000003, 0.0005, 0.001, 0.0, 0.0, 0.0, 0.0, 0.0, 0.0, 0.0, 0.0, 0.0, 0.0, 0.0], [0.00030000000000000003, 0.0005, 0.0015, 0.0007, 0.0004, 0.0053, 0.0, 0.0, 0.0, 0.0, 0.0, 0.0, 0.0, 0.0, 0.0, 0.0, 0.0], [0.0002, 0.0002, 0.0002, 0.0001, 0.0012000000000000001, 0.0002, 0.0, 0.0, 0.0, 0.0, 0.0, 0.0, 0.0, 0.0, 0.0, 0.0, 0.0]]}}
bs_hinuma_vbm: {'band_index': {'1': [57]}, 'kpoint_index': ['91'], 'kpoint': <pymatgen.electronic_structure.bandstructure.Kpoint object at 0x7fc5d4b5a200>, 'energy': 2.6526, 'projections': {'1': [[0.0005, 0.0001, 0.0135, 0.0366, 0.0014, 0.0123, 0.00030000000000000003, 0.0008, 0.0002, 0.0002, 0.0, 0.0002, 0.0001, 0.0004, 0.0, 0.0001, 0.0], [0.00030000000000000003, 0.0013000000000000002, 0.0001, 0.0007, 0.0006000000000000001, 0.0112, 0.012700000000000001, 0.0008, 0.0751, 0.027200000000000002, 0.0012000000000000001, 0.0013000000000000002, 0.0027, 0.029500000000000002, 0.0033, 0.0143, 0.004200000000000001], [0.0014, 0.0004, 0.0137, 0.0335, 0.0009000000000000001, 0.0019, 0.0346, 0.1012, 0.028300000000000002, 0.0149, 0.0045000000000000005, 0.0111, 0.0352, 0.0143, 0.024300000000000002, 0.006200000000000001, 0.0081], [0.0, 0.0, 0.0194, 0.0001, 0.0011, 0.0002, 0.0109, 0.02, 0.0066, 0.0039000000000000003, 0.028, 0.0013000000000000002, 0.0182, 0.0222, 0.0007, 0.0318, 0.0009000000000000001], [0.0001, 0.00030000000000000003, 0.0005, 0.0002, 0.00030000000000000003, 0.0, 0.0, 0.0, 0.0, 0.0, 0.0, 0.0, 0.0, 0.0, 0.0, 0.0, 0.0], [0.00030000000000000003, 0.0, 0.00030000000000000003, 0.0, 0.0002, 0.0015, 0.0, 0.0, 0.0, 0.0, 0.0, 0.0, 0.0, 0.0, 0.0, 0.0, 0.0], [0.0019, 0.0002, 0.0002, 0.0019, 0.0007, 0.0004, 0.0, 0.0, 0.0, 0.0, 0.0, 0.0, 0.0, 0.0, 0.0, 0.0, 0.0], [0.00030000000000000003, 0.0001, 0.0018000000000000002, 0.0001, 0.0004, 0.0, 0.0, 0.0, 0.0, 0.0, 0.0, 0.0, 0.0, 0.0, 0.0, 0.0, 0.0], [0.0001, 0.00030000000000000003, 0.0, 0.0001, 0.0, 0.00030000000000000003, 0.0, 0.0, 0.0, 0.0, 0.0, 0.0, 0.0, 0.0, 0.0, 0.0, 0.0]]}}
bs_hinuma_efermi: 2.8061367500000003
bs_latimer_munro_task_id: mp-2446173
bs_latimer_munro_band_gap: 3.5124999999999993
bs_latimer_munro_cbm: {'band_index': {'1': [58]}, 'kpoint_index': [57], 'kpoint': <pymatgen.electronic_structure.bandstructure.Kpoint object at 0x7fc5d4b5a430>, 'energy': 6.1651, 'projections': {'1': [[0.021400000000000002, 0.021, 0.0172, 0.0023, 0.001, 0.0005, 0.0095, 0.0419, 0.0, 0.0055000000000000005, 0.0033, 0.004200000000000001, 0.0, 0.0151, 0.0005, 0.0007, 0.0017000000000000001], [0.0001, 0.0024000000000000002, 0.0, 0.1188, 0.0007, 0.006, 0.012100000000000001, 0.0012000000000000001, 0.0, 0.0004, 0.0001, 0.0026000000000000003, 0.0014, 0.0, 0.0023, 0.0142, 0.005200000000000001], [0.0033, 0.0028, 0.0011, 0.0304, 0.0049, 0.0097, 0.0002, 0.0027, 0.0004, 0.0001, 0.0002, 0.005, 0.006500000000000001, 0.0053, 0.0, 0.014100000000000001, 0.0017000000000000001], [0.0001, 0.001, 0.15030000000000002, 0.0103, 0.0001, 0.0152, 0.006, 0.0015, 0.0039000000000000003, 0.019100000000000002, 0.0005, 0.0, 0.014400000000000001, 0.0007, 0.00030000000000000003, 0.0014, 0.0], [0.00030000000000000003, 0.0002, 0.0027, 0.0001, 0.0001, 0.0014, 0.0, 0.0, 0.0, 0.0, 0.0, 0.0, 0.0, 0.0, 0.0, 0.0, 0.0], [0.0001, 0.0, 0.0005, 0.00030000000000000003, 0.00030000000000000003, 0.0, 0.0, 0.0, 0.0, 0.0, 0.0, 0.0, 0.0, 0.0, 0.0, 0.0, 0.0], [0.0002, 0.0, 0.003, 0.00030000000000000003, 0.0005, 0.001, 0.0, 0.0, 0.0, 0.0, 0.0, 0.0, 0.0, 0.0, 0.0, 0.0, 0.0], [0.00030000000000000003, 0.0005, 0.0015, 0.0007, 0.0004, 0.0053, 0.0, 0.0, 0.0, 0.0, 0.0, 0.0, 0.0, 0.0, 0.0, 0.0, 0.0], [0.0002, 0.0002, 0.0002, 0.0001, 0.0012000000000000001, 0.0002, 0.0, 0.0, 0.0, 0.0, 0.0, 0.0, 0.0, 0.0, 0.0, 0.0, 0.0]]}}
bs_latimer_munro_vbm: {'band_index': {'1': [57]}, 'kpoint_index': ['35'], 'kpoint': <pymatgen.electronic_structure.bandstructure.Kpoint object at 0x7fc5d4b59e80>, 'energy': 2.6526, 'projections': {'1': [[0.0005, 0.0001, 0.0135, 0.0366, 0.0014, 0.0123, 0.00030000000000000003, 0.0008, 0.0002, 0.0002, 0.0, 0.0002, 0.0001, 0.0004, 0.0, 0.0001, 0.0], [0.00030000000000000003, 0.0013000000000000002, 0.0001, 0.0007, 0.0006000000000000001, 0.0112, 0.012700000000000001, 0.0008, 0.0751, 0.027200000000000002, 0.0012000000000000001, 0.0013000000000000002, 0.0027, 0.029500000000000002, 0.0033, 0.0143, 0.004200000000000001], [0.0014, 0.0004, 0.0137, 0.0335, 0.0009000000000000001, 0.0019, 0.0346, 0.1012, 0.028300000000000002, 0.0149, 0.0045000000000000005, 0.0111, 0.0352, 0.0143, 0.024300000000000002, 0.006200000000000001, 0.0081], [0.0, 0.0, 0.0194, 0.0001, 0.0011, 0.0002, 0.0109, 0.02, 0.0066, 0.0039000000000000003, 0.028, 0.0013000000000000002, 0.0182, 0.0222, 0.0007, 0.0318, 0.0009000000000000001], [0.0001, 0.00030000000000000003, 0.0005, 0.0002, 0.00030000000000000003, 0.0, 0.0, 0.0, 0.0, 0.0, 0.0, 0.0, 0.0, 0.0, 0.0, 0.0, 0.0], [0.00030000000000000003, 0.0, 0.00030000000000000003, 0.0, 0.0002, 0.0015, 0.0, 0.0, 0.0, 0.0, 0.0, 0.0, 0.0, 0.0, 0.0, 0.0, 0.0], [0.0019, 0.0002, 0.0002, 0.0019, 0.0007, 0.0004, 0.0, 0.0, 0.0, 0.0, 0.0, 0.0, 0.0, 0.0, 0.0, 0.0, 0.0], [0.00030000000000000003, 0.0001, 0.0018000000000000002, 0.0001, 0.0004, 0.0, 0.0, 0.0, 0.0, 0.0, 0.0, 0.0, 0.0, 0.0, 0.0, 0.0, 0.0], [0.0001, 0.00030000000000000003, 0.0, 0.0001, 0.0, 0.00030000000000000003, 0.0, 0.0, 0.0, 0.0, 0.0, 0.0, 0.0, 0.0, 0.0, 0.0, 0.0]]}}
bs_latimer_munro_efermi: 2.70868632