material_id: mp-4762
band_gap: 0.9032999999999991
efermi: 2.98663921
dos_magnetic_ordering: NM
dos_total_task_id: mp-1757739
dos_total_band_gap: 0.9022999999999991
dos_total_cbm: 3.8724
dos_total_vbm: 2.9701
dos_total_efermi: 2.97053095
bs_setyawan_curtarolo_task_id: mp-688046
bs_setyawan_curtarolo_band_gap: 0.9032999999999991
bs_setyawan_curtarolo_cbm: {'band_index': {'1': [116]}, 'kpoint_index': [0, 39, 40], 'kpoint': <pymatgen.electronic_structure.bandstructure.Kpoint object at 0x7fc699d63930>, 'energy': 3.8678, 'projections': {}}
bs_setyawan_curtarolo_vbm: {'band_index': {'1': [115]}, 'kpoint_index': [0, 39, 40], 'kpoint': <pymatgen.electronic_structure.bandstructure.Kpoint object at 0x7fc5d4b59d30>, 'energy': 2.9645, 'projections': {}}
bs_setyawan_curtarolo_efermi: 2.98663921
bs_hinuma_task_id: mp-2164341
bs_hinuma_band_gap: 0.9054000000000001
bs_hinuma_cbm: {'band_index': {'1': [116]}, 'kpoint_index': [0, 39, 40], 'kpoint': <pymatgen.electronic_structure.bandstructure.Kpoint object at 0x7fc5d4b5a350>, 'energy': 3.8679, 'projections': {'1': [[0.0, 0.0, 0.0, 0.0, 0.0, 0.008700000000000001, 0.008700000000000001, 0.008700000000000001, 0.008700000000000001, 0.008700000000000001, 0.008700000000000001, 0.008700000000000001, 0.0, 0.0, 0.008700000000000001, 0.0, 0.0071, 0.0071, 0.0071, 0.0071, 0.0071, 0.0071, 0.0071, 0.0071], [0.0, 0.0, 0.0, 0.0, 0.0022, 0.00030000000000000003, 0.00030000000000000003, 0.00030000000000000003, 0.00030000000000000003, 0.00030000000000000003, 0.00030000000000000003, 0.00030000000000000003, 0.0022, 0.0022, 0.00030000000000000003, 0.0022, 0.001, 0.001, 0.001, 0.001, 0.001, 0.001, 0.001, 0.001], [0.0, 0.0, 0.0, 0.0, 0.0, 0.00030000000000000003, 0.00030000000000000003, 0.00030000000000000003, 0.00030000000000000003, 0.00030000000000000003, 0.00030000000000000003, 0.00030000000000000003, 0.0, 0.0, 0.00030000000000000003, 0.0, 0.0045000000000000005, 0.0045000000000000005, 0.0045000000000000005, 0.0045000000000000005, 0.0045000000000000005, 0.0045000000000000005, 0.0045000000000000005, 0.0045000000000000005], [0.0309, 0.0309, 0.0309, 0.0309, 0.003, 0.0015, 0.0015, 0.0015, 0.0015, 0.0015, 0.0015, 0.0015, 0.003, 0.003, 0.0015, 0.003, 0.0008, 0.0008, 0.0008, 0.0008, 0.0008, 0.0008, 0.0008, 0.0008], [0.0, 0.0, 0.0, 0.0, 0.0, 0.00030000000000000003, 0.00030000000000000003, 0.00030000000000000003, 0.00030000000000000003, 0.00030000000000000003, 0.00030000000000000003, 0.00030000000000000003, 0.0, 0.0, 0.00030000000000000003, 0.0, 0.0, 0.0, 0.0, 0.0, 0.0, 0.0, 0.0, 0.0], [0.0001, 0.0001, 0.0001, 0.0001, 0.0015, 0.0035, 0.0035, 0.0035, 0.0035, 0.0035, 0.0035, 0.0035, 0.0015, 0.0015, 0.0035, 0.0015, 0.0, 0.0, 0.0, 0.0, 0.0, 0.0, 0.0, 0.0], [0.0, 0.0, 0.0, 0.0, 0.0, 0.0029000000000000002, 0.0029000000000000002, 0.0029000000000000002, 0.0029000000000000002, 0.0029000000000000002, 0.0029000000000000002, 0.0029000000000000002, 0.0, 0.0, 0.0029000000000000002, 0.0, 0.0, 0.0, 0.0, 0.0, 0.0, 0.0, 0.0, 0.0], [0.0005, 0.0005, 0.0005, 0.0005, 0.0018000000000000002, 0.0031000000000000003, 0.0031000000000000003, 0.0031000000000000003, 0.0031000000000000003, 0.0031000000000000003, 0.0031000000000000003, 0.0031000000000000003, 0.0018000000000000002, 0.0018000000000000002, 0.0031000000000000003, 0.0018000000000000002, 0.0, 0.0, 0.0, 0.0, 0.0, 0.0, 0.0, 0.0], [0.0, 0.0, 0.0, 0.0, 0.0, 0.0006000000000000001, 0.0006000000000000001, 0.0006000000000000001, 0.0006000000000000001, 0.0006000000000000001, 0.0006000000000000001, 0.0006000000000000001, 0.0, 0.0, 0.0006000000000000001, 0.0, 0.0, 0.0, 0.0, 0.0, 0.0, 0.0, 0.0, 0.0]]}}
bs_hinuma_vbm: {'band_index': {'1': [115]}, 'kpoint_index': [0, 39, 40], 'kpoint': <pymatgen.electronic_structure.bandstructure.Kpoint object at 0x7fc5d4b5a200>, 'energy': 2.9625, 'projections': {'1': [[0.0, 0.0, 0.0, 0.0, 0.0, 0.00030000000000000003, 0.00030000000000000003, 0.00030000000000000003, 0.00030000000000000003, 0.00030000000000000003, 0.00030000000000000003, 0.00030000000000000003, 0.0, 0.0, 0.00030000000000000003, 0.0, 0.0008, 0.0008, 0.0008, 0.0008, 0.0008, 0.0008, 0.0008, 0.0008], [0.001, 0.001, 0.001, 0.001, 0.004, 0.0004, 0.0004, 0.0004, 0.0004, 0.0004, 0.0004, 0.0004, 0.004, 0.004, 0.0004, 0.004, 0.0001, 0.0001, 0.0001, 0.0001, 0.0001, 0.0001, 0.0001, 0.0001], [0.0, 0.0, 0.0, 0.0, 0.0, 0.00030000000000000003, 0.00030000000000000003, 0.00030000000000000003, 0.00030000000000000003, 0.00030000000000000003, 0.00030000000000000003, 0.00030000000000000003, 0.0, 0.0, 0.00030000000000000003, 0.0, 0.009000000000000001, 0.009000000000000001, 0.009000000000000001, 0.009000000000000001, 0.009000000000000001, 0.009000000000000001, 0.009000000000000001, 0.009000000000000001], [0.0, 0.0, 0.0, 0.0, 0.0012000000000000001, 0.0008, 0.0008, 0.0008, 0.0008, 0.0008, 0.0008, 0.0008, 0.0012000000000000001, 0.0012000000000000001, 0.0008, 0.0012000000000000001, 0.0354, 0.0354, 0.0354, 0.0354, 0.0354, 0.0354, 0.0354, 0.0354], [0.0, 0.0, 0.0, 0.0, 0.0, 0.0, 0.0, 0.0, 0.0, 0.0, 0.0, 0.0, 0.0, 0.0, 0.0, 0.0, 0.0, 0.0, 0.0, 0.0, 0.0, 0.0, 0.0, 0.0], [0.0, 0.0, 0.0, 0.0, 0.0047, 0.0038, 0.0038, 0.0038, 0.0038, 0.0038, 0.0038, 0.0038, 0.0047, 0.0047, 0.0038, 0.0047, 0.0, 0.0, 0.0, 0.0, 0.0, 0.0, 0.0, 0.0], [0.0, 0.0, 0.0, 0.0, 0.0, 0.0086, 0.0086, 0.0086, 0.0086, 0.0086, 0.0086, 0.0086, 0.0, 0.0, 0.0086, 0.0, 0.0, 0.0, 0.0, 0.0, 0.0, 0.0, 0.0, 0.0], [0.0, 0.0, 0.0, 0.0, 0.004200000000000001, 0.009600000000000001, 0.009600000000000001, 0.009600000000000001, 0.009600000000000001, 0.009600000000000001, 0.009600000000000001, 0.009600000000000001, 0.004200000000000001, 0.004200000000000001, 0.009600000000000001, 0.004200000000000001, 0.0, 0.0, 0.0, 0.0, 0.0, 0.0, 0.0, 0.0], [0.0, 0.0, 0.0, 0.0, 0.0, 0.0151, 0.0151, 0.0151, 0.0151, 0.0151, 0.0151, 0.0151, 0.0, 0.0, 0.0151, 0.0, 0.0, 0.0, 0.0, 0.0, 0.0, 0.0, 0.0, 0.0]]}}
bs_hinuma_efermi: 3.01604928
bs_latimer_munro_task_id: mp-2692628
bs_latimer_munro_band_gap: 0.9054000000000001
bs_latimer_munro_cbm: {'band_index': {'1': [116]}, 'kpoint_index': [21, 22, 109, 110, 178, 179], 'kpoint': <pymatgen.electronic_structure.bandstructure.Kpoint object at 0x7fc5d4b59c50>, 'energy': 3.8679, 'projections': {'1': [[0.0, 0.0, 0.0, 0.0, 0.0, 0.008700000000000001, 0.008700000000000001, 0.008700000000000001, 0.008700000000000001, 0.008700000000000001, 0.008700000000000001, 0.008700000000000001, 0.0, 0.0, 0.008700000000000001, 0.0, 0.0071, 0.0071, 0.0071, 0.0071, 0.0071, 0.0071, 0.0071, 0.0071], [0.0, 0.0, 0.0, 0.0, 0.0022, 0.00030000000000000003, 0.00030000000000000003, 0.00030000000000000003, 0.00030000000000000003, 0.00030000000000000003, 0.00030000000000000003, 0.00030000000000000003, 0.0022, 0.0022, 0.00030000000000000003, 0.0022, 0.001, 0.001, 0.001, 0.001, 0.001, 0.001, 0.001, 0.001], [0.0, 0.0, 0.0, 0.0, 0.0, 0.00030000000000000003, 0.00030000000000000003, 0.00030000000000000003, 0.00030000000000000003, 0.00030000000000000003, 0.00030000000000000003, 0.00030000000000000003, 0.0, 0.0, 0.00030000000000000003, 0.0, 0.0045000000000000005, 0.0045000000000000005, 0.0045000000000000005, 0.0045000000000000005, 0.0045000000000000005, 0.0045000000000000005, 0.0045000000000000005, 0.0045000000000000005], [0.0309, 0.0309, 0.0309, 0.0309, 0.003, 0.0015, 0.0015, 0.0015, 0.0015, 0.0015, 0.0015, 0.0015, 0.003, 0.003, 0.0015, 0.003, 0.0008, 0.0008, 0.0008, 0.0008, 0.0008, 0.0008, 0.0008, 0.0008], [0.0, 0.0, 0.0, 0.0, 0.0, 0.00030000000000000003, 0.00030000000000000003, 0.00030000000000000003, 0.00030000000000000003, 0.00030000000000000003, 0.00030000000000000003, 0.00030000000000000003, 0.0, 0.0, 0.00030000000000000003, 0.0, 0.0, 0.0, 0.0, 0.0, 0.0, 0.0, 0.0, 0.0], [0.0001, 0.0001, 0.0001, 0.0001, 0.0015, 0.0035, 0.0035, 0.0035, 0.0035, 0.0035, 0.0035, 0.0035, 0.0015, 0.0015, 0.0035, 0.0015, 0.0, 0.0, 0.0, 0.0, 0.0, 0.0, 0.0, 0.0], [0.0, 0.0, 0.0, 0.0, 0.0, 0.0029000000000000002, 0.0029000000000000002, 0.0029000000000000002, 0.0029000000000000002, 0.0029000000000000002, 0.0029000000000000002, 0.0029000000000000002, 0.0, 0.0, 0.0029000000000000002, 0.0, 0.0, 0.0, 0.0, 0.0, 0.0, 0.0, 0.0, 0.0], [0.0005, 0.0005, 0.0005, 0.0005, 0.0018000000000000002, 0.0031000000000000003, 0.0031000000000000003, 0.0031000000000000003, 0.0031000000000000003, 0.0031000000000000003, 0.0031000000000000003, 0.0031000000000000003, 0.0018000000000000002, 0.0018000000000000002, 0.0031000000000000003, 0.0018000000000000002, 0.0, 0.0, 0.0, 0.0, 0.0, 0.0, 0.0, 0.0], [0.0, 0.0, 0.0, 0.0, 0.0, 0.0006000000000000001, 0.0006000000000000001, 0.0006000000000000001, 0.0006000000000000001, 0.0006000000000000001, 0.0006000000000000001, 0.0006000000000000001, 0.0, 0.0, 0.0006000000000000001, 0.0, 0.0, 0.0, 0.0, 0.0, 0.0, 0.0, 0.0, 0.0]]}}
bs_latimer_munro_vbm: {'band_index': {'1': [115]}, 'kpoint_index': [21, 22, 109, 110, 178, 179], 'kpoint': <pymatgen.electronic_structure.bandstructure.Kpoint object at 0x7fc5d4b5a3c0>, 'energy': 2.9625, 'projections': {'1': [[0.0, 0.0, 0.0, 0.0, 0.0, 0.00030000000000000003, 0.00030000000000000003, 0.00030000000000000003, 0.00030000000000000003, 0.00030000000000000003, 0.00030000000000000003, 0.00030000000000000003, 0.0, 0.0, 0.00030000000000000003, 0.0, 0.0008, 0.0008, 0.0008, 0.0008, 0.0008, 0.0008, 0.0008, 0.0008], [0.001, 0.001, 0.001, 0.001, 0.004, 0.0004, 0.0004, 0.0004, 0.0004, 0.0004, 0.0004, 0.0004, 0.004, 0.004, 0.0004, 0.004, 0.0001, 0.0001, 0.0001, 0.0001, 0.0001, 0.0001, 0.0001, 0.0001], [0.0, 0.0, 0.0, 0.0, 0.0, 0.00030000000000000003, 0.00030000000000000003, 0.00030000000000000003, 0.00030000000000000003, 0.00030000000000000003, 0.00030000000000000003, 0.00030000000000000003, 0.0, 0.0, 0.00030000000000000003, 0.0, 0.009000000000000001, 0.009000000000000001, 0.009000000000000001, 0.009000000000000001, 0.009000000000000001, 0.009000000000000001, 0.009000000000000001, 0.009000000000000001], [0.0, 0.0, 0.0, 0.0, 0.0012000000000000001, 0.0008, 0.0008, 0.0008, 0.0008, 0.0008, 0.0008, 0.0008, 0.0012000000000000001, 0.0012000000000000001, 0.0008, 0.0012000000000000001, 0.0354, 0.0354, 0.0354, 0.0354, 0.0354, 0.0354, 0.0354, 0.0354], [0.0, 0.0, 0.0, 0.0, 0.0, 0.0, 0.0, 0.0, 0.0, 0.0, 0.0, 0.0, 0.0, 0.0, 0.0, 0.0, 0.0, 0.0, 0.0, 0.0, 0.0, 0.0, 0.0, 0.0], [0.0, 0.0, 0.0, 0.0, 0.0047, 0.0038, 0.0038, 0.0038, 0.0038, 0.0038, 0.0038, 0.0038, 0.0047, 0.0047, 0.0038, 0.0047, 0.0, 0.0, 0.0, 0.0, 0.0, 0.0, 0.0, 0.0], [0.0, 0.0, 0.0, 0.0, 0.0, 0.0086, 0.0086, 0.0086, 0.0086, 0.0086, 0.0086, 0.0086, 0.0, 0.0, 0.0086, 0.0, 0.0, 0.0, 0.0, 0.0, 0.0, 0.0, 0.0, 0.0], [0.0, 0.0, 0.0, 0.0, 0.004200000000000001, 0.009600000000000001, 0.009600000000000001, 0.009600000000000001, 0.009600000000000001, 0.009600000000000001, 0.009600000000000001, 0.009600000000000001, 0.004200000000000001, 0.004200000000000001, 0.009600000000000001, 0.004200000000000001, 0.0, 0.0, 0.0, 0.0, 0.0, 0.0, 0.0, 0.0], [0.0, 0.0, 0.0, 0.0, 0.0, 0.0151, 0.0151, 0.0151, 0.0151, 0.0151, 0.0151, 0.0151, 0.0, 0.0, 0.0151, 0.0, 0.0, 0.0, 0.0, 0.0, 0.0, 0.0, 0.0, 0.0]]}}
bs_latimer_munro_efermi: 3.08518056