material_id: mp-4666
band_gap: 1.4257
efermi: 3.92531796
dos_magnetic_ordering: NM
dos_total_task_id: mp-1697839
dos_total_band_gap: 1.4467
dos_total_cbm: 5.2328
dos_total_vbm: 3.7861000000000002
dos_total_efermi: 3.80487983
bs_setyawan_curtarolo_task_id: mp-1592850
bs_setyawan_curtarolo_band_gap: 1.4257
bs_setyawan_curtarolo_cbm: {'band_index': {'1': [26]}, 'kpoint_index': [0, 47, 48], 'kpoint': <pymatgen.electronic_structure.bandstructure.Kpoint object at 0x7fc699d63930>, 'energy': 5.213, 'projections': {'1': [[0.0, 0.0, 0.0, 0.0, 0.013800000000000002, 0.013800000000000002, 0.013800000000000002, 0.013800000000000002], [0.0, 0.0, 0.0, 0.0, 0.0, 0.0006000000000000001, 0.0, 0.0006000000000000001], [0.026600000000000002, 0.026600000000000002, 0.0325, 0.0325, 0.0, 0.0, 0.0, 0.0], [0.0, 0.0, 0.0, 0.0, 0.0006000000000000001, 0.0, 0.0006000000000000001, 0.0], [0.0123, 0.0123, 0.0, 0.0, 0.0, 0.0, 0.0, 0.0], [0.0, 0.0, 0.0, 0.0, 0.0, 0.0, 0.0, 0.0], [0.0, 0.0, 0.0, 0.0, 0.0, 0.0, 0.0, 0.0], [0.0, 0.0, 0.0, 0.0, 0.0, 0.0, 0.0, 0.0], [0.001, 0.001, 0.0, 0.0, 0.0, 0.0, 0.0, 0.0]]}}
bs_setyawan_curtarolo_vbm: {'band_index': {'1': [25]}, 'kpoint_index': [0, 47, 48], 'kpoint': <pymatgen.electronic_structure.bandstructure.Kpoint object at 0x7fc5d4b5a3c0>, 'energy': 3.7873, 'projections': {'1': [[0.0, 0.0, 0.0, 0.0, 0.0, 0.0, 0.0, 0.0], [0.0, 0.0, 0.0, 0.0, 0.0007, 0.0, 0.0007, 0.0], [0.0073, 0.0073, 0.01, 0.01, 0.097, 0.097, 0.097, 0.097], [0.0, 0.0, 0.0, 0.0, 0.0, 0.0007, 0.0, 0.0007], [0.020300000000000002, 0.020300000000000002, 0.0, 0.0, 0.0, 0.0, 0.0, 0.0], [0.0, 0.0, 0.0, 0.0, 0.0, 0.0, 0.0, 0.0], [0.0, 0.0, 0.0, 0.0, 0.0, 0.0, 0.0, 0.0], [0.0, 0.0, 0.0, 0.0, 0.0, 0.0, 0.0, 0.0], [0.0037, 0.0037, 0.0, 0.0, 0.0, 0.0, 0.0, 0.0]]}}
bs_setyawan_curtarolo_efermi: 3.92531796
bs_hinuma_task_id: mp-2185228
bs_hinuma_band_gap: 1.4257
bs_hinuma_cbm: {'band_index': {'1': [26]}, 'kpoint_index': [0, 49, 50, 87], 'kpoint': <pymatgen.electronic_structure.bandstructure.Kpoint object at 0x7fc5d4b5a200>, 'energy': 5.213, 'projections': {'1': [[0.0, 0.0, 0.0, 0.0, 0.013800000000000002, 0.013800000000000002, 0.013800000000000002, 0.013800000000000002], [0.0, 0.0, 0.0, 0.0, 0.0, 0.0006000000000000001, 0.0, 0.0006000000000000001], [0.026600000000000002, 0.026600000000000002, 0.0325, 0.0325, 0.0, 0.0, 0.0, 0.0], [0.0, 0.0, 0.0, 0.0, 0.0006000000000000001, 0.0, 0.0006000000000000001, 0.0], [0.0123, 0.0123, 0.0, 0.0, 0.0, 0.0, 0.0, 0.0], [0.0, 0.0, 0.0, 0.0, 0.0, 0.0, 0.0, 0.0], [0.0, 0.0, 0.0, 0.0, 0.0, 0.0, 0.0, 0.0], [0.0, 0.0, 0.0, 0.0, 0.0, 0.0, 0.0, 0.0], [0.001, 0.001, 0.0, 0.0, 0.0, 0.0, 0.0, 0.0]]}}
bs_hinuma_vbm: {'band_index': {'1': [25]}, 'kpoint_index': [0, 49, 50, 87], 'kpoint': <pymatgen.electronic_structure.bandstructure.Kpoint object at 0x7fc5d4b5a190>, 'energy': 3.7873, 'projections': {'1': [[0.0, 0.0, 0.0, 0.0, 0.0, 0.0, 0.0, 0.0], [0.0, 0.0, 0.0, 0.0, 0.0007, 0.0, 0.0007, 0.0], [0.0073, 0.0073, 0.01, 0.01, 0.097, 0.097, 0.097, 0.097], [0.0, 0.0, 0.0, 0.0, 0.0, 0.0007, 0.0, 0.0007], [0.020300000000000002, 0.020300000000000002, 0.0, 0.0, 0.0, 0.0, 0.0, 0.0], [0.0, 0.0, 0.0, 0.0, 0.0, 0.0, 0.0, 0.0], [0.0, 0.0, 0.0, 0.0, 0.0, 0.0, 0.0, 0.0], [0.0, 0.0, 0.0, 0.0, 0.0, 0.0, 0.0, 0.0], [0.0037, 0.0037, 0.0, 0.0, 0.0, 0.0, 0.0, 0.0]]}}
bs_hinuma_efermi: 3.92025889
bs_latimer_munro_task_id: mp-2317351
bs_latimer_munro_band_gap: 1.4257
bs_latimer_munro_cbm: {'band_index': {'1': [26]}, 'kpoint_index': [24, 25, 76, 77, 116, 117, 176, 177, 191], 'kpoint': <pymatgen.electronic_structure.bandstructure.Kpoint object at 0x7fc5d4b59c50>, 'energy': 5.213, 'projections': {'1': [[0.0, 0.0, 0.0, 0.0, 0.013800000000000002, 0.013800000000000002, 0.013800000000000002, 0.013800000000000002], [0.0, 0.0, 0.0, 0.0, 0.0, 0.0006000000000000001, 0.0, 0.0006000000000000001], [0.026600000000000002, 0.026600000000000002, 0.0325, 0.0325, 0.0, 0.0, 0.0, 0.0], [0.0, 0.0, 0.0, 0.0, 0.0006000000000000001, 0.0, 0.0006000000000000001, 0.0], [0.0123, 0.0123, 0.0, 0.0, 0.0, 0.0, 0.0, 0.0], [0.0, 0.0, 0.0, 0.0, 0.0, 0.0, 0.0, 0.0], [0.0, 0.0, 0.0, 0.0, 0.0, 0.0, 0.0, 0.0], [0.0, 0.0, 0.0, 0.0, 0.0, 0.0, 0.0, 0.0], [0.001, 0.001, 0.0, 0.0, 0.0, 0.0, 0.0, 0.0]]}}
bs_latimer_munro_vbm: {'band_index': {'1': [25]}, 'kpoint_index': [24, 25, 76, 77, 116, 117, 176, 177, 191], 'kpoint': <pymatgen.electronic_structure.bandstructure.Kpoint object at 0x7fc5d4b5a430>, 'energy': 3.7873, 'projections': {'1': [[0.0, 0.0, 0.0, 0.0, 0.0, 0.0, 0.0, 0.0], [0.0, 0.0, 0.0, 0.0, 0.0007, 0.0, 0.0007, 0.0], [0.0073, 0.0073, 0.01, 0.01, 0.097, 0.097, 0.097, 0.097], [0.0, 0.0, 0.0, 0.0, 0.0, 0.0007, 0.0, 0.0007], [0.020300000000000002, 0.020300000000000002, 0.0, 0.0, 0.0, 0.0, 0.0, 0.0], [0.0, 0.0, 0.0, 0.0, 0.0, 0.0, 0.0, 0.0], [0.0, 0.0, 0.0, 0.0, 0.0, 0.0, 0.0, 0.0], [0.0, 0.0, 0.0, 0.0, 0.0, 0.0, 0.0, 0.0], [0.0037, 0.0037, 0.0, 0.0, 0.0, 0.0, 0.0, 0.0]]}}
bs_latimer_munro_efermi: 3.86055811