material_id: mp-4733
band_gap: 3.145199999999999
efermi: 3.19237417
dos_magnetic_ordering: NM
dos_total_task_id: mp-1705352
dos_total_band_gap: 3.105899999999999
dos_total_cbm: 6.2437
dos_total_vbm: 3.1378
dos_total_efermi: 3.14511836
bs_setyawan_curtarolo_task_id: mp-1598930
bs_setyawan_curtarolo_band_gap: 3.145199999999999
bs_setyawan_curtarolo_cbm: {'band_index': {'1': [68]}, 'kpoint_index': ['91'], 'kpoint': <pymatgen.electronic_structure.bandstructure.Kpoint object at 0x7fc699d63930>, 'energy': 6.2875, 'projections': {'1': [[0.001, 0.001, 0.0011, 0.0007, 0.0011, 0.0007, 0.0002, 0.0002, 0.0002, 0.0002, 0.0, 0.0002, 0.0001, 0.0001, 0.0001, 0.0001, 0.0002, 0.0], [0.0001, 0.0001, 0.0005, 0.0004, 0.0005, 0.0004, 0.005, 0.0031000000000000003, 0.005, 0.0031000000000000003, 0.001, 0.0001, 0.002, 0.0009000000000000001, 0.002, 0.0009000000000000001, 0.0001, 0.001], [0.0, 0.0, 0.0005, 0.0, 0.0005, 0.0, 0.0001, 0.001, 0.0001, 0.001, 0.007200000000000001, 0.0012000000000000001, 0.0001, 0.0014, 0.0001, 0.0014, 0.0012000000000000001, 0.007200000000000001], [0.0001, 0.0001, 0.0005, 0.0004, 0.0005, 0.0004, 0.0015, 0.0, 0.0015, 0.0, 0.0031000000000000003, 0.0037, 0.0005, 0.001, 0.0005, 0.001, 0.0037, 0.0031000000000000003], [0.0, 0.0, 0.0014, 0.0053, 0.0014, 0.0053, 0.0, 0.0, 0.0, 0.0, 0.0, 0.0, 0.0, 0.0, 0.0, 0.0, 0.0, 0.0], [0.0027, 0.0027, 0.0442, 0.0848, 0.0442, 0.0848, 0.0, 0.0, 0.0, 0.0, 0.0, 0.0, 0.0, 0.0, 0.0, 0.0, 0.0, 0.0], [0.0005, 0.0005, 0.00030000000000000003, 0.0064, 0.00030000000000000003, 0.0064, 0.0, 0.0, 0.0, 0.0, 0.0, 0.0, 0.0, 0.0, 0.0, 0.0, 0.0, 0.0], [0.0011, 0.0011, 0.041, 0.06380000000000001, 0.041, 0.0637, 0.0, 0.0, 0.0, 0.0, 0.0, 0.0, 0.0, 0.0, 0.0, 0.0, 0.0, 0.0], [0.001, 0.001, 0.0792, 0.058800000000000005, 0.07930000000000001, 0.0587, 0.0, 0.0, 0.0, 0.0, 0.0, 0.0, 0.0, 0.0, 0.0, 0.0, 0.0, 0.0], [0.00030000000000000003, 0.00030000000000000003, 0.0, 0.0, 0.0, 0.0, 0.0, 0.0, 0.0, 0.0, 0.0, 0.0, 0.0, 0.0, 0.0, 0.0, 0.0, 0.0], [0.0089, 0.0089, 0.0, 0.0, 0.0, 0.0, 0.0, 0.0, 0.0, 0.0, 0.0, 0.0, 0.0, 0.0, 0.0, 0.0, 0.0, 0.0], [0.0027, 0.0027, 0.0, 0.0, 0.0, 0.0, 0.0, 0.0, 0.0, 0.0, 0.0, 0.0, 0.0, 0.0, 0.0, 0.0, 0.0, 0.0], [0.0002, 0.0002, 0.0, 0.0, 0.0, 0.0, 0.0, 0.0, 0.0, 0.0, 0.0, 0.0, 0.0, 0.0, 0.0, 0.0, 0.0, 0.0], [0.0001, 0.0001, 0.0, 0.0, 0.0, 0.0, 0.0, 0.0, 0.0, 0.0, 0.0, 0.0, 0.0, 0.0, 0.0, 0.0, 0.0, 0.0], [0.0004, 0.0004, 0.0, 0.0, 0.0, 0.0, 0.0, 0.0, 0.0, 0.0, 0.0, 0.0, 0.0, 0.0, 0.0, 0.0, 0.0, 0.0], [0.0018000000000000002, 0.0018000000000000002, 0.0, 0.0, 0.0, 0.0, 0.0, 0.0, 0.0, 0.0, 0.0, 0.0, 0.0, 0.0, 0.0, 0.0, 0.0, 0.0]]}}
bs_setyawan_curtarolo_vbm: {'band_index': {'1': [67]}, 'kpoint_index': ['5'], 'kpoint': <pymatgen.electronic_structure.bandstructure.Kpoint object at 0x7fc5d4b59c50>, 'energy': 3.1423, 'projections': {'1': [[0.0, 0.0, 0.0009000000000000001, 0.0009000000000000001, 0.0009000000000000001, 0.0009000000000000001, 0.0001, 0.0001, 0.0001, 0.0001, 0.0001, 0.0001, 0.0001, 0.0001, 0.0001, 0.0001, 0.0001, 0.0001], [0.0033, 0.0033, 0.00030000000000000003, 0.00030000000000000003, 0.00030000000000000003, 0.00030000000000000003, 0.0, 0.0, 0.0, 0.0, 0.050100000000000006, 0.050100000000000006, 0.0024000000000000002, 0.0024000000000000002, 0.0024000000000000002, 0.0024000000000000002, 0.050100000000000006, 0.050100000000000006], [0.0031000000000000003, 0.0031000000000000003, 0.0002, 0.0002, 0.0002, 0.0002, 0.0442, 0.0442, 0.0442, 0.0442, 0.0009000000000000001, 0.0009000000000000001, 0.0001, 0.0001, 0.0001, 0.0001, 0.0009000000000000001, 0.0009000000000000001], [0.0014, 0.0014, 0.0025, 0.0025, 0.0025, 0.0025, 0.0256, 0.0256, 0.0256, 0.025500000000000002, 0.0009000000000000001, 0.0009000000000000001, 0.0562, 0.056100000000000004, 0.056100000000000004, 0.0562, 0.0009000000000000001, 0.0009000000000000001], [0.0002, 0.0002, 0.0001, 0.0001, 0.0001, 0.0001, 0.0, 0.0, 0.0, 0.0, 0.0, 0.0, 0.0, 0.0, 0.0, 0.0, 0.0, 0.0], [0.001, 0.001, 0.0023, 0.0023, 0.0023, 0.0023, 0.0, 0.0, 0.0, 0.0, 0.0, 0.0, 0.0, 0.0, 0.0, 0.0, 0.0, 0.0], [0.0004, 0.0004, 0.0005, 0.0005, 0.0005, 0.0005, 0.0, 0.0, 0.0, 0.0, 0.0, 0.0, 0.0, 0.0, 0.0, 0.0, 0.0, 0.0], [0.001, 0.001, 0.0016, 0.0016, 0.0016, 0.0016, 0.0, 0.0, 0.0, 0.0, 0.0, 0.0, 0.0, 0.0, 0.0, 0.0, 0.0, 0.0], [0.0005, 0.0005, 0.0001, 0.0001, 0.0001, 0.0001, 0.0, 0.0, 0.0, 0.0, 0.0, 0.0, 0.0, 0.0, 0.0, 0.0, 0.0, 0.0], [0.0004, 0.0004, 0.0, 0.0, 0.0, 0.0, 0.0, 0.0, 0.0, 0.0, 0.0, 0.0, 0.0, 0.0, 0.0, 0.0, 0.0, 0.0], [0.0, 0.0, 0.0, 0.0, 0.0, 0.0, 0.0, 0.0, 0.0, 0.0, 0.0, 0.0, 0.0, 0.0, 0.0, 0.0, 0.0, 0.0], [0.0008, 0.0008, 0.0, 0.0, 0.0, 0.0, 0.0, 0.0, 0.0, 0.0, 0.0, 0.0, 0.0, 0.0, 0.0, 0.0, 0.0, 0.0], [0.0035, 0.0035, 0.0, 0.0, 0.0, 0.0, 0.0, 0.0, 0.0, 0.0, 0.0, 0.0, 0.0, 0.0, 0.0, 0.0, 0.0, 0.0], [0.0, 0.0, 0.0, 0.0, 0.0, 0.0, 0.0, 0.0, 0.0, 0.0, 0.0, 0.0, 0.0, 0.0, 0.0, 0.0, 0.0, 0.0], [0.0004, 0.0004, 0.0, 0.0, 0.0, 0.0, 0.0, 0.0, 0.0, 0.0, 0.0, 0.0, 0.0, 0.0, 0.0, 0.0, 0.0, 0.0], [0.0, 0.0, 0.0, 0.0, 0.0, 0.0, 0.0, 0.0, 0.0, 0.0, 0.0, 0.0, 0.0, 0.0, 0.0, 0.0, 0.0, 0.0]]}}
bs_setyawan_curtarolo_efermi: 3.19237417
bs_latimer_munro_task_id: mp-2611426
bs_latimer_munro_band_gap: 3.1146
bs_latimer_munro_cbm: {'band_index': {'1': [68]}, 'kpoint_index': ['24'], 'kpoint': <pymatgen.electronic_structure.bandstructure.Kpoint object at 0x7fc5d4b5a430>, 'energy': 6.2569, 'projections': {'1': [[0.00030000000000000003, 0.00030000000000000003, 0.001, 0.001, 0.001, 0.001, 0.0002, 0.0002, 0.0002, 0.0002, 0.0, 0.0, 0.0001, 0.0001, 0.0001, 0.0001, 0.0, 0.0], [0.0, 0.0, 0.0004, 0.0004, 0.0004, 0.0004, 0.0066, 0.0066, 0.0066, 0.0066, 0.0004, 0.0004, 0.0014, 0.0014, 0.0014, 0.0014, 0.0004, 0.0004], [0.0, 0.0, 0.0002, 0.0002, 0.0002, 0.0002, 0.0017000000000000001, 0.0017000000000000001, 0.0017000000000000001, 0.0017000000000000001, 0.0041, 0.0041, 0.0005, 0.0005, 0.0005, 0.0005, 0.0041, 0.0041], [0.0005, 0.0005, 0.0008, 0.0008, 0.0008, 0.0008, 0.0004, 0.0004, 0.0004, 0.0004, 0.0024000000000000002, 0.0024000000000000002, 0.002, 0.002, 0.002, 0.002, 0.0024000000000000002, 0.0024000000000000002], [0.0001, 0.0001, 0.0028, 0.0028, 0.0028, 0.0028, 0.0, 0.0, 0.0, 0.0, 0.0, 0.0, 0.0, 0.0, 0.0, 0.0, 0.0, 0.0], [0.0055000000000000005, 0.0055000000000000005, 0.0543, 0.0543, 0.0543, 0.0543, 0.0, 0.0, 0.0, 0.0, 0.0, 0.0, 0.0, 0.0, 0.0, 0.0, 0.0, 0.0], [0.0002, 0.0002, 0.0009000000000000001, 0.0009000000000000001, 0.0009000000000000001, 0.0009000000000000001, 0.0, 0.0, 0.0, 0.0, 0.0, 0.0, 0.0, 0.0, 0.0, 0.0, 0.0, 0.0], [0.0004, 0.0004, 0.037, 0.037, 0.037, 0.037, 0.0, 0.0, 0.0, 0.0, 0.0, 0.0, 0.0, 0.0, 0.0, 0.0, 0.0, 0.0], [0.00030000000000000003, 0.00030000000000000003, 0.0908, 0.0908, 0.0908, 0.0908, 0.0, 0.0, 0.0, 0.0, 0.0, 0.0, 0.0, 0.0, 0.0, 0.0, 0.0, 0.0], [0.0001, 0.0001, 0.0, 0.0, 0.0, 0.0, 0.0, 0.0, 0.0, 0.0, 0.0, 0.0, 0.0, 0.0, 0.0, 0.0, 0.0, 0.0], [0.0097, 0.0097, 0.0, 0.0, 0.0, 0.0, 0.0, 0.0, 0.0, 0.0, 0.0, 0.0, 0.0, 0.0, 0.0, 0.0, 0.0, 0.0], [0.006, 0.006, 0.0, 0.0, 0.0, 0.0, 0.0, 0.0, 0.0, 0.0, 0.0, 0.0, 0.0, 0.0, 0.0, 0.0, 0.0, 0.0], [0.00030000000000000003, 0.00030000000000000003, 0.0, 0.0, 0.0, 0.0, 0.0, 0.0, 0.0, 0.0, 0.0, 0.0, 0.0, 0.0, 0.0, 0.0, 0.0, 0.0], [0.0, 0.0, 0.0, 0.0, 0.0, 0.0, 0.0, 0.0, 0.0, 0.0, 0.0, 0.0, 0.0, 0.0, 0.0, 0.0, 0.0, 0.0], [0.0, 0.0, 0.0, 0.0, 0.0, 0.0, 0.0, 0.0, 0.0, 0.0, 0.0, 0.0, 0.0, 0.0, 0.0, 0.0, 0.0, 0.0], [0.0033, 0.0033, 0.0, 0.0, 0.0, 0.0, 0.0, 0.0, 0.0, 0.0, 0.0, 0.0, 0.0, 0.0, 0.0, 0.0, 0.0, 0.0]]}}
bs_latimer_munro_vbm: {'band_index': {'1': [67]}, 'kpoint_index': ['134'], 'kpoint': <pymatgen.electronic_structure.bandstructure.Kpoint object at 0x7fc5d4b5a350>, 'energy': 3.1423, 'projections': {'1': [[0.0, 0.0, 0.0009000000000000001, 0.0009000000000000001, 0.0009000000000000001, 0.0009000000000000001, 0.0001, 0.0001, 0.0001, 0.0001, 0.0001, 0.0001, 0.0001, 0.0001, 0.0001, 0.0001, 0.0001, 0.0001], [0.0032, 0.0032, 0.00030000000000000003, 0.00030000000000000003, 0.00030000000000000003, 0.00030000000000000003, 0.0, 0.0, 0.0, 0.0, 0.050100000000000006, 0.050100000000000006, 0.0024000000000000002, 0.0024000000000000002, 0.0024000000000000002, 0.0024000000000000002, 0.050100000000000006, 0.050100000000000006], [0.0031000000000000003, 0.0031000000000000003, 0.0002, 0.0002, 0.0002, 0.0002, 0.0442, 0.0442, 0.0442, 0.0441, 0.0009000000000000001, 0.0009000000000000001, 0.0001, 0.0001, 0.0001, 0.0001, 0.0009000000000000001, 0.0009000000000000001], [0.0014, 0.0014, 0.0025, 0.0025, 0.0025, 0.0025, 0.0256, 0.0256, 0.0256, 0.0256, 0.0009000000000000001, 0.0009000000000000001, 0.0562, 0.0562, 0.0562, 0.0562, 0.0009000000000000001, 0.0009000000000000001], [0.0002, 0.0002, 0.0001, 0.0001, 0.0001, 0.0001, 0.0, 0.0, 0.0, 0.0, 0.0, 0.0, 0.0, 0.0, 0.0, 0.0, 0.0, 0.0], [0.001, 0.001, 0.0023, 0.0023, 0.0023, 0.0023, 0.0, 0.0, 0.0, 0.0, 0.0, 0.0, 0.0, 0.0, 0.0, 0.0, 0.0, 0.0], [0.0004, 0.0004, 0.0005, 0.0005, 0.0005, 0.0005, 0.0, 0.0, 0.0, 0.0, 0.0, 0.0, 0.0, 0.0, 0.0, 0.0, 0.0, 0.0], [0.001, 0.001, 0.0016, 0.0016, 0.0016, 0.0016, 0.0, 0.0, 0.0, 0.0, 0.0, 0.0, 0.0, 0.0, 0.0, 0.0, 0.0, 0.0], [0.0005, 0.0005, 0.0001, 0.0001, 0.0001, 0.0001, 0.0, 0.0, 0.0, 0.0, 0.0, 0.0, 0.0, 0.0, 0.0, 0.0, 0.0, 0.0], [0.0004, 0.0004, 0.0, 0.0, 0.0, 0.0, 0.0, 0.0, 0.0, 0.0, 0.0, 0.0, 0.0, 0.0, 0.0, 0.0, 0.0, 0.0], [0.0, 0.0, 0.0, 0.0, 0.0, 0.0, 0.0, 0.0, 0.0, 0.0, 0.0, 0.0, 0.0, 0.0, 0.0, 0.0, 0.0, 0.0], [0.0008, 0.0008, 0.0, 0.0, 0.0, 0.0, 0.0, 0.0, 0.0, 0.0, 0.0, 0.0, 0.0, 0.0, 0.0, 0.0, 0.0, 0.0], [0.0035, 0.0035, 0.0, 0.0, 0.0, 0.0, 0.0, 0.0, 0.0, 0.0, 0.0, 0.0, 0.0, 0.0, 0.0, 0.0, 0.0, 0.0], [0.0, 0.0, 0.0, 0.0, 0.0, 0.0, 0.0, 0.0, 0.0, 0.0, 0.0, 0.0, 0.0, 0.0, 0.0, 0.0, 0.0, 0.0], [0.0004, 0.0004, 0.0, 0.0, 0.0, 0.0, 0.0, 0.0, 0.0, 0.0, 0.0, 0.0, 0.0, 0.0, 0.0, 0.0, 0.0, 0.0], [0.0, 0.0, 0.0, 0.0, 0.0, 0.0, 0.0, 0.0, 0.0, 0.0, 0.0, 0.0, 0.0, 0.0, 0.0, 0.0, 0.0, 0.0]]}}
bs_latimer_munro_efermi: 3.32724212