material_id: mp-42054
band_gap: 2.237699999999999
efermi: 4.25549173
dos_magnetic_ordering: NM
dos_total_task_id: mp-1753493
dos_total_band_gap: 2.237699999999999
dos_total_cbm: 6.4639
dos_total_vbm: 4.2262
dos_total_efermi: 4.25549173
bs_setyawan_curtarolo_task_id: mp-1623011
bs_setyawan_curtarolo_band_gap: 2.534499999999999
bs_setyawan_curtarolo_cbm: {'band_index': {'1': [40]}, 'kpoint_index': [16, 17, 113], 'kpoint': <pymatgen.electronic_structure.bandstructure.Kpoint object at 0x7fc699d63930>, 'energy': 6.6052, 'projections': {'1': [[0.0001, 0.0001, 0.0, 0.0, 0.0, 0.0, 0.0, 0.0, 0.0, 0.0], [0.0, 0.0, 0.0001, 0.0, 0.0001, 0.0001, 0.0041, 0.0041, 0.0001, 0.0001], [0.0, 0.0, 0.0, 0.0, 0.0014, 0.0, 0.0, 0.0, 0.0, 0.0014], [0.0, 0.0, 0.0, 0.0, 0.0, 0.0014, 0.0, 0.0, 0.0014, 0.0], [0.0, 0.0, 0.0, 0.0, 0.0, 0.0, 0.0, 0.0, 0.0, 0.0], [0.0, 0.0, 0.0, 0.0, 0.0, 0.0, 0.0, 0.0, 0.0, 0.0], [0.00030000000000000003, 0.0014, 0.0, 0.0, 0.0, 0.0, 0.0, 0.0, 0.0, 0.0], [0.0, 0.0, 0.040100000000000004, 0.0038, 0.0, 0.0, 0.0, 0.0, 0.0, 0.0], [0.001, 0.0043, 0.0, 0.0, 0.0, 0.0, 0.0, 0.0, 0.0, 0.0], [0.0, 0.0, 0.0, 0.0, 0.0, 0.0, 0.0, 0.0, 0.0, 0.0], [0.0, 0.8763000000000001, 0.0, 0.0, 0.0, 0.0, 0.0, 0.0, 0.0, 0.0], [0.0, 0.0, 0.0, 0.0, 0.0, 0.0, 0.0, 0.0, 0.0, 0.0], [0.0, 0.0, 0.0, 0.0, 0.0, 0.0, 0.0, 0.0, 0.0, 0.0], [0.0, 0.0, 0.0, 0.0, 0.0, 0.0, 0.0, 0.0, 0.0, 0.0], [0.0, 0.0, 0.0, 0.0, 0.0, 0.0, 0.0, 0.0, 0.0, 0.0], [0.0, 0.0, 0.0, 0.0, 0.0, 0.0, 0.0, 0.0, 0.0, 0.0]]}}
bs_setyawan_curtarolo_vbm: {'band_index': {'1': [38, 39]}, 'kpoint_index': [65, 66, 95, 96], 'kpoint': <pymatgen.electronic_structure.bandstructure.Kpoint object at 0x7fc5d4b5a3c0>, 'energy': 4.0707, 'projections': {'1': [[0.0, 0.0, 0.0, 0.0, 0.0009000000000000001, 0.0004, 0.0001, 0.0001, 0.0004, 0.0009000000000000001], [0.0001, 0.0, 0.002, 0.0, 0.0028, 0.0004, 0.0167, 0.0167, 0.0002, 0.0033], [0.0004, 0.0001, 0.0099, 0.0, 0.008700000000000001, 0.0819, 0.0046, 0.0035, 0.08170000000000001, 0.0089], [0.0007, 0.00030000000000000003, 0.0207, 0.0, 0.1714, 0.0145, 0.0128, 0.0112, 0.0134, 0.1709], [0.0001, 0.0001, 0.0, 0.00030000000000000003, 0.0, 0.0, 0.0, 0.0, 0.0, 0.0], [0.0002, 0.00030000000000000003, 0.0001, 0.0005, 0.0, 0.0, 0.0, 0.0, 0.0, 0.0], [0.0, 0.0, 0.0, 0.09090000000000001, 0.0, 0.0, 0.0, 0.0, 0.0, 0.0], [0.0, 0.0, 0.0, 0.0001, 0.0, 0.0, 0.0, 0.0, 0.0, 0.0], [0.0, 0.0, 0.0, 0.109, 0.0, 0.0, 0.0, 0.0, 0.0, 0.0], [0.0, 0.0, 0.0, 0.0, 0.0, 0.0, 0.0, 0.0, 0.0, 0.0], [0.0, 0.0, 0.0, 0.0, 0.0, 0.0, 0.0, 0.0, 0.0, 0.0], [0.0, 0.0, 0.0, 0.0, 0.0, 0.0, 0.0, 0.0, 0.0, 0.0], [0.0, 0.0, 0.0, 0.0, 0.0, 0.0, 0.0, 0.0, 0.0, 0.0], [0.0, 0.0, 0.0, 0.0, 0.0, 0.0, 0.0, 0.0, 0.0, 0.0], [0.0, 0.0, 0.0, 0.0, 0.0, 0.0, 0.0, 0.0, 0.0, 0.0], [0.0, 0.0001, 0.0, 0.0, 0.0, 0.0, 0.0, 0.0, 0.0, 0.0]]}}
bs_setyawan_curtarolo_efermi: 4.13039808
bs_hinuma_task_id: mp-2097598
bs_hinuma_band_gap: 2.534499999999999
bs_hinuma_cbm: {'band_index': {'1': [40]}, 'kpoint_index': [16, 17, 77], 'kpoint': <pymatgen.electronic_structure.bandstructure.Kpoint object at 0x7fc5d4b5a190>, 'energy': 6.6052, 'projections': {'1': [[0.0001, 0.0001, 0.0, 0.0, 0.0, 0.0, 0.0, 0.0, 0.0, 0.0], [0.0, 0.0, 0.0001, 0.0, 0.0001, 0.0001, 0.0041, 0.0041, 0.0001, 0.0001], [0.0, 0.0, 0.0, 0.0, 0.0014, 0.0, 0.0, 0.0, 0.0, 0.0014], [0.0, 0.0, 0.0, 0.0, 0.0, 0.0014, 0.0, 0.0, 0.0014, 0.0], [0.0, 0.0, 0.0, 0.0, 0.0, 0.0, 0.0, 0.0, 0.0, 0.0], [0.0, 0.0, 0.0, 0.0, 0.0, 0.0, 0.0, 0.0, 0.0, 0.0], [0.00030000000000000003, 0.0014, 0.0, 0.0, 0.0, 0.0, 0.0, 0.0, 0.0, 0.0], [0.0, 0.0, 0.040100000000000004, 0.0038, 0.0, 0.0, 0.0, 0.0, 0.0, 0.0], [0.001, 0.0043, 0.0, 0.0, 0.0, 0.0, 0.0, 0.0, 0.0, 0.0], [0.0, 0.0, 0.0, 0.0, 0.0, 0.0, 0.0, 0.0, 0.0, 0.0], [0.0, 0.8763000000000001, 0.0, 0.0, 0.0, 0.0, 0.0, 0.0, 0.0, 0.0], [0.0, 0.0, 0.0, 0.0, 0.0, 0.0, 0.0, 0.0, 0.0, 0.0], [0.0, 0.0, 0.0, 0.0, 0.0, 0.0, 0.0, 0.0, 0.0, 0.0], [0.0, 0.0, 0.0, 0.0, 0.0, 0.0, 0.0, 0.0, 0.0, 0.0], [0.0, 0.0, 0.0, 0.0, 0.0, 0.0, 0.0, 0.0, 0.0, 0.0], [0.0, 0.0, 0.0, 0.0, 0.0, 0.0, 0.0, 0.0, 0.0, 0.0]]}}
bs_hinuma_vbm: {'band_index': {'1': [38, 39]}, 'kpoint_index': [56, 57], 'kpoint': <pymatgen.electronic_structure.bandstructure.Kpoint object at 0x7fc5d4b5a200>, 'energy': 4.0707, 'projections': {'1': [[0.0, 0.0, 0.0, 0.0, 0.0007, 0.0002, 0.0007, 0.0006000000000000001, 0.0001, 0.0007], [0.0005, 0.0002, 0.0145, 0.0, 0.0109, 0.0085, 0.12050000000000001, 0.12010000000000001, 0.007200000000000001, 0.0105], [0.0001, 0.0, 0.0034000000000000002, 0.0, 0.0025, 0.0279, 0.0025, 0.0025, 0.027800000000000002, 0.0025], [0.0005, 0.0002, 0.014700000000000001, 0.0, 0.1216, 0.0086, 0.011, 0.0105, 0.0073, 0.1213], [0.0, 0.0, 0.0, 0.0001, 0.0, 0.0, 0.0, 0.0, 0.0, 0.0], [0.0001, 0.0002, 0.0, 0.0004, 0.0, 0.0, 0.0, 0.0, 0.0, 0.0], [0.0, 0.0, 0.0, 0.031, 0.0, 0.0, 0.0, 0.0, 0.0, 0.0], [0.0001, 0.0002, 0.0, 0.0004, 0.0, 0.0, 0.0, 0.0, 0.0, 0.0], [0.0, 0.0, 0.0, 0.1689, 0.0, 0.0, 0.0, 0.0, 0.0, 0.0], [0.0, 0.0, 0.0, 0.0, 0.0, 0.0, 0.0, 0.0, 0.0, 0.0], [0.0, 0.0, 0.0, 0.0, 0.0, 0.0, 0.0, 0.0, 0.0, 0.0], [0.0, 0.0, 0.0, 0.0, 0.0, 0.0, 0.0, 0.0, 0.0, 0.0], [0.0, 0.0, 0.0, 0.0, 0.0, 0.0, 0.0, 0.0, 0.0, 0.0], [0.0, 0.0, 0.0, 0.0, 0.0, 0.0, 0.0, 0.0, 0.0, 0.0], [0.0, 0.0, 0.0, 0.0, 0.0, 0.0, 0.0, 0.0, 0.0, 0.0], [0.0, 0.0, 0.0, 0.0, 0.0, 0.0, 0.0, 0.0, 0.0, 0.0]]}}
bs_hinuma_efermi: 4.13039808
bs_latimer_munro_task_id: mp-2306514
bs_latimer_munro_band_gap: 2.534499999999999
bs_latimer_munro_cbm: {'band_index': {'1': [40]}, 'kpoint_index': [50, 51, 114], 'kpoint': <pymatgen.electronic_structure.bandstructure.Kpoint object at 0x7fc5d4b59d30>, 'energy': 6.6052, 'projections': {'1': [[0.0001, 0.0001, 0.0, 0.0, 0.0, 0.0, 0.0, 0.0, 0.0, 0.0], [0.0, 0.0, 0.0001, 0.0, 0.0001, 0.0001, 0.0041, 0.0041, 0.0001, 0.0001], [0.0, 0.0, 0.0, 0.0, 0.0014, 0.0, 0.0, 0.0, 0.0, 0.0014], [0.0, 0.0, 0.0, 0.0, 0.0, 0.0014, 0.0, 0.0, 0.0014, 0.0], [0.0, 0.0, 0.0, 0.0, 0.0, 0.0, 0.0, 0.0, 0.0, 0.0], [0.0, 0.0, 0.0, 0.0, 0.0, 0.0, 0.0, 0.0, 0.0, 0.0], [0.00030000000000000003, 0.0014, 0.0, 0.0, 0.0, 0.0, 0.0, 0.0, 0.0, 0.0], [0.0, 0.0, 0.040100000000000004, 0.0038, 0.0, 0.0, 0.0, 0.0, 0.0, 0.0], [0.001, 0.0043, 0.0, 0.0, 0.0, 0.0, 0.0, 0.0, 0.0, 0.0], [0.0, 0.0, 0.0, 0.0, 0.0, 0.0, 0.0, 0.0, 0.0, 0.0], [0.0, 0.8763000000000001, 0.0, 0.0, 0.0, 0.0, 0.0, 0.0, 0.0, 0.0], [0.0, 0.0, 0.0, 0.0, 0.0, 0.0, 0.0, 0.0, 0.0, 0.0], [0.0, 0.0, 0.0, 0.0, 0.0, 0.0, 0.0, 0.0, 0.0, 0.0], [0.0, 0.0, 0.0, 0.0, 0.0, 0.0, 0.0, 0.0, 0.0, 0.0], [0.0, 0.0, 0.0, 0.0, 0.0, 0.0, 0.0, 0.0, 0.0, 0.0], [0.0, 0.0, 0.0, 0.0, 0.0, 0.0, 0.0, 0.0, 0.0, 0.0]]}}
bs_latimer_munro_vbm: {'band_index': {'1': [38, 39]}, 'kpoint_index': [71, 72, 83], 'kpoint': <pymatgen.electronic_structure.bandstructure.Kpoint object at 0x7fc5d4b5a350>, 'energy': 4.0707, 'projections': {'1': [[0.0, 0.0, 0.0, 0.0, 0.0008, 0.0, 0.0007, 0.0007, 0.0, 0.0008], [0.0005, 0.0002, 0.014700000000000001, 0.0, 0.0117, 0.0079, 0.1216, 0.1213, 0.0063, 0.0114], [0.0, 0.0, 0.0001, 0.0, 0.0007, 0.0012000000000000001, 0.0001, 0.0002, 0.0012000000000000001, 0.0011], [0.0006000000000000001, 0.0002, 0.0178, 0.0, 0.1472, 0.0102, 0.013300000000000001, 0.012700000000000001, 0.0085, 0.1467], [0.0, 0.0, 0.0, 0.0, 0.0, 0.0, 0.0, 0.0, 0.0, 0.0], [0.0002, 0.0002, 0.0001, 0.0005, 0.0, 0.0, 0.0, 0.0, 0.0, 0.0], [0.0, 0.0, 0.0, 0.0014, 0.0, 0.0, 0.0, 0.0, 0.0, 0.0], [0.0001, 0.0002, 0.0, 0.0004, 0.0, 0.0, 0.0, 0.0, 0.0, 0.0], [0.0, 0.0, 0.0, 0.1985, 0.0, 0.0, 0.0, 0.0, 0.0, 0.0], [0.0, 0.0, 0.0, 0.0, 0.0, 0.0, 0.0, 0.0, 0.0, 0.0], [0.0, 0.0, 0.0, 0.0, 0.0, 0.0, 0.0, 0.0, 0.0, 0.0], [0.0, 0.0001, 0.0, 0.0, 0.0, 0.0, 0.0, 0.0, 0.0, 0.0], [0.0, 0.0, 0.0, 0.0, 0.0, 0.0, 0.0, 0.0, 0.0, 0.0], [0.0, 0.0001, 0.0, 0.0, 0.0, 0.0, 0.0, 0.0, 0.0, 0.0], [0.0, 0.0, 0.0, 0.0, 0.0, 0.0, 0.0, 0.0, 0.0, 0.0], [0.0, 0.0, 0.0, 0.0, 0.0, 0.0, 0.0, 0.0, 0.0, 0.0]]}}
bs_latimer_munro_efermi: 4.12949176