material_id: mp-545847
band_gap: 1.3984
efermi: 3.68937843
dos_magnetic_ordering: NM
dos_total_task_id: mp-1703313
dos_total_band_gap: 1.4836
dos_total_cbm: 5.0446
dos_total_vbm: 3.561
dos_total_efermi: 3.56375268
bs_setyawan_curtarolo_task_id: mp-689872
bs_setyawan_curtarolo_band_gap: 1.3984
bs_setyawan_curtarolo_cbm: {'band_index': {'1': [25]}, 'kpoint_index': [0, 59, 60], 'kpoint': <pymatgen.electronic_structure.bandstructure.Kpoint object at 0x7fc699d63930>, 'energy': 5.0284, 'projections': {}}
bs_setyawan_curtarolo_vbm: {'band_index': {'1': [24]}, 'kpoint_index': [85, 86, 135], 'kpoint': <pymatgen.electronic_structure.bandstructure.Kpoint object at 0x7fc5d4b5a430>, 'energy': 3.63, 'projections': {}}
bs_setyawan_curtarolo_efermi: 3.68937843
bs_hinuma_task_id: mp-2061196
bs_hinuma_band_gap: 1.409399999999999
bs_hinuma_cbm: {'band_index': {'1': [25]}, 'kpoint_index': [0, 59, 60], 'kpoint': <pymatgen.electronic_structure.bandstructure.Kpoint object at 0x7fc5d4b5a190>, 'energy': 5.0306, 'projections': {'1': [[0.0002, 0.0216, 0.0216, 0.0364, 0.013600000000000001, 0.013600000000000001, 0.013600000000000001, 0.013600000000000001], [0.0, 0.0, 0.0, 0.0, 0.0, 0.0, 0.0, 0.0], [0.0, 0.2379, 0.2379, 0.0, 0.0004, 0.0004, 0.0004, 0.0004], [0.0, 0.0, 0.0, 0.0, 0.0, 0.0, 0.0, 0.0], [0.0, 0.0, 0.0, 0.0, 0.0, 0.0, 0.0, 0.0], [0.0, 0.0, 0.0, 0.0, 0.0, 0.0, 0.0, 0.0], [0.0054, 0.0002, 0.0002, 0.0019, 0.0, 0.0, 0.0, 0.0], [0.0, 0.0, 0.0, 0.0, 0.0, 0.0, 0.0, 0.0], [0.0, 0.0, 0.0, 0.0, 0.0, 0.0, 0.0, 0.0]]}}
bs_hinuma_vbm: {'band_index': {'1': [24]}, 'kpoint_index': [85, 86, 135], 'kpoint': <pymatgen.electronic_structure.bandstructure.Kpoint object at 0x7fc5d4b5a200>, 'energy': 3.6212, 'projections': {'1': [[0.0, 0.054200000000000005, 0.054200000000000005, 0.0, 0.0, 0.0, 0.0, 0.0], [0.0, 0.0, 0.0, 0.1505, 0.07200000000000001, 0.0, 0.07200000000000001, 0.0], [0.0, 0.048600000000000004, 0.048600000000000004, 0.0, 0.0, 0.15, 0.0, 0.15], [0.0, 0.0, 0.0, 0.0, 0.0, 0.0, 0.0, 0.0], [0.0, 0.0, 0.0, 0.0, 0.0, 0.0, 0.0, 0.0], [0.011300000000000001, 0.0, 0.0, 0.0, 0.0, 0.0, 0.0, 0.0], [0.0, 0.0021000000000000003, 0.0021000000000000003, 0.0, 0.0, 0.0, 0.0, 0.0], [0.0, 0.0, 0.0, 0.0, 0.0, 0.0, 0.0, 0.0], [0.0, 0.0011, 0.0011, 0.0, 0.0, 0.0, 0.0, 0.0]]}}
bs_hinuma_efermi: 3.68763673
bs_latimer_munro_task_id: mp-2711655
bs_latimer_munro_band_gap: 1.409399999999999
bs_latimer_munro_cbm: {'band_index': {'1': [25]}, 'kpoint_index': [36, 37, 162, 163, 171], 'kpoint': <pymatgen.electronic_structure.bandstructure.Kpoint object at 0x7fc5d4b59d30>, 'energy': 5.0306, 'projections': {'1': [[0.0002, 0.0216, 0.0216, 0.0364, 0.013600000000000001, 0.013600000000000001, 0.013600000000000001, 0.013600000000000001], [0.0, 0.0, 0.0, 0.0, 0.0, 0.0, 0.0, 0.0], [0.0, 0.2379, 0.2379, 0.0, 0.0004, 0.0004, 0.0004, 0.0004], [0.0, 0.0, 0.0, 0.0, 0.0, 0.0, 0.0, 0.0], [0.0, 0.0, 0.0, 0.0, 0.0, 0.0, 0.0, 0.0], [0.0, 0.0, 0.0, 0.0, 0.0, 0.0, 0.0, 0.0], [0.0054, 0.0002, 0.0002, 0.0019, 0.0, 0.0, 0.0, 0.0], [0.0, 0.0, 0.0, 0.0, 0.0, 0.0, 0.0, 0.0], [0.0, 0.0, 0.0, 0.0, 0.0, 0.0, 0.0, 0.0]]}}
bs_latimer_munro_vbm: {'band_index': {'1': [24]}, 'kpoint_index': [17, 18, 103, 104], 'kpoint': <pymatgen.electronic_structure.bandstructure.Kpoint object at 0x7fc5d4b5a3c0>, 'energy': 3.6212, 'projections': {'1': [[0.0, 0.054200000000000005, 0.054200000000000005, 0.0, 0.0, 0.0, 0.0, 0.0], [0.0, 0.0, 0.0, 0.0, 0.0, 0.0, 0.0, 0.0], [0.0, 0.048600000000000004, 0.048600000000000004, 0.0, 0.15, 0.0, 0.15, 0.0], [0.0, 0.0, 0.0, 0.1505, 0.0, 0.07200000000000001, 0.0, 0.07200000000000001], [0.0, 0.0, 0.0, 0.0, 0.0, 0.0, 0.0, 0.0], [0.0, 0.0, 0.0, 0.0, 0.0, 0.0, 0.0, 0.0], [0.0, 0.0021000000000000003, 0.0021000000000000003, 0.0, 0.0, 0.0, 0.0, 0.0], [0.011300000000000001, 0.0, 0.0, 0.0, 0.0, 0.0, 0.0, 0.0], [0.0, 0.0011, 0.0011, 0.0, 0.0, 0.0, 0.0, 0.0]]}}
bs_latimer_munro_efermi: 3.70060789