material_id: mp-562490
band_gap: 5.599699999999999
efermi: -1.32489012
dos_magnetic_ordering: NM
dos_total_task_id: mp-1744503
dos_total_band_gap: 5.5731
dos_total_cbm: 3.9201
dos_total_vbm: -1.653
dos_total_efermi: -1.65046866
bs_setyawan_curtarolo_task_id: mp-698942
bs_setyawan_curtarolo_band_gap: 5.599699999999999
bs_setyawan_curtarolo_cbm: {'band_index': {'1': [32]}, 'kpoint_index': [0, 78, 79, 105], 'kpoint': <pymatgen.electronic_structure.bandstructure.Kpoint object at 0x7fc699d63930>, 'energy': 4.2151, 'projections': {'1': [[0.022500000000000003, 0.022500000000000003, 0.022500000000000003, 0.022500000000000003, 0.021500000000000002, 0.0211, 0.0211, 0.0219, 0.021500000000000002, 0.021500000000000002, 0.0219, 0.021500000000000002], [0.0, 0.0, 0.0, 0.0, 0.0007, 0.0, 0.0, 0.0, 0.0007, 0.0007, 0.0, 0.0007], [0.0, 0.0, 0.0, 0.0, 0.0001, 0.0, 0.0, 0.0, 0.0001, 0.0001, 0.0, 0.0001], [0.0, 0.0, 0.0, 0.0, 0.0006000000000000001, 0.0018000000000000002, 0.0018000000000000002, 0.0, 0.0006000000000000001, 0.0006000000000000001, 0.0, 0.0006000000000000001], [0.0, 0.0, 0.0, 0.0, 0.0, 0.0, 0.0, 0.0, 0.0, 0.0, 0.0, 0.0], [0.0, 0.0, 0.0, 0.0, 0.0, 0.0, 0.0, 0.0, 0.0, 0.0, 0.0, 0.0], [0.0, 0.0, 0.0, 0.0, 0.0, 0.0, 0.0, 0.0, 0.0, 0.0, 0.0, 0.0], [0.0, 0.0, 0.0, 0.0, 0.0, 0.0, 0.0, 0.0, 0.0, 0.0, 0.0, 0.0], [0.0, 0.0, 0.0, 0.0, 0.0, 0.0, 0.0, 0.0, 0.0, 0.0, 0.0, 0.0]]}}
bs_setyawan_curtarolo_vbm: {'band_index': {'1': [31]}, 'kpoint_index': [13, 14, 61], 'kpoint': <pymatgen.electronic_structure.bandstructure.Kpoint object at 0x7fc5d4b59be0>, 'energy': -1.3846, 'projections': {'1': [[0.0, 0.0, 0.0, 0.0, 0.0001, 0.0, 0.0, 0.0, 0.0001, 0.0001, 0.0, 0.0001], [0.0001, 0.0001, 0.0001, 0.0001, 0.0784, 0.007500000000000001, 0.007500000000000001, 0.025900000000000003, 0.0784, 0.0784, 0.025900000000000003, 0.0784], [0.0001, 0.0001, 0.0001, 0.0001, 0.0145, 0.1232, 0.1232, 0.033600000000000005, 0.0145, 0.0145, 0.033600000000000005, 0.0145], [0.0001, 0.0001, 0.0001, 0.0001, 0.0001, 0.0, 0.0, 0.0015, 0.0001, 0.0001, 0.0015, 0.0001], [0.0, 0.0, 0.0, 0.0, 0.0, 0.0, 0.0, 0.0, 0.0, 0.0, 0.0, 0.0], [0.0, 0.0, 0.0, 0.0, 0.0, 0.0, 0.0, 0.0, 0.0, 0.0, 0.0, 0.0], [0.0, 0.0, 0.0, 0.0, 0.0, 0.0, 0.0, 0.0, 0.0, 0.0, 0.0, 0.0], [0.0, 0.0, 0.0, 0.0, 0.0, 0.0, 0.0, 0.0, 0.0, 0.0, 0.0, 0.0], [0.0, 0.0, 0.0, 0.0, 0.0, 0.0, 0.0, 0.0, 0.0, 0.0, 0.0, 0.0]]}}
bs_setyawan_curtarolo_efermi: -1.32489012