material_id: mp-546862
band_gap: 2.247799999999999
efermi: 2.70593647
dos_magnetic_ordering: NM
dos_total_task_id: mp-1695795
dos_total_band_gap: 2.3614
dos_total_cbm: 4.9416
dos_total_vbm: 2.5802
dos_total_efermi: 2.5808990400000003
bs_setyawan_curtarolo_task_id: mp-1589942
bs_setyawan_curtarolo_band_gap: 2.247799999999999
bs_setyawan_curtarolo_cbm: {'band_index': {'1': [33]}, 'kpoint_index': ['95'], 'kpoint': <pymatgen.electronic_structure.bandstructure.Kpoint object at 0x7fc699d63930>, 'energy': 4.8588000000000005, 'projections': {'1': [[0.1458, 0.0004, 0.0004, 0.0049, 0.0049, 0.0315, 0.0315], [0.0, 0.0006000000000000001, 0.0006000000000000001, 0.0031000000000000003, 0.0031000000000000003, 0.042300000000000004, 0.042300000000000004], [0.0, 0.027200000000000002, 0.027200000000000002, 0.0077, 0.0077, 0.0007, 0.0007], [0.0005, 0.056600000000000004, 0.056600000000000004, 0.00030000000000000003, 0.00030000000000000003, 0.012700000000000001, 0.012700000000000001], [0.0, 0.0, 0.0, 0.0, 0.0, 0.0, 0.0], [0.0085, 0.0005, 0.0005, 0.0, 0.0, 0.0, 0.0], [0.010100000000000001, 0.0, 0.0, 0.0, 0.0, 0.0, 0.0], [0.0, 0.0001, 0.0001, 0.0, 0.0, 0.0, 0.0], [0.0409, 0.0, 0.0, 0.0, 0.0, 0.0, 0.0]]}}
bs_setyawan_curtarolo_vbm: {'band_index': {'1': [32]}, 'kpoint_index': [13, 14, 72], 'kpoint': <pymatgen.electronic_structure.bandstructure.Kpoint object at 0x7fc5d4b59be0>, 'energy': 2.610999999999999, 'projections': {'1': [[0.010100000000000001, 0.06520000000000001, 0.0651, 0.0, 0.0, 0.0002, 0.0002], [0.0, 0.0008, 0.0008, 0.0344, 0.0344, 0.0054, 0.0054], [0.0, 0.0099, 0.0099, 0.076, 0.076, 0.16670000000000001, 0.16670000000000001], [0.0, 0.0, 0.0, 0.0, 0.0, 0.0, 0.0], [0.0, 0.0, 0.0, 0.0, 0.0, 0.0, 0.0], [0.0044, 0.0011, 0.0011, 0.0, 0.0, 0.0, 0.0], [0.024, 0.0004, 0.0004, 0.0, 0.0, 0.0, 0.0], [0.0, 0.0, 0.0, 0.0, 0.0, 0.0, 0.0], [0.0363, 0.001, 0.001, 0.0, 0.0, 0.0, 0.0]]}}
bs_setyawan_curtarolo_efermi: 2.70593647
bs_latimer_munro_task_id: mp-2613593
bs_latimer_munro_band_gap: 2.247799999999999
bs_latimer_munro_cbm: {'band_index': {'1': [33]}, 'kpoint_index': ['163'], 'kpoint': <pymatgen.electronic_structure.bandstructure.Kpoint object at 0x7fc5d4b59d30>, 'energy': 4.8588000000000005, 'projections': {'1': [[0.1458, 0.0004, 0.0004, 0.0049, 0.0049, 0.0315, 0.0315], [0.0, 0.0006000000000000001, 0.0006000000000000001, 0.0031000000000000003, 0.0031000000000000003, 0.042300000000000004, 0.042300000000000004], [0.0, 0.027200000000000002, 0.027200000000000002, 0.0077, 0.0077, 0.0007, 0.0007], [0.0005, 0.056600000000000004, 0.056600000000000004, 0.00030000000000000003, 0.00030000000000000003, 0.012700000000000001, 0.012700000000000001], [0.0, 0.0, 0.0, 0.0, 0.0, 0.0, 0.0], [0.0085, 0.0005, 0.0005, 0.0, 0.0, 0.0, 0.0], [0.010100000000000001, 0.0, 0.0, 0.0, 0.0, 0.0, 0.0], [0.0, 0.0001, 0.0001, 0.0, 0.0, 0.0, 0.0], [0.0409, 0.0, 0.0, 0.0, 0.0, 0.0, 0.0]]}}
bs_latimer_munro_vbm: {'band_index': {'1': [32]}, 'kpoint_index': [131, 132, 137], 'kpoint': <pymatgen.electronic_structure.bandstructure.Kpoint object at 0x7fc5d4b59e80>, 'energy': 2.610999999999999, 'projections': {'1': [[0.010100000000000001, 0.0651, 0.0651, 0.0, 0.0, 0.0002, 0.0002], [0.0, 0.0008, 0.0008, 0.0344, 0.0344, 0.0054, 0.0054], [0.0, 0.0099, 0.0099, 0.076, 0.076, 0.16670000000000001, 0.16670000000000001], [0.0, 0.0, 0.0, 0.0, 0.0, 0.0, 0.0], [0.0, 0.0, 0.0, 0.0, 0.0, 0.0, 0.0], [0.0044, 0.0011, 0.0011, 0.0, 0.0, 0.0, 0.0], [0.024, 0.0004, 0.0004, 0.0, 0.0, 0.0, 0.0], [0.0, 0.0, 0.0, 0.0, 0.0, 0.0, 0.0], [0.0363, 0.001, 0.001, 0.0, 0.0, 0.0, 0.0]]}}
bs_latimer_munro_efermi: 2.72172975