material_id: mp-542115
band_gap: 1.8688999999999991
efermi: 0.5829352600000001
dos_magnetic_ordering: NM
dos_total_task_id: mp-1722185
dos_total_band_gap: 1.8522999999999992
dos_total_cbm: 2.3928000000000003
dos_total_vbm: 0.5405
dos_total_efermi: 0.52250173
bs_setyawan_curtarolo_task_id: mp-1623665
bs_setyawan_curtarolo_band_gap: 1.8688999999999991
bs_setyawan_curtarolo_cbm: {'band_index': {'1': [114]}, 'kpoint_index': [0], 'kpoint': <pymatgen.electronic_structure.bandstructure.Kpoint object at 0x7fc699d63930>, 'energy': 2.3907, 'projections': {'1': [[0.016, 0.016, 0.0504, 0.0504, 0.0849, 0.0849, 0.0006000000000000001, 0.0006000000000000001, 0.0009000000000000001, 0.0009000000000000001, 0.006500000000000001, 0.006500000000000001, 0.0038, 0.0038, 0.006200000000000001, 0.006200000000000001, 0.0039000000000000003, 0.0039000000000000003, 0.0033, 0.0033, 0.006200000000000001, 0.0061, 0.0054, 0.0054, 0.0031000000000000003, 0.0031000000000000003, 0.0036000000000000003, 0.0036000000000000003, 0.002, 0.002, 0.0026000000000000003, 0.0026000000000000003], [0.0002, 0.0002, 0.00030000000000000003, 0.00030000000000000003, 0.0, 0.0, 0.0172, 0.0172, 0.0137, 0.0137, 0.0002, 0.0002, 0.0041, 0.0041, 0.01, 0.01, 0.010400000000000001, 0.010400000000000001, 0.0048000000000000004, 0.0048000000000000004, 0.00030000000000000003, 0.00030000000000000003, 0.0008, 0.0008, 0.002, 0.002, 0.004, 0.004, 0.0002, 0.0002, 0.0005, 0.0005], [0.0001, 0.0001, 0.0, 0.0, 0.0, 0.0, 0.00030000000000000003, 0.00030000000000000003, 0.0091, 0.0091, 0.0001, 0.0001, 0.0004, 0.0004, 0.0015, 0.0015, 0.0025, 0.0025, 0.0005, 0.0005, 0.0018000000000000002, 0.0018000000000000002, 0.0055000000000000005, 0.0055000000000000005, 0.022600000000000002, 0.022600000000000002, 0.017400000000000002, 0.017400000000000002, 0.0023, 0.0023, 0.0017000000000000001, 0.0017000000000000001], [0.0001, 0.0001, 0.0001, 0.0001, 0.0, 0.0, 0.0016, 0.0016, 0.0026000000000000003, 0.0026000000000000003, 0.0, 0.0, 0.0, 0.0, 0.0008, 0.0008, 0.0, 0.0, 0.0, 0.0, 0.0032, 0.0032, 0.0022, 0.0022, 0.0015, 0.0015, 0.0027, 0.0027, 0.003, 0.003, 0.0018000000000000002, 0.0018000000000000002], [0.0, 0.0, 0.0, 0.0, 0.0001, 0.0001, 0.0, 0.0, 0.0, 0.0, 0.0, 0.0, 0.0, 0.0, 0.0, 0.0, 0.0, 0.0, 0.0, 0.0, 0.0, 0.0, 0.0, 0.0, 0.0, 0.0, 0.0, 0.0, 0.0, 0.0, 0.0, 0.0], [0.0, 0.0, 0.001, 0.001, 0.0002, 0.0002, 0.0, 0.0, 0.00030000000000000003, 0.00030000000000000003, 0.0007, 0.0007, 0.0, 0.0, 0.0, 0.0, 0.0, 0.0, 0.0, 0.0, 0.0, 0.0, 0.0, 0.0, 0.0, 0.0, 0.0, 0.0, 0.0, 0.0, 0.0, 0.0], [0.0002, 0.0002, 0.0002, 0.0002, 0.0009000000000000001, 0.0009000000000000001, 0.0, 0.0, 0.0, 0.0, 0.0013000000000000002, 0.0013000000000000002, 0.0, 0.0, 0.0, 0.0, 0.0, 0.0, 0.0, 0.0, 0.0, 0.0, 0.0, 0.0, 0.0, 0.0, 0.0, 0.0, 0.0, 0.0, 0.0, 0.0], [0.0, 0.0, 0.0001, 0.0001, 0.0, 0.0, 0.0, 0.0, 0.0, 0.0, 0.0001, 0.0001, 0.0, 0.0, 0.0, 0.0, 0.0, 0.0, 0.0, 0.0, 0.0, 0.0, 0.0, 0.0, 0.0, 0.0, 0.0, 0.0, 0.0, 0.0, 0.0, 0.0], [0.0007, 0.0007, 0.0008, 0.0008, 0.00030000000000000003, 0.00030000000000000003, 0.0, 0.0, 0.0002, 0.0002, 0.0, 0.0, 0.0, 0.0, 0.0, 0.0, 0.0, 0.0, 0.0, 0.0, 0.0, 0.0, 0.0, 0.0, 0.0, 0.0, 0.0, 0.0, 0.0, 0.0, 0.0, 0.0]]}}
bs_setyawan_curtarolo_vbm: {'band_index': {'1': [113]}, 'kpoint_index': [0], 'kpoint': <pymatgen.electronic_structure.bandstructure.Kpoint object at 0x7fc5d4b5a350>, 'energy': 0.5218, 'projections': {'1': [[0.0, 0.0, 0.00030000000000000003, 0.00030000000000000003, 0.0001, 0.0001, 0.0, 0.0, 0.0001, 0.0001, 0.0001, 0.0001, 0.0001, 0.0001, 0.0, 0.0, 0.0, 0.0, 0.0, 0.0, 0.0, 0.0, 0.0002, 0.0002, 0.0, 0.0, 0.0, 0.0, 0.0002, 0.0002, 0.0001, 0.0001], [0.0004, 0.0004, 0.0029000000000000002, 0.0029000000000000002, 0.001, 0.001, 0.0002, 0.0002, 0.0002, 0.0002, 0.0001, 0.0001, 0.0001, 0.0001, 0.006, 0.006, 0.019, 0.019, 0.0, 0.0, 0.0006000000000000001, 0.0006000000000000001, 0.0236, 0.0236, 0.0006000000000000001, 0.0006000000000000001, 0.0035, 0.0035, 0.0024000000000000002, 0.0024000000000000002, 0.0, 0.0], [0.0001, 0.0001, 0.0, 0.0, 0.0, 0.0, 0.0, 0.0, 0.0, 0.0, 0.0, 0.0, 0.0077, 0.0077, 0.029400000000000003, 0.029400000000000003, 0.0189, 0.0189, 0.0115, 0.0115, 0.017400000000000002, 0.017400000000000002, 0.0341, 0.0341, 0.0012000000000000001, 0.0012000000000000001, 0.0014, 0.0014, 0.0054, 0.0054, 0.0088, 0.0088], [0.0001, 0.0001, 0.0002, 0.0002, 0.0001, 0.0001, 0.0001, 0.0001, 0.0, 0.0, 0.0, 0.0, 0.014100000000000001, 0.014100000000000001, 0.0668, 0.0668, 0.0091, 0.0091, 0.0019, 0.0019, 0.006500000000000001, 0.006500000000000001, 0.0148, 0.0148, 0.0013000000000000002, 0.0013000000000000002, 0.0027, 0.0027, 0.0098, 0.0098, 0.0092, 0.0092], [0.0, 0.0, 0.0023, 0.0023, 0.0021000000000000003, 0.0021000000000000003, 0.0, 0.0, 0.0001, 0.0001, 0.0001, 0.0001, 0.0, 0.0, 0.0, 0.0, 0.0, 0.0, 0.0, 0.0, 0.0, 0.0, 0.0, 0.0, 0.0, 0.0, 0.0, 0.0, 0.0, 0.0, 0.0, 0.0], [0.0001, 0.0001, 0.0134, 0.0134, 0.0001, 0.0001, 0.0001, 0.0001, 0.0, 0.0, 0.0001, 0.0001, 0.0, 0.0, 0.0, 0.0, 0.0, 0.0, 0.0, 0.0, 0.0, 0.0, 0.0, 0.0, 0.0, 0.0, 0.0, 0.0, 0.0, 0.0, 0.0, 0.0], [0.0018000000000000002, 0.0018000000000000002, 0.010700000000000001, 0.010700000000000001, 0.0002, 0.0002, 0.0, 0.0, 0.00030000000000000003, 0.00030000000000000003, 0.00030000000000000003, 0.00030000000000000003, 0.0, 0.0, 0.0, 0.0, 0.0, 0.0, 0.0, 0.0, 0.0, 0.0, 0.0, 0.0, 0.0, 0.0, 0.0, 0.0, 0.0, 0.0, 0.0, 0.0], [0.0053, 0.0053, 0.0176, 0.0176, 0.005, 0.005, 0.0001, 0.0001, 0.0001, 0.0001, 0.0002, 0.0002, 0.0, 0.0, 0.0, 0.0, 0.0, 0.0, 0.0, 0.0, 0.0, 0.0, 0.0, 0.0, 0.0, 0.0, 0.0, 0.0, 0.0, 0.0, 0.0, 0.0], [0.0006000000000000001, 0.0006000000000000001, 0.0115, 0.0115, 0.0001, 0.0001, 0.0, 0.0, 0.0002, 0.0002, 0.0002, 0.0002, 0.0, 0.0, 0.0, 0.0, 0.0, 0.0, 0.0, 0.0, 0.0, 0.0, 0.0, 0.0, 0.0, 0.0, 0.0, 0.0, 0.0, 0.0, 0.0, 0.0]]}}
bs_setyawan_curtarolo_efermi: 0.5829352600000001
bs_latimer_munro_task_id: mp-2306004
bs_latimer_munro_band_gap: 1.8688999999999991
bs_latimer_munro_cbm: {'band_index': {'1': [114]}, 'kpoint_index': [112, 113, 123, 133, 143, 150, 159], 'kpoint': <pymatgen.electronic_structure.bandstructure.Kpoint object at 0x7fc5d4b59d30>, 'energy': 2.3907, 'projections': {'1': [[0.016, 0.016, 0.0504, 0.0504, 0.0849, 0.0849, 0.0006000000000000001, 0.0006000000000000001, 0.0009000000000000001, 0.0009000000000000001, 0.006500000000000001, 0.006500000000000001, 0.0038, 0.0038, 0.006200000000000001, 0.006200000000000001, 0.0039000000000000003, 0.0039000000000000003, 0.0033, 0.0033, 0.0061, 0.0061, 0.0054, 0.0054, 0.0031000000000000003, 0.0031000000000000003, 0.0036000000000000003, 0.0036000000000000003, 0.002, 0.002, 0.0026000000000000003, 0.0026000000000000003], [0.0002, 0.0002, 0.00030000000000000003, 0.00030000000000000003, 0.0, 0.0, 0.0172, 0.0172, 0.0137, 0.0137, 0.0002, 0.0002, 0.0041, 0.0041, 0.01, 0.01, 0.010400000000000001, 0.010400000000000001, 0.0048000000000000004, 0.0048000000000000004, 0.00030000000000000003, 0.00030000000000000003, 0.0008, 0.0008, 0.002, 0.002, 0.004, 0.004, 0.0002, 0.0002, 0.0005, 0.0005], [0.0001, 0.0001, 0.0, 0.0, 0.0, 0.0, 0.00030000000000000003, 0.00030000000000000003, 0.0091, 0.0091, 0.0001, 0.0001, 0.0004, 0.0004, 0.0015, 0.0015, 0.0025, 0.0025, 0.0005, 0.0005, 0.0018000000000000002, 0.0018000000000000002, 0.0055000000000000005, 0.0055000000000000005, 0.022600000000000002, 0.022600000000000002, 0.017400000000000002, 0.017400000000000002, 0.0023, 0.0023, 0.0017000000000000001, 0.0017000000000000001], [0.0001, 0.0001, 0.0001, 0.0001, 0.0, 0.0, 0.0016, 0.0016, 0.0026000000000000003, 0.0026000000000000003, 0.0, 0.0, 0.0, 0.0, 0.0008, 0.0008, 0.0, 0.0, 0.0, 0.0, 0.0032, 0.0032, 0.0022, 0.0022, 0.0015, 0.0015, 0.0027, 0.0027, 0.003, 0.003, 0.0018000000000000002, 0.0018000000000000002], [0.0, 0.0, 0.0, 0.0, 0.0001, 0.0001, 0.0, 0.0, 0.0, 0.0, 0.0, 0.0, 0.0, 0.0, 0.0, 0.0, 0.0, 0.0, 0.0, 0.0, 0.0, 0.0, 0.0, 0.0, 0.0, 0.0, 0.0, 0.0, 0.0, 0.0, 0.0, 0.0], [0.0, 0.0, 0.001, 0.001, 0.0002, 0.0002, 0.0, 0.0, 0.00030000000000000003, 0.00030000000000000003, 0.0007, 0.0007, 0.0, 0.0, 0.0, 0.0, 0.0, 0.0, 0.0, 0.0, 0.0, 0.0, 0.0, 0.0, 0.0, 0.0, 0.0, 0.0, 0.0, 0.0, 0.0, 0.0], [0.0002, 0.0002, 0.0002, 0.0002, 0.0009000000000000001, 0.0009000000000000001, 0.0, 0.0, 0.0, 0.0, 0.0013000000000000002, 0.0013000000000000002, 0.0, 0.0, 0.0, 0.0, 0.0, 0.0, 0.0, 0.0, 0.0, 0.0, 0.0, 0.0, 0.0, 0.0, 0.0, 0.0, 0.0, 0.0, 0.0, 0.0], [0.0, 0.0, 0.0001, 0.0001, 0.0, 0.0, 0.0, 0.0, 0.0, 0.0, 0.0001, 0.0001, 0.0, 0.0, 0.0, 0.0, 0.0, 0.0, 0.0, 0.0, 0.0, 0.0, 0.0, 0.0, 0.0, 0.0, 0.0, 0.0, 0.0, 0.0, 0.0, 0.0], [0.0007, 0.0007, 0.0008, 0.0008, 0.00030000000000000003, 0.00030000000000000003, 0.0, 0.0, 0.0002, 0.0002, 0.0, 0.0, 0.0, 0.0, 0.0, 0.0, 0.0, 0.0, 0.0, 0.0, 0.0, 0.0, 0.0, 0.0, 0.0, 0.0, 0.0, 0.0, 0.0, 0.0, 0.0, 0.0]]}}
bs_latimer_munro_vbm: {'band_index': {'1': [113]}, 'kpoint_index': [112, 113, 123, 133, 143, 150, 159], 'kpoint': <pymatgen.electronic_structure.bandstructure.Kpoint object at 0x7fc5d4b59c50>, 'energy': 0.5218, 'projections': {'1': [[0.0, 0.0, 0.00030000000000000003, 0.00030000000000000003, 0.0001, 0.0001, 0.0, 0.0, 0.0001, 0.0001, 0.0001, 0.0001, 0.0001, 0.0001, 0.0, 0.0, 0.0, 0.0, 0.0, 0.0, 0.0, 0.0, 0.0002, 0.0002, 0.0, 0.0, 0.0, 0.0, 0.0002, 0.0002, 0.0001, 0.0001], [0.0004, 0.0004, 0.0029000000000000002, 0.0029000000000000002, 0.001, 0.001, 0.0002, 0.0002, 0.0002, 0.0002, 0.0001, 0.0001, 0.0001, 0.0001, 0.006, 0.006, 0.019, 0.019, 0.0, 0.0, 0.0006000000000000001, 0.0006000000000000001, 0.0236, 0.0236, 0.0006000000000000001, 0.0006000000000000001, 0.0035, 0.0035, 0.0024000000000000002, 0.0024000000000000002, 0.0, 0.0], [0.0001, 0.0001, 0.0, 0.0, 0.0, 0.0, 0.0, 0.0, 0.0, 0.0, 0.0, 0.0, 0.0077, 0.0077, 0.029400000000000003, 0.029400000000000003, 0.0189, 0.0189, 0.0115, 0.0115, 0.017400000000000002, 0.017400000000000002, 0.0341, 0.0341, 0.0012000000000000001, 0.0012000000000000001, 0.0014, 0.0014, 0.0054, 0.0054, 0.0088, 0.0088], [0.0001, 0.0001, 0.0002, 0.0002, 0.0001, 0.0001, 0.0001, 0.0001, 0.0, 0.0, 0.0, 0.0, 0.014100000000000001, 0.014100000000000001, 0.0668, 0.0668, 0.0091, 0.0091, 0.0019, 0.0019, 0.006500000000000001, 0.006500000000000001, 0.0148, 0.0148, 0.0013000000000000002, 0.0013000000000000002, 0.0027, 0.0027, 0.0098, 0.0098, 0.0092, 0.0092], [0.0, 0.0, 0.0023, 0.0023, 0.0021000000000000003, 0.0021000000000000003, 0.0, 0.0, 0.0001, 0.0001, 0.0001, 0.0001, 0.0, 0.0, 0.0, 0.0, 0.0, 0.0, 0.0, 0.0, 0.0, 0.0, 0.0, 0.0, 0.0, 0.0, 0.0, 0.0, 0.0, 0.0, 0.0, 0.0], [0.0001, 0.0001, 0.0134, 0.0134, 0.0001, 0.0001, 0.0001, 0.0001, 0.0, 0.0, 0.0001, 0.0001, 0.0, 0.0, 0.0, 0.0, 0.0, 0.0, 0.0, 0.0, 0.0, 0.0, 0.0, 0.0, 0.0, 0.0, 0.0, 0.0, 0.0, 0.0, 0.0, 0.0], [0.0018000000000000002, 0.0018000000000000002, 0.010700000000000001, 0.010700000000000001, 0.0002, 0.0002, 0.0, 0.0, 0.00030000000000000003, 0.00030000000000000003, 0.00030000000000000003, 0.00030000000000000003, 0.0, 0.0, 0.0, 0.0, 0.0, 0.0, 0.0, 0.0, 0.0, 0.0, 0.0, 0.0, 0.0, 0.0, 0.0, 0.0, 0.0, 0.0, 0.0, 0.0], [0.0053, 0.0053, 0.0176, 0.0176, 0.005, 0.005, 0.0001, 0.0001, 0.0001, 0.0001, 0.0002, 0.0002, 0.0, 0.0, 0.0, 0.0, 0.0, 0.0, 0.0, 0.0, 0.0, 0.0, 0.0, 0.0, 0.0, 0.0, 0.0, 0.0, 0.0, 0.0, 0.0, 0.0], [0.0006000000000000001, 0.0006000000000000001, 0.0115, 0.0115, 0.0001, 0.0001, 0.0, 0.0, 0.0002, 0.0002, 0.0002, 0.0002, 0.0, 0.0, 0.0, 0.0, 0.0, 0.0, 0.0, 0.0, 0.0, 0.0, 0.0, 0.0, 0.0, 0.0, 0.0, 0.0, 0.0, 0.0, 0.0, 0.0]]}}
bs_latimer_munro_efermi: 0.58916206