material_id: mp-546684
band_gap: 0.8236000000000001
efermi: 1.13168942
dos_magnetic_ordering: NM
dos_total_task_id: mp-1704579
dos_total_band_gap: 0.7441000000000001
dos_total_cbm: 2.1211
dos_total_vbm: 1.377
dos_total_efermi: 1.35899185
bs_setyawan_curtarolo_task_id: mp-1601207
bs_setyawan_curtarolo_band_gap: 0.8236000000000001
bs_setyawan_curtarolo_cbm: {'band_index': {'1': [34]}, 'kpoint_index': [0, 99, 100, 129], 'kpoint': <pymatgen.electronic_structure.bandstructure.Kpoint object at 0x7fc699d63930>, 'energy': 1.8266, 'projections': {'1': [[0.0048000000000000004, 0.0048000000000000004, 0.0016, 0.0016, 0.0012000000000000001, 0.0012000000000000001, 0.028, 0.0012000000000000001, 0.028, 0.0012000000000000001], [0.0, 0.0, 0.024800000000000003, 0.024800000000000003, 0.034800000000000005, 0.034800000000000005, 0.0002, 0.034800000000000005, 0.0002, 0.034800000000000005], [0.0, 0.0, 0.0109, 0.0109, 0.0044, 0.0044, 0.0043, 0.0044, 0.0043, 0.0044], [0.0, 0.0, 0.0, 0.0, 0.0002, 0.0002, 0.0, 0.0002, 0.0, 0.0002], [0.0031000000000000003, 0.0031000000000000003, 0.0, 0.0, 0.0, 0.0, 0.0, 0.0, 0.0, 0.0], [0.0292, 0.029300000000000003, 0.0016, 0.0016, 0.0, 0.0, 0.0, 0.0, 0.0, 0.0], [0.11810000000000001, 0.11810000000000001, 0.0001, 0.0001, 0.0, 0.0, 0.0, 0.0, 0.0, 0.0], [0.0942, 0.0942, 0.0, 0.0, 0.0, 0.0, 0.0, 0.0, 0.0, 0.0], [0.0322, 0.0322, 0.004, 0.004, 0.0, 0.0, 0.0, 0.0, 0.0, 0.0]]}}
bs_setyawan_curtarolo_vbm: {'band_index': {'1': [33]}, 'kpoint_index': [0, 99, 100, 129], 'kpoint': <pymatgen.electronic_structure.bandstructure.Kpoint object at 0x7fc5d4b5a3c0>, 'energy': 1.003, 'projections': {'1': [[0.0132, 0.0132, 0.0, 0.0, 0.0008, 0.0008, 0.0, 0.0008, 0.0, 0.0008], [0.0, 0.0, 0.0, 0.0, 0.0236, 0.0236, 0.0, 0.0236, 0.0, 0.0236], [0.0, 0.0, 0.0, 0.0, 0.028900000000000002, 0.028900000000000002, 0.0, 0.028900000000000002, 0.0, 0.028900000000000002], [0.0, 0.0, 0.0019, 0.0019, 0.0058000000000000005, 0.0058000000000000005, 0.011300000000000001, 0.0058000000000000005, 0.011300000000000001, 0.0058000000000000005], [0.08080000000000001, 0.08080000000000001, 0.00030000000000000003, 0.00030000000000000003, 0.0, 0.0, 0.0, 0.0, 0.0, 0.0], [0.1589, 0.1589, 0.0, 0.0, 0.0, 0.0, 0.0, 0.0, 0.0, 0.0], [0.009600000000000001, 0.009600000000000001, 0.0, 0.0, 0.0, 0.0, 0.0, 0.0, 0.0, 0.0], [0.046400000000000004, 0.046400000000000004, 0.0017000000000000001, 0.0017000000000000001, 0.0, 0.0, 0.0, 0.0, 0.0, 0.0], [0.001, 0.001, 0.0, 0.0, 0.0, 0.0, 0.0, 0.0, 0.0, 0.0]]}}
bs_setyawan_curtarolo_efermi: 1.13168942
bs_latimer_munro_task_id: mp-2440453
bs_latimer_munro_band_gap: 0.8236000000000001
bs_latimer_munro_cbm: {'band_index': {'1': [34]}, 'kpoint_index': [18, 19, 80, 81, 127, 128, 148, 167, 198, 243, 258], 'kpoint': <pymatgen.electronic_structure.bandstructure.Kpoint object at 0x7fc5d4b5a200>, 'energy': 1.8266, 'projections': {'1': [[0.0048000000000000004, 0.0048000000000000004, 0.0016, 0.0016, 0.0012000000000000001, 0.0012000000000000001, 0.028, 0.0012000000000000001, 0.028, 0.0012000000000000001], [0.0, 0.0, 0.024800000000000003, 0.024800000000000003, 0.034800000000000005, 0.034800000000000005, 0.0002, 0.034800000000000005, 0.0002, 0.034800000000000005], [0.0, 0.0, 0.0109, 0.0109, 0.0044, 0.0044, 0.0043, 0.0044, 0.0043, 0.0044], [0.0, 0.0, 0.0, 0.0, 0.0002, 0.0002, 0.0, 0.0002, 0.0, 0.0002], [0.0031000000000000003, 0.0031000000000000003, 0.0, 0.0, 0.0, 0.0, 0.0, 0.0, 0.0, 0.0], [0.0292, 0.029300000000000003, 0.0016, 0.0016, 0.0, 0.0, 0.0, 0.0, 0.0, 0.0], [0.11810000000000001, 0.11810000000000001, 0.0001, 0.0001, 0.0, 0.0, 0.0, 0.0, 0.0, 0.0], [0.0942, 0.0942, 0.0, 0.0, 0.0, 0.0, 0.0, 0.0, 0.0, 0.0], [0.0322, 0.0322, 0.004, 0.004, 0.0, 0.0, 0.0, 0.0, 0.0, 0.0]]}}
bs_latimer_munro_vbm: {'band_index': {'1': [33]}, 'kpoint_index': [18, 19, 80, 81, 127, 128, 148, 167, 198, 243, 258], 'kpoint': <pymatgen.electronic_structure.bandstructure.Kpoint object at 0x7fc5d4b5a430>, 'energy': 1.003, 'projections': {'1': [[0.0132, 0.0132, 0.0, 0.0, 0.0008, 0.0008, 0.0, 0.0008, 0.0, 0.0008], [0.0, 0.0, 0.0, 0.0, 0.0236, 0.0236, 0.0, 0.0236, 0.0, 0.0236], [0.0, 0.0, 0.0, 0.0, 0.028900000000000002, 0.028900000000000002, 0.0, 0.028900000000000002, 0.0, 0.028900000000000002], [0.0, 0.0, 0.0019, 0.0019, 0.0058000000000000005, 0.0058000000000000005, 0.011300000000000001, 0.0058000000000000005, 0.011300000000000001, 0.0058000000000000005], [0.08080000000000001, 0.08080000000000001, 0.00030000000000000003, 0.00030000000000000003, 0.0, 0.0, 0.0, 0.0, 0.0, 0.0], [0.1589, 0.1589, 0.0, 0.0, 0.0, 0.0, 0.0, 0.0, 0.0, 0.0], [0.009600000000000001, 0.009600000000000001, 0.0, 0.0, 0.0, 0.0, 0.0, 0.0, 0.0, 0.0], [0.046400000000000004, 0.046400000000000004, 0.0017000000000000001, 0.0017000000000000001, 0.0, 0.0, 0.0, 0.0, 0.0, 0.0], [0.001, 0.001, 0.0, 0.0, 0.0, 0.0, 0.0, 0.0, 0.0, 0.0]]}}
bs_latimer_munro_efermi: 1.13872908