material_id: mp-554623
band_gap: 3.1249000000000002
efermi: 2.07951867
dos_magnetic_ordering: NM
dos_total_task_id: mp-1699900
dos_total_band_gap: 3.1094
dos_total_cbm: 5.048
dos_total_vbm: 1.9386
dos_total_efermi: 1.91717808
bs_setyawan_curtarolo_task_id: mp-687970
bs_setyawan_curtarolo_band_gap: 3.1249000000000002
bs_setyawan_curtarolo_cbm: {'band_index': {'1': [50]}, 'kpoint_index': [9, 10, 66], 'kpoint': <pymatgen.electronic_structure.bandstructure.Kpoint object at 0x7fc699d63930>, 'energy': 5.0542, 'projections': {}}
bs_setyawan_curtarolo_vbm: {'band_index': {'1': [49]}, 'kpoint_index': ['84'], 'kpoint': <pymatgen.electronic_structure.bandstructure.Kpoint object at 0x7fc5d4b59c50>, 'energy': 1.9293, 'projections': {}}
bs_setyawan_curtarolo_efermi: 2.07951867
bs_latimer_munro_task_id: mp-2434583
bs_latimer_munro_band_gap: 3.1282
bs_latimer_munro_cbm: {'band_index': {'1': [50]}, 'kpoint_index': [100, 101, 117], 'kpoint': <pymatgen.electronic_structure.bandstructure.Kpoint object at 0x7fc5d4b5a3c0>, 'energy': 4.963, 'projections': {'1': [[0.0, 0.0, 0.0, 0.0, 0.0, 0.0, 0.0, 0.0, 0.0, 0.0, 0.0, 0.0, 0.0], [0.0, 0.0, 0.0, 0.0, 0.0, 0.0, 0.0, 0.0, 0.0, 0.0, 0.0, 0.0, 0.0], [0.0, 0.0, 0.0, 0.0, 0.0, 0.0, 0.0, 0.0, 0.0, 0.0, 0.0, 0.0, 0.0], [0.00030000000000000003, 0.00030000000000000003, 0.0064, 0.0064, 0.0, 0.0, 0.0182, 0.0182, 0.0, 0.0, 0.0018000000000000002, 0.0, 0.0018000000000000002], [0.0025, 0.0025, 0.1153, 0.1153, 0.0, 0.0, 0.0, 0.0, 0.0, 0.0, 0.0, 0.0, 0.0], [0.0, 0.0, 0.0, 0.0, 0.0, 0.0, 0.0, 0.0, 0.0, 0.0, 0.0, 0.0, 0.0], [0.0, 0.0, 0.0, 0.0, 0.0, 0.0, 0.0, 0.0, 0.0, 0.0, 0.0, 0.0, 0.0], [0.0043, 0.0043, 0.2521, 0.2521, 0.0, 0.0, 0.0, 0.0, 0.0, 0.0, 0.0, 0.0, 0.0], [0.0, 0.0, 0.0, 0.0, 0.0, 0.0, 0.0, 0.0, 0.0, 0.0, 0.0, 0.0, 0.0]]}}
bs_latimer_munro_vbm: {'band_index': {'1': [49]}, 'kpoint_index': ['2'], 'kpoint': <pymatgen.electronic_structure.bandstructure.Kpoint object at 0x7fc5d4b5a190>, 'energy': 1.8348, 'projections': {'1': [[0.0, 0.0, 0.0, 0.0, 0.0, 0.0, 0.0, 0.0, 0.0, 0.0, 0.0, 0.0, 0.0], [0.0026000000000000003, 0.0026000000000000003, 0.001, 0.001, 0.0005, 0.0005, 0.1125, 0.1125, 0.0055000000000000005, 0.0, 0.0, 0.0055000000000000005, 0.0], [0.0007, 0.0007, 0.0, 0.0, 0.0019, 0.0019, 0.0216, 0.0216, 0.0005, 0.0, 0.024, 0.0005, 0.024], [0.0001, 0.0001, 0.0001, 0.0001, 0.0008, 0.0008, 0.0, 0.0, 0.1126, 0.0206, 0.0844, 0.1126, 0.0844], [0.0001, 0.0001, 0.0001, 0.0001, 0.0, 0.0, 0.0, 0.0, 0.0, 0.0, 0.0, 0.0, 0.0], [0.0012000000000000001, 0.0012000000000000001, 0.0001, 0.0001, 0.0, 0.0, 0.0, 0.0, 0.0, 0.0, 0.0, 0.0, 0.0], [0.0012000000000000001, 0.0012000000000000001, 0.0, 0.0, 0.0, 0.0, 0.0, 0.0, 0.0, 0.0, 0.0, 0.0, 0.0], [0.00030000000000000003, 0.00030000000000000003, 0.0001, 0.0001, 0.0, 0.0, 0.0, 0.0, 0.0, 0.0, 0.0, 0.0, 0.0], [0.0008, 0.0008, 0.0, 0.0, 0.0, 0.0, 0.0, 0.0, 0.0, 0.0, 0.0, 0.0, 0.0]]}}
bs_latimer_munro_efermi: 2.0225285