material_id: mp-504427
band_gap: 1.982899999999999
efermi: 3.704958
dos_magnetic_ordering: NM
dos_total_task_id: mp-1677888
dos_total_band_gap: 1.9625
dos_total_cbm: 5.5786
dos_total_vbm: 3.6161
dos_total_efermi: 3.60167
bs_setyawan_curtarolo_task_id: mp-1608248
bs_setyawan_curtarolo_band_gap: 1.982899999999999
bs_setyawan_curtarolo_cbm: {'band_index': {'1': [86]}, 'kpoint_index': [0], 'kpoint': <pymatgen.electronic_structure.bandstructure.Kpoint object at 0x7fc699d63930>, 'energy': 5.5864, 'projections': {'1': [[0.0, 0.0, 0.0, 0.0, 0.0, 0.0, 0.0, 0.0, 0.0, 0.0, 0.0, 0.0, 0.0, 0.0, 0.0, 0.0, 0.0, 0.0, 0.0, 0.0, 0.0, 0.0], [0.0, 0.0, 0.0, 0.0, 0.0, 0.0, 0.0, 0.0, 0.0, 0.0, 0.0, 0.0, 0.0, 0.0, 0.0, 0.0, 0.0, 0.0, 0.0, 0.0, 0.0, 0.0], [0.0, 0.0, 0.0, 0.0, 0.0, 0.0, 0.0, 0.0, 0.0, 0.0, 0.0, 0.0, 0.0, 0.0, 0.0, 0.0, 0.0, 0.0, 0.0, 0.0, 0.0, 0.0], [0.0008, 0.0008, 0.0001, 0.0001, 0.0017000000000000001, 0.0017000000000000001, 0.0001, 0.0001, 0.0012000000000000001, 0.0012000000000000001, 0.0086, 0.0086, 0.0008, 0.0008, 0.001, 0.001, 0.0002, 0.0002, 0.0001, 0.0001, 0.0, 0.0], [0.0034000000000000002, 0.0034000000000000002, 0.1787, 0.1787, 0.18860000000000002, 0.18860000000000002, 0.0001, 0.0001, 0.0, 0.0, 0.0, 0.0, 0.0, 0.0, 0.0, 0.0, 0.0, 0.0, 0.0, 0.0, 0.0, 0.0], [0.0, 0.0, 0.0, 0.0, 0.0, 0.0, 0.0, 0.0, 0.0, 0.0, 0.0, 0.0, 0.0, 0.0, 0.0, 0.0, 0.0, 0.0, 0.0, 0.0, 0.0, 0.0], [0.0, 0.0, 0.0, 0.0, 0.0, 0.0, 0.0, 0.0, 0.0, 0.0, 0.0, 0.0, 0.0, 0.0, 0.0, 0.0, 0.0, 0.0, 0.0, 0.0, 0.0, 0.0], [0.0183, 0.0183, 0.0453, 0.0453, 0.0014, 0.0014, 0.0002, 0.0002, 0.0, 0.0, 0.0, 0.0, 0.0, 0.0, 0.0, 0.0, 0.0, 0.0, 0.0, 0.0, 0.0, 0.0], [0.0, 0.0, 0.0, 0.0, 0.0, 0.0, 0.0, 0.0, 0.0, 0.0, 0.0, 0.0, 0.0, 0.0, 0.0, 0.0, 0.0, 0.0, 0.0, 0.0, 0.0, 0.0]]}}
bs_setyawan_curtarolo_vbm: {'band_index': {'1': [85]}, 'kpoint_index': ['36'], 'kpoint': <pymatgen.electronic_structure.bandstructure.Kpoint object at 0x7fc5d4b5a190>, 'energy': 3.6035, 'projections': {'1': [[0.0, 0.0, 0.0001, 0.0001, 0.0001, 0.0001, 0.0648, 0.0648, 0.0, 0.0, 0.0, 0.0, 0.0, 0.0, 0.0, 0.0, 0.0, 0.0, 0.0001, 0.0001, 0.0, 0.0], [0.0001, 0.0001, 0.0001, 0.0001, 0.0, 0.0, 0.0002, 0.0002, 0.0616, 0.0616, 0.0026000000000000003, 0.0026000000000000003, 0.0023, 0.0023, 0.0017000000000000001, 0.0017000000000000001, 0.0001, 0.0001, 0.0004, 0.0004, 0.0002, 0.0002], [0.0, 0.0, 0.0001, 0.0001, 0.0, 0.0, 0.0102, 0.0102, 0.0077, 0.0077, 0.0013000000000000002, 0.0013000000000000002, 0.0002, 0.0002, 0.0206, 0.0206, 0.0, 0.0, 0.0005, 0.0005, 0.0, 0.0], [0.0, 0.0, 0.0001, 0.0001, 0.0004, 0.0004, 0.0, 0.0, 0.0, 0.0, 0.0, 0.0, 0.0001, 0.0001, 0.10980000000000001, 0.10980000000000001, 0.020800000000000003, 0.020800000000000003, 0.0039000000000000003, 0.0039000000000000003, 0.069, 0.069], [0.0023, 0.0023, 0.0021000000000000003, 0.0021000000000000003, 0.0009000000000000001, 0.0009000000000000001, 0.00030000000000000003, 0.00030000000000000003, 0.0, 0.0, 0.0, 0.0, 0.0, 0.0, 0.0, 0.0, 0.0, 0.0, 0.0, 0.0, 0.0, 0.0], [0.0001, 0.0001, 0.0004, 0.0004, 0.0004, 0.0004, 0.0005, 0.0005, 0.0, 0.0, 0.0, 0.0, 0.0, 0.0, 0.0, 0.0, 0.0, 0.0, 0.0, 0.0, 0.0, 0.0], [0.0001, 0.0001, 0.0007, 0.0007, 0.0, 0.0, 0.0001, 0.0001, 0.0, 0.0, 0.0, 0.0, 0.0, 0.0, 0.0, 0.0, 0.0, 0.0, 0.0, 0.0, 0.0, 0.0], [0.0001, 0.0001, 0.002, 0.002, 0.0126, 0.0126, 0.0002, 0.0002, 0.0, 0.0, 0.0, 0.0, 0.0, 0.0, 0.0, 0.0, 0.0, 0.0, 0.0, 0.0, 0.0, 0.0], [0.0001, 0.0001, 0.0001, 0.0001, 0.0001, 0.0001, 0.0, 0.0, 0.0, 0.0, 0.0, 0.0, 0.0, 0.0, 0.0, 0.0, 0.0, 0.0, 0.0, 0.0, 0.0, 0.0]]}}
bs_setyawan_curtarolo_efermi: 3.704958
bs_latimer_munro_task_id: mp-2435625
bs_latimer_munro_band_gap: 1.981999999999999
bs_latimer_munro_cbm: {'band_index': {'1': [86]}, 'kpoint_index': ['141'], 'kpoint': <pymatgen.electronic_structure.bandstructure.Kpoint object at 0x7fc5d4b5a350>, 'energy': 5.5855, 'projections': {'1': [[0.0, 0.0, 0.0, 0.0, 0.0, 0.0, 0.0, 0.0, 0.0, 0.0, 0.0, 0.0, 0.0, 0.0, 0.0, 0.0, 0.0, 0.0, 0.0, 0.0, 0.0, 0.0], [0.0, 0.0, 0.0, 0.0, 0.0, 0.0, 0.0, 0.0, 0.0, 0.0, 0.0, 0.0, 0.0, 0.0, 0.0, 0.0, 0.0, 0.0, 0.0, 0.0, 0.0, 0.0], [0.0, 0.0, 0.0, 0.0, 0.0, 0.0, 0.0, 0.0, 0.0, 0.0, 0.0, 0.0, 0.0, 0.0, 0.0, 0.0, 0.0, 0.0, 0.0, 0.0, 0.0, 0.0], [0.0006000000000000001, 0.0006000000000000001, 0.0002, 0.0002, 0.0013000000000000002, 0.0013000000000000002, 0.0001, 0.0001, 0.001, 0.001, 0.0081, 0.0081, 0.001, 0.001, 0.001, 0.001, 0.00030000000000000003, 0.00030000000000000003, 0.0013000000000000002, 0.0013000000000000002, 0.0001, 0.0001], [0.0027, 0.0027, 0.16570000000000001, 0.16570000000000001, 0.2101, 0.2101, 0.0001, 0.0001, 0.0, 0.0, 0.0, 0.0, 0.0, 0.0, 0.0, 0.0, 0.0, 0.0, 0.0, 0.0, 0.0, 0.0], [0.0, 0.0, 0.0, 0.0, 0.0, 0.0, 0.0, 0.0, 0.0, 0.0, 0.0, 0.0, 0.0, 0.0, 0.0, 0.0, 0.0, 0.0, 0.0, 0.0, 0.0, 0.0], [0.0, 0.0, 0.0, 0.0, 0.0, 0.0, 0.0, 0.0, 0.0, 0.0, 0.0, 0.0, 0.0, 0.0, 0.0, 0.0, 0.0, 0.0, 0.0, 0.0, 0.0, 0.0], [0.013800000000000002, 0.013800000000000002, 0.0396, 0.0396, 0.0031000000000000003, 0.0031000000000000003, 0.0001, 0.0001, 0.0, 0.0, 0.0, 0.0, 0.0, 0.0, 0.0, 0.0, 0.0, 0.0, 0.0, 0.0, 0.0, 0.0], [0.0, 0.0, 0.0, 0.0, 0.0, 0.0, 0.0, 0.0, 0.0, 0.0, 0.0, 0.0, 0.0, 0.0, 0.0, 0.0, 0.0, 0.0, 0.0, 0.0, 0.0, 0.0]]}}
bs_latimer_munro_vbm: {'band_index': {'1': [85]}, 'kpoint_index': ['60'], 'kpoint': <pymatgen.electronic_structure.bandstructure.Kpoint object at 0x7fc5d4b59e80>, 'energy': 3.6035, 'projections': {'1': [[0.0, 0.0, 0.0001, 0.0001, 0.0001, 0.0001, 0.0648, 0.0648, 0.0, 0.0, 0.0, 0.0, 0.0, 0.0, 0.0, 0.0, 0.0, 0.0, 0.0001, 0.0001, 0.0, 0.0], [0.0001, 0.0001, 0.0001, 0.0001, 0.0, 0.0, 0.0002, 0.0002, 0.0616, 0.0616, 0.0026000000000000003, 0.0026000000000000003, 0.0023, 0.0023, 0.0017000000000000001, 0.0017000000000000001, 0.0001, 0.0001, 0.0004, 0.0004, 0.0002, 0.0002], [0.0, 0.0, 0.0001, 0.0001, 0.0, 0.0, 0.0102, 0.0102, 0.0077, 0.0077, 0.0013000000000000002, 0.0013000000000000002, 0.0002, 0.0002, 0.0206, 0.0206, 0.0, 0.0, 0.0005, 0.0005, 0.0, 0.0], [0.0, 0.0, 0.0001, 0.0001, 0.0004, 0.0004, 0.0, 0.0, 0.0, 0.0, 0.0, 0.0, 0.0001, 0.0001, 0.10980000000000001, 0.10980000000000001, 0.020800000000000003, 0.020800000000000003, 0.0039000000000000003, 0.0039000000000000003, 0.069, 0.069], [0.0023, 0.0023, 0.0021000000000000003, 0.0021000000000000003, 0.0009000000000000001, 0.0009000000000000001, 0.00030000000000000003, 0.00030000000000000003, 0.0, 0.0, 0.0, 0.0, 0.0, 0.0, 0.0, 0.0, 0.0, 0.0, 0.0, 0.0, 0.0, 0.0], [0.0001, 0.0001, 0.0004, 0.0004, 0.0004, 0.0004, 0.0005, 0.0005, 0.0, 0.0, 0.0, 0.0, 0.0, 0.0, 0.0, 0.0, 0.0, 0.0, 0.0, 0.0, 0.0, 0.0], [0.0001, 0.0001, 0.0007, 0.0007, 0.0, 0.0, 0.0001, 0.0001, 0.0, 0.0, 0.0, 0.0, 0.0, 0.0, 0.0, 0.0, 0.0, 0.0, 0.0, 0.0, 0.0, 0.0], [0.0001, 0.0001, 0.002, 0.002, 0.0126, 0.0126, 0.0002, 0.0002, 0.0, 0.0, 0.0, 0.0, 0.0, 0.0, 0.0, 0.0, 0.0, 0.0, 0.0, 0.0, 0.0, 0.0], [0.0001, 0.0001, 0.0001, 0.0001, 0.0001, 0.0001, 0.0, 0.0, 0.0, 0.0, 0.0, 0.0, 0.0, 0.0, 0.0, 0.0, 0.0, 0.0, 0.0, 0.0, 0.0, 0.0]]}}
bs_latimer_munro_efermi: 3.6951047