material_id: mp-572674
band_gap: 0.628999999999999
efermi: 0.57454844
dos_magnetic_ordering: FM
dos_total_task_id: mp-1731840
dos_total_band_gap: 2.063
dos_total_cbm: 2.4596
dos_total_vbm: 0.3966
dos_total_efermi: 0.40407808
bs_setyawan_curtarolo_task_id: mp-1612884
bs_setyawan_curtarolo_band_gap: 0.628999999999999
bs_setyawan_curtarolo_cbm: {'band_index': {'-1': [69], '1': []}, 'kpoint_index': [57, 58], 'kpoint': <pymatgen.electronic_structure.bandstructure.Kpoint object at 0x7fc699d63930>, 'energy': 1.0151, 'projections': {'-1': [[0.0, 0.0005, 0.0, 0.0, 0.0, 0.0, 0.0, 0.0, 0.0, 0.0002, 0.0001, 0.0002, 0.0001, 0.0002, 0.0002, 0.0, 0.0, 0.0, 0.0, 0.0, 0.0], [0.0011, 0.0, 0.0011, 0.0004, 0.0, 0.0005, 0.0005, 0.0004, 0.0, 0.0154, 0.0165, 0.0002, 0.0165, 0.0002, 0.0154, 0.0001, 0.0005, 0.0005, 0.0006000000000000001, 0.0006000000000000001, 0.0001], [0.0, 0.0, 0.0, 0.00030000000000000003, 0.0, 0.0002, 0.0002, 0.00030000000000000003, 0.0, 0.0061, 0.0051, 0.0, 0.0051, 0.0, 0.0061, 0.0, 0.0005, 0.0005, 0.0004, 0.0004, 0.0], [0.0, 0.0, 0.0, 0.0, 0.0001, 0.0001, 0.0001, 0.0, 0.0001, 0.0, 0.0006000000000000001, 0.0002, 0.0006000000000000001, 0.0002, 0.0, 0.0011, 0.0, 0.0, 0.0, 0.0, 0.0011], [0.0005, 0.1991, 0.0005, 0.0, 0.0, 0.0, 0.0, 0.0, 0.0, 0.0004, 0.0008, 0.0001, 0.0008, 0.0001, 0.0004, 0.0, 0.0, 0.0, 0.0, 0.0, 0.0], [0.0, 0.0034000000000000002, 0.0, 0.0, 0.0, 0.0, 0.0, 0.0, 0.0, 0.0006000000000000001, 0.00030000000000000003, 0.0, 0.00030000000000000003, 0.0, 0.0006000000000000001, 0.0, 0.0, 0.0, 0.0, 0.0, 0.0], [0.006500000000000001, 0.22360000000000002, 0.006500000000000001, 0.0, 0.0, 0.0, 0.0, 0.0, 0.0, 0.0017000000000000001, 0.001, 0.0001, 0.001, 0.0001, 0.0017000000000000001, 0.0, 0.0, 0.0, 0.0, 0.0, 0.0], [0.0006000000000000001, 0.0044, 0.0006000000000000001, 0.0, 0.0, 0.0, 0.0, 0.0, 0.0, 0.0, 0.0006000000000000001, 0.0001, 0.0006000000000000001, 0.0001, 0.0, 0.0, 0.0, 0.0, 0.0, 0.0, 0.0], [0.0002, 0.1525, 0.0002, 0.0, 0.0, 0.0, 0.0, 0.0, 0.0, 0.0, 0.0001, 0.0017000000000000001, 0.0001, 0.0017000000000000001, 0.0, 0.0, 0.0, 0.0, 0.0, 0.0, 0.0]]}}
bs_setyawan_curtarolo_vbm: {'band_index': {'1': [71], '-1': []}, 'kpoint_index': [50], 'kpoint': <pymatgen.electronic_structure.bandstructure.Kpoint object at 0x7fc5d4b59e80>, 'energy': 0.3861, 'projections': {'1': [[0.0004, 0.0031000000000000003, 0.0004, 0.0007, 0.0008, 0.0007, 0.0007, 0.0007, 0.0008, 0.0, 0.0, 0.0, 0.0, 0.0, 0.0, 0.0, 0.0, 0.0, 0.0, 0.0, 0.0], [0.0, 0.0, 0.0, 0.0, 0.0001, 0.0, 0.0, 0.0, 0.0001, 0.0021000000000000003, 0.0012000000000000001, 0.0045000000000000005, 0.0012000000000000001, 0.0045000000000000005, 0.0021000000000000003, 0.0016, 0.00030000000000000003, 0.00030000000000000003, 0.0004, 0.0004, 0.0016], [0.0, 0.0, 0.0, 0.0004, 0.0001, 0.0, 0.0, 0.0004, 0.0001, 0.0009000000000000001, 0.0056, 0.0005, 0.0056, 0.0005, 0.0009000000000000001, 0.0004, 0.0026000000000000003, 0.0026000000000000003, 0.0004, 0.0004, 0.0004], [0.0009000000000000001, 0.0, 0.0009000000000000001, 0.0037, 0.0038, 0.0043, 0.0043, 0.0037, 0.0038, 0.0165, 0.0123, 0.0145, 0.0123, 0.0145, 0.0165, 0.0076, 0.0066, 0.0066, 0.0092, 0.0092, 0.0076], [0.0001, 0.0, 0.0001, 0.0, 0.0, 0.0, 0.0, 0.0, 0.0, 0.0, 0.0, 0.0, 0.0, 0.0, 0.0, 0.0, 0.0, 0.0, 0.0, 0.0, 0.0], [0.0001, 0.0001, 0.0001, 0.0, 0.0, 0.0, 0.0, 0.0, 0.0, 0.0001, 0.0001, 0.0, 0.0001, 0.0, 0.0001, 0.0, 0.0, 0.0, 0.0, 0.0, 0.0], [0.0281, 0.0692, 0.0281, 0.0, 0.0, 0.0, 0.0, 0.0, 0.0, 0.0, 0.0, 0.0, 0.0, 0.0, 0.0, 0.0, 0.0, 0.0, 0.0, 0.0, 0.0], [0.01, 0.0291, 0.010100000000000001, 0.0, 0.0, 0.0, 0.0, 0.0, 0.0, 0.0, 0.0, 0.0, 0.0, 0.0, 0.0, 0.0, 0.0, 0.0, 0.0, 0.0, 0.0], [0.0792, 0.2651, 0.0792, 0.0, 0.0, 0.0, 0.0, 0.0, 0.0, 0.0, 0.0, 0.0001, 0.0, 0.0001, 0.0, 0.0, 0.0, 0.0, 0.0, 0.0, 0.0]]}}
bs_setyawan_curtarolo_efermi: 0.57454844
bs_hinuma_task_id: mp-2148178
bs_hinuma_band_gap: 0.628999999999999
bs_hinuma_cbm: {'band_index': {'-1': [69], '1': []}, 'kpoint_index': [57, 58], 'kpoint': <pymatgen.electronic_structure.bandstructure.Kpoint object at 0x7fc5d4b5a190>, 'energy': 1.0151, 'projections': {'-1': [[0.0, 0.0005, 0.0, 0.0, 0.0, 0.0, 0.0, 0.0, 0.0, 0.0001, 0.0002, 0.0002, 0.0002, 0.0002, 0.0001, 0.0, 0.0, 0.0, 0.0, 0.0, 0.0], [0.00030000000000000003, 0.0, 0.00030000000000000003, 0.0005, 0.0, 0.0, 0.0, 0.0005, 0.0, 0.0165, 0.0001, 0.0, 0.0001, 0.0, 0.0165, 0.0001, 0.0009000000000000001, 0.0009000000000000001, 0.0, 0.0, 0.0001], [0.0007, 0.0, 0.0007, 0.0001, 0.0006000000000000001, 0.0, 0.0, 0.0001, 0.0006000000000000001, 0.005, 0.0002, 0.020200000000000003, 0.0002, 0.020200000000000003, 0.005, 0.0009000000000000001, 0.0001, 0.0001, 0.0, 0.0, 0.0009000000000000001], [0.0001, 0.0, 0.0001, 0.0001, 0.0001, 0.0002, 0.0002, 0.0001, 0.0001, 0.0006000000000000001, 0.0001, 0.0013000000000000002, 0.0001, 0.0013000000000000002, 0.0006000000000000001, 0.0, 0.0, 0.0, 0.0011, 0.0011, 0.0], [0.0, 0.017, 0.0, 0.0, 0.0, 0.0, 0.0, 0.0, 0.0, 0.0005, 0.0, 0.0001, 0.0, 0.0001, 0.0005, 0.0, 0.0, 0.0, 0.0, 0.0, 0.0], [0.0047, 0.3012, 0.0047, 0.0, 0.0, 0.0, 0.0, 0.0, 0.0, 0.0006000000000000001, 0.0001, 0.0017000000000000001, 0.0001, 0.0017000000000000001, 0.0006000000000000001, 0.0, 0.0, 0.0, 0.0, 0.0, 0.0], [0.0007, 0.1781, 0.0007, 0.0, 0.0, 0.0, 0.0, 0.0, 0.0, 0.0009000000000000001, 0.0005, 0.0, 0.0005, 0.0, 0.0009000000000000001, 0.0, 0.0, 0.0, 0.0, 0.0, 0.0], [0.0004, 0.0862, 0.0004, 0.0, 0.0, 0.0, 0.0, 0.0, 0.0, 0.0001, 0.0004, 0.001, 0.0004, 0.001, 0.0001, 0.0, 0.0, 0.0, 0.0, 0.0, 0.0], [0.002, 0.0005, 0.002, 0.0, 0.0, 0.0, 0.0, 0.0, 0.0, 0.0008, 0.0009000000000000001, 0.0, 0.0009000000000000001, 0.0, 0.0008, 0.0, 0.0, 0.0, 0.0, 0.0, 0.0]]}}
bs_hinuma_vbm: {'band_index': {'1': [71], '-1': []}, 'kpoint_index': [50], 'kpoint': <pymatgen.electronic_structure.bandstructure.Kpoint object at 0x7fc5d4b59be0>, 'energy': 0.3861, 'projections': {'1': [[0.0004, 0.0031000000000000003, 0.0004, 0.0008, 0.0007, 0.0007, 0.0007, 0.0008, 0.0007, 0.0, 0.0, 0.0, 0.0, 0.0, 0.0, 0.0, 0.0, 0.0, 0.0, 0.0, 0.0], [0.0, 0.0, 0.0, 0.0, 0.0001, 0.0001, 0.0001, 0.0, 0.0001, 0.001, 0.0004, 0.0043, 0.0004, 0.0043, 0.001, 0.0017000000000000001, 0.0005, 0.0005, 0.0005, 0.0005, 0.0017000000000000001], [0.0, 0.0, 0.0, 0.00030000000000000003, 0.0002, 0.0, 0.0, 0.00030000000000000003, 0.0002, 0.0015, 0.007, 0.0005, 0.007, 0.0005, 0.0015, 0.00030000000000000003, 0.0022, 0.0022, 0.00030000000000000003, 0.00030000000000000003, 0.00030000000000000003], [0.0009000000000000001, 0.0, 0.0009000000000000001, 0.0037, 0.0041, 0.0041, 0.0041, 0.0037, 0.0041, 0.017, 0.012, 0.0143, 0.012, 0.0143, 0.017, 0.008, 0.006900000000000001, 0.006900000000000001, 0.0086, 0.0086, 0.0081], [0.0, 0.0001, 0.0, 0.0, 0.0, 0.0, 0.0, 0.0, 0.0, 0.0, 0.0, 0.0, 0.0, 0.0, 0.0, 0.0, 0.0, 0.0, 0.0, 0.0, 0.0], [0.0001, 0.0001, 0.0001, 0.0, 0.0, 0.0, 0.0, 0.0, 0.0, 0.0, 0.0, 0.0, 0.0, 0.0, 0.0, 0.0, 0.0, 0.0, 0.0, 0.0, 0.0], [0.0212, 0.08320000000000001, 0.0212, 0.0, 0.0, 0.0, 0.0, 0.0, 0.0, 0.0001, 0.0001, 0.0, 0.0001, 0.0, 0.0001, 0.0, 0.0, 0.0, 0.0, 0.0, 0.0], [0.010100000000000001, 0.0304, 0.010100000000000001, 0.0, 0.0, 0.0, 0.0, 0.0, 0.0, 0.0, 0.0, 0.0, 0.0, 0.0, 0.0, 0.0, 0.0, 0.0, 0.0, 0.0, 0.0], [0.08600000000000001, 0.24980000000000002, 0.08600000000000001, 0.0, 0.0, 0.0, 0.0, 0.0, 0.0, 0.0, 0.0, 0.0001, 0.0, 0.0001, 0.0, 0.0, 0.0, 0.0, 0.0, 0.0, 0.0]]}}
bs_hinuma_efermi: 0.55162405
bs_latimer_munro_task_id: mp-2609870
bs_latimer_munro_band_gap: 0.6311999999999991
bs_latimer_munro_cbm: {'band_index': {'-1': [69], '1': []}, 'kpoint_index': [29], 'kpoint': <pymatgen.electronic_structure.bandstructure.Kpoint object at 0x7fc5d4b5a430>, 'energy': 1.0151, 'projections': {'-1': [[0.0, 0.0005, 0.0, 0.0, 0.0, 0.0, 0.0, 0.0, 0.0, 0.0002, 0.0001, 0.0002, 0.0001, 0.0002, 0.0002, 0.0, 0.0, 0.0, 0.0, 0.0, 0.0], [0.0011, 0.0, 0.0011, 0.0004, 0.0, 0.0005, 0.0005, 0.0004, 0.0, 0.0154, 0.0165, 0.0002, 0.0165, 0.0002, 0.0154, 0.0001, 0.0005, 0.0005, 0.0006000000000000001, 0.0006000000000000001, 0.0001], [0.0, 0.0, 0.0, 0.00030000000000000003, 0.0, 0.0002, 0.0002, 0.00030000000000000003, 0.0, 0.0061, 0.0051, 0.0, 0.0051, 0.0, 0.0061, 0.0, 0.0005, 0.0005, 0.0004, 0.0004, 0.0], [0.0, 0.0, 0.0, 0.0, 0.0001, 0.0001, 0.0001, 0.0, 0.0001, 0.0, 0.0006000000000000001, 0.0002, 0.0006000000000000001, 0.0002, 0.0, 0.0011, 0.0, 0.0, 0.0, 0.0, 0.0011], [0.0005, 0.1991, 0.0005, 0.0, 0.0, 0.0, 0.0, 0.0, 0.0, 0.0004, 0.0008, 0.0001, 0.0008, 0.0001, 0.0004, 0.0, 0.0, 0.0, 0.0, 0.0, 0.0], [0.0, 0.0034000000000000002, 0.0, 0.0, 0.0, 0.0, 0.0, 0.0, 0.0, 0.0006000000000000001, 0.00030000000000000003, 0.0, 0.00030000000000000003, 0.0, 0.0006000000000000001, 0.0, 0.0, 0.0, 0.0, 0.0, 0.0], [0.006500000000000001, 0.22360000000000002, 0.006500000000000001, 0.0, 0.0, 0.0, 0.0, 0.0, 0.0, 0.0017000000000000001, 0.001, 0.0001, 0.001, 0.0001, 0.0017000000000000001, 0.0, 0.0, 0.0, 0.0, 0.0, 0.0], [0.0006000000000000001, 0.0044, 0.0006000000000000001, 0.0, 0.0, 0.0, 0.0, 0.0, 0.0, 0.0, 0.0006000000000000001, 0.0001, 0.0006000000000000001, 0.0001, 0.0, 0.0, 0.0, 0.0, 0.0, 0.0, 0.0], [0.0002, 0.1524, 0.0002, 0.0, 0.0, 0.0, 0.0, 0.0, 0.0, 0.0, 0.0001, 0.0017000000000000001, 0.0001, 0.0016, 0.0, 0.0, 0.0, 0.0, 0.0, 0.0, 0.0]]}}
bs_latimer_munro_vbm: {'band_index': {'1': [70, 71], '-1': []}, 'kpoint_index': [5, 6, 18], 'kpoint': <pymatgen.electronic_structure.bandstructure.Kpoint object at 0x7fc5d4b59d30>, 'energy': 0.3839, 'projections': {'1': [[0.0, 0.0, 0.0, 0.00030000000000000003, 0.00030000000000000003, 0.0, 0.0, 0.00030000000000000003, 0.00030000000000000003, 0.0, 0.0, 0.0, 0.0, 0.0, 0.0, 0.0, 0.0, 0.0, 0.0, 0.0, 0.0], [0.0, 0.0, 0.0, 0.001, 0.0, 0.0037, 0.0037, 0.001, 0.0, 0.0245, 0.06670000000000001, 0.0015, 0.06670000000000001, 0.0015, 0.0245, 0.00030000000000000003, 0.0023, 0.0023, 0.0109, 0.0109, 0.00030000000000000003], [0.0, 0.0, 0.0, 0.0008, 0.0012000000000000001, 0.001, 0.001, 0.0008, 0.0012000000000000001, 0.0033, 0.020800000000000003, 0.020800000000000003, 0.020800000000000003, 0.020800000000000003, 0.0033, 0.0035, 0.0031000000000000003, 0.0031000000000000003, 0.0031000000000000003, 0.0031000000000000003, 0.0035], [0.0, 0.0, 0.0, 0.0008, 0.0009000000000000001, 0.0001, 0.0001, 0.0008, 0.0009000000000000001, 0.002, 0.0005, 0.0009000000000000001, 0.0005, 0.0009000000000000001, 0.002, 0.001, 0.0008, 0.0008, 0.0002, 0.0002, 0.001], [0.0159, 0.0568, 0.0159, 0.0, 0.0, 0.0, 0.0, 0.0, 0.0, 0.0, 0.0, 0.0, 0.0, 0.0, 0.0, 0.0, 0.0, 0.0, 0.0, 0.0, 0.0], [0.0207, 0.0165, 0.0207, 0.0, 0.0, 0.0, 0.0, 0.0, 0.0, 0.0, 0.0001, 0.0001, 0.0001, 0.0001, 0.0, 0.0, 0.0, 0.0, 0.0, 0.0, 0.0], [0.0424, 0.053700000000000005, 0.0424, 0.0, 0.0, 0.0, 0.0, 0.0, 0.0, 0.0004, 0.00030000000000000003, 0.0, 0.00030000000000000003, 0.0, 0.0004, 0.0, 0.0, 0.0, 0.0, 0.0, 0.0], [0.001, 0.0244, 0.001, 0.0, 0.0, 0.0, 0.0, 0.0, 0.0, 0.0, 0.0, 0.0, 0.0, 0.0, 0.0, 0.0, 0.0, 0.0, 0.0, 0.0, 0.0], [0.010400000000000001, 0.0318, 0.010400000000000001, 0.0, 0.0, 0.0, 0.0, 0.0, 0.0, 0.0, 0.0001, 0.0004, 0.0001, 0.0004, 0.0, 0.0, 0.0, 0.0, 0.0, 0.0, 0.0]]}}
bs_latimer_munro_efermi: 0.53450814