material_id: mp-559916
band_gap: 2.4421
efermi: 1.29238102
dos_magnetic_ordering: NM
dos_total_task_id: mp-1731605
dos_total_band_gap: 2.4259
dos_total_cbm: 3.5335
dos_total_vbm: 1.1076
dos_total_efermi: 1.09176318
bs_setyawan_curtarolo_task_id: mp-717209
bs_setyawan_curtarolo_band_gap: 2.4421
bs_setyawan_curtarolo_cbm: {'band_index': {'1': [115]}, 'kpoint_index': [0, 84, 85, 112], 'kpoint': <pymatgen.electronic_structure.bandstructure.Kpoint object at 0x7fc699d63930>, 'energy': 3.693699999999999, 'projections': {'1': [[0.0106, 0.0135, 0.0106, 0.0081, 0.0098, 0.0135, 0.0109, 0.008700000000000001, 0.008700000000000001, 0.0098, 0.0109, 0.0076, 0.0081, 0.0098, 0.0098, 0.0076, 0.015700000000000002, 0.0038, 0.0038, 0.0038, 0.0038, 0.004200000000000001, 0.008400000000000001, 0.0064, 0.0066, 0.007500000000000001, 0.0073, 0.007500000000000001, 0.008400000000000001, 0.006900000000000001, 0.0064, 0.006900000000000001, 0.0073, 0.0074, 0.0064, 0.0074, 0.0066, 0.0064], [0.0, 0.0, 0.0, 0.0, 0.0, 0.0, 0.0, 0.0, 0.0, 0.0, 0.0, 0.0, 0.0, 0.0, 0.0, 0.0, 0.0, 0.0, 0.0, 0.0, 0.0, 0.0, 0.0, 0.0, 0.0, 0.0, 0.0001, 0.0, 0.00030000000000000003, 0.0001, 0.0, 0.0001, 0.0001, 0.0, 0.0, 0.0, 0.0, 0.0], [0.0002, 0.0, 0.0002, 0.0, 0.0, 0.0, 0.0, 0.0, 0.0, 0.0, 0.0, 0.0001, 0.0, 0.0, 0.0, 0.0001, 0.0, 0.0, 0.0, 0.0, 0.0, 0.0, 0.0002, 0.0002, 0.0, 0.0, 0.0001, 0.0, 0.0001, 0.0, 0.0002, 0.0, 0.0001, 0.0002, 0.0002, 0.0002, 0.0, 0.0002], [0.0002, 0.0001, 0.0002, 0.0, 0.0, 0.0001, 0.0001, 0.0, 0.0, 0.0, 0.0001, 0.0, 0.0, 0.0, 0.0, 0.0, 0.0, 0.0, 0.0, 0.0, 0.0, 0.0, 0.0, 0.0, 0.0, 0.0, 0.0001, 0.0, 0.0, 0.0004, 0.0001, 0.0004, 0.0001, 0.0, 0.0, 0.0, 0.0, 0.0001], [0.0, 0.0, 0.0, 0.0, 0.0, 0.0, 0.0, 0.0, 0.0, 0.0, 0.0, 0.0, 0.0, 0.0, 0.0, 0.0, 0.0, 0.0, 0.0, 0.0, 0.0, 0.0, 0.0, 0.0, 0.0, 0.0, 0.0, 0.0, 0.0, 0.0, 0.0, 0.0, 0.0, 0.0, 0.0, 0.0, 0.0, 0.0], [0.0, 0.0, 0.0, 0.0, 0.0, 0.0, 0.0, 0.0, 0.0, 0.0, 0.0, 0.0, 0.0, 0.0, 0.0, 0.0, 0.0, 0.0, 0.0, 0.0, 0.0, 0.0, 0.0, 0.0, 0.0, 0.0, 0.0, 0.0, 0.0, 0.0, 0.0, 0.0, 0.0, 0.0, 0.0, 0.0, 0.0, 0.0], [0.0, 0.0, 0.0, 0.0, 0.0, 0.0, 0.0, 0.0, 0.0, 0.0, 0.0, 0.0, 0.0, 0.0, 0.0, 0.0, 0.0, 0.0, 0.0, 0.0, 0.0, 0.0, 0.0, 0.0, 0.0, 0.0, 0.0, 0.0, 0.0, 0.0, 0.0, 0.0, 0.0, 0.0, 0.0, 0.0, 0.0, 0.0], [0.0, 0.0, 0.0, 0.0, 0.0, 0.0, 0.0, 0.0, 0.0, 0.0, 0.0, 0.0, 0.0, 0.0, 0.0, 0.0, 0.0, 0.0, 0.0, 0.0, 0.0, 0.0, 0.0, 0.0, 0.0, 0.0, 0.0, 0.0, 0.0, 0.0, 0.0, 0.0, 0.0, 0.0, 0.0, 0.0, 0.0, 0.0], [0.0, 0.0, 0.0, 0.0, 0.0, 0.0, 0.0, 0.0, 0.0, 0.0, 0.0, 0.0, 0.0, 0.0, 0.0, 0.0, 0.0, 0.0, 0.0, 0.0, 0.0, 0.0, 0.0, 0.0, 0.0, 0.0, 0.0, 0.0, 0.0, 0.0, 0.0, 0.0, 0.0, 0.0, 0.0, 0.0, 0.0, 0.0]]}}
bs_setyawan_curtarolo_vbm: {'band_index': {'1': [114]}, 'kpoint_index': ['18'], 'kpoint': <pymatgen.electronic_structure.bandstructure.Kpoint object at 0x7fc5d4b5a190>, 'energy': 1.2516, 'projections': {'1': [[0.0, 0.0, 0.0, 0.0, 0.0, 0.0, 0.0001, 0.0, 0.0, 0.0, 0.0001, 0.0, 0.0, 0.0, 0.0, 0.0, 0.0, 0.0, 0.0, 0.0, 0.0, 0.0, 0.0, 0.0, 0.0, 0.0, 0.0, 0.0, 0.0, 0.0, 0.0, 0.0, 0.0, 0.0, 0.0, 0.0, 0.0, 0.0], [0.0001, 0.0, 0.0001, 0.00030000000000000003, 0.0, 0.0, 0.0011, 0.0, 0.0, 0.0, 0.0011, 0.0008, 0.00030000000000000003, 0.0, 0.0, 0.0008, 0.0, 0.0, 0.0, 0.0, 0.0, 0.0, 0.0, 0.09140000000000001, 0.0009000000000000001, 0.0008, 0.0007, 0.0008, 0.0, 0.062400000000000004, 0.0004, 0.062400000000000004, 0.0007, 0.0, 0.09140000000000001, 0.0, 0.0009000000000000001, 0.0004], [0.0007, 0.0, 0.0007, 0.0, 0.0, 0.0, 0.0006000000000000001, 0.0002, 0.0002, 0.0, 0.0006000000000000001, 0.0001, 0.0, 0.0, 0.0, 0.0001, 0.0, 0.0, 0.0, 0.0, 0.0, 0.0, 0.0, 0.0222, 0.0, 0.00030000000000000003, 0.0004, 0.00030000000000000003, 0.0, 0.0218, 0.0903, 0.0218, 0.0004, 0.0008, 0.0222, 0.0008, 0.0, 0.09040000000000001], [0.0001, 0.0, 0.0001, 0.0, 0.0, 0.0, 0.0, 0.0, 0.0, 0.0, 0.0, 0.0002, 0.0, 0.0, 0.0, 0.0002, 0.0, 0.0, 0.0, 0.0, 0.0, 0.0, 0.0004, 0.0001, 0.0001, 0.0, 0.0026000000000000003, 0.0, 0.0002, 0.0145, 0.0244, 0.0145, 0.0026000000000000003, 0.0021000000000000003, 0.0001, 0.0021000000000000003, 0.0001, 0.0244], [0.0, 0.0, 0.0, 0.0, 0.0, 0.0, 0.0, 0.0, 0.0, 0.0, 0.0, 0.0, 0.0, 0.0, 0.0, 0.0, 0.0, 0.0, 0.0, 0.0, 0.0, 0.0, 0.0, 0.0, 0.0, 0.0, 0.0, 0.0, 0.0, 0.0, 0.0, 0.0, 0.0, 0.0, 0.0, 0.0, 0.0, 0.0], [0.0, 0.0, 0.0, 0.0, 0.0, 0.0, 0.0, 0.0, 0.0, 0.0, 0.0, 0.0, 0.0, 0.0, 0.0, 0.0, 0.0, 0.0, 0.0, 0.0, 0.0, 0.0, 0.0, 0.0, 0.0, 0.0, 0.0, 0.0, 0.0, 0.0, 0.0, 0.0, 0.0, 0.0, 0.0, 0.0, 0.0, 0.0], [0.0, 0.0, 0.0, 0.0, 0.0, 0.0, 0.0, 0.0, 0.0, 0.0, 0.0, 0.0, 0.0, 0.0, 0.0, 0.0, 0.0, 0.0, 0.0, 0.0, 0.0, 0.0, 0.0, 0.0, 0.0, 0.0, 0.0, 0.0, 0.0, 0.0, 0.0, 0.0, 0.0, 0.0, 0.0, 0.0, 0.0, 0.0], [0.0, 0.0, 0.0, 0.0, 0.0, 0.0, 0.0, 0.0, 0.0, 0.0, 0.0, 0.0, 0.0, 0.0, 0.0, 0.0, 0.0, 0.0, 0.0, 0.0, 0.0, 0.0, 0.0, 0.0, 0.0, 0.0, 0.0, 0.0, 0.0, 0.0, 0.0, 0.0, 0.0, 0.0, 0.0, 0.0, 0.0, 0.0], [0.0, 0.0, 0.0, 0.0, 0.0, 0.0, 0.0, 0.0, 0.0, 0.0, 0.0, 0.0, 0.0, 0.0, 0.0, 0.0, 0.0, 0.0, 0.0, 0.0, 0.0, 0.0, 0.0, 0.0, 0.0, 0.0, 0.0, 0.0, 0.0, 0.0, 0.0, 0.0, 0.0, 0.0, 0.0, 0.0, 0.0, 0.0]]}}
bs_setyawan_curtarolo_efermi: 1.29238102