material_id: mp-573324
band_gap: 4.8718
efermi: 0.93575047
dos_magnetic_ordering: NM
dos_total_task_id: mp-1674198
dos_total_band_gap: 4.8805
dos_total_cbm: 5.7305
dos_total_vbm: 0.85
dos_total_efermi: 0.83862927
bs_setyawan_curtarolo_task_id: mp-1600069
bs_setyawan_curtarolo_band_gap: 4.8718
bs_setyawan_curtarolo_cbm: {'band_index': {'1': [47]}, 'kpoint_index': [0, 38, 39], 'kpoint': <pymatgen.electronic_structure.bandstructure.Kpoint object at 0x7fc699d63930>, 'energy': 5.7228, 'projections': {'1': [[0.026600000000000002, 0.028300000000000002, 0.028300000000000002, 0.043500000000000004, 0.0099, 0.0099, 0.017, 0.016800000000000002, 0.016800000000000002, 0.017, 0.017, 0.017, 0.017, 0.017], [0.0, 0.0, 0.0, 0.0, 0.0, 0.0, 0.0008, 0.0, 0.0, 0.0002, 0.0002, 0.0008, 0.0002, 0.0002], [0.0, 0.0001, 0.0001, 0.0, 0.0, 0.0, 0.0, 0.0004, 0.0004, 0.0, 0.0, 0.0, 0.0, 0.0], [0.0, 0.0, 0.0, 0.0, 0.0, 0.0, 0.0, 0.0, 0.0, 0.0006000000000000001, 0.0006000000000000001, 0.0, 0.0006000000000000001, 0.0006000000000000001], [0.0, 0.0, 0.0, 0.0, 0.0, 0.0, 0.0, 0.0, 0.0, 0.0, 0.0, 0.0, 0.0, 0.0], [0.0, 0.0, 0.0, 0.0, 0.0, 0.0, 0.0, 0.0, 0.0, 0.0, 0.0, 0.0, 0.0, 0.0], [0.0, 0.0, 0.0, 0.0009000000000000001, 0.0, 0.0, 0.0, 0.0, 0.0, 0.0, 0.0, 0.0, 0.0, 0.0], [0.0, 0.0, 0.0, 0.0, 0.0, 0.0, 0.0, 0.0, 0.0, 0.0, 0.0, 0.0, 0.0, 0.0], [0.0, 0.0, 0.0, 0.0, 0.0, 0.0, 0.0, 0.0, 0.0, 0.0, 0.0, 0.0, 0.0, 0.0]]}}
bs_setyawan_curtarolo_vbm: {'band_index': {'1': [45, 46]}, 'kpoint_index': [47, 48, 86], 'kpoint': <pymatgen.electronic_structure.bandstructure.Kpoint object at 0x7fc5d4b5a350>, 'energy': 0.851, 'projections': {'1': [[0.0, 0.0, 0.0, 0.0, 0.0, 0.0, 0.0002, 0.0, 0.0, 0.0001, 0.0001, 0.0002, 0.0001, 0.0001], [0.0021000000000000003, 0.00030000000000000003, 0.00030000000000000003, 0.0, 0.001, 0.001, 0.013900000000000001, 0.1829, 0.1829, 0.0199, 0.0199, 0.013900000000000001, 0.0199, 0.0199], [0.0, 0.0, 0.0, 0.0, 0.0, 0.0, 0.08700000000000001, 0.0, 0.0, 0.0219, 0.0216, 0.08700000000000001, 0.0219, 0.0216], [0.0, 0.0, 0.0, 0.0, 0.0, 0.0, 0.0, 0.0, 0.0, 0.0002, 0.0002, 0.0, 0.0002, 0.0002], [0.0, 0.0, 0.0, 0.0, 0.0, 0.0, 0.0, 0.0, 0.0, 0.0, 0.0, 0.0, 0.0, 0.0], [0.0, 0.0, 0.0, 0.0037, 0.0, 0.0, 0.0, 0.0, 0.0, 0.0, 0.0, 0.0, 0.0, 0.0], [0.0, 0.0, 0.0, 0.0, 0.0, 0.0, 0.0, 0.0, 0.0, 0.0, 0.0, 0.0, 0.0, 0.0], [0.0, 0.0, 0.0, 0.0, 0.0, 0.0, 0.0, 0.0, 0.0, 0.0, 0.0, 0.0, 0.0, 0.0], [0.0, 0.0001, 0.0001, 0.0045000000000000005, 0.0, 0.0, 0.0, 0.0, 0.0, 0.0, 0.0, 0.0, 0.0, 0.0]]}}
bs_setyawan_curtarolo_efermi: 0.93575047
bs_hinuma_task_id: mp-2067532
bs_hinuma_band_gap: 4.8718
bs_hinuma_cbm: {'band_index': {'1': [47]}, 'kpoint_index': [0, 38, 39], 'kpoint': <pymatgen.electronic_structure.bandstructure.Kpoint object at 0x7fc5d4b59be0>, 'energy': 5.7228, 'projections': {'1': [[0.026600000000000002, 0.028300000000000002, 0.028300000000000002, 0.043500000000000004, 0.0099, 0.0099, 0.017, 0.016800000000000002, 0.016800000000000002, 0.017, 0.017, 0.017, 0.017, 0.017], [0.0, 0.0, 0.0, 0.0, 0.0, 0.0, 0.0008, 0.0, 0.0, 0.0002, 0.0002, 0.0008, 0.0002, 0.0002], [0.0, 0.0001, 0.0001, 0.0, 0.0, 0.0, 0.0, 0.0004, 0.0004, 0.0, 0.0, 0.0, 0.0, 0.0], [0.0, 0.0, 0.0, 0.0, 0.0, 0.0, 0.0, 0.0, 0.0, 0.0006000000000000001, 0.0006000000000000001, 0.0, 0.0006000000000000001, 0.0006000000000000001], [0.0, 0.0, 0.0, 0.0, 0.0, 0.0, 0.0, 0.0, 0.0, 0.0, 0.0, 0.0, 0.0, 0.0], [0.0, 0.0, 0.0, 0.0, 0.0, 0.0, 0.0, 0.0, 0.0, 0.0, 0.0, 0.0, 0.0, 0.0], [0.0, 0.0, 0.0, 0.0009000000000000001, 0.0, 0.0, 0.0, 0.0, 0.0, 0.0, 0.0, 0.0, 0.0, 0.0], [0.0, 0.0, 0.0, 0.0, 0.0, 0.0, 0.0, 0.0, 0.0, 0.0, 0.0, 0.0, 0.0, 0.0], [0.0, 0.0, 0.0, 0.0, 0.0, 0.0, 0.0, 0.0, 0.0, 0.0, 0.0, 0.0, 0.0, 0.0]]}}
bs_hinuma_vbm: {'band_index': {'1': [45, 46]}, 'kpoint_index': [47, 48, 86], 'kpoint': <pymatgen.electronic_structure.bandstructure.Kpoint object at 0x7fc5d4b59c50>, 'energy': 0.851, 'projections': {'1': [[0.0, 0.0, 0.0, 0.0, 0.0, 0.0, 0.0002, 0.0, 0.0, 0.0001, 0.0001, 0.0002, 0.0001, 0.0001], [0.0021000000000000003, 0.00030000000000000003, 0.00030000000000000003, 0.0, 0.001, 0.001, 0.013900000000000001, 0.1829, 0.1829, 0.0199, 0.0199, 0.013900000000000001, 0.0199, 0.0199], [0.0, 0.0, 0.0, 0.0, 0.0, 0.0, 0.08700000000000001, 0.0, 0.0, 0.0219, 0.0216, 0.08700000000000001, 0.0219, 0.0216], [0.0, 0.0, 0.0, 0.0, 0.0, 0.0, 0.0, 0.0, 0.0, 0.0002, 0.0002, 0.0, 0.0002, 0.0002], [0.0, 0.0, 0.0, 0.0, 0.0, 0.0, 0.0, 0.0, 0.0, 0.0, 0.0, 0.0, 0.0, 0.0], [0.0, 0.0, 0.0, 0.0037, 0.0, 0.0, 0.0, 0.0, 0.0, 0.0, 0.0, 0.0, 0.0, 0.0], [0.0, 0.0, 0.0, 0.0, 0.0, 0.0, 0.0, 0.0, 0.0, 0.0, 0.0, 0.0, 0.0, 0.0], [0.0, 0.0, 0.0, 0.0, 0.0, 0.0, 0.0, 0.0, 0.0, 0.0, 0.0, 0.0, 0.0, 0.0], [0.0, 0.0001, 0.0001, 0.0045000000000000005, 0.0, 0.0, 0.0, 0.0, 0.0, 0.0, 0.0, 0.0, 0.0, 0.0]]}}
bs_hinuma_efermi: 0.93575047
bs_latimer_munro_task_id: mp-2692956
bs_latimer_munro_band_gap: 4.8718
bs_latimer_munro_cbm: {'band_index': {'1': [47]}, 'kpoint_index': [54, 55, 71, 80, 136], 'kpoint': <pymatgen.electronic_structure.bandstructure.Kpoint object at 0x7fc5d4b59e80>, 'energy': 5.7228, 'projections': {'1': [[0.026600000000000002, 0.028300000000000002, 0.028300000000000002, 0.043500000000000004, 0.0099, 0.0099, 0.017, 0.016800000000000002, 0.016800000000000002, 0.017, 0.017, 0.017, 0.017, 0.017], [0.0, 0.0, 0.0, 0.0, 0.0, 0.0, 0.0008, 0.0, 0.0, 0.0002, 0.0002, 0.0008, 0.0002, 0.0002], [0.0, 0.0001, 0.0001, 0.0, 0.0, 0.0, 0.0, 0.0004, 0.0004, 0.0, 0.0, 0.0, 0.0, 0.0], [0.0, 0.0, 0.0, 0.0, 0.0, 0.0, 0.0, 0.0, 0.0, 0.0006000000000000001, 0.0006000000000000001, 0.0, 0.0006000000000000001, 0.0006000000000000001], [0.0, 0.0, 0.0, 0.0, 0.0, 0.0, 0.0, 0.0, 0.0, 0.0, 0.0, 0.0, 0.0, 0.0], [0.0, 0.0, 0.0, 0.0, 0.0, 0.0, 0.0, 0.0, 0.0, 0.0, 0.0, 0.0, 0.0, 0.0], [0.0, 0.0, 0.0, 0.0009000000000000001, 0.0, 0.0, 0.0, 0.0, 0.0, 0.0, 0.0, 0.0, 0.0, 0.0], [0.0, 0.0, 0.0, 0.0, 0.0, 0.0, 0.0, 0.0, 0.0, 0.0, 0.0, 0.0, 0.0, 0.0], [0.0, 0.0, 0.0, 0.0, 0.0, 0.0, 0.0, 0.0, 0.0, 0.0, 0.0, 0.0, 0.0, 0.0]]}}
bs_latimer_munro_vbm: {'band_index': {'1': [45, 46]}, 'kpoint_index': [24, 25, 79], 'kpoint': <pymatgen.electronic_structure.bandstructure.Kpoint object at 0x7fc5d4b5a190>, 'energy': 0.851, 'projections': {'1': [[0.0, 0.0, 0.0, 0.0, 0.0, 0.0, 0.0002, 0.0, 0.0, 0.0001, 0.0001, 0.0002, 0.0001, 0.0001], [0.0021000000000000003, 0.00030000000000000003, 0.00030000000000000003, 0.0, 0.001, 0.001, 0.013900000000000001, 0.1829, 0.1829, 0.0199, 0.0199, 0.013900000000000001, 0.0199, 0.0199], [0.0, 0.0, 0.0, 0.0, 0.0, 0.0, 0.08700000000000001, 0.0, 0.0, 0.0218, 0.0216, 0.08700000000000001, 0.0218, 0.0216], [0.0, 0.0, 0.0, 0.0, 0.0, 0.0, 0.0, 0.0, 0.0, 0.0002, 0.0002, 0.0, 0.0002, 0.0002], [0.0, 0.0, 0.0, 0.0, 0.0, 0.0, 0.0, 0.0, 0.0, 0.0, 0.0, 0.0, 0.0, 0.0], [0.0, 0.0, 0.0, 0.0037, 0.0, 0.0, 0.0, 0.0, 0.0, 0.0, 0.0, 0.0, 0.0, 0.0], [0.0, 0.0, 0.0, 0.0, 0.0, 0.0, 0.0, 0.0, 0.0, 0.0, 0.0, 0.0, 0.0, 0.0], [0.0, 0.0, 0.0, 0.0, 0.0, 0.0, 0.0, 0.0, 0.0, 0.0, 0.0, 0.0, 0.0, 0.0], [0.0, 0.0001, 0.0001, 0.0045000000000000005, 0.0, 0.0, 0.0, 0.0, 0.0, 0.0, 0.0, 0.0, 0.0, 0.0]]}}
bs_latimer_munro_efermi: 0.93838709