material_id: mp-568018
band_gap: 0.267599999999999
efermi: 3.25886014
dos_magnetic_ordering: NM
dos_total_task_id: mp-1701260
dos_total_band_gap: 0.2931
dos_total_cbm: 3.4805
dos_total_vbm: 3.1874000000000002
dos_total_efermi: 3.1877741
bs_setyawan_curtarolo_task_id: mp-1601149
bs_setyawan_curtarolo_band_gap: 0.267599999999999
bs_setyawan_curtarolo_cbm: {'band_index': {'1': [19]}, 'kpoint_index': [239, 240], 'kpoint': <pymatgen.electronic_structure.bandstructure.Kpoint object at 0x7fc699d63930>, 'energy': 3.4535, 'projections': {'1': [[0.0126, 0.0126, 0.0575, 0.010700000000000001, 0.010700000000000001, 0.0575], [0.0007, 0.0007, 0.01, 0.0005, 0.0005, 0.01], [0.0, 0.0, 0.020900000000000002, 0.051000000000000004, 0.051000000000000004, 0.020900000000000002], [0.0, 0.0, 0.0, 0.0, 0.0, 0.0], [0.0, 0.0, 0.0, 0.0, 0.0, 0.0], [0.0002, 0.0002, 0.0001, 0.0005, 0.0005, 0.0001], [0.0001, 0.0001, 0.0006000000000000001, 0.0, 0.0, 0.0006000000000000001], [0.0, 0.0, 0.0, 0.0, 0.0, 0.0], [0.0008, 0.0008, 0.0007, 0.0055000000000000005, 0.0055000000000000005, 0.0007]]}}
bs_setyawan_curtarolo_vbm: {'band_index': {'1': [18]}, 'kpoint_index': [46, 47, 279], 'kpoint': <pymatgen.electronic_structure.bandstructure.Kpoint object at 0x7fc5d4b59be0>, 'energy': 3.1859, 'projections': {'1': [[0.0001, 0.0001, 0.0, 0.0001, 0.0001, 0.0], [0.0014, 0.0014, 0.0789, 0.051500000000000004, 0.051500000000000004, 0.0789], [0.001, 0.001, 0.042, 0.0076, 0.0076, 0.042], [0.0, 0.0, 0.0, 0.0, 0.0, 0.0], [0.0, 0.0, 0.0, 0.0, 0.0, 0.0], [0.001, 0.001, 0.0002, 0.0024000000000000002, 0.0024000000000000002, 0.0002], [0.0022, 0.0022, 0.0, 0.0009000000000000001, 0.0009000000000000001, 0.0], [0.0, 0.0, 0.0, 0.0, 0.0, 0.0], [0.0015, 0.0015, 0.0001, 0.0004, 0.0004, 0.0001]]}}
bs_setyawan_curtarolo_efermi: 3.25886014
bs_latimer_munro_task_id: mp-2712319
bs_latimer_munro_band_gap: 0.267599999999999
bs_latimer_munro_cbm: {'band_index': {'1': [19]}, 'kpoint_index': [565, 566, 605], 'kpoint': <pymatgen.electronic_structure.bandstructure.Kpoint object at 0x7fc5d4b59d30>, 'energy': 3.4535, 'projections': {'1': [[0.0126, 0.0126, 0.0575, 0.010700000000000001, 0.010700000000000001, 0.0575], [0.0007, 0.0007, 0.01, 0.0005, 0.0005, 0.01], [0.0, 0.0, 0.020900000000000002, 0.051000000000000004, 0.051000000000000004, 0.020900000000000002], [0.0, 0.0, 0.0, 0.0, 0.0, 0.0], [0.0, 0.0, 0.0, 0.0, 0.0, 0.0], [0.0002, 0.0002, 0.0001, 0.0005, 0.0005, 0.0001], [0.0, 0.0, 0.0006000000000000001, 0.0, 0.0, 0.0006000000000000001], [0.0, 0.0, 0.0, 0.0, 0.0, 0.0], [0.0008, 0.0008, 0.0007, 0.0055000000000000005, 0.0055000000000000005, 0.0007]]}}
bs_latimer_munro_vbm: {'band_index': {'1': [18]}, 'kpoint_index': [410, 411, 480], 'kpoint': <pymatgen.electronic_structure.bandstructure.Kpoint object at 0x7fc5d4b5a190>, 'energy': 3.1859, 'projections': {'1': [[0.0001, 0.0001, 0.0, 0.0001, 0.0001, 0.0], [0.0014, 0.0014, 0.0789, 0.051500000000000004, 0.051500000000000004, 0.0789], [0.001, 0.001, 0.042, 0.0076, 0.0076, 0.042], [0.0, 0.0, 0.0, 0.0, 0.0, 0.0], [0.0, 0.0, 0.0, 0.0, 0.0, 0.0], [0.001, 0.001, 0.0002, 0.0024000000000000002, 0.0024000000000000002, 0.0002], [0.0022, 0.0022, 0.0, 0.0009000000000000001, 0.0009000000000000001, 0.0], [0.0, 0.0, 0.0, 0.0, 0.0, 0.0], [0.0015, 0.0015, 0.0001, 0.0004, 0.0004, 0.0001]]}}
bs_latimer_munro_efermi: 3.26417309