material_id: mp-569595
band_gap: 2.408
efermi: 1.33209796
dos_magnetic_ordering: NM
dos_total_task_id: mp-1677636
dos_total_band_gap: 2.4073
dos_total_cbm: 3.7067
dos_total_vbm: 1.299399999999999
dos_total_efermi: 1.28657296
bs_setyawan_curtarolo_task_id: mp-689965
bs_setyawan_curtarolo_band_gap: 2.408
bs_setyawan_curtarolo_cbm: {'band_index': {'1': [28]}, 'kpoint_index': [0, 52, 53], 'kpoint': <pymatgen.electronic_structure.bandstructure.Kpoint object at 0x7fc699d63930>, 'energy': 3.7052, 'projections': {'1': [[0.0, 0.0, 0.0183, 0.0183, 0.0183, 0.0183], [0.0, 0.0, 0.0, 0.0, 0.0, 0.0], [0.0012000000000000001, 0.0012000000000000001, 0.0, 0.0, 0.0, 0.0], [0.1472, 0.1472, 0.0018000000000000002, 0.0018000000000000002, 0.0017000000000000001, 0.0017000000000000001], [0.0, 0.0, 0.0, 0.0, 0.0, 0.0], [0.0, 0.0, 0.0, 0.0, 0.0, 0.0], [0.0, 0.0, 0.0007, 0.0007, 0.0006000000000000001, 0.0006000000000000001], [0.0, 0.0, 0.0001, 0.0001, 0.0001, 0.0001], [0.0, 0.0, 0.0021000000000000003, 0.0021000000000000003, 0.002, 0.002]]}}
bs_setyawan_curtarolo_vbm: {'band_index': {'1': [27]}, 'kpoint_index': ['57'], 'kpoint': <pymatgen.electronic_structure.bandstructure.Kpoint object at 0x7fc5d4b5a200>, 'energy': 1.2972000000000001, 'projections': {'1': [[0.0546, 0.0546, 0.0001, 0.0001, 0.0001, 0.0001], [0.0, 0.0, 0.012700000000000001, 0.012700000000000001, 0.0109, 0.0109], [0.0001, 0.0001, 0.0307, 0.0307, 0.029400000000000003, 0.029400000000000003], [0.0, 0.0, 0.0854, 0.0854, 0.0826, 0.0826], [0.0, 0.0, 0.0, 0.0, 0.0, 0.0], [0.0001, 0.0001, 0.0, 0.0, 0.0, 0.0], [0.0002, 0.0002, 0.0001, 0.0001, 0.0, 0.0], [0.0, 0.0, 0.0, 0.0, 0.0, 0.0], [0.0009000000000000001, 0.0009000000000000001, 0.0001, 0.0001, 0.0001, 0.0001]]}}
bs_setyawan_curtarolo_efermi: 1.33209796
bs_hinuma_task_id: mp-2069186
bs_hinuma_band_gap: 2.4086
bs_hinuma_cbm: {'band_index': {'1': [28]}, 'kpoint_index': [0, 52, 53, 99], 'kpoint': <pymatgen.electronic_structure.bandstructure.Kpoint object at 0x7fc5d4b5a190>, 'energy': 3.7076000000000002, 'projections': {'1': [[0.0, 0.0, 0.0183, 0.0183, 0.0183, 0.0183], [0.0, 0.0, 0.0, 0.0, 0.0, 0.0], [0.0012000000000000001, 0.0012000000000000001, 0.0, 0.0, 0.0, 0.0], [0.1471, 0.1471, 0.0018000000000000002, 0.0018000000000000002, 0.0017000000000000001, 0.0017000000000000001], [0.0, 0.0, 0.0, 0.0, 0.0, 0.0], [0.0, 0.0, 0.0, 0.0, 0.0, 0.0], [0.0, 0.0, 0.0007, 0.0007, 0.0006000000000000001, 0.0006000000000000001], [0.0, 0.0, 0.0001, 0.0001, 0.0001, 0.0001], [0.0, 0.0, 0.0021000000000000003, 0.0021000000000000003, 0.002, 0.002]]}}
bs_hinuma_vbm: {'band_index': {'1': [27]}, 'kpoint_index': ['57'], 'kpoint': <pymatgen.electronic_structure.bandstructure.Kpoint object at 0x7fc5d4b59d30>, 'energy': 1.299, 'projections': {'1': [[0.0548, 0.0548, 0.0001, 0.0001, 0.0001, 0.0001], [0.0001, 0.0001, 0.0414, 0.0414, 0.0395, 0.0395], [0.0, 0.0, 0.0067, 0.0067, 0.004, 0.004], [0.0, 0.0, 0.0804, 0.0804, 0.07970000000000001, 0.07970000000000001], [0.0, 0.0, 0.0, 0.0, 0.0, 0.0], [0.0, 0.0, 0.0, 0.0, 0.0, 0.0], [0.0005, 0.0005, 0.0, 0.0, 0.0001, 0.0001], [0.0001, 0.0001, 0.0, 0.0, 0.0, 0.0], [0.0005, 0.0005, 0.0001, 0.0001, 0.0001, 0.0001]]}}
bs_hinuma_efermi: 1.34139382
bs_latimer_munro_task_id: mp-2441643
bs_latimer_munro_band_gap: 2.4086
bs_latimer_munro_cbm: {'band_index': {'1': [28]}, 'kpoint_index': [16, 17, 34, 64, 112, 113, 133], 'kpoint': <pymatgen.electronic_structure.bandstructure.Kpoint object at 0x7fc5d4b59c50>, 'energy': 3.7076000000000002, 'projections': {'1': [[0.0, 0.0, 0.0183, 0.0183, 0.0183, 0.0183], [0.0, 0.0, 0.0, 0.0, 0.0, 0.0], [0.0012000000000000001, 0.0012000000000000001, 0.0, 0.0, 0.0, 0.0], [0.1471, 0.1471, 0.0018000000000000002, 0.0018000000000000002, 0.0017000000000000001, 0.0017000000000000001], [0.0, 0.0, 0.0, 0.0, 0.0, 0.0], [0.0, 0.0, 0.0, 0.0, 0.0, 0.0], [0.0, 0.0, 0.0007, 0.0007, 0.0006000000000000001, 0.0006000000000000001], [0.0, 0.0, 0.0001, 0.0001, 0.0001, 0.0001], [0.0, 0.0, 0.0021000000000000003, 0.0021000000000000003, 0.002, 0.002]]}}
bs_latimer_munro_vbm: {'band_index': {'1': [27]}, 'kpoint_index': ['117'], 'kpoint': <pymatgen.electronic_structure.bandstructure.Kpoint object at 0x7fc5d4b5a350>, 'energy': 1.299, 'projections': {'1': [[0.0548, 0.0548, 0.0001, 0.0001, 0.0001, 0.0001], [0.0, 0.0, 0.012700000000000001, 0.012700000000000001, 0.0109, 0.0109], [0.0001, 0.0001, 0.0308, 0.0308, 0.029500000000000002, 0.029500000000000002], [0.0, 0.0, 0.0849, 0.0849, 0.0828, 0.0828], [0.0, 0.0, 0.0, 0.0, 0.0, 0.0], [0.0001, 0.0001, 0.0, 0.0, 0.0, 0.0], [0.0002, 0.0002, 0.0001, 0.0001, 0.0, 0.0], [0.0, 0.0, 0.0, 0.0, 0.0, 0.0], [0.0009000000000000001, 0.0009000000000000001, 0.0001, 0.0001, 0.0001, 0.0001]]}}
bs_latimer_munro_efermi: 1.34327241