material_id: mp-555110
band_gap: 5.2271
efermi: -3.72424753
dos_magnetic_ordering: NM
dos_total_task_id: mp-1686341
dos_total_band_gap: 5.2137
dos_total_cbm: 1.4338
dos_total_vbm: -3.7799
dos_total_efermi: -3.79118831
bs_setyawan_curtarolo_task_id: mp-678109
bs_setyawan_curtarolo_band_gap: 5.2271
bs_setyawan_curtarolo_cbm: {'band_index': {'1': [144]}, 'kpoint_index': [0], 'kpoint': <pymatgen.electronic_structure.bandstructure.Kpoint object at 0x7fc699d63930>, 'energy': 1.4341, 'projections': {'1': [[0.06770000000000001, 0.06760000000000001, 0.06760000000000001, 0.06760000000000001, 0.0001, 0.0, 0.0001, 0.0005, 0.0, 0.0, 0.0, 0.0005, 0.0005, 0.0, 0.0, 0.0001, 0.0, 0.0005, 0.0001, 0.0, 0.0, 0.0, 0.0, 0.0, 0.0016, 0.0016, 0.0004, 0.0016, 0.0016, 0.0004, 0.0004, 0.0004, 0.0008, 0.0008, 0.0, 0.0, 0.0, 0.0, 0.0008, 0.0008, 0.0022, 0.0023, 0.003, 0.003, 0.0021000000000000003, 0.0021000000000000003, 0.0021000000000000003, 0.002, 0.0026000000000000003, 0.0022, 0.0023, 0.0023, 0.0026000000000000003, 0.002, 0.0022, 0.002, 0.0022, 0.0026000000000000003, 0.002, 0.003, 0.0021000000000000003, 0.003, 0.0023, 0.0026000000000000003], [0.00030000000000000003, 0.00030000000000000003, 0.00030000000000000003, 0.00030000000000000003, 0.0001, 0.0, 0.0001, 0.0, 0.0001, 0.0, 0.0, 0.0, 0.0, 0.0, 0.0, 0.0001, 0.0001, 0.0, 0.0001, 0.0001, 0.0, 0.0, 0.0001, 0.0, 0.0, 0.0, 0.0017000000000000001, 0.0, 0.0, 0.0017000000000000001, 0.0017000000000000001, 0.0017000000000000001, 0.0001, 0.0001, 0.0, 0.0, 0.0, 0.0, 0.0001, 0.0001, 0.0006000000000000001, 0.004200000000000001, 0.0102, 0.0102, 0.0099, 0.0099, 0.0099, 0.0006000000000000001, 0.0043, 0.0006000000000000001, 0.004200000000000001, 0.004200000000000001, 0.0043, 0.0006000000000000001, 0.0006000000000000001, 0.0006000000000000001, 0.0006000000000000001, 0.0043, 0.0006000000000000001, 0.0102, 0.0099, 0.0102, 0.004200000000000001, 0.0043], [0.0001, 0.0001, 0.0001, 0.0001, 0.0, 0.0001, 0.0, 0.0002, 0.0, 0.0, 0.0, 0.0002, 0.0002, 0.0001, 0.0, 0.0, 0.0, 0.0002, 0.0, 0.0, 0.0, 0.0001, 0.0, 0.0001, 0.0, 0.0, 0.0001, 0.0, 0.0, 0.0001, 0.0001, 0.0001, 0.00030000000000000003, 0.00030000000000000003, 0.0, 0.0, 0.0, 0.0, 0.00030000000000000003, 0.00030000000000000003, 0.002, 0.0117, 0.0018000000000000002, 0.0018000000000000002, 0.003, 0.003, 0.003, 0.0027, 0.0112, 0.002, 0.0117, 0.0117, 0.0112, 0.0027, 0.002, 0.0027, 0.002, 0.0112, 0.0027, 0.0018000000000000002, 0.003, 0.0018000000000000002, 0.0117, 0.0112], [0.0, 0.0, 0.0, 0.0, 0.0002, 0.0001, 0.0002, 0.0001, 0.0, 0.0, 0.0, 0.0001, 0.0001, 0.0001, 0.0, 0.0002, 0.0, 0.0001, 0.0002, 0.0, 0.0, 0.0001, 0.0, 0.0001, 0.0, 0.0, 0.0004, 0.0, 0.0, 0.0004, 0.0004, 0.0004, 0.00030000000000000003, 0.00030000000000000003, 0.0001, 0.0001, 0.0001, 0.0001, 0.00030000000000000003, 0.00030000000000000003, 0.015700000000000002, 0.0006000000000000001, 0.0013000000000000002, 0.0013000000000000002, 0.002, 0.002, 0.002, 0.015300000000000001, 0.0004, 0.015700000000000002, 0.0006000000000000001, 0.0006000000000000001, 0.0004, 0.015300000000000001, 0.015700000000000002, 0.015300000000000001, 0.015700000000000002, 0.0004, 0.015300000000000001, 0.0013000000000000002, 0.002, 0.0013000000000000002, 0.0006000000000000001, 0.0004], [0.0, 0.0, 0.0, 0.0, 0.0, 0.0, 0.0, 0.0, 0.0, 0.0, 0.0, 0.0, 0.0, 0.0, 0.0, 0.0, 0.0, 0.0, 0.0, 0.0, 0.0, 0.0, 0.0, 0.0, 0.0, 0.0, 0.0, 0.0, 0.0, 0.0, 0.0, 0.0, 0.0, 0.0, 0.0, 0.0, 0.0, 0.0, 0.0, 0.0, 0.0, 0.0, 0.0, 0.0, 0.0, 0.0, 0.0, 0.0, 0.0, 0.0, 0.0, 0.0, 0.0, 0.0, 0.0, 0.0, 0.0, 0.0, 0.0, 0.0, 0.0, 0.0, 0.0, 0.0], [0.0, 0.0, 0.0, 0.0, 0.0, 0.0, 0.0, 0.0, 0.0, 0.0, 0.0, 0.0, 0.0, 0.0, 0.0, 0.0, 0.0, 0.0, 0.0, 0.0, 0.0, 0.0, 0.0, 0.0, 0.0, 0.0, 0.0, 0.0, 0.0, 0.0, 0.0, 0.0, 0.0, 0.0, 0.0, 0.0, 0.0, 0.0, 0.0, 0.0, 0.0, 0.0, 0.0, 0.0, 0.0, 0.0, 0.0, 0.0, 0.0, 0.0, 0.0, 0.0, 0.0, 0.0, 0.0, 0.0, 0.0, 0.0, 0.0, 0.0, 0.0, 0.0, 0.0, 0.0], [0.0, 0.0, 0.0, 0.0, 0.0, 0.0, 0.0, 0.0, 0.0, 0.0, 0.0, 0.0, 0.0, 0.0, 0.0, 0.0, 0.0, 0.0, 0.0, 0.0, 0.0, 0.0, 0.0, 0.0, 0.0, 0.0, 0.0, 0.0, 0.0, 0.0, 0.0, 0.0, 0.0, 0.0, 0.0, 0.0, 0.0, 0.0, 0.0, 0.0, 0.0, 0.0, 0.0, 0.0, 0.0, 0.0, 0.0, 0.0, 0.0, 0.0, 0.0, 0.0, 0.0, 0.0, 0.0, 0.0, 0.0, 0.0, 0.0, 0.0, 0.0, 0.0, 0.0, 0.0], [0.0, 0.0, 0.0, 0.0, 0.0, 0.0, 0.0, 0.0, 0.0, 0.0, 0.0, 0.0, 0.0, 0.0, 0.0, 0.0, 0.0, 0.0, 0.0, 0.0, 0.0, 0.0, 0.0, 0.0, 0.0, 0.0, 0.0, 0.0, 0.0, 0.0, 0.0, 0.0, 0.0, 0.0, 0.0, 0.0, 0.0, 0.0, 0.0, 0.0, 0.0, 0.0, 0.0, 0.0, 0.0, 0.0, 0.0, 0.0, 0.0, 0.0, 0.0, 0.0, 0.0, 0.0, 0.0, 0.0, 0.0, 0.0, 0.0, 0.0, 0.0, 0.0, 0.0, 0.0], [0.0001, 0.0001, 0.0001, 0.0001, 0.0, 0.0, 0.0, 0.0, 0.0, 0.0, 0.0, 0.0, 0.0, 0.0, 0.0, 0.0, 0.0, 0.0, 0.0, 0.0, 0.0, 0.0, 0.0, 0.0, 0.0, 0.0, 0.0, 0.0, 0.0, 0.0, 0.0, 0.0, 0.0, 0.0, 0.0, 0.0, 0.0, 0.0, 0.0, 0.0, 0.0, 0.0, 0.0, 0.0, 0.0, 0.0, 0.0, 0.0, 0.0, 0.0, 0.0, 0.0, 0.0, 0.0, 0.0, 0.0, 0.0, 0.0, 0.0, 0.0, 0.0, 0.0, 0.0, 0.0]]}}
bs_setyawan_curtarolo_vbm: {'band_index': {'1': [143]}, 'kpoint_index': [0], 'kpoint': <pymatgen.electronic_structure.bandstructure.Kpoint object at 0x7fc5d4b59be0>, 'energy': -3.793, 'projections': {'1': [[0.0, 0.0, 0.0, 0.0, 0.0, 0.0039000000000000003, 0.0, 0.0, 0.0088, 0.0008, 0.0008, 0.0, 0.0, 0.0039000000000000003, 0.0008, 0.0, 0.0088, 0.0, 0.0, 0.0088, 0.0008, 0.0039000000000000003, 0.0088, 0.0039000000000000003, 0.0, 0.0, 0.0, 0.0, 0.0, 0.0, 0.0, 0.0, 0.0, 0.0, 0.0001, 0.0001, 0.0001, 0.0001, 0.0, 0.0, 0.0, 0.0, 0.0, 0.0, 0.0, 0.0, 0.0, 0.0, 0.0, 0.0, 0.0, 0.0, 0.0, 0.0, 0.0, 0.0, 0.0, 0.0, 0.0, 0.0, 0.0, 0.0, 0.0, 0.0], [0.0, 0.0, 0.0, 0.0, 0.0, 0.0001, 0.0, 0.0, 0.00030000000000000003, 0.0, 0.0, 0.0, 0.0, 0.0001, 0.0, 0.0, 0.00030000000000000003, 0.0, 0.0, 0.00030000000000000003, 0.0, 0.0001, 0.00030000000000000003, 0.0001, 0.0037, 0.0037, 0.0001, 0.0037, 0.0037, 0.0001, 0.0001, 0.0001, 0.0008, 0.0008, 0.006500000000000001, 0.006500000000000001, 0.006500000000000001, 0.006500000000000001, 0.0008, 0.0008, 0.0049, 0.0011, 0.0001, 0.0001, 0.0002, 0.0002, 0.0002, 0.0059, 0.0018000000000000002, 0.0049, 0.0011, 0.0011, 0.0018000000000000002, 0.0059, 0.0049, 0.0059, 0.0049, 0.0018000000000000002, 0.0059, 0.0001, 0.0002, 0.0001, 0.0011, 0.0018000000000000002], [0.0, 0.0, 0.0, 0.0, 0.0, 0.0001, 0.0, 0.0, 0.0, 0.0001, 0.0001, 0.0, 0.0, 0.0001, 0.0001, 0.0, 0.0, 0.0, 0.0, 0.0, 0.0001, 0.0001, 0.0, 0.0001, 0.0019, 0.0019, 0.0004, 0.0019, 0.0019, 0.0004, 0.0004, 0.0004, 0.0021000000000000003, 0.0021000000000000003, 0.003, 0.003, 0.003, 0.003, 0.0021000000000000003, 0.0021000000000000003, 0.0351, 0.0058000000000000005, 0.0, 0.0, 0.0001, 0.0001, 0.0001, 0.032100000000000004, 0.0051, 0.0351, 0.0058000000000000005, 0.0058000000000000005, 0.0051, 0.032100000000000004, 0.0351, 0.032100000000000004, 0.0351, 0.0051, 0.032100000000000004, 0.0, 0.0001, 0.0, 0.0058000000000000005, 0.0051], [0.0, 0.0, 0.0, 0.0, 0.0, 0.0, 0.0, 0.0, 0.0001, 0.0, 0.0, 0.0, 0.0, 0.0, 0.0, 0.0, 0.0001, 0.0, 0.0, 0.0001, 0.0, 0.0, 0.0001, 0.0, 0.0058000000000000005, 0.0058000000000000005, 0.0006000000000000001, 0.0058000000000000005, 0.0058000000000000005, 0.0006000000000000001, 0.0006000000000000001, 0.0006000000000000001, 0.0025, 0.0025, 0.0086, 0.0086, 0.0086, 0.0086, 0.0025, 0.0025, 0.0021000000000000003, 0.028300000000000002, 0.0013000000000000002, 0.0013000000000000002, 0.002, 0.002, 0.002, 0.0017000000000000001, 0.0263, 0.0021000000000000003, 0.028300000000000002, 0.028300000000000002, 0.0263, 0.0017000000000000001, 0.0021000000000000003, 0.0017000000000000001, 0.0021000000000000003, 0.0263, 0.0017000000000000001, 0.0013000000000000002, 0.002, 0.0013000000000000002, 0.028300000000000002, 0.0263], [0.0, 0.0, 0.0, 0.0, 0.0, 0.0, 0.0, 0.0, 0.0, 0.0, 0.0, 0.0, 0.0, 0.0, 0.0, 0.0, 0.0, 0.0, 0.0, 0.0, 0.0, 0.0, 0.0, 0.0, 0.0, 0.0, 0.0, 0.0, 0.0, 0.0, 0.0, 0.0, 0.0, 0.0, 0.0, 0.0, 0.0, 0.0, 0.0, 0.0, 0.0, 0.0, 0.0, 0.0, 0.0, 0.0, 0.0, 0.0, 0.0, 0.0, 0.0, 0.0, 0.0, 0.0, 0.0, 0.0, 0.0, 0.0, 0.0, 0.0, 0.0, 0.0, 0.0, 0.0], [0.0, 0.0, 0.0, 0.0, 0.0, 0.0, 0.0, 0.0, 0.0, 0.0, 0.0, 0.0, 0.0, 0.0, 0.0, 0.0, 0.0, 0.0, 0.0, 0.0, 0.0, 0.0, 0.0, 0.0, 0.0, 0.0, 0.0, 0.0, 0.0, 0.0, 0.0, 0.0, 0.0, 0.0, 0.0, 0.0, 0.0, 0.0, 0.0, 0.0, 0.0, 0.0, 0.0, 0.0, 0.0, 0.0, 0.0, 0.0, 0.0, 0.0, 0.0, 0.0, 0.0, 0.0, 0.0, 0.0, 0.0, 0.0, 0.0, 0.0, 0.0, 0.0, 0.0, 0.0], [0.0, 0.0, 0.0, 0.0, 0.0, 0.0, 0.0, 0.0, 0.0, 0.0, 0.0, 0.0, 0.0, 0.0, 0.0, 0.0, 0.0, 0.0, 0.0, 0.0, 0.0, 0.0, 0.0, 0.0, 0.0, 0.0, 0.0, 0.0, 0.0, 0.0, 0.0, 0.0, 0.0, 0.0, 0.0, 0.0, 0.0, 0.0, 0.0, 0.0, 0.0, 0.0, 0.0, 0.0, 0.0, 0.0, 0.0, 0.0, 0.0, 0.0, 0.0, 0.0, 0.0, 0.0, 0.0, 0.0, 0.0, 0.0, 0.0, 0.0, 0.0, 0.0, 0.0, 0.0], [0.0, 0.0, 0.0, 0.0, 0.0, 0.0, 0.0, 0.0, 0.0, 0.0, 0.0, 0.0, 0.0, 0.0, 0.0, 0.0, 0.0, 0.0, 0.0, 0.0, 0.0, 0.0, 0.0, 0.0, 0.0, 0.0, 0.0, 0.0, 0.0, 0.0, 0.0, 0.0, 0.0, 0.0, 0.0, 0.0, 0.0, 0.0, 0.0, 0.0, 0.0, 0.0, 0.0, 0.0, 0.0, 0.0, 0.0, 0.0, 0.0, 0.0, 0.0, 0.0, 0.0, 0.0, 0.0, 0.0, 0.0, 0.0, 0.0, 0.0, 0.0, 0.0, 0.0, 0.0], [0.0, 0.0, 0.0, 0.0, 0.0, 0.0, 0.0, 0.0, 0.0, 0.0, 0.0, 0.0, 0.0, 0.0, 0.0, 0.0, 0.0, 0.0, 0.0, 0.0, 0.0, 0.0, 0.0, 0.0, 0.0, 0.0, 0.0, 0.0, 0.0, 0.0, 0.0, 0.0, 0.0, 0.0, 0.0, 0.0, 0.0, 0.0, 0.0, 0.0, 0.0, 0.0, 0.0, 0.0, 0.0, 0.0, 0.0, 0.0, 0.0, 0.0, 0.0, 0.0, 0.0, 0.0, 0.0, 0.0, 0.0, 0.0, 0.0, 0.0, 0.0, 0.0, 0.0, 0.0]]}}
bs_setyawan_curtarolo_efermi: -3.72424753