material_id: mp-560326
band_gap: 3.3351
efermi: 1.32570309
dos_magnetic_ordering: NM
dos_total_task_id: mp-1685162
dos_total_band_gap: 3.3498
dos_total_cbm: 4.5609
dos_total_vbm: 1.2111
dos_total_efermi: 1.1960317
bs_setyawan_curtarolo_task_id: mp-845564
bs_setyawan_curtarolo_band_gap: 3.3351
bs_setyawan_curtarolo_cbm: {'band_index': {'1': [122]}, 'kpoint_index': ['83'], 'kpoint': <pymatgen.electronic_structure.bandstructure.Kpoint object at 0x7fc699d63930>, 'energy': 4.5605, 'projections': {'1': [[0.0001, 0.0001, 0.0, 0.0008, 0.0001, 0.0, 0.0001, 0.0008, 0.0008, 0.0008, 0.0002, 0.0, 0.0, 0.0002, 0.0002, 0.0002, 0.0001, 0.0001, 0.0002, 0.0002, 0.0001, 0.0001, 0.0001, 0.00030000000000000003, 0.0, 0.0001, 0.00030000000000000003, 0.00030000000000000003, 0.0001, 0.0001, 0.0, 0.0001, 0.0001, 0.0001, 0.0001, 0.0001, 0.0001, 0.00030000000000000003], [0.0, 0.0, 0.0, 0.0033, 0.0, 0.0, 0.0, 0.0033, 0.0033, 0.0033, 0.0, 0.0002, 0.0002, 0.0, 0.0, 0.0, 0.0001, 0.0001, 0.0001, 0.0001, 0.0005, 0.0005, 0.0001, 0.0006000000000000001, 0.0002, 0.0001, 0.0006000000000000001, 0.0006000000000000001, 0.0006000000000000001, 0.0006000000000000001, 0.0002, 0.0001, 0.0005, 0.0005, 0.0006000000000000001, 0.0001, 0.0006000000000000001, 0.0006000000000000001], [0.0, 0.0, 0.0, 0.0019, 0.0, 0.0, 0.0, 0.0019, 0.0019, 0.0019, 0.0, 0.0001, 0.0001, 0.0, 0.0, 0.0, 0.0697, 0.0697, 0.0352, 0.0352, 0.0004, 0.0004, 0.0001, 0.0008, 0.0, 0.0001, 0.0008, 0.0008, 0.0, 0.0, 0.0, 0.0001, 0.0004, 0.0004, 0.0, 0.0001, 0.0, 0.0008], [0.0007, 0.0007, 0.0, 0.0001, 0.0, 0.0, 0.0, 0.0001, 0.0001, 0.0001, 0.0001, 0.0, 0.0, 0.0001, 0.0001, 0.0001, 0.0122, 0.0122, 0.0128, 0.0128, 0.0, 0.0, 0.0, 0.00030000000000000003, 0.0, 0.0, 0.00030000000000000003, 0.00030000000000000003, 0.0004, 0.0004, 0.0, 0.0, 0.0, 0.0, 0.0004, 0.0, 0.0004, 0.00030000000000000003], [0.0, 0.0, 0.0001, 0.0059, 0.0018000000000000002, 0.0001, 0.0018000000000000002, 0.0059, 0.0059, 0.0059, 0.0, 0.0, 0.0, 0.0, 0.0, 0.0, 0.0, 0.0, 0.0, 0.0, 0.0, 0.0, 0.0, 0.0, 0.0, 0.0, 0.0, 0.0, 0.0, 0.0, 0.0, 0.0, 0.0, 0.0, 0.0, 0.0, 0.0, 0.0], [0.0006000000000000001, 0.0006000000000000001, 0.0, 0.004, 0.002, 0.0, 0.002, 0.004, 0.004, 0.004, 0.0, 0.0, 0.0, 0.0, 0.0, 0.0, 0.0, 0.0, 0.0, 0.0, 0.0, 0.0, 0.0, 0.0, 0.0, 0.0, 0.0, 0.0, 0.0, 0.0, 0.0, 0.0, 0.0, 0.0, 0.0, 0.0, 0.0, 0.0], [0.0006000000000000001, 0.0006000000000000001, 0.0, 0.0106, 0.0001, 0.0, 0.0001, 0.0106, 0.0106, 0.0106, 0.0, 0.0, 0.0, 0.0, 0.0, 0.0, 0.0, 0.0, 0.0, 0.0, 0.0, 0.0, 0.0, 0.0, 0.0, 0.0, 0.0, 0.0, 0.0, 0.0, 0.0, 0.0, 0.0, 0.0, 0.0, 0.0, 0.0, 0.0], [0.0001, 0.0001, 0.0, 0.0068000000000000005, 0.0, 0.0, 0.0, 0.0068000000000000005, 0.0068000000000000005, 0.0068000000000000005, 0.0, 0.0, 0.0, 0.0, 0.0, 0.0, 0.0, 0.0, 0.0, 0.0, 0.0, 0.0, 0.0, 0.0, 0.0, 0.0, 0.0, 0.0, 0.0, 0.0, 0.0, 0.0, 0.0, 0.0, 0.0, 0.0, 0.0, 0.0], [0.0027, 0.0027, 0.0001, 0.0085, 0.0005, 0.0001, 0.0005, 0.0085, 0.0085, 0.0085, 0.0, 0.0, 0.0, 0.0, 0.0, 0.0, 0.0, 0.0, 0.0, 0.0, 0.0, 0.0, 0.0, 0.0, 0.0, 0.0, 0.0, 0.0, 0.0, 0.0, 0.0, 0.0, 0.0, 0.0, 0.0, 0.0, 0.0, 0.0]]}}
bs_setyawan_curtarolo_vbm: {'band_index': {'1': [121]}, 'kpoint_index': [61, 62, 87], 'kpoint': <pymatgen.electronic_structure.bandstructure.Kpoint object at 0x7fc5d4b59c50>, 'energy': 1.2254, 'projections': {'1': [[0.0, 0.0, 0.0, 0.0, 0.0, 0.0, 0.0, 0.0, 0.0, 0.0, 0.0, 0.0001, 0.0001, 0.0, 0.0, 0.0, 0.0, 0.0, 0.0, 0.0, 0.0, 0.0, 0.0, 0.0001, 0.0, 0.0, 0.0001, 0.0001, 0.0, 0.0, 0.0, 0.0, 0.0, 0.0, 0.0, 0.0, 0.0, 0.0001], [0.0, 0.0, 0.0, 0.0004, 0.0, 0.0, 0.0, 0.0004, 0.0004, 0.0004, 0.0, 0.0, 0.0, 0.0, 0.0, 0.0, 0.0, 0.0, 0.0, 0.0, 0.036000000000000004, 0.036000000000000004, 0.0037, 0.021500000000000002, 0.0, 0.0037, 0.021500000000000002, 0.021500000000000002, 0.003, 0.003, 0.0, 0.0037, 0.036000000000000004, 0.036000000000000004, 0.003, 0.0037, 0.003, 0.021500000000000002], [0.0, 0.0, 0.001, 0.0001, 0.0009000000000000001, 0.001, 0.0009000000000000001, 0.0001, 0.0001, 0.0001, 0.0, 0.0, 0.0, 0.0, 0.0, 0.0, 0.0, 0.0, 0.0, 0.0, 0.0148, 0.0148, 0.0098, 0.0, 0.0, 0.0098, 0.0, 0.0, 0.0, 0.0, 0.0, 0.0098, 0.0148, 0.0148, 0.0, 0.0098, 0.0, 0.0], [0.0016, 0.0016, 0.0011, 0.0027, 0.0008, 0.0011, 0.0008, 0.0027, 0.0027, 0.0027, 0.0, 0.0001, 0.0001, 0.0, 0.0, 0.0, 0.0, 0.0, 0.0, 0.0, 0.0007, 0.0007, 0.0405, 0.0414, 0.0011, 0.0405, 0.0414, 0.0414, 0.0053, 0.0053, 0.0011, 0.0405, 0.0007, 0.0007, 0.0053, 0.0405, 0.0053, 0.0414], [0.0, 0.0, 0.0008, 0.0006000000000000001, 0.0, 0.0008, 0.0, 0.0006000000000000001, 0.0006000000000000001, 0.0006000000000000001, 0.0, 0.0, 0.0, 0.0, 0.0, 0.0, 0.0, 0.0, 0.0, 0.0, 0.0, 0.0, 0.0, 0.0, 0.0, 0.0, 0.0, 0.0, 0.0, 0.0, 0.0, 0.0, 0.0, 0.0, 0.0, 0.0, 0.0, 0.0], [0.0023, 0.0023, 0.0, 0.0, 0.0002, 0.0, 0.0002, 0.0, 0.0, 0.0, 0.0, 0.0, 0.0, 0.0, 0.0, 0.0, 0.0, 0.0, 0.0, 0.0, 0.0, 0.0, 0.0, 0.0, 0.0, 0.0, 0.0, 0.0, 0.0, 0.0, 0.0, 0.0, 0.0, 0.0, 0.0, 0.0, 0.0, 0.0], [0.0001, 0.0001, 0.0, 0.0001, 0.0, 0.0, 0.0, 0.0001, 0.0001, 0.0001, 0.0, 0.0, 0.0, 0.0, 0.0, 0.0, 0.0, 0.0, 0.0, 0.0, 0.0, 0.0, 0.0, 0.0, 0.0, 0.0, 0.0, 0.0, 0.0, 0.0, 0.0, 0.0, 0.0, 0.0, 0.0, 0.0, 0.0, 0.0], [0.0, 0.0, 0.0, 0.0001, 0.0, 0.0, 0.0, 0.0001, 0.0001, 0.0001, 0.0, 0.0, 0.0, 0.0, 0.0, 0.0, 0.0, 0.0, 0.0, 0.0, 0.0, 0.0, 0.0, 0.0, 0.0, 0.0, 0.0, 0.0, 0.0, 0.0, 0.0, 0.0, 0.0, 0.0, 0.0, 0.0, 0.0, 0.0], [0.0, 0.0, 0.0, 0.0007, 0.0, 0.0, 0.0, 0.0007, 0.0007, 0.0007, 0.0, 0.0, 0.0, 0.0, 0.0, 0.0, 0.0, 0.0, 0.0, 0.0, 0.0, 0.0, 0.0, 0.0, 0.0, 0.0, 0.0, 0.0, 0.0, 0.0, 0.0, 0.0, 0.0, 0.0, 0.0, 0.0, 0.0, 0.0]]}}
bs_setyawan_curtarolo_efermi: 1.32570309