material_id: mp-560733
band_gap: 1.7080000000000002
efermi: 0.32044689
dos_magnetic_ordering: NM
dos_total_task_id: mp-1681320
dos_total_band_gap: 1.7103000000000002
dos_total_cbm: 1.945
dos_total_vbm: 0.23470000000000002
dos_total_efermi: 0.24265581
bs_setyawan_curtarolo_task_id: mp-838037
bs_setyawan_curtarolo_band_gap: 1.7080000000000002
bs_setyawan_curtarolo_cbm: {'band_index': {'1': [168]}, 'kpoint_index': [0], 'kpoint': <pymatgen.electronic_structure.bandstructure.Kpoint object at 0x7fc699d63930>, 'energy': 1.9914, 'projections': {'1': [[0.0032, 0.0032, 0.0032, 0.0032, 0.0193, 0.0193, 0.019, 0.0228, 0.019, 0.0228, 0.0193, 0.019, 0.0228, 0.0193, 0.0228, 0.019, 0.016300000000000002, 0.016300000000000002, 0.014400000000000001, 0.014400000000000001, 0.014400000000000001, 0.014400000000000001, 0.016300000000000002, 0.016300000000000002, 0.0012000000000000001, 0.0024000000000000002, 0.0019, 0.0019, 0.0019, 0.0019, 0.0017000000000000001, 0.0017000000000000001, 0.0017000000000000001, 0.0017000000000000001, 0.0024000000000000002, 0.0024000000000000002, 0.0024000000000000002, 0.0012000000000000001, 0.0012000000000000001, 0.0012000000000000001], [0.0001, 0.0001, 0.0001, 0.0001, 0.0001, 0.0001, 0.0009000000000000001, 0.0001, 0.0009000000000000001, 0.0001, 0.0001, 0.0009000000000000001, 0.0001, 0.0001, 0.0001, 0.0009000000000000001, 0.0048000000000000004, 0.0048000000000000004, 0.0024000000000000002, 0.0024000000000000002, 0.0024000000000000002, 0.0024000000000000002, 0.0048000000000000004, 0.0048000000000000004, 0.0011, 0.0, 0.0007, 0.0007, 0.0007, 0.0007, 0.00030000000000000003, 0.00030000000000000003, 0.00030000000000000003, 0.00030000000000000003, 0.0, 0.0, 0.0, 0.0011, 0.0011, 0.0011], [0.0, 0.0, 0.0, 0.0, 0.0002, 0.0002, 0.0005, 0.0, 0.0005, 0.0, 0.0002, 0.0005, 0.0, 0.0002, 0.0, 0.0005, 0.0038, 0.0038, 0.0015, 0.0015, 0.0015, 0.0015, 0.0038, 0.0038, 0.0016, 0.0, 0.0002, 0.0002, 0.0002, 0.0002, 0.0034000000000000002, 0.0034000000000000002, 0.0034000000000000002, 0.0034000000000000002, 0.0, 0.0, 0.0, 0.0016, 0.0016, 0.0016], [0.00030000000000000003, 0.00030000000000000003, 0.00030000000000000003, 0.00030000000000000003, 0.0013000000000000002, 0.0013000000000000002, 0.00030000000000000003, 0.0001, 0.00030000000000000003, 0.0001, 0.0013000000000000002, 0.00030000000000000003, 0.0001, 0.0013000000000000002, 0.0001, 0.00030000000000000003, 0.0, 0.0, 0.0086, 0.0086, 0.0086, 0.0086, 0.0, 0.0, 0.0005, 0.0026000000000000003, 0.0008, 0.0008, 0.0008, 0.0008, 0.0002, 0.0002, 0.0002, 0.0002, 0.0026000000000000003, 0.0026000000000000003, 0.0026000000000000003, 0.0005, 0.0005, 0.0005], [0.0, 0.0, 0.0, 0.0, 0.0, 0.0, 0.0032, 0.0, 0.0032, 0.0, 0.0, 0.0032, 0.0, 0.0, 0.0, 0.0032, 0.0, 0.0, 0.0, 0.0, 0.0, 0.0, 0.0, 0.0, 0.0, 0.0, 0.0, 0.0, 0.0, 0.0, 0.0, 0.0, 0.0, 0.0, 0.0, 0.0, 0.0, 0.0, 0.0, 0.0], [0.001, 0.001, 0.001, 0.001, 0.0002, 0.0002, 0.0002, 0.0028, 0.0002, 0.0028, 0.0002, 0.0002, 0.0028, 0.0002, 0.0028, 0.0002, 0.0, 0.0, 0.0, 0.0, 0.0, 0.0, 0.0, 0.0, 0.0, 0.0, 0.0, 0.0, 0.0, 0.0, 0.0, 0.0, 0.0, 0.0, 0.0, 0.0, 0.0, 0.0, 0.0, 0.0], [0.00030000000000000003, 0.00030000000000000003, 0.00030000000000000003, 0.00030000000000000003, 0.0079, 0.0079, 0.0001, 0.0, 0.0001, 0.0, 0.0079, 0.0001, 0.0, 0.0079, 0.0, 0.0001, 0.0, 0.0, 0.0, 0.0, 0.0, 0.0, 0.0, 0.0, 0.0, 0.0, 0.0, 0.0, 0.0, 0.0, 0.0, 0.0, 0.0, 0.0, 0.0, 0.0, 0.0, 0.0, 0.0, 0.0], [0.0, 0.0, 0.0, 0.0, 0.0014, 0.0014, 0.001, 0.00030000000000000003, 0.001, 0.00030000000000000003, 0.0014, 0.001, 0.00030000000000000003, 0.0014, 0.00030000000000000003, 0.001, 0.0, 0.0, 0.0, 0.0, 0.0, 0.0, 0.0, 0.0, 0.0, 0.0, 0.0, 0.0, 0.0, 0.0, 0.0, 0.0, 0.0, 0.0, 0.0, 0.0, 0.0, 0.0, 0.0, 0.0], [0.0001, 0.0001, 0.0001, 0.0001, 0.0, 0.0, 0.0012000000000000001, 0.0007, 0.0012000000000000001, 0.0007, 0.0, 0.0012000000000000001, 0.0007, 0.0, 0.0007, 0.0012000000000000001, 0.0, 0.0, 0.0, 0.0, 0.0, 0.0, 0.0, 0.0, 0.0, 0.0, 0.0, 0.0, 0.0, 0.0, 0.0, 0.0, 0.0, 0.0, 0.0, 0.0, 0.0, 0.0, 0.0, 0.0]]}}
bs_setyawan_curtarolo_vbm: {'band_index': {'1': [167]}, 'kpoint_index': [50, 51], 'kpoint': <pymatgen.electronic_structure.bandstructure.Kpoint object at 0x7fc5d4b59c50>, 'energy': 0.28340000000000004, 'projections': {'1': [[0.0001, 0.0001, 0.0001, 0.0001, 0.0001, 0.0001, 0.0021000000000000003, 0.0019, 0.0021000000000000003, 0.0019, 0.0001, 0.0021000000000000003, 0.0019, 0.0001, 0.0019, 0.0021000000000000003, 0.0002, 0.0002, 0.0001, 0.0001, 0.0001, 0.0001, 0.0002, 0.0002, 0.0001, 0.0, 0.0, 0.0, 0.0, 0.0, 0.0, 0.0, 0.0, 0.0, 0.0, 0.0, 0.0, 0.0001, 0.0001, 0.0001], [0.0001, 0.0001, 0.0001, 0.0001, 0.0, 0.0, 0.0, 0.0001, 0.0, 0.0001, 0.0, 0.0, 0.0001, 0.0, 0.0001, 0.0, 0.0064, 0.0064, 0.0027, 0.0027, 0.0027, 0.0027, 0.0064, 0.0064, 0.0006000000000000001, 0.0057, 0.0, 0.0, 0.0, 0.0, 0.00030000000000000003, 0.00030000000000000003, 0.00030000000000000003, 0.00030000000000000003, 0.0057, 0.0057, 0.0057, 0.0006000000000000001, 0.0006000000000000001, 0.0006000000000000001], [0.0, 0.0, 0.0, 0.0, 0.0005, 0.0005, 0.0002, 0.0001, 0.0002, 0.0001, 0.0005, 0.0002, 0.0001, 0.0005, 0.0001, 0.0002, 0.00030000000000000003, 0.00030000000000000003, 0.0012000000000000001, 0.0012000000000000001, 0.0012000000000000001, 0.0012000000000000001, 0.00030000000000000003, 0.00030000000000000003, 0.0145, 0.0323, 0.0015, 0.0015, 0.0015, 0.0015, 0.0143, 0.0143, 0.0143, 0.0143, 0.0323, 0.0323, 0.0323, 0.0145, 0.0145, 0.0145], [0.0, 0.0, 0.0, 0.0, 0.0002, 0.0002, 0.0, 0.0005, 0.0, 0.0005, 0.0002, 0.0, 0.0005, 0.0002, 0.0005, 0.0, 0.0145, 0.0145, 0.0039000000000000003, 0.0039000000000000003, 0.0039000000000000003, 0.0039000000000000003, 0.0145, 0.0145, 0.0063, 0.0103, 0.0198, 0.0198, 0.0198, 0.0198, 0.0262, 0.0262, 0.0262, 0.0262, 0.0103, 0.0103, 0.0103, 0.0063, 0.0063, 0.0063], [0.0009000000000000001, 0.0009000000000000001, 0.0009000000000000001, 0.0009000000000000001, 0.0002, 0.0002, 0.0028, 0.0017000000000000001, 0.0028, 0.0017000000000000001, 0.0002, 0.0028, 0.0017000000000000001, 0.0002, 0.0017000000000000001, 0.0028, 0.0, 0.0, 0.0, 0.0, 0.0, 0.0, 0.0, 0.0, 0.0, 0.0, 0.0, 0.0, 0.0, 0.0, 0.0, 0.0, 0.0, 0.0, 0.0, 0.0, 0.0, 0.0, 0.0, 0.0], [0.00030000000000000003, 0.00030000000000000003, 0.00030000000000000003, 0.00030000000000000003, 0.0, 0.0, 0.0014, 0.0022, 0.0014, 0.0022, 0.0, 0.0014, 0.0022, 0.0, 0.0022, 0.0014, 0.0, 0.0, 0.0, 0.0, 0.0, 0.0, 0.0, 0.0, 0.0, 0.0, 0.0, 0.0, 0.0, 0.0, 0.0, 0.0, 0.0, 0.0, 0.0, 0.0, 0.0, 0.0, 0.0, 0.0], [0.0002, 0.0002, 0.0002, 0.0002, 0.0005, 0.0005, 0.002, 0.0002, 0.002, 0.0002, 0.0005, 0.002, 0.0002, 0.0005, 0.0002, 0.002, 0.0, 0.0, 0.0, 0.0, 0.0, 0.0, 0.0, 0.0, 0.0, 0.0, 0.0, 0.0, 0.0, 0.0, 0.0, 0.0, 0.0, 0.0, 0.0, 0.0, 0.0, 0.0, 0.0, 0.0], [0.0001, 0.0001, 0.0001, 0.0001, 0.0006000000000000001, 0.0006000000000000001, 0.0012000000000000001, 0.0004, 0.0012000000000000001, 0.0004, 0.0006000000000000001, 0.0012000000000000001, 0.0004, 0.0006000000000000001, 0.0004, 0.0012000000000000001, 0.0, 0.0, 0.0, 0.0, 0.0, 0.0, 0.0, 0.0, 0.0, 0.0, 0.0, 0.0, 0.0, 0.0, 0.0, 0.0, 0.0, 0.0, 0.0, 0.0, 0.0, 0.0, 0.0, 0.0], [0.0, 0.0, 0.0, 0.0, 0.0004, 0.0004, 0.0026000000000000003, 0.0023, 0.0026000000000000003, 0.0023, 0.0004, 0.0026000000000000003, 0.0023, 0.0004, 0.0023, 0.0026000000000000003, 0.0, 0.0, 0.0, 0.0, 0.0, 0.0, 0.0, 0.0, 0.0, 0.0, 0.0, 0.0, 0.0, 0.0, 0.0, 0.0, 0.0, 0.0, 0.0, 0.0, 0.0, 0.0, 0.0, 0.0]]}}
bs_setyawan_curtarolo_efermi: 0.32044689