material_id: mp-556888
band_gap: 4.933499999999999
efermi: -3.17490687
dos_magnetic_ordering: NM
dos_total_task_id: mp-1674066
dos_total_band_gap: 4.9102
dos_total_cbm: 1.6204
dos_total_vbm: -3.2898
dos_total_efermi: -3.3105997
bs_setyawan_curtarolo_task_id: mp-1598174
bs_setyawan_curtarolo_band_gap: 4.933499999999999
bs_setyawan_curtarolo_cbm: {'band_index': {'1': [56]}, 'kpoint_index': [0, 43, 44], 'kpoint': <pymatgen.electronic_structure.bandstructure.Kpoint object at 0x7fc699d63930>, 'energy': 1.6219000000000001, 'projections': {'1': [[0.006900000000000001, 0.006900000000000001, 0.1298, 0.1298, 0.0058000000000000005, 0.0058000000000000005, 0.0057, 0.0058000000000000005, 0.0058000000000000005, 0.0058000000000000005, 0.0057, 0.0057, 0.0058000000000000005, 0.0058000000000000005, 0.0058000000000000005, 0.0057], [0.0, 0.0, 0.0, 0.0, 0.006500000000000001, 0.006500000000000001, 0.0132, 0.006500000000000001, 0.006500000000000001, 0.006500000000000001, 0.0132, 0.0132, 0.006500000000000001, 0.006500000000000001, 0.006500000000000001, 0.0132], [0.0, 0.0, 0.0, 0.0, 0.013300000000000001, 0.013300000000000001, 0.0, 0.013300000000000001, 0.013300000000000001, 0.013300000000000001, 0.0, 0.0, 0.013300000000000001, 0.013300000000000001, 0.013300000000000001, 0.0], [0.0, 0.0, 0.0, 0.0, 0.006500000000000001, 0.006500000000000001, 0.0132, 0.006500000000000001, 0.006500000000000001, 0.006500000000000001, 0.0132, 0.0132, 0.006500000000000001, 0.006500000000000001, 0.006500000000000001, 0.0132], [0.0, 0.0, 0.0, 0.0, 0.0, 0.0, 0.0, 0.0, 0.0, 0.0, 0.0, 0.0, 0.0, 0.0, 0.0, 0.0], [0.0, 0.0, 0.0, 0.0, 0.0, 0.0, 0.0, 0.0, 0.0, 0.0, 0.0, 0.0, 0.0, 0.0, 0.0, 0.0], [0.0, 0.0, 0.0, 0.0, 0.0, 0.0, 0.0, 0.0, 0.0, 0.0, 0.0, 0.0, 0.0, 0.0, 0.0, 0.0], [0.0, 0.0, 0.0, 0.0, 0.0, 0.0, 0.0, 0.0, 0.0, 0.0, 0.0, 0.0, 0.0, 0.0, 0.0, 0.0], [0.0, 0.0, 0.0, 0.0, 0.0, 0.0, 0.0, 0.0, 0.0, 0.0, 0.0, 0.0, 0.0, 0.0, 0.0, 0.0]]}}
bs_setyawan_curtarolo_vbm: {'band_index': {'1': [55]}, 'kpoint_index': [0, 43, 44], 'kpoint': <pymatgen.electronic_structure.bandstructure.Kpoint object at 0x7fc5d4b5a430>, 'energy': -3.3116, 'projections': {'1': [[0.0, 0.0, 0.0, 0.0, 0.0, 0.0, 0.0, 0.0, 0.0, 0.0, 0.0, 0.0, 0.0, 0.0, 0.0, 0.0], [0.0, 0.0, 0.0, 0.0, 0.027, 0.027, 0.0495, 0.027, 0.027, 0.027, 0.0495, 0.0495, 0.027, 0.027, 0.027, 0.0495], [0.0, 0.0, 0.0, 0.0, 0.0, 0.0, 0.0, 0.0, 0.0, 0.0, 0.0, 0.0, 0.0, 0.0, 0.0, 0.0], [0.0, 0.0, 0.0, 0.0, 0.027, 0.027, 0.0495, 0.027, 0.027, 0.027, 0.0495, 0.0495, 0.027, 0.027, 0.027, 0.0495], [0.0, 0.0, 0.0, 0.0, 0.0, 0.0, 0.0, 0.0, 0.0, 0.0, 0.0, 0.0, 0.0, 0.0, 0.0, 0.0], [0.0, 0.0, 0.0, 0.0, 0.0, 0.0, 0.0, 0.0, 0.0, 0.0, 0.0, 0.0, 0.0, 0.0, 0.0, 0.0], [0.0, 0.0, 0.0, 0.0, 0.0, 0.0, 0.0, 0.0, 0.0, 0.0, 0.0, 0.0, 0.0, 0.0, 0.0, 0.0], [0.0, 0.0, 0.0, 0.0, 0.0, 0.0, 0.0, 0.0, 0.0, 0.0, 0.0, 0.0, 0.0, 0.0, 0.0, 0.0], [0.0, 0.0, 0.0, 0.0, 0.0, 0.0, 0.0, 0.0, 0.0, 0.0, 0.0, 0.0, 0.0, 0.0, 0.0, 0.0]]}}
bs_setyawan_curtarolo_efermi: -3.17490687
bs_hinuma_task_id: mp-2137434
bs_hinuma_band_gap: 4.933499999999999
bs_hinuma_cbm: {'band_index': {'1': [56]}, 'kpoint_index': [0, 43, 44], 'kpoint': <pymatgen.electronic_structure.bandstructure.Kpoint object at 0x7fc5d4b59e80>, 'energy': 1.6219000000000001, 'projections': {'1': [[0.006900000000000001, 0.006900000000000001, 0.1298, 0.1298, 0.0058000000000000005, 0.0058000000000000005, 0.0057, 0.0058000000000000005, 0.0058000000000000005, 0.0058000000000000005, 0.0057, 0.0057, 0.0058000000000000005, 0.0058000000000000005, 0.0058000000000000005, 0.0057], [0.0, 0.0, 0.0, 0.0, 0.006500000000000001, 0.006500000000000001, 0.0132, 0.006500000000000001, 0.006500000000000001, 0.006500000000000001, 0.0132, 0.0132, 0.006500000000000001, 0.006500000000000001, 0.006500000000000001, 0.0132], [0.0, 0.0, 0.0, 0.0, 0.013300000000000001, 0.013300000000000001, 0.0, 0.013300000000000001, 0.013300000000000001, 0.013300000000000001, 0.0, 0.0, 0.013300000000000001, 0.013300000000000001, 0.013300000000000001, 0.0], [0.0, 0.0, 0.0, 0.0, 0.006500000000000001, 0.006500000000000001, 0.0132, 0.006500000000000001, 0.006500000000000001, 0.006500000000000001, 0.0132, 0.0132, 0.006500000000000001, 0.006500000000000001, 0.006500000000000001, 0.0132], [0.0, 0.0, 0.0, 0.0, 0.0, 0.0, 0.0, 0.0, 0.0, 0.0, 0.0, 0.0, 0.0, 0.0, 0.0, 0.0], [0.0, 0.0, 0.0, 0.0, 0.0, 0.0, 0.0, 0.0, 0.0, 0.0, 0.0, 0.0, 0.0, 0.0, 0.0, 0.0], [0.0, 0.0, 0.0, 0.0, 0.0, 0.0, 0.0, 0.0, 0.0, 0.0, 0.0, 0.0, 0.0, 0.0, 0.0, 0.0], [0.0, 0.0, 0.0, 0.0, 0.0, 0.0, 0.0, 0.0, 0.0, 0.0, 0.0, 0.0, 0.0, 0.0, 0.0, 0.0], [0.0, 0.0, 0.0, 0.0, 0.0, 0.0, 0.0, 0.0, 0.0, 0.0, 0.0, 0.0, 0.0, 0.0, 0.0, 0.0]]}}
bs_hinuma_vbm: {'band_index': {'1': [55]}, 'kpoint_index': [0, 43, 44], 'kpoint': <pymatgen.electronic_structure.bandstructure.Kpoint object at 0x7fc5d4b59d30>, 'energy': -3.3116, 'projections': {'1': [[0.0, 0.0, 0.0, 0.0, 0.0, 0.0, 0.0, 0.0, 0.0, 0.0, 0.0, 0.0, 0.0, 0.0, 0.0, 0.0], [0.0, 0.0, 0.0, 0.0, 0.027, 0.027, 0.0495, 0.027, 0.027, 0.027, 0.0495, 0.0495, 0.027, 0.027, 0.027, 0.0495], [0.0, 0.0, 0.0, 0.0, 0.0, 0.0, 0.0, 0.0, 0.0, 0.0, 0.0, 0.0, 0.0, 0.0, 0.0, 0.0], [0.0, 0.0, 0.0, 0.0, 0.027, 0.027, 0.0495, 0.027, 0.027, 0.027, 0.0495, 0.0495, 0.027, 0.027, 0.027, 0.0495], [0.0, 0.0, 0.0, 0.0, 0.0, 0.0, 0.0, 0.0, 0.0, 0.0, 0.0, 0.0, 0.0, 0.0, 0.0, 0.0], [0.0, 0.0, 0.0, 0.0, 0.0, 0.0, 0.0, 0.0, 0.0, 0.0, 0.0, 0.0, 0.0, 0.0, 0.0, 0.0], [0.0, 0.0, 0.0, 0.0, 0.0, 0.0, 0.0, 0.0, 0.0, 0.0, 0.0, 0.0, 0.0, 0.0, 0.0, 0.0], [0.0, 0.0, 0.0, 0.0, 0.0, 0.0, 0.0, 0.0, 0.0, 0.0, 0.0, 0.0, 0.0, 0.0, 0.0, 0.0], [0.0, 0.0, 0.0, 0.0, 0.0, 0.0, 0.0, 0.0, 0.0, 0.0, 0.0, 0.0, 0.0, 0.0, 0.0, 0.0]]}}
bs_hinuma_efermi: -3.17490687
bs_latimer_munro_task_id: mp-2446115
bs_latimer_munro_band_gap: 4.933499999999999
bs_latimer_munro_cbm: {'band_index': {'1': [56]}, 'kpoint_index': [27, 28, 126, 127, 135], 'kpoint': <pymatgen.electronic_structure.bandstructure.Kpoint object at 0x7fc5d4b5a190>, 'energy': 1.6219000000000001, 'projections': {'1': [[0.006900000000000001, 0.006900000000000001, 0.1298, 0.1298, 0.0058000000000000005, 0.0058000000000000005, 0.0057, 0.0058000000000000005, 0.0058000000000000005, 0.0058000000000000005, 0.0057, 0.0057, 0.0058000000000000005, 0.0058000000000000005, 0.0058000000000000005, 0.0057], [0.0, 0.0, 0.0, 0.0, 0.006500000000000001, 0.006500000000000001, 0.0132, 0.006500000000000001, 0.006500000000000001, 0.006500000000000001, 0.0132, 0.0132, 0.006500000000000001, 0.006500000000000001, 0.006500000000000001, 0.0132], [0.0, 0.0, 0.0, 0.0, 0.013300000000000001, 0.013300000000000001, 0.0, 0.013300000000000001, 0.013300000000000001, 0.013300000000000001, 0.0, 0.0, 0.013300000000000001, 0.013300000000000001, 0.013300000000000001, 0.0], [0.0, 0.0, 0.0, 0.0, 0.006500000000000001, 0.006500000000000001, 0.0132, 0.006500000000000001, 0.006500000000000001, 0.006500000000000001, 0.0132, 0.0132, 0.006500000000000001, 0.006500000000000001, 0.006500000000000001, 0.0132], [0.0, 0.0, 0.0, 0.0, 0.0, 0.0, 0.0, 0.0, 0.0, 0.0, 0.0, 0.0, 0.0, 0.0, 0.0, 0.0], [0.0, 0.0, 0.0, 0.0, 0.0, 0.0, 0.0, 0.0, 0.0, 0.0, 0.0, 0.0, 0.0, 0.0, 0.0, 0.0], [0.0, 0.0, 0.0, 0.0, 0.0, 0.0, 0.0, 0.0, 0.0, 0.0, 0.0, 0.0, 0.0, 0.0, 0.0, 0.0], [0.0, 0.0, 0.0, 0.0, 0.0, 0.0, 0.0, 0.0, 0.0, 0.0, 0.0, 0.0, 0.0, 0.0, 0.0, 0.0], [0.0, 0.0, 0.0, 0.0, 0.0, 0.0, 0.0, 0.0, 0.0, 0.0, 0.0, 0.0, 0.0, 0.0, 0.0, 0.0]]}}
bs_latimer_munro_vbm: {'band_index': {'1': [55]}, 'kpoint_index': [27, 28, 126, 127, 135], 'kpoint': <pymatgen.electronic_structure.bandstructure.Kpoint object at 0x7fc5d4b5a3c0>, 'energy': -3.3116, 'projections': {'1': [[0.0, 0.0, 0.0, 0.0, 0.0, 0.0, 0.0, 0.0, 0.0, 0.0, 0.0, 0.0, 0.0, 0.0, 0.0, 0.0], [0.0, 0.0, 0.0, 0.0, 0.027, 0.027, 0.0495, 0.027, 0.027, 0.027, 0.0495, 0.0495, 0.027, 0.027, 0.027, 0.0495], [0.0, 0.0, 0.0, 0.0, 0.0, 0.0, 0.0, 0.0, 0.0, 0.0, 0.0, 0.0, 0.0, 0.0, 0.0, 0.0], [0.0, 0.0, 0.0, 0.0, 0.027, 0.027, 0.0495, 0.027, 0.027, 0.027, 0.0495, 0.0495, 0.027, 0.027, 0.027, 0.0495], [0.0, 0.0, 0.0, 0.0, 0.0, 0.0, 0.0, 0.0, 0.0, 0.0, 0.0, 0.0, 0.0, 0.0, 0.0, 0.0], [0.0, 0.0, 0.0, 0.0, 0.0, 0.0, 0.0, 0.0, 0.0, 0.0, 0.0, 0.0, 0.0, 0.0, 0.0, 0.0], [0.0, 0.0, 0.0, 0.0, 0.0, 0.0, 0.0, 0.0, 0.0, 0.0, 0.0, 0.0, 0.0, 0.0, 0.0, 0.0], [0.0, 0.0, 0.0, 0.0, 0.0, 0.0, 0.0, 0.0, 0.0, 0.0, 0.0, 0.0, 0.0, 0.0, 0.0, 0.0], [0.0, 0.0, 0.0, 0.0, 0.0, 0.0, 0.0, 0.0, 0.0, 0.0, 0.0, 0.0, 0.0, 0.0, 0.0, 0.0]]}}
bs_latimer_munro_efermi: -3.1889585