material_id: mp-554762
band_gap: 2.8936
efermi: -2.48934373
dos_magnetic_ordering: NM
dos_total_task_id: mp-1712393
dos_total_band_gap: 2.9175
dos_total_cbm: 0.3391
dos_total_vbm: -2.5784000000000002
dos_total_efermi: -2.57225097
bs_setyawan_curtarolo_task_id: mp-687991
bs_setyawan_curtarolo_band_gap: 2.8936
bs_setyawan_curtarolo_cbm: {'band_index': {'1': [84]}, 'kpoint_index': [0, 41, 42], 'kpoint': <pymatgen.electronic_structure.bandstructure.Kpoint object at 0x7fc699d63930>, 'energy': 0.32830000000000004, 'projections': {}}
bs_setyawan_curtarolo_vbm: {'band_index': {'1': [82, 83]}, 'kpoint_index': [61, 62, 102], 'kpoint': <pymatgen.electronic_structure.bandstructure.Kpoint object at 0x7fc5d4b5a200>, 'energy': -2.5653, 'projections': {}}
bs_setyawan_curtarolo_efermi: -2.48934373
bs_hinuma_task_id: mp-2173517
bs_hinuma_band_gap: 2.9139
bs_hinuma_cbm: {'band_index': {'1': [84]}, 'kpoint_index': [0, 41, 42], 'kpoint': <pymatgen.electronic_structure.bandstructure.Kpoint object at 0x7fc5d4b59e80>, 'energy': 0.3471, 'projections': {'1': [[0.0005, 0.0005, 0.0005, 0.0005, 0.0073, 0.0073, 0.0073, 0.0073, 0.0005, 0.0035, 0.0, 0.0, 0.0035, 0.0005, 0.0, 0.0005, 0.0005, 0.0035, 0.0, 0.0035, 0.0002, 0.0002, 0.0002, 0.0002], [0.0006000000000000001, 0.0006000000000000001, 0.0006000000000000001, 0.0006000000000000001, 0.048100000000000004, 0.048, 0.048100000000000004, 0.048100000000000004, 0.010100000000000001, 0.06620000000000001, 0.0023, 0.0023, 0.06620000000000001, 0.010100000000000001, 0.0023, 0.010100000000000001, 0.010100000000000001, 0.06620000000000001, 0.0023, 0.06620000000000001, 0.0004, 0.0004, 0.0004, 0.0004], [0.0002, 0.0002, 0.0002, 0.0002, 0.033, 0.033, 0.033, 0.033, 0.0066, 0.0103, 0.0008, 0.0008, 0.0103, 0.0066, 0.0008, 0.0066, 0.0066, 0.0103, 0.0008, 0.0103, 0.0024000000000000002, 0.0024000000000000002, 0.0024000000000000002, 0.0024000000000000002], [0.0001, 0.0001, 0.0001, 0.0001, 0.0038, 0.0038, 0.0038, 0.0038, 0.0004, 0.0011, 0.0008, 0.0008, 0.0011, 0.0004, 0.0008, 0.0004, 0.0004, 0.0011, 0.0008, 0.0011, 0.0005, 0.0005, 0.0005, 0.0005], [0.00030000000000000003, 0.00030000000000000003, 0.00030000000000000003, 0.00030000000000000003, 0.0, 0.0, 0.0, 0.0, 0.0, 0.0, 0.0, 0.0, 0.0, 0.0, 0.0, 0.0, 0.0, 0.0, 0.0, 0.0, 0.0, 0.0, 0.0, 0.0], [0.0002, 0.0002, 0.0002, 0.0002, 0.0, 0.0, 0.0, 0.0, 0.0, 0.0, 0.0, 0.0, 0.0, 0.0, 0.0, 0.0, 0.0, 0.0, 0.0, 0.0, 0.0, 0.0, 0.0, 0.0], [0.0, 0.0, 0.0, 0.0, 0.0, 0.0, 0.0, 0.0, 0.0, 0.0, 0.0, 0.0, 0.0, 0.0, 0.0, 0.0, 0.0, 0.0, 0.0, 0.0, 0.0, 0.0, 0.0, 0.0], [0.0, 0.0, 0.0, 0.0, 0.0, 0.0, 0.0, 0.0, 0.0, 0.0, 0.0, 0.0, 0.0, 0.0, 0.0, 0.0, 0.0, 0.0, 0.0, 0.0, 0.0, 0.0, 0.0, 0.0], [0.0001, 0.0001, 0.0001, 0.0001, 0.0, 0.0, 0.0, 0.0, 0.0, 0.0, 0.0, 0.0, 0.0, 0.0, 0.0, 0.0, 0.0, 0.0, 0.0, 0.0, 0.0, 0.0, 0.0, 0.0]]}}
bs_hinuma_vbm: {'band_index': {'1': [82, 83]}, 'kpoint_index': [61, 62, 101], 'kpoint': <pymatgen.electronic_structure.bandstructure.Kpoint object at 0x7fc5d4b59d30>, 'energy': -2.5668, 'projections': {'1': [[0.0, 0.0, 0.0, 0.0, 0.0001, 0.0001, 0.0001, 0.0001, 0.0, 0.0, 0.0, 0.0, 0.0, 0.0, 0.0, 0.0, 0.0, 0.0, 0.0, 0.0, 0.0, 0.0, 0.0, 0.0], [0.0, 0.0, 0.0, 0.0, 0.0, 0.0, 0.0, 0.0, 0.0034000000000000002, 0.0004, 0.0079, 0.008, 0.00030000000000000003, 0.0028, 0.0078000000000000005, 0.0028, 0.0034000000000000002, 0.0004, 0.0079, 0.00030000000000000003, 0.0005, 0.0007, 0.0007, 0.0005], [0.0005, 0.0005, 0.00030000000000000003, 0.00030000000000000003, 0.0001, 0.0001, 0.0002, 0.0002, 0.038400000000000004, 0.0053, 0.0158, 0.0109, 0.0053, 0.058100000000000006, 0.0158, 0.058, 0.038400000000000004, 0.0053, 0.0108, 0.0054, 0.0054, 0.0073, 0.0073, 0.0054], [0.0, 0.0, 0.0, 0.0, 0.0001, 0.0001, 0.0001, 0.0001, 0.0091, 0.0347, 0.0539, 0.0361, 0.047, 0.013300000000000001, 0.054, 0.0132, 0.0091, 0.0345, 0.0362, 0.0472, 0.0021000000000000003, 0.0015, 0.0015, 0.0022], [0.0, 0.0, 0.0, 0.0, 0.0, 0.0, 0.0, 0.0, 0.0, 0.0, 0.0, 0.0, 0.0, 0.0, 0.0, 0.0, 0.0, 0.0, 0.0, 0.0, 0.0, 0.0, 0.0, 0.0], [0.0, 0.0, 0.0, 0.0, 0.0, 0.0, 0.0, 0.0, 0.0, 0.0, 0.0, 0.0, 0.0, 0.0, 0.0, 0.0, 0.0, 0.0, 0.0, 0.0, 0.0, 0.0, 0.0, 0.0], [0.0001, 0.0001, 0.0, 0.0, 0.0, 0.0, 0.0, 0.0, 0.0, 0.0, 0.0, 0.0, 0.0, 0.0, 0.0, 0.0, 0.0, 0.0, 0.0, 0.0, 0.0, 0.0, 0.0, 0.0], [0.0, 0.0, 0.0, 0.0, 0.0, 0.0, 0.0, 0.0, 0.0, 0.0, 0.0, 0.0, 0.0, 0.0, 0.0, 0.0, 0.0, 0.0, 0.0, 0.0, 0.0, 0.0, 0.0, 0.0], [0.0, 0.0, 0.0, 0.0, 0.0, 0.0, 0.0, 0.0, 0.0, 0.0, 0.0, 0.0, 0.0, 0.0, 0.0, 0.0, 0.0, 0.0, 0.0, 0.0, 0.0, 0.0, 0.0, 0.0]]}}
bs_hinuma_efermi: -2.49705954
bs_latimer_munro_task_id: mp-2327433
bs_latimer_munro_band_gap: 2.9139
bs_latimer_munro_cbm: {'band_index': {'1': [84]}, 'kpoint_index': [22, 23, 115, 116, 188, 189], 'kpoint': <pymatgen.electronic_structure.bandstructure.Kpoint object at 0x7fc5d4b59be0>, 'energy': 0.3471, 'projections': {'1': [[0.0005, 0.0005, 0.0005, 0.0005, 0.0073, 0.0073, 0.0073, 0.0073, 0.0005, 0.0035, 0.0, 0.0, 0.0035, 0.0005, 0.0, 0.0005, 0.0005, 0.0035, 0.0, 0.0035, 0.0002, 0.0002, 0.0002, 0.0002], [0.0006000000000000001, 0.0006000000000000001, 0.0006000000000000001, 0.0006000000000000001, 0.048100000000000004, 0.048, 0.048100000000000004, 0.048100000000000004, 0.010100000000000001, 0.06620000000000001, 0.0023, 0.0023, 0.06620000000000001, 0.010100000000000001, 0.0023, 0.010100000000000001, 0.010100000000000001, 0.06620000000000001, 0.0023, 0.06620000000000001, 0.0004, 0.0004, 0.0004, 0.0004], [0.0002, 0.0002, 0.0002, 0.0002, 0.033, 0.033, 0.033, 0.033, 0.0066, 0.0103, 0.0008, 0.0008, 0.0103, 0.0066, 0.0008, 0.0066, 0.0066, 0.0103, 0.0008, 0.0103, 0.0024000000000000002, 0.0024000000000000002, 0.0024000000000000002, 0.0024000000000000002], [0.0001, 0.0001, 0.0001, 0.0001, 0.0038, 0.0038, 0.0038, 0.0038, 0.0004, 0.0011, 0.0008, 0.0008, 0.0011, 0.0004, 0.0008, 0.0004, 0.0004, 0.0011, 0.0008, 0.0011, 0.0005, 0.0005, 0.0005, 0.0005], [0.00030000000000000003, 0.00030000000000000003, 0.00030000000000000003, 0.00030000000000000003, 0.0, 0.0, 0.0, 0.0, 0.0, 0.0, 0.0, 0.0, 0.0, 0.0, 0.0, 0.0, 0.0, 0.0, 0.0, 0.0, 0.0, 0.0, 0.0, 0.0], [0.0002, 0.0002, 0.0002, 0.0002, 0.0, 0.0, 0.0, 0.0, 0.0, 0.0, 0.0, 0.0, 0.0, 0.0, 0.0, 0.0, 0.0, 0.0, 0.0, 0.0, 0.0, 0.0, 0.0, 0.0], [0.0, 0.0, 0.0, 0.0, 0.0, 0.0, 0.0, 0.0, 0.0, 0.0, 0.0, 0.0, 0.0, 0.0, 0.0, 0.0, 0.0, 0.0, 0.0, 0.0, 0.0, 0.0, 0.0, 0.0], [0.0, 0.0, 0.0, 0.0, 0.0, 0.0, 0.0, 0.0, 0.0, 0.0, 0.0, 0.0, 0.0, 0.0, 0.0, 0.0, 0.0, 0.0, 0.0, 0.0, 0.0, 0.0, 0.0, 0.0], [0.0001, 0.0001, 0.0001, 0.0001, 0.0, 0.0, 0.0, 0.0, 0.0, 0.0, 0.0, 0.0, 0.0, 0.0, 0.0, 0.0, 0.0, 0.0, 0.0, 0.0, 0.0, 0.0, 0.0, 0.0]]}}
bs_latimer_munro_vbm: {'band_index': {'1': [82, 83]}, 'kpoint_index': [9, 10, 135, 136], 'kpoint': <pymatgen.electronic_structure.bandstructure.Kpoint object at 0x7fc5d4b5a190>, 'energy': -2.5668, 'projections': {'1': [[0.0, 0.0, 0.0, 0.0, 0.0001, 0.0001, 0.0001, 0.0001, 0.0, 0.0, 0.0, 0.0, 0.0, 0.0, 0.0, 0.0, 0.0, 0.0, 0.0, 0.0, 0.0, 0.0, 0.0, 0.0], [0.0, 0.0, 0.0, 0.0, 0.0, 0.0, 0.0, 0.0, 0.0031000000000000003, 0.0002, 0.0067, 0.0066, 0.0004, 0.003, 0.0092, 0.0039000000000000003, 0.0023, 0.00030000000000000003, 0.0091, 0.00030000000000000003, 0.0007, 0.0005, 0.0004, 0.0008], [0.00030000000000000003, 0.00030000000000000003, 0.0005, 0.0005, 0.0002, 0.0002, 0.0001, 0.0001, 0.061, 0.0045000000000000005, 0.0094, 0.0154, 0.0061, 0.035500000000000004, 0.0112, 0.037200000000000004, 0.059300000000000005, 0.006200000000000001, 0.0172, 0.0044, 0.0082, 0.0045000000000000005, 0.0059, 0.0068000000000000005], [0.0, 0.0, 0.0, 0.0, 0.0001, 0.0001, 0.0001, 0.0001, 0.014400000000000001, 0.044, 0.0363, 0.057800000000000004, 0.0376, 0.0079, 0.0323, 0.0094, 0.0129, 0.052700000000000004, 0.0538, 0.028900000000000002, 0.0015, 0.0021000000000000003, 0.0023, 0.0013000000000000002], [0.0, 0.0, 0.0, 0.0, 0.0, 0.0, 0.0, 0.0, 0.0, 0.0, 0.0, 0.0, 0.0, 0.0, 0.0, 0.0, 0.0, 0.0, 0.0, 0.0, 0.0, 0.0, 0.0, 0.0], [0.0, 0.0, 0.0, 0.0, 0.0, 0.0, 0.0, 0.0, 0.0, 0.0, 0.0, 0.0, 0.0, 0.0, 0.0, 0.0, 0.0, 0.0, 0.0, 0.0, 0.0, 0.0, 0.0, 0.0], [0.0, 0.0, 0.0001, 0.0001, 0.0, 0.0, 0.0, 0.0, 0.0, 0.0, 0.0, 0.0, 0.0, 0.0, 0.0, 0.0, 0.0, 0.0, 0.0, 0.0, 0.0, 0.0, 0.0, 0.0], [0.0, 0.0, 0.0, 0.0, 0.0, 0.0, 0.0, 0.0, 0.0, 0.0, 0.0, 0.0, 0.0, 0.0, 0.0, 0.0, 0.0, 0.0, 0.0, 0.0, 0.0, 0.0, 0.0, 0.0], [0.0, 0.0, 0.0, 0.0, 0.0, 0.0, 0.0, 0.0, 0.0, 0.0, 0.0, 0.0, 0.0, 0.0, 0.0, 0.0, 0.0, 0.0, 0.0, 0.0, 0.0, 0.0, 0.0, 0.0]]}}
bs_latimer_munro_efermi: -2.50288445