material_id: mp-546320
band_gap: 1.8353000000000002
efermi: 1.13353053
dos_magnetic_ordering: NM
dos_total_task_id: mp-1734733
dos_total_band_gap: 1.8199
dos_total_cbm: 2.9075
dos_total_vbm: 1.0876
dos_total_efermi: 1.07632878
bs_setyawan_curtarolo_task_id: mp-700443
bs_setyawan_curtarolo_band_gap: 1.8353000000000002
bs_setyawan_curtarolo_cbm: {'band_index': {'1': [32]}, 'kpoint_index': [0, 40, 41], 'kpoint': <pymatgen.electronic_structure.bandstructure.Kpoint object at 0x7fc699d63930>, 'energy': 2.9152, 'projections': {}}
bs_setyawan_curtarolo_vbm: {'band_index': {'1': [29, 30, 31]}, 'kpoint_index': [0, 40, 41], 'kpoint': <pymatgen.electronic_structure.bandstructure.Kpoint object at 0x7fc5d4b59e80>, 'energy': 1.0799, 'projections': {}}
bs_setyawan_curtarolo_efermi: 1.13353053
bs_hinuma_task_id: mp-2097353
bs_hinuma_band_gap: 1.8394
bs_hinuma_cbm: {'band_index': {'1': [32]}, 'kpoint_index': [0, 40, 41], 'kpoint': <pymatgen.electronic_structure.bandstructure.Kpoint object at 0x7fc5d4b5a350>, 'energy': 2.9156, 'projections': {'1': [[0.029, 0.029, 0.029, 0.029, 0.0117, 0.0137, 0.0137, 0.0137, 0.0137], [0.0021000000000000003, 0.0021000000000000003, 0.0021000000000000003, 0.0021000000000000003, 0.0, 0.0005, 0.0005, 0.0005, 0.0005], [0.0021000000000000003, 0.0021000000000000003, 0.0021000000000000003, 0.0021000000000000003, 0.0, 0.0005, 0.0005, 0.0005, 0.0005], [0.0021000000000000003, 0.0021000000000000003, 0.0021000000000000003, 0.0021000000000000003, 0.0, 0.0005, 0.0005, 0.0005, 0.0005], [0.0004, 0.0004, 0.0004, 0.0004, 0.0, 0.0, 0.0, 0.0, 0.0], [0.0004, 0.0004, 0.0004, 0.0004, 0.0, 0.0, 0.0, 0.0, 0.0], [0.0, 0.0, 0.0, 0.0, 0.0, 0.0, 0.0, 0.0, 0.0], [0.0004, 0.0004, 0.0004, 0.0004, 0.0, 0.0, 0.0, 0.0, 0.0], [0.0, 0.0, 0.0, 0.0, 0.0, 0.0, 0.0, 0.0, 0.0]]}}
bs_hinuma_vbm: {'band_index': {'1': [29, 30, 31]}, 'kpoint_index': [0, 40, 41], 'kpoint': <pymatgen.electronic_structure.bandstructure.Kpoint object at 0x7fc5d4b5a190>, 'energy': 1.0762, 'projections': {'1': [[0.0, 0.0, 0.0, 0.0, 0.0, 0.0, 0.0, 0.0, 0.0], [0.0009000000000000001, 0.0023, 0.0023, 0.0009000000000000001, 0.0, 0.0403, 0.1044, 0.0403, 0.1044], [0.0018000000000000002, 0.0018000000000000002, 0.0018000000000000002, 0.0018000000000000002, 0.0, 0.0854, 0.082, 0.082, 0.0853], [0.00030000000000000003, 0.0005, 0.00030000000000000003, 0.0005, 0.0, 0.015700000000000002, 0.015700000000000002, 0.023, 0.023], [0.0002, 0.0002, 0.0002, 0.0001, 0.0, 0.0, 0.0, 0.0, 0.0], [0.0, 0.0, 0.0, 0.0, 0.0, 0.0, 0.0, 0.0, 0.0], [0.0016, 0.0016, 0.0015, 0.0015, 0.0, 0.0, 0.0, 0.0, 0.0], [0.0001, 0.0002, 0.0002, 0.0001, 0.0, 0.0, 0.0, 0.0, 0.0], [0.0002, 0.0011, 0.001, 0.00030000000000000003, 0.0, 0.0, 0.0, 0.0, 0.0]]}}
bs_hinuma_efermi: 1.1368945
bs_latimer_munro_task_id: mp-2305896
bs_latimer_munro_band_gap: 1.8394
bs_latimer_munro_cbm: {'band_index': {'1': [32]}, 'kpoint_index': [28, 29, 89], 'kpoint': <pymatgen.electronic_structure.bandstructure.Kpoint object at 0x7fc5d4b59be0>, 'energy': 2.9156, 'projections': {'1': [[0.029, 0.029, 0.029, 0.029, 0.0117, 0.0137, 0.0137, 0.0137, 0.0137], [0.0021000000000000003, 0.0021000000000000003, 0.0021000000000000003, 0.0021000000000000003, 0.0, 0.0005, 0.0005, 0.0005, 0.0005], [0.0021000000000000003, 0.0021000000000000003, 0.0021000000000000003, 0.0021000000000000003, 0.0, 0.0005, 0.0005, 0.0005, 0.0005], [0.0021000000000000003, 0.0021000000000000003, 0.0021000000000000003, 0.0021000000000000003, 0.0, 0.0005, 0.0005, 0.0005, 0.0005], [0.0004, 0.0004, 0.0004, 0.0004, 0.0, 0.0, 0.0, 0.0, 0.0], [0.0004, 0.0004, 0.0004, 0.0004, 0.0, 0.0, 0.0, 0.0, 0.0], [0.0, 0.0, 0.0, 0.0, 0.0, 0.0, 0.0, 0.0, 0.0], [0.0004, 0.0004, 0.0004, 0.0004, 0.0, 0.0, 0.0, 0.0, 0.0], [0.0, 0.0, 0.0, 0.0, 0.0, 0.0, 0.0, 0.0, 0.0]]}}
bs_latimer_munro_vbm: {'band_index': {'1': [29, 30, 31]}, 'kpoint_index': [28, 29, 89], 'kpoint': <pymatgen.electronic_structure.bandstructure.Kpoint object at 0x7fc5d4b5a3c0>, 'energy': 1.0762, 'projections': {'1': [[0.0, 0.0, 0.0, 0.0, 0.0, 0.0, 0.0, 0.0, 0.0], [0.0014, 0.0001, 0.0001, 0.0014, 0.0, 0.0641, 0.0067, 0.0641, 0.0067], [0.0006000000000000001, 0.0006000000000000001, 0.0024000000000000002, 0.0024000000000000002, 0.0, 0.027700000000000002, 0.1101, 0.1101, 0.027700000000000002], [0.0017000000000000001, 0.0013000000000000002, 0.0017000000000000001, 0.0013000000000000002, 0.0, 0.08030000000000001, 0.08030000000000001, 0.0618, 0.0618], [0.0001, 0.0001, 0.0002, 0.0002, 0.0, 0.0, 0.0, 0.0, 0.0], [0.0001, 0.0001, 0.0001, 0.0001, 0.0, 0.0, 0.0, 0.0, 0.0], [0.0005, 0.0005, 0.0021000000000000003, 0.0021000000000000003, 0.0, 0.0, 0.0, 0.0, 0.0], [0.0001, 0.0, 0.0, 0.0001, 0.0, 0.0, 0.0, 0.0, 0.0], [0.0016, 0.0007, 0.0004, 0.0009000000000000001, 0.0, 0.0, 0.0, 0.0, 0.0]]}}
bs_latimer_munro_efermi: 1.13382268