material_id: mp-571347
band_gap: 1.2189
efermi: 3.6982605
dos_magnetic_ordering: NM
dos_total_task_id: mp-1758919
dos_total_band_gap: 1.2135
dos_total_cbm: 4.7144
dos_total_vbm: 3.5009
dos_total_efermi: 3.50627557
bs_setyawan_curtarolo_task_id: mp-1624681
bs_setyawan_curtarolo_band_gap: 1.2189
bs_setyawan_curtarolo_cbm: {'band_index': {'1': [106]}, 'kpoint_index': ['29'], 'kpoint': <pymatgen.electronic_structure.bandstructure.Kpoint object at 0x7fc699d63930>, 'energy': 4.6927, 'projections': {'1': [[0.0002, 0.0002, 0.0002, 0.0002, 0.0002, 0.0002, 0.003, 0.003, 0.0839, 0.0839, 0.0015, 0.0015, 0.0027, 0.0029000000000000002, 0.0015, 0.0029000000000000002, 0.0027, 0.0027, 0.0027, 0.0015, 0.0027, 0.0015, 0.0015, 0.0027], [0.0001, 0.00030000000000000003, 0.0005, 0.0005, 0.00030000000000000003, 0.0001, 0.0, 0.0, 0.0, 0.0, 0.0006000000000000001, 0.0006000000000000001, 0.0022, 0.0, 0.0025, 0.0, 0.018600000000000002, 0.0082, 0.018600000000000002, 0.0006000000000000001, 0.0082, 0.0006000000000000001, 0.0025, 0.0022], [0.0002, 0.0002, 0.0002, 0.0002, 0.0002, 0.0002, 0.0016, 0.0016, 0.0009000000000000001, 0.0009000000000000001, 0.0006000000000000001, 0.0006000000000000001, 0.0059, 0.0339, 0.0006000000000000001, 0.0339, 0.0059, 0.0059, 0.0059, 0.0006000000000000001, 0.0059, 0.0006000000000000001, 0.0006000000000000001, 0.0059], [0.0005, 0.00030000000000000003, 0.0001, 0.0001, 0.00030000000000000003, 0.0005, 0.0, 0.0, 0.0, 0.0, 0.0019, 0.0018000000000000002, 0.0171, 0.0, 0.0, 0.0, 0.0007, 0.0111, 0.0007, 0.0018000000000000002, 0.0111, 0.0019, 0.0, 0.0171], [0.0037, 0.0, 0.0039000000000000003, 0.0039000000000000003, 0.0, 0.0037, 0.0, 0.0, 0.0, 0.0, 0.0, 0.0, 0.0004, 0.0, 0.0001, 0.0, 0.0001, 0.0007, 0.0001, 0.0, 0.0007, 0.0, 0.0001, 0.0004], [0.0013000000000000002, 0.0016, 0.0011, 0.0011, 0.0016, 0.0013000000000000002, 0.0, 0.0, 0.0, 0.0, 0.0002, 0.0, 0.00030000000000000003, 0.0, 0.0001, 0.0, 0.0016, 0.0006000000000000001, 0.0016, 0.0, 0.0006000000000000001, 0.0002, 0.0001, 0.00030000000000000003], [0.0039000000000000003, 0.0039000000000000003, 0.0039000000000000003, 0.0039000000000000003, 0.0039000000000000003, 0.0039000000000000003, 0.0015, 0.0015, 0.0008, 0.0008, 0.0001, 0.0001, 0.0001, 0.0041, 0.0001, 0.0041, 0.0001, 0.0001, 0.0001, 0.0001, 0.0001, 0.0001, 0.0001, 0.0001], [0.0014, 0.001, 0.0015, 0.0015, 0.001, 0.0014, 0.0, 0.0, 0.0, 0.0, 0.0, 0.0002, 0.0013000000000000002, 0.0, 0.0001, 0.0, 0.0, 0.0011, 0.0, 0.0002, 0.0011, 0.0, 0.0001, 0.0013000000000000002], [0.0013000000000000002, 0.005, 0.0012000000000000001, 0.0012000000000000001, 0.005, 0.0013000000000000002, 0.0, 0.0, 0.0, 0.0, 0.0, 0.0, 0.0004, 0.0, 0.0, 0.0, 0.0007, 0.0, 0.0007, 0.0, 0.0, 0.0, 0.0, 0.0004]]}}
bs_setyawan_curtarolo_vbm: {'band_index': {'1': [105]}, 'kpoint_index': ['26'], 'kpoint': <pymatgen.electronic_structure.bandstructure.Kpoint object at 0x7fc5d4b5a190>, 'energy': 3.473799999999999, 'projections': {'1': [[0.0001, 0.0001, 0.0001, 0.0001, 0.0001, 0.0001, 0.0, 0.0, 0.0, 0.0, 0.0001, 0.0001, 0.0004, 0.0, 0.0001, 0.0, 0.0004, 0.0004, 0.0004, 0.0001, 0.0004, 0.0001, 0.0001, 0.0004], [0.0009000000000000001, 0.0008, 0.0009000000000000001, 0.0009000000000000001, 0.0008, 0.0009000000000000001, 0.0019, 0.0019, 0.0013000000000000002, 0.0013000000000000002, 0.016800000000000002, 0.0227, 0.0149, 0.0051, 0.0228, 0.0051, 0.0063, 0.0183, 0.0063, 0.0227, 0.0183, 0.0167, 0.0228, 0.0149], [0.0001, 0.0001, 0.0001, 0.0001, 0.0001, 0.0001, 0.0, 0.0, 0.0, 0.0, 0.002, 0.002, 0.0, 0.0, 0.002, 0.0, 0.0, 0.0, 0.0, 0.002, 0.0, 0.002, 0.002, 0.0], [0.0008, 0.0009000000000000001, 0.0009000000000000001, 0.0009000000000000001, 0.0009000000000000001, 0.0008, 0.0019, 0.0019, 0.0013000000000000002, 0.0013000000000000002, 0.024800000000000003, 0.0188, 0.0114, 0.0051, 0.0187, 0.0051, 0.02, 0.008, 0.02, 0.0188, 0.008, 0.024800000000000003, 0.0187, 0.0114], [0.0012000000000000001, 0.0008, 0.0009000000000000001, 0.0009000000000000001, 0.0008, 0.0012000000000000001, 0.0436, 0.0436, 0.0007, 0.0007, 0.0001, 0.0001, 0.0, 0.0, 0.0, 0.0, 0.0001, 0.0, 0.0001, 0.0001, 0.0, 0.0001, 0.0, 0.0], [0.0015, 0.0016, 0.0006000000000000001, 0.0006000000000000001, 0.0016, 0.0015, 0.0002, 0.0002, 0.0001, 0.0001, 0.0, 0.0, 0.0001, 0.0, 0.0, 0.0, 0.0001, 0.0, 0.0001, 0.0, 0.0, 0.0, 0.0, 0.0001], [0.0001, 0.0001, 0.0001, 0.0001, 0.0001, 0.0001, 0.0, 0.0, 0.0, 0.0, 0.0, 0.0, 0.0, 0.0, 0.0, 0.0, 0.0, 0.0, 0.0, 0.0, 0.0, 0.0, 0.0, 0.0], [0.001, 0.0008, 0.0019, 0.0019, 0.0008, 0.001, 0.0002, 0.0002, 0.0001, 0.0001, 0.0, 0.0, 0.0001, 0.0, 0.0, 0.0, 0.0, 0.0001, 0.0, 0.0, 0.0001, 0.0, 0.0, 0.0001], [0.0008, 0.0012000000000000001, 0.0011, 0.0011, 0.0012000000000000001, 0.0008, 0.0436, 0.0436, 0.0007, 0.0007, 0.0, 0.0001, 0.0, 0.0, 0.0001, 0.0, 0.0, 0.0001, 0.0, 0.0001, 0.0001, 0.0, 0.0001, 0.0]]}}
bs_setyawan_curtarolo_efermi: 3.6982605
bs_hinuma_task_id: mp-2103041
bs_hinuma_band_gap: 1.2189
bs_hinuma_cbm: {'band_index': {'1': [106]}, 'kpoint_index': ['29'], 'kpoint': <pymatgen.electronic_structure.bandstructure.Kpoint object at 0x7fc5d4b5a350>, 'energy': 4.6927, 'projections': {'1': [[0.0002, 0.0002, 0.0002, 0.0002, 0.0002, 0.0002, 0.003, 0.003, 0.0839, 0.0839, 0.0015, 0.0015, 0.0027, 0.0029000000000000002, 0.0015, 0.0029000000000000002, 0.0027, 0.0027, 0.0027, 0.0015, 0.0027, 0.0015, 0.0015, 0.0027], [0.0001, 0.00030000000000000003, 0.0005, 0.0005, 0.00030000000000000003, 0.0001, 0.0, 0.0, 0.0, 0.0, 0.0006000000000000001, 0.0006000000000000001, 0.0022, 0.0, 0.0025, 0.0, 0.018600000000000002, 0.0082, 0.018600000000000002, 0.0006000000000000001, 0.0082, 0.0006000000000000001, 0.0025, 0.0022], [0.0002, 0.0002, 0.0002, 0.0002, 0.0002, 0.0002, 0.0016, 0.0016, 0.0009000000000000001, 0.0009000000000000001, 0.0006000000000000001, 0.0006000000000000001, 0.0059, 0.0339, 0.0006000000000000001, 0.0339, 0.0059, 0.0059, 0.0059, 0.0006000000000000001, 0.0059, 0.0006000000000000001, 0.0006000000000000001, 0.0059], [0.0005, 0.00030000000000000003, 0.0001, 0.0001, 0.00030000000000000003, 0.0005, 0.0, 0.0, 0.0, 0.0, 0.0019, 0.0018000000000000002, 0.0171, 0.0, 0.0, 0.0, 0.0007, 0.0111, 0.0007, 0.0018000000000000002, 0.0111, 0.0019, 0.0, 0.0171], [0.0037, 0.0, 0.0039000000000000003, 0.0039000000000000003, 0.0, 0.0037, 0.0, 0.0, 0.0, 0.0, 0.0, 0.0, 0.0004, 0.0, 0.0001, 0.0, 0.0001, 0.0007, 0.0001, 0.0, 0.0007, 0.0, 0.0001, 0.0004], [0.0013000000000000002, 0.0016, 0.0011, 0.0011, 0.0016, 0.0013000000000000002, 0.0, 0.0, 0.0, 0.0, 0.0002, 0.0, 0.00030000000000000003, 0.0, 0.0001, 0.0, 0.0016, 0.0006000000000000001, 0.0016, 0.0, 0.0006000000000000001, 0.0002, 0.0001, 0.00030000000000000003], [0.0039000000000000003, 0.0039000000000000003, 0.0039000000000000003, 0.0039000000000000003, 0.0039000000000000003, 0.0039000000000000003, 0.0015, 0.0015, 0.0008, 0.0008, 0.0001, 0.0001, 0.0001, 0.0041, 0.0001, 0.0041, 0.0001, 0.0001, 0.0001, 0.0001, 0.0001, 0.0001, 0.0001, 0.0001], [0.0014, 0.001, 0.0015, 0.0015, 0.001, 0.0014, 0.0, 0.0, 0.0, 0.0, 0.0, 0.0002, 0.0013000000000000002, 0.0, 0.0001, 0.0, 0.0, 0.0011, 0.0, 0.0002, 0.0011, 0.0, 0.0001, 0.0013000000000000002], [0.0013000000000000002, 0.005, 0.0012000000000000001, 0.0012000000000000001, 0.005, 0.0013000000000000002, 0.0, 0.0, 0.0, 0.0, 0.0, 0.0, 0.0004, 0.0, 0.0, 0.0, 0.0007, 0.0, 0.0007, 0.0, 0.0, 0.0, 0.0, 0.0004]]}}
bs_hinuma_vbm: {'band_index': {'1': [105]}, 'kpoint_index': ['26'], 'kpoint': <pymatgen.electronic_structure.bandstructure.Kpoint object at 0x7fc5d4b59c50>, 'energy': 3.473799999999999, 'projections': {'1': [[0.0001, 0.0001, 0.0001, 0.0001, 0.0001, 0.0001, 0.0, 0.0, 0.0, 0.0, 0.0001, 0.0001, 0.0004, 0.0, 0.0001, 0.0, 0.0004, 0.0004, 0.0004, 0.0001, 0.0004, 0.0001, 0.0001, 0.0004], [0.0009000000000000001, 0.0008, 0.0009000000000000001, 0.0009000000000000001, 0.0008, 0.0009000000000000001, 0.0019, 0.0019, 0.0013000000000000002, 0.0013000000000000002, 0.016800000000000002, 0.0227, 0.0149, 0.0051, 0.0228, 0.0051, 0.0063, 0.0183, 0.0063, 0.0227, 0.0183, 0.0167, 0.0228, 0.0149], [0.0001, 0.0001, 0.0001, 0.0001, 0.0001, 0.0001, 0.0, 0.0, 0.0, 0.0, 0.002, 0.002, 0.0, 0.0, 0.002, 0.0, 0.0, 0.0, 0.0, 0.002, 0.0, 0.002, 0.002, 0.0], [0.0008, 0.0009000000000000001, 0.0009000000000000001, 0.0009000000000000001, 0.0009000000000000001, 0.0008, 0.0019, 0.0019, 0.0013000000000000002, 0.0013000000000000002, 0.024800000000000003, 0.0188, 0.0114, 0.0051, 0.0187, 0.0051, 0.02, 0.008, 0.02, 0.0188, 0.008, 0.024800000000000003, 0.0187, 0.0114], [0.0012000000000000001, 0.0008, 0.0009000000000000001, 0.0009000000000000001, 0.0008, 0.0012000000000000001, 0.0436, 0.0436, 0.0007, 0.0007, 0.0001, 0.0001, 0.0, 0.0, 0.0, 0.0, 0.0001, 0.0, 0.0001, 0.0001, 0.0, 0.0001, 0.0, 0.0], [0.0015, 0.0016, 0.0006000000000000001, 0.0006000000000000001, 0.0016, 0.0015, 0.0002, 0.0002, 0.0001, 0.0001, 0.0, 0.0, 0.0001, 0.0, 0.0, 0.0, 0.0001, 0.0, 0.0001, 0.0, 0.0, 0.0, 0.0, 0.0001], [0.0001, 0.0001, 0.0001, 0.0001, 0.0001, 0.0001, 0.0, 0.0, 0.0, 0.0, 0.0, 0.0, 0.0, 0.0, 0.0, 0.0, 0.0, 0.0, 0.0, 0.0, 0.0, 0.0, 0.0, 0.0], [0.001, 0.0008, 0.0019, 0.0019, 0.0008, 0.001, 0.0002, 0.0002, 0.0001, 0.0001, 0.0, 0.0, 0.0001, 0.0, 0.0, 0.0, 0.0, 0.0001, 0.0, 0.0, 0.0001, 0.0, 0.0, 0.0001], [0.0008, 0.0012000000000000001, 0.0011, 0.0011, 0.0012000000000000001, 0.0008, 0.0436, 0.0436, 0.0007, 0.0007, 0.0, 0.0001, 0.0, 0.0, 0.0001, 0.0, 0.0, 0.0001, 0.0, 0.0001, 0.0001, 0.0, 0.0001, 0.0]]}}
bs_hinuma_efermi: 3.6982605
bs_latimer_munro_task_id: mp-2309816
bs_latimer_munro_band_gap: 1.2189
bs_latimer_munro_cbm: {'band_index': {'1': [106]}, 'kpoint_index': ['26'], 'kpoint': <pymatgen.electronic_structure.bandstructure.Kpoint object at 0x7fc5d4b59be0>, 'energy': 4.6927, 'projections': {'1': [[0.0002, 0.0002, 0.0002, 0.0002, 0.0002, 0.0002, 0.003, 0.003, 0.0839, 0.0839, 0.0015, 0.0015, 0.0027, 0.0029000000000000002, 0.0015, 0.0029000000000000002, 0.0027, 0.0027, 0.0026000000000000003, 0.0015, 0.0027, 0.0015, 0.0015, 0.0027], [0.0001, 0.00030000000000000003, 0.0005, 0.0005, 0.00030000000000000003, 0.0001, 0.0, 0.0, 0.0, 0.0, 0.0006000000000000001, 0.0006000000000000001, 0.0022, 0.0, 0.0025, 0.0, 0.018600000000000002, 0.0082, 0.018600000000000002, 0.0006000000000000001, 0.0082, 0.0006000000000000001, 0.0025, 0.0022], [0.0002, 0.0002, 0.0002, 0.0002, 0.0002, 0.0002, 0.0016, 0.0016, 0.0009000000000000001, 0.0009000000000000001, 0.0006000000000000001, 0.0006000000000000001, 0.0059, 0.0339, 0.0006000000000000001, 0.0339, 0.0059, 0.0059, 0.0059, 0.0006000000000000001, 0.0059, 0.0006000000000000001, 0.0006000000000000001, 0.0059], [0.0005, 0.00030000000000000003, 0.0001, 0.0001, 0.00030000000000000003, 0.0005, 0.0, 0.0, 0.0, 0.0, 0.0019, 0.0018000000000000002, 0.0171, 0.0, 0.0, 0.0, 0.0007, 0.0111, 0.0007, 0.0018000000000000002, 0.0111, 0.0019, 0.0, 0.0171], [0.0037, 0.0, 0.0039000000000000003, 0.0039000000000000003, 0.0, 0.0037, 0.0, 0.0, 0.0, 0.0, 0.0, 0.0, 0.0004, 0.0, 0.0001, 0.0, 0.0001, 0.0007, 0.0001, 0.0, 0.0007, 0.0, 0.0001, 0.0004], [0.0013000000000000002, 0.0016, 0.0011, 0.0011, 0.0016, 0.0013000000000000002, 0.0, 0.0, 0.0, 0.0, 0.0002, 0.0, 0.00030000000000000003, 0.0, 0.0001, 0.0, 0.0016, 0.0006000000000000001, 0.0016, 0.0, 0.0006000000000000001, 0.0002, 0.0001, 0.00030000000000000003], [0.0039000000000000003, 0.0039000000000000003, 0.0039000000000000003, 0.0039000000000000003, 0.0039000000000000003, 0.0039000000000000003, 0.0015, 0.0015, 0.0008, 0.0008, 0.0001, 0.0001, 0.0001, 0.0041, 0.0001, 0.0041, 0.0001, 0.0001, 0.0001, 0.0001, 0.0001, 0.0001, 0.0001, 0.0001], [0.0014, 0.001, 0.0015, 0.0015, 0.001, 0.0014, 0.0, 0.0, 0.0, 0.0, 0.0, 0.0002, 0.0013000000000000002, 0.0, 0.0001, 0.0, 0.0, 0.0011, 0.0, 0.0002, 0.0011, 0.0, 0.0001, 0.0013000000000000002], [0.0013000000000000002, 0.005, 0.0012000000000000001, 0.0012000000000000001, 0.005, 0.0013000000000000002, 0.0, 0.0, 0.0, 0.0, 0.0, 0.0, 0.0004, 0.0, 0.0, 0.0, 0.0007, 0.0, 0.0007, 0.0, 0.0, 0.0, 0.0, 0.0004]]}}
bs_latimer_munro_vbm: {'band_index': {'1': [105]}, 'kpoint_index': ['29'], 'kpoint': <pymatgen.electronic_structure.bandstructure.Kpoint object at 0x7fc5d4b5a200>, 'energy': 3.473799999999999, 'projections': {'1': [[0.0001, 0.0001, 0.0001, 0.0001, 0.0001, 0.0001, 0.0, 0.0, 0.0, 0.0, 0.0001, 0.0001, 0.0004, 0.0, 0.0001, 0.0, 0.0004, 0.0004, 0.0004, 0.0001, 0.0004, 0.0001, 0.0001, 0.0004], [0.0009000000000000001, 0.0008, 0.0009000000000000001, 0.0009000000000000001, 0.0008, 0.0009000000000000001, 0.0019, 0.0019, 0.0013000000000000002, 0.0013000000000000002, 0.016800000000000002, 0.0227, 0.0149, 0.0051, 0.0228, 0.0051, 0.0063, 0.0183, 0.0063, 0.0227, 0.0183, 0.016800000000000002, 0.0228, 0.0149], [0.0001, 0.0001, 0.0001, 0.0001, 0.0001, 0.0001, 0.0, 0.0, 0.0, 0.0, 0.002, 0.002, 0.0, 0.0, 0.002, 0.0, 0.0, 0.0, 0.0, 0.002, 0.0, 0.002, 0.002, 0.0], [0.0008, 0.0009000000000000001, 0.0009000000000000001, 0.0009000000000000001, 0.0009000000000000001, 0.0008, 0.0019, 0.0019, 0.0013000000000000002, 0.0013000000000000002, 0.024800000000000003, 0.0188, 0.0114, 0.0051, 0.0187, 0.0051, 0.02, 0.008, 0.02, 0.0188, 0.008, 0.024800000000000003, 0.0187, 0.0114], [0.0012000000000000001, 0.0008, 0.0009000000000000001, 0.0009000000000000001, 0.0008, 0.0012000000000000001, 0.0436, 0.0436, 0.0007, 0.0007, 0.0001, 0.0001, 0.0, 0.0, 0.0, 0.0, 0.0001, 0.0, 0.0001, 0.0001, 0.0, 0.0001, 0.0, 0.0], [0.0015, 0.0016, 0.0006000000000000001, 0.0006000000000000001, 0.0016, 0.0015, 0.0002, 0.0002, 0.0001, 0.0001, 0.0, 0.0, 0.0001, 0.0, 0.0, 0.0, 0.0001, 0.0, 0.0001, 0.0, 0.0, 0.0, 0.0, 0.0001], [0.0001, 0.0001, 0.0001, 0.0001, 0.0001, 0.0001, 0.0, 0.0, 0.0, 0.0, 0.0, 0.0, 0.0, 0.0, 0.0, 0.0, 0.0, 0.0, 0.0, 0.0, 0.0, 0.0, 0.0, 0.0], [0.001, 0.0008, 0.0019, 0.0019, 0.0008, 0.001, 0.0002, 0.0002, 0.0001, 0.0001, 0.0, 0.0, 0.0001, 0.0, 0.0, 0.0, 0.0, 0.0001, 0.0, 0.0, 0.0001, 0.0, 0.0, 0.0001], [0.0008, 0.0012000000000000001, 0.0011, 0.0011, 0.0012000000000000001, 0.0008, 0.0436, 0.0436, 0.0007, 0.0007, 0.0, 0.0001, 0.0, 0.0, 0.0001, 0.0, 0.0, 0.0001, 0.0, 0.0001, 0.0001, 0.0, 0.0001, 0.0]]}}
bs_latimer_munro_efermi: 3.67696606