material_id: mp-558183
band_gap: 0.5402
efermi: 0.26234119
dos_magnetic_ordering: NM
dos_total_task_id: mp-1765451
dos_total_band_gap: 0.5096
dos_total_cbm: 0.7094
dos_total_vbm: 0.1998
dos_total_efermi: 0.20318823
bs_setyawan_curtarolo_task_id: mp-1611397
bs_setyawan_curtarolo_band_gap: 0.5402
bs_setyawan_curtarolo_cbm: {'band_index': {'1': [69]}, 'kpoint_index': [63], 'kpoint': <pymatgen.electronic_structure.bandstructure.Kpoint object at 0x7fc699d63930>, 'energy': 0.7317, 'projections': {'1': [[0.0, 0.0, 0.0, 0.0, 0.0005, 0.0005, 0.0, 0.0, 0.0, 0.0, 0.0001, 0.001, 0.0, 0.0, 0.0, 0.0001, 0.0, 0.001, 0.0, 0.0], [0.0001, 0.0001, 0.0, 0.0, 0.0041, 0.0041, 0.0002, 0.0, 0.0002, 0.0, 0.0039000000000000003, 0.0006000000000000001, 0.0002, 0.0082, 0.0002, 0.0039000000000000003, 0.0082, 0.0006000000000000001, 0.0082, 0.0082], [0.0002, 0.0002, 0.00030000000000000003, 0.00030000000000000003, 0.0011, 0.0011, 0.0, 0.0, 0.0, 0.0, 0.0, 0.0014, 0.0019, 0.0199, 0.0019, 0.0, 0.013900000000000001, 0.0014, 0.013900000000000001, 0.0199], [0.0001, 0.0001, 0.0009000000000000001, 0.0009000000000000001, 0.0001, 0.0001, 0.0001, 0.0013000000000000002, 0.0001, 0.0013000000000000002, 0.0198, 0.0032, 0.012700000000000001, 0.0001, 0.012700000000000001, 0.0198, 0.0, 0.0032, 0.0, 0.0001], [0.117, 0.117, 0.0, 0.0, 0.0, 0.0, 0.0, 0.0, 0.0, 0.0, 0.0, 0.0, 0.0, 0.0, 0.0, 0.0, 0.0, 0.0, 0.0, 0.0], [0.0022, 0.0022, 0.0, 0.0, 0.0, 0.0, 0.0, 0.0, 0.0, 0.0, 0.0, 0.0, 0.0, 0.0, 0.0, 0.0, 0.0, 0.0, 0.0, 0.0], [0.0105, 0.0105, 0.0, 0.0, 0.0, 0.0, 0.0, 0.0, 0.0, 0.0, 0.0, 0.0, 0.0, 0.0, 0.0, 0.0, 0.0, 0.0, 0.0, 0.0], [0.1641, 0.1641, 0.0, 0.0, 0.0, 0.0, 0.0, 0.0, 0.0, 0.0, 0.0, 0.0, 0.0, 0.0, 0.0, 0.0, 0.0, 0.0, 0.0, 0.0], [0.0057, 0.0057, 0.0, 0.0, 0.0, 0.0, 0.0, 0.0, 0.0, 0.0, 0.0, 0.0, 0.0, 0.0, 0.0, 0.0, 0.0, 0.0, 0.0, 0.0]]}}
bs_setyawan_curtarolo_vbm: {'band_index': {'1': [68]}, 'kpoint_index': [0], 'kpoint': <pymatgen.electronic_structure.bandstructure.Kpoint object at 0x7fc5d4b5a350>, 'energy': 0.1915, 'projections': {'1': [[0.0, 0.0, 0.0, 0.0, 0.0001, 0.0001, 0.0, 0.0, 0.0, 0.0, 0.0001, 0.0, 0.0, 0.0, 0.0, 0.0001, 0.0001, 0.0, 0.0001, 0.0], [0.0002, 0.0002, 0.0, 0.0, 0.0155, 0.0155, 0.0036000000000000003, 0.0, 0.0036000000000000003, 0.0, 0.0, 0.0059, 0.0, 0.0206, 0.0, 0.0, 0.0164, 0.0059, 0.0164, 0.0206], [0.0, 0.0, 0.0, 0.0, 0.0023, 0.0023, 0.0012000000000000001, 0.0001, 0.0012000000000000001, 0.0001, 0.0011, 0.0001, 0.0006000000000000001, 0.039400000000000004, 0.0006000000000000001, 0.0011, 0.0172, 0.0001, 0.0172, 0.039400000000000004], [0.0001, 0.0001, 0.0, 0.0, 0.062400000000000004, 0.062400000000000004, 0.020900000000000002, 0.0002, 0.020900000000000002, 0.0002, 0.0, 0.0236, 0.0019, 0.0105, 0.0019, 0.0, 0.0142, 0.0236, 0.0142, 0.0105], [0.0017000000000000001, 0.0017000000000000001, 0.0, 0.0, 0.0, 0.0, 0.0, 0.0, 0.0, 0.0, 0.0, 0.0, 0.0, 0.0, 0.0, 0.0, 0.0, 0.0, 0.0, 0.0], [0.016300000000000002, 0.016300000000000002, 0.0, 0.0, 0.0, 0.0, 0.0, 0.0, 0.0, 0.0, 0.0, 0.0, 0.0, 0.0, 0.0, 0.0, 0.0, 0.0, 0.0, 0.0], [0.0184, 0.0184, 0.0, 0.0, 0.0, 0.0, 0.0, 0.0, 0.0, 0.0, 0.0, 0.0, 0.0, 0.0, 0.0, 0.0, 0.0, 0.0, 0.0, 0.0], [0.041600000000000005, 0.041600000000000005, 0.0, 0.0, 0.0, 0.0, 0.0, 0.0, 0.0, 0.0, 0.0, 0.0, 0.0, 0.0, 0.0, 0.0, 0.0, 0.0, 0.0, 0.0], [0.0263, 0.0263, 0.0, 0.0, 0.0, 0.0, 0.0, 0.0, 0.0, 0.0, 0.0, 0.0, 0.0, 0.0, 0.0, 0.0, 0.0, 0.0, 0.0, 0.0]]}}
bs_setyawan_curtarolo_efermi: 0.26234119
bs_hinuma_task_id: mp-2173496
bs_hinuma_band_gap: 0.5402
bs_hinuma_cbm: {'band_index': {'1': [69]}, 'kpoint_index': [51], 'kpoint': <pymatgen.electronic_structure.bandstructure.Kpoint object at 0x7fc5d4b5a430>, 'energy': 0.7317, 'projections': {'1': [[0.0, 0.0, 0.0, 0.0, 0.0005, 0.0005, 0.0, 0.0, 0.0, 0.0, 0.0001, 0.001, 0.0, 0.0, 0.0, 0.0001, 0.0, 0.001, 0.0, 0.0], [0.0001, 0.0001, 0.0, 0.0, 0.0041, 0.0041, 0.0002, 0.0, 0.0002, 0.0, 0.0039000000000000003, 0.0006000000000000001, 0.0002, 0.0082, 0.0002, 0.0039000000000000003, 0.0082, 0.0006000000000000001, 0.0082, 0.0082], [0.0002, 0.0002, 0.00030000000000000003, 0.00030000000000000003, 0.0011, 0.0011, 0.0, 0.0, 0.0, 0.0, 0.0, 0.0014, 0.0019, 0.0199, 0.0019, 0.0, 0.013900000000000001, 0.0014, 0.013900000000000001, 0.0199], [0.0001, 0.0001, 0.0009000000000000001, 0.0009000000000000001, 0.0001, 0.0001, 0.0001, 0.0013000000000000002, 0.0001, 0.0013000000000000002, 0.0198, 0.0032, 0.012700000000000001, 0.0001, 0.012700000000000001, 0.0198, 0.0, 0.0032, 0.0, 0.0001], [0.11710000000000001, 0.11710000000000001, 0.0, 0.0, 0.0, 0.0, 0.0, 0.0, 0.0, 0.0, 0.0, 0.0, 0.0, 0.0, 0.0, 0.0, 0.0, 0.0, 0.0, 0.0], [0.0022, 0.0022, 0.0, 0.0, 0.0, 0.0, 0.0, 0.0, 0.0, 0.0, 0.0, 0.0, 0.0, 0.0, 0.0, 0.0, 0.0, 0.0, 0.0, 0.0], [0.0105, 0.0105, 0.0, 0.0, 0.0, 0.0, 0.0, 0.0, 0.0, 0.0, 0.0, 0.0, 0.0, 0.0, 0.0, 0.0, 0.0, 0.0, 0.0, 0.0], [0.1641, 0.1641, 0.0, 0.0, 0.0, 0.0, 0.0, 0.0, 0.0, 0.0, 0.0, 0.0, 0.0, 0.0, 0.0, 0.0, 0.0, 0.0, 0.0, 0.0], [0.0057, 0.0057, 0.0, 0.0, 0.0, 0.0, 0.0, 0.0, 0.0, 0.0, 0.0, 0.0, 0.0, 0.0, 0.0, 0.0, 0.0, 0.0, 0.0, 0.0]]}}
bs_hinuma_vbm: {'band_index': {'1': [68]}, 'kpoint_index': [9], 'kpoint': <pymatgen.electronic_structure.bandstructure.Kpoint object at 0x7fc5d4b59be0>, 'energy': 0.1915, 'projections': {'1': [[0.0, 0.0, 0.0, 0.0, 0.0001, 0.0001, 0.0, 0.0, 0.0, 0.0, 0.0001, 0.0, 0.0, 0.0, 0.0, 0.0001, 0.0001, 0.0, 0.0001, 0.0], [0.0002, 0.0002, 0.0, 0.0, 0.0155, 0.0155, 0.0036000000000000003, 0.0, 0.0036000000000000003, 0.0, 0.0, 0.0059, 0.0, 0.0206, 0.0, 0.0, 0.0164, 0.0059, 0.0164, 0.0206], [0.0, 0.0, 0.0, 0.0, 0.0023, 0.0023, 0.0012000000000000001, 0.0001, 0.0012000000000000001, 0.0001, 0.0011, 0.0001, 0.0006000000000000001, 0.039400000000000004, 0.0006000000000000001, 0.0011, 0.0172, 0.0001, 0.0172, 0.039400000000000004], [0.0001, 0.0001, 0.0, 0.0, 0.062400000000000004, 0.062400000000000004, 0.020900000000000002, 0.0002, 0.020900000000000002, 0.0002, 0.0, 0.0236, 0.0019, 0.0105, 0.0019, 0.0, 0.0142, 0.0236, 0.0142, 0.0105], [0.0017000000000000001, 0.0017000000000000001, 0.0, 0.0, 0.0, 0.0, 0.0, 0.0, 0.0, 0.0, 0.0, 0.0, 0.0, 0.0, 0.0, 0.0, 0.0, 0.0, 0.0, 0.0], [0.016300000000000002, 0.016300000000000002, 0.0, 0.0, 0.0, 0.0, 0.0, 0.0, 0.0, 0.0, 0.0, 0.0, 0.0, 0.0, 0.0, 0.0, 0.0, 0.0, 0.0, 0.0], [0.0184, 0.0184, 0.0, 0.0, 0.0, 0.0, 0.0, 0.0, 0.0, 0.0, 0.0, 0.0, 0.0, 0.0, 0.0, 0.0, 0.0, 0.0, 0.0, 0.0], [0.041600000000000005, 0.041600000000000005, 0.0, 0.0, 0.0, 0.0, 0.0, 0.0, 0.0, 0.0, 0.0, 0.0, 0.0, 0.0, 0.0, 0.0, 0.0, 0.0, 0.0, 0.0], [0.0263, 0.0263, 0.0, 0.0, 0.0, 0.0, 0.0, 0.0, 0.0, 0.0, 0.0, 0.0, 0.0, 0.0, 0.0, 0.0, 0.0, 0.0, 0.0, 0.0]]}}
bs_hinuma_efermi: 0.25563269
bs_latimer_munro_task_id: mp-2606617
bs_latimer_munro_band_gap: 0.5402
bs_latimer_munro_cbm: {'band_index': {'1': [69]}, 'kpoint_index': [18], 'kpoint': <pymatgen.electronic_structure.bandstructure.Kpoint object at 0x7fc5d4b59e80>, 'energy': 0.7317, 'projections': {'1': [[0.0, 0.0, 0.0, 0.0, 0.0005, 0.0005, 0.0, 0.0, 0.0, 0.0, 0.0001, 0.001, 0.0, 0.0, 0.0, 0.0001, 0.0, 0.001, 0.0, 0.0], [0.0001, 0.0001, 0.0, 0.0, 0.0041, 0.0041, 0.0002, 0.0, 0.0002, 0.0, 0.0039000000000000003, 0.0006000000000000001, 0.0002, 0.0082, 0.0002, 0.0039000000000000003, 0.0082, 0.0006000000000000001, 0.0082, 0.0082], [0.0002, 0.0002, 0.00030000000000000003, 0.00030000000000000003, 0.0011, 0.0011, 0.0, 0.0, 0.0, 0.0, 0.0, 0.0014, 0.0019, 0.0199, 0.0019, 0.0, 0.013900000000000001, 0.0014, 0.013900000000000001, 0.0199], [0.0001, 0.0001, 0.0009000000000000001, 0.0009000000000000001, 0.0002, 0.0001, 0.0001, 0.0013000000000000002, 0.0001, 0.0013000000000000002, 0.0198, 0.0032, 0.012700000000000001, 0.0001, 0.012700000000000001, 0.0198, 0.0, 0.0032, 0.0, 0.0001], [0.11710000000000001, 0.11710000000000001, 0.0, 0.0, 0.0, 0.0, 0.0, 0.0, 0.0, 0.0, 0.0, 0.0, 0.0, 0.0, 0.0, 0.0, 0.0, 0.0, 0.0, 0.0], [0.0022, 0.0022, 0.0, 0.0, 0.0, 0.0, 0.0, 0.0, 0.0, 0.0, 0.0, 0.0, 0.0, 0.0, 0.0, 0.0, 0.0, 0.0, 0.0, 0.0], [0.0105, 0.0105, 0.0, 0.0, 0.0, 0.0, 0.0, 0.0, 0.0, 0.0, 0.0, 0.0, 0.0, 0.0, 0.0, 0.0, 0.0, 0.0, 0.0, 0.0], [0.1641, 0.1641, 0.0, 0.0, 0.0, 0.0, 0.0, 0.0, 0.0, 0.0, 0.0, 0.0, 0.0, 0.0, 0.0, 0.0, 0.0, 0.0, 0.0, 0.0], [0.0057, 0.0057, 0.0, 0.0, 0.0, 0.0, 0.0, 0.0, 0.0, 0.0, 0.0, 0.0, 0.0, 0.0, 0.0, 0.0, 0.0, 0.0, 0.0, 0.0]]}}
bs_latimer_munro_vbm: {'band_index': {'1': [68]}, 'kpoint_index': [28], 'kpoint': <pymatgen.electronic_structure.bandstructure.Kpoint object at 0x7fc5d4b59c50>, 'energy': 0.1915, 'projections': {'1': [[0.0, 0.0, 0.0, 0.0, 0.0001, 0.0001, 0.0, 0.0, 0.0, 0.0, 0.0001, 0.0, 0.0, 0.0, 0.0, 0.0001, 0.0001, 0.0, 0.0001, 0.0], [0.0002, 0.0002, 0.0, 0.0, 0.0155, 0.0155, 0.0036000000000000003, 0.0, 0.0036000000000000003, 0.0, 0.0, 0.0059, 0.0, 0.0206, 0.0, 0.0, 0.0164, 0.0059, 0.0164, 0.0206], [0.0, 0.0, 0.0, 0.0, 0.0023, 0.0023, 0.0012000000000000001, 0.0001, 0.0012000000000000001, 0.0001, 0.0011, 0.0001, 0.0006000000000000001, 0.039400000000000004, 0.0006000000000000001, 0.0011, 0.0172, 0.0001, 0.0172, 0.039400000000000004], [0.0001, 0.0001, 0.0, 0.0, 0.062400000000000004, 0.062400000000000004, 0.020900000000000002, 0.0002, 0.020900000000000002, 0.0002, 0.0, 0.0236, 0.0019, 0.0105, 0.0019, 0.0, 0.0142, 0.0236, 0.0142, 0.0105], [0.0017000000000000001, 0.0017000000000000001, 0.0, 0.0, 0.0, 0.0, 0.0, 0.0, 0.0, 0.0, 0.0, 0.0, 0.0, 0.0, 0.0, 0.0, 0.0, 0.0, 0.0, 0.0], [0.016300000000000002, 0.016300000000000002, 0.0, 0.0, 0.0, 0.0, 0.0, 0.0, 0.0, 0.0, 0.0, 0.0, 0.0, 0.0, 0.0, 0.0, 0.0, 0.0, 0.0, 0.0], [0.0184, 0.0184, 0.0, 0.0, 0.0, 0.0, 0.0, 0.0, 0.0, 0.0, 0.0, 0.0, 0.0, 0.0, 0.0, 0.0, 0.0, 0.0, 0.0, 0.0], [0.041600000000000005, 0.041600000000000005, 0.0, 0.0, 0.0, 0.0, 0.0, 0.0, 0.0, 0.0, 0.0, 0.0, 0.0, 0.0, 0.0, 0.0, 0.0, 0.0, 0.0, 0.0], [0.0263, 0.0263, 0.0, 0.0, 0.0, 0.0, 0.0, 0.0, 0.0, 0.0, 0.0, 0.0, 0.0, 0.0, 0.0, 0.0, 0.0, 0.0, 0.0, 0.0]]}}
bs_latimer_munro_efermi: 0.26178127