material_id: mp-560600
band_gap: 0.5593
efermi: 0.86163946
dos_magnetic_ordering: FM
dos_total_task_id: mp-1705345
dos_total_band_gap: 0.6059
dos_total_cbm: 1.4559
dos_total_vbm: 0.85
dos_total_efermi: 0.86163946
bs_setyawan_curtarolo_task_id: mp-1597219
bs_setyawan_curtarolo_band_gap: 0.891
bs_setyawan_curtarolo_cbm: {'band_index': {'-1': [72], '1': []}, 'kpoint_index': [59, 60, 119], 'kpoint': <pymatgen.electronic_structure.bandstructure.Kpoint object at 0x7fc699d63930>, 'energy': 1.3971, 'projections': {'-1': [[0.0, 0.0, 0.0, 0.0, 0.0, 0.0, 0.0026000000000000003, 0.0027, 0.0027, 0.0027, 0.0027, 0.0027, 0.0, 0.0, 0.0027, 0.0027], [0.0, 0.0, 0.0, 0.0, 0.0, 0.0, 0.018000000000000002, 0.018000000000000002, 0.018000000000000002, 0.018000000000000002, 0.018000000000000002, 0.018000000000000002, 0.0, 0.0, 0.018000000000000002, 0.018000000000000002], [0.0, 0.0, 0.0, 0.0, 0.0, 0.0, 0.0108, 0.0108, 0.010700000000000001, 0.0108, 0.0108, 0.0108, 0.0, 0.0, 0.0108, 0.010700000000000001], [0.0, 0.0, 0.005, 0.005, 0.0, 0.0, 0.0002, 0.0002, 0.0002, 0.0002, 0.0002, 0.0002, 0.0, 0.0, 0.0002, 0.0002], [0.0011, 0.0011, 0.0, 0.0, 0.0035, 0.0035, 0.0, 0.0, 0.0, 0.0, 0.0, 0.0, 0.0, 0.0, 0.0, 0.0], [0.0, 0.0, 0.0, 0.0, 0.3215, 0.32120000000000004, 0.0, 0.0, 0.0, 0.0, 0.0, 0.0, 0.0, 0.0, 0.0, 0.0], [0.0, 0.0, 0.0, 0.0, 0.0, 0.0, 0.0, 0.0, 0.0, 0.0, 0.0, 0.0, 0.0, 0.0, 0.0, 0.0], [0.0, 0.0, 0.0, 0.0, 0.0, 0.0, 0.0, 0.0, 0.0, 0.0, 0.0, 0.0, 0.0, 0.0, 0.0, 0.0], [0.0, 0.0, 0.0, 0.0, 0.0, 0.0, 0.0, 0.0, 0.0, 0.0, 0.0, 0.0, 0.0, 0.0, 0.0, 0.0]]}}
bs_setyawan_curtarolo_vbm: {'band_index': {'-1': [71], '1': []}, 'kpoint_index': [0, 72, 73], 'kpoint': <pymatgen.electronic_structure.bandstructure.Kpoint object at 0x7fc5d4b5a430>, 'energy': 0.5061, 'projections': {'-1': [[0.0, 0.0, 0.0, 0.0, 0.014700000000000001, 0.014700000000000001, 0.0001, 0.0001, 0.0001, 0.0001, 0.0001, 0.0001, 0.0, 0.0, 0.0001, 0.0001], [0.0, 0.0, 0.0, 0.0, 0.0, 0.0, 0.0056, 0.0056, 0.0057, 0.0057, 0.0057, 0.0056, 0.0, 0.0, 0.0056, 0.0056], [0.0, 0.0, 0.0, 0.0, 0.0, 0.0, 0.0078000000000000005, 0.0078000000000000005, 0.0078000000000000005, 0.0078000000000000005, 0.0078000000000000005, 0.0078000000000000005, 0.0, 0.0, 0.0078000000000000005, 0.0078000000000000005], [0.0001, 0.0001, 0.0, 0.0, 0.0, 0.0, 0.00030000000000000003, 0.00030000000000000003, 0.00030000000000000003, 0.00030000000000000003, 0.00030000000000000003, 0.00030000000000000003, 0.0002, 0.0002, 0.00030000000000000003, 0.00030000000000000003], [0.0, 0.0, 0.0001, 0.0001, 0.0, 0.0, 0.0, 0.0, 0.0, 0.0, 0.0, 0.0, 0.0, 0.0, 0.0, 0.0], [0.0, 0.0, 0.0, 0.0, 0.0, 0.0, 0.0, 0.0, 0.0, 0.0, 0.0, 0.0, 0.0, 0.0, 0.0, 0.0], [0.0, 0.0, 0.0, 0.0, 0.0828, 0.0828, 0.0, 0.0, 0.0, 0.0, 0.0, 0.0, 0.0, 0.0, 0.0, 0.0], [0.0, 0.0, 0.0045000000000000005, 0.0045000000000000005, 0.006, 0.006, 0.0, 0.0, 0.0, 0.0, 0.0, 0.0, 0.0, 0.0, 0.0, 0.0], [0.0, 0.0, 0.0, 0.0, 0.3068, 0.3068, 0.0, 0.0, 0.0, 0.0, 0.0, 0.0, 0.0, 0.0, 0.0, 0.0]]}}
bs_setyawan_curtarolo_efermi: 0.76240821
bs_hinuma_task_id: mp-2177247
bs_hinuma_band_gap: 0.891
bs_hinuma_cbm: {'band_index': {'-1': [72], '1': []}, 'kpoint_index': [12, 13, 54], 'kpoint': <pymatgen.electronic_structure.bandstructure.Kpoint object at 0x7fc5d4b59d30>, 'energy': 1.3971, 'projections': {'-1': [[0.0, 0.0, 0.0, 0.0, 0.0, 0.0, 0.0026000000000000003, 0.0027, 0.0027, 0.0027, 0.0027, 0.0027, 0.0, 0.0, 0.0027, 0.0027], [0.0, 0.0, 0.0, 0.0, 0.0, 0.0, 0.018000000000000002, 0.018000000000000002, 0.018000000000000002, 0.018000000000000002, 0.018000000000000002, 0.018000000000000002, 0.0, 0.0, 0.018000000000000002, 0.018000000000000002], [0.0, 0.0, 0.0, 0.0, 0.0, 0.0, 0.010700000000000001, 0.0108, 0.0108, 0.0108, 0.010700000000000001, 0.0108, 0.0, 0.0, 0.0108, 0.0108], [0.0, 0.0, 0.005, 0.005, 0.0, 0.0, 0.0002, 0.0002, 0.0002, 0.0002, 0.0002, 0.0002, 0.0, 0.0, 0.0002, 0.0002], [0.0011, 0.0011, 0.0, 0.0, 0.0035, 0.0035, 0.0, 0.0, 0.0, 0.0, 0.0, 0.0, 0.0, 0.0, 0.0, 0.0], [0.0, 0.0, 0.0, 0.0, 0.3215, 0.32120000000000004, 0.0, 0.0, 0.0, 0.0, 0.0, 0.0, 0.0, 0.0, 0.0, 0.0], [0.0, 0.0, 0.0, 0.0, 0.0, 0.0, 0.0, 0.0, 0.0, 0.0, 0.0, 0.0, 0.0, 0.0, 0.0, 0.0], [0.0, 0.0, 0.0, 0.0, 0.0, 0.0, 0.0, 0.0, 0.0, 0.0, 0.0, 0.0, 0.0, 0.0, 0.0, 0.0], [0.0, 0.0, 0.0, 0.0, 0.0, 0.0, 0.0, 0.0, 0.0, 0.0, 0.0, 0.0, 0.0, 0.0, 0.0, 0.0]]}}
bs_hinuma_vbm: {'band_index': {'-1': [71], '1': []}, 'kpoint_index': [0, 34, 35, 55, 100, 101], 'kpoint': <pymatgen.electronic_structure.bandstructure.Kpoint object at 0x7fc5d4b5a200>, 'energy': 0.5061, 'projections': {'-1': [[0.0, 0.0, 0.0, 0.0, 0.014700000000000001, 0.014700000000000001, 0.0001, 0.0001, 0.0001, 0.0001, 0.0001, 0.0001, 0.0, 0.0, 0.0001, 0.0001], [0.0, 0.0, 0.0, 0.0, 0.0, 0.0, 0.0056, 0.0057, 0.0056, 0.0057, 0.0057, 0.0056, 0.0, 0.0, 0.0056, 0.0057], [0.0, 0.0, 0.0, 0.0, 0.0, 0.0, 0.0078000000000000005, 0.0078000000000000005, 0.0078000000000000005, 0.0078000000000000005, 0.0078000000000000005, 0.0078000000000000005, 0.0, 0.0, 0.0078000000000000005, 0.0078000000000000005], [0.0001, 0.0001, 0.0, 0.0, 0.0, 0.0, 0.00030000000000000003, 0.00030000000000000003, 0.00030000000000000003, 0.00030000000000000003, 0.00030000000000000003, 0.00030000000000000003, 0.0002, 0.0002, 0.00030000000000000003, 0.00030000000000000003], [0.0, 0.0, 0.0001, 0.0001, 0.0, 0.0, 0.0, 0.0, 0.0, 0.0, 0.0, 0.0, 0.0, 0.0, 0.0, 0.0], [0.0, 0.0, 0.0, 0.0, 0.0, 0.0, 0.0, 0.0, 0.0, 0.0, 0.0, 0.0, 0.0, 0.0, 0.0, 0.0], [0.0, 0.0, 0.0, 0.0, 0.0828, 0.0828, 0.0, 0.0, 0.0, 0.0, 0.0, 0.0, 0.0, 0.0, 0.0, 0.0], [0.0, 0.0, 0.0045000000000000005, 0.0045000000000000005, 0.006, 0.006, 0.0, 0.0, 0.0, 0.0, 0.0, 0.0, 0.0, 0.0, 0.0, 0.0], [0.0, 0.0, 0.0, 0.0, 0.3068, 0.3068, 0.0, 0.0, 0.0, 0.0, 0.0, 0.0, 0.0, 0.0, 0.0, 0.0]]}}
bs_hinuma_efermi: 0.7644672
bs_latimer_munro_task_id: mp-2603763
bs_latimer_munro_band_gap: 0.891
bs_latimer_munro_cbm: {'band_index': {'-1': [72], '1': []}, 'kpoint_index': [101, 102, 220, 221], 'kpoint': <pymatgen.electronic_structure.bandstructure.Kpoint object at 0x7fc5d4b59be0>, 'energy': 1.3971, 'projections': {'-1': [[0.0, 0.0, 0.0, 0.0, 0.0, 0.0, 0.0027, 0.0027, 0.0026000000000000003, 0.0027, 0.0026000000000000003, 0.0027, 0.0, 0.0, 0.0027, 0.0026000000000000003], [0.0, 0.0, 0.0, 0.0, 0.0, 0.0, 0.018000000000000002, 0.018000000000000002, 0.018000000000000002, 0.018000000000000002, 0.018000000000000002, 0.018000000000000002, 0.0, 0.0, 0.018000000000000002, 0.018000000000000002], [0.0, 0.0, 0.0, 0.0, 0.0, 0.0, 0.010700000000000001, 0.0108, 0.010700000000000001, 0.0108, 0.010700000000000001, 0.0108, 0.0, 0.0, 0.0108, 0.010700000000000001], [0.0, 0.0, 0.005, 0.005, 0.0, 0.0, 0.0002, 0.0002, 0.0002, 0.0002, 0.0002, 0.0002, 0.0, 0.0, 0.0002, 0.0002], [0.0011, 0.0011, 0.0, 0.0, 0.0035, 0.0035, 0.0, 0.0, 0.0, 0.0, 0.0, 0.0, 0.0, 0.0, 0.0, 0.0], [0.0, 0.0, 0.0, 0.0, 0.3215, 0.32120000000000004, 0.0, 0.0, 0.0, 0.0, 0.0, 0.0, 0.0, 0.0, 0.0, 0.0], [0.0, 0.0, 0.0, 0.0, 0.0, 0.0, 0.0, 0.0, 0.0, 0.0, 0.0, 0.0, 0.0, 0.0, 0.0, 0.0], [0.0, 0.0, 0.0, 0.0, 0.0, 0.0, 0.0, 0.0, 0.0, 0.0, 0.0, 0.0, 0.0, 0.0, 0.0, 0.0], [0.0, 0.0, 0.0, 0.0, 0.0, 0.0, 0.0, 0.0, 0.0, 0.0, 0.0, 0.0, 0.0, 0.0, 0.0, 0.0]]}}
bs_latimer_munro_vbm: {'band_index': {'-1': [71], '1': []}, 'kpoint_index': [14, 15, 30, 71, 72, 167, 168, 183, 196, 208], 'kpoint': <pymatgen.electronic_structure.bandstructure.Kpoint object at 0x7fc5d4b5a350>, 'energy': 0.5061, 'projections': {'-1': [[0.0, 0.0, 0.0, 0.0, 0.014700000000000001, 0.014700000000000001, 0.0001, 0.0001, 0.0001, 0.0001, 0.0001, 0.0001, 0.0, 0.0, 0.0001, 0.0001], [0.0, 0.0, 0.0, 0.0, 0.0, 0.0, 0.0056, 0.0057, 0.0056, 0.0057, 0.0056, 0.0057, 0.0, 0.0, 0.0057, 0.0056], [0.0, 0.0, 0.0, 0.0, 0.0, 0.0, 0.0078000000000000005, 0.0078000000000000005, 0.0078000000000000005, 0.0078000000000000005, 0.0078000000000000005, 0.0078000000000000005, 0.0, 0.0, 0.0078000000000000005, 0.0078000000000000005], [0.0001, 0.0001, 0.0, 0.0, 0.0, 0.0, 0.00030000000000000003, 0.00030000000000000003, 0.00030000000000000003, 0.00030000000000000003, 0.00030000000000000003, 0.00030000000000000003, 0.0002, 0.0002, 0.00030000000000000003, 0.00030000000000000003], [0.0, 0.0, 0.0001, 0.0001, 0.0, 0.0, 0.0, 0.0, 0.0, 0.0, 0.0, 0.0, 0.0, 0.0, 0.0, 0.0], [0.0, 0.0, 0.0, 0.0, 0.0, 0.0, 0.0, 0.0, 0.0, 0.0, 0.0, 0.0, 0.0, 0.0, 0.0, 0.0], [0.0, 0.0, 0.0, 0.0, 0.0828, 0.0828, 0.0, 0.0, 0.0, 0.0, 0.0, 0.0, 0.0, 0.0, 0.0, 0.0], [0.0, 0.0, 0.0045000000000000005, 0.0045000000000000005, 0.006, 0.006, 0.0, 0.0, 0.0, 0.0, 0.0, 0.0, 0.0, 0.0, 0.0, 0.0], [0.0, 0.0, 0.0, 0.0, 0.3068, 0.3068, 0.0, 0.0, 0.0, 0.0, 0.0, 0.0, 0.0, 0.0, 0.0, 0.0]]}}
bs_latimer_munro_efermi: 0.7632237