material_id: mp-504495
band_gap: 3.3523
efermi: 0.32378981
dos_magnetic_ordering: NM
dos_total_task_id: mp-1741367
dos_total_band_gap: 3.3174
dos_total_cbm: 3.5649
dos_total_vbm: 0.24750000000000003
dos_total_efermi: 0.23239117
bs_setyawan_curtarolo_task_id: mp-747333
bs_setyawan_curtarolo_band_gap: 3.3523
bs_setyawan_curtarolo_cbm: {'band_index': {'1': [124, 125]}, 'kpoint_index': [11, 12, 107], 'kpoint': <pymatgen.electronic_structure.bandstructure.Kpoint object at 0x7fc699d63930>, 'energy': 3.6262, 'projections': {'1': [[0.0018000000000000002, 0.0023, 0.0018000000000000002, 0.0023, 0.0122, 0.0027, 0.0027, 0.0122, 0.0002, 0.0002, 0.0002, 0.0002, 0.0001, 0.0001, 0.0001, 0.0001, 0.0004, 0.00030000000000000003, 0.00030000000000000003, 0.00030000000000000003, 0.00030000000000000003, 0.00030000000000000003, 0.00030000000000000003, 0.0004, 0.0, 0.0, 0.0, 0.0, 0.0012000000000000001, 0.0015, 0.0012000000000000001, 0.0015, 0.0, 0.0, 0.0, 0.0], [0.0, 0.0, 0.0, 0.0, 0.0008, 0.0035, 0.0035, 0.0008, 0.0, 0.0, 0.0, 0.0, 0.0, 0.0, 0.0, 0.0, 0.006200000000000001, 0.009600000000000001, 0.0079, 0.008, 0.008, 0.0079, 0.009600000000000001, 0.006200000000000001, 0.00030000000000000003, 0.00030000000000000003, 0.00030000000000000003, 0.00030000000000000003, 0.0005, 0.0007, 0.0005, 0.0007, 0.0002, 0.0001, 0.0002, 0.0001], [0.0, 0.0, 0.0, 0.0, 0.0, 0.0, 0.0, 0.0, 0.0001, 0.0, 0.0001, 0.0, 0.0, 0.0, 0.0, 0.0, 0.0038, 0.0012000000000000001, 0.0016, 0.0034000000000000002, 0.0034000000000000002, 0.0016, 0.0012000000000000001, 0.0038, 0.0008, 0.0007, 0.0008, 0.0007, 0.0005, 0.0007, 0.0005, 0.0007, 0.00030000000000000003, 0.0002, 0.00030000000000000003, 0.0002], [0.0, 0.0, 0.0, 0.0, 0.0001, 0.0004, 0.0004, 0.0001, 0.0006000000000000001, 0.0008, 0.0006000000000000001, 0.0008, 0.0001, 0.0001, 0.0001, 0.0001, 0.0008, 0.0022, 0.0023, 0.0006000000000000001, 0.0006000000000000001, 0.0023, 0.0022, 0.0008, 0.0067, 0.008400000000000001, 0.0067, 0.008400000000000001, 0.0009000000000000001, 0.0007, 0.0009000000000000001, 0.0007, 0.0032, 0.0041, 0.0032, 0.0041], [0.0, 0.0, 0.0, 0.0, 0.0013000000000000002, 0.00030000000000000003, 0.00030000000000000003, 0.0013000000000000002, 0.10400000000000001, 0.1303, 0.10400000000000001, 0.1303, 0.0, 0.0, 0.0, 0.0, 0.0, 0.0, 0.0, 0.0, 0.0, 0.0, 0.0, 0.0, 0.0, 0.0, 0.0, 0.0, 0.0, 0.0, 0.0, 0.0, 0.0, 0.0, 0.0, 0.0], [0.0, 0.0, 0.0, 0.0, 0.0, 0.0, 0.0, 0.0, 0.0006000000000000001, 0.0004, 0.0006000000000000001, 0.0004, 0.0, 0.0, 0.0, 0.0, 0.0, 0.0, 0.0, 0.0, 0.0, 0.0, 0.0, 0.0, 0.0, 0.0, 0.0, 0.0, 0.0, 0.0, 0.0, 0.0, 0.0, 0.0, 0.0, 0.0], [0.0, 0.0, 0.0, 0.0, 0.0011, 0.0002, 0.0002, 0.0011, 0.0341, 0.027200000000000002, 0.0341, 0.027200000000000002, 0.0, 0.0, 0.0, 0.0, 0.0, 0.0, 0.0, 0.0, 0.0, 0.0, 0.0, 0.0, 0.0, 0.0, 0.0, 0.0, 0.0, 0.0, 0.0, 0.0, 0.0, 0.0, 0.0, 0.0], [0.0, 0.0, 0.0, 0.0, 0.0007, 0.0001, 0.0001, 0.0007, 0.0001, 0.0001, 0.0001, 0.0001, 0.0, 0.0, 0.0, 0.0, 0.0, 0.0, 0.0, 0.0, 0.0, 0.0, 0.0, 0.0, 0.0, 0.0, 0.0, 0.0, 0.0, 0.0, 0.0, 0.0, 0.0, 0.0, 0.0, 0.0], [0.0, 0.0, 0.0, 0.0, 0.0001, 0.0, 0.0, 0.0001, 0.0015, 0.0012000000000000001, 0.0015, 0.0012000000000000001, 0.0, 0.0, 0.0, 0.0, 0.0, 0.0, 0.0, 0.0, 0.0, 0.0, 0.0, 0.0, 0.0, 0.0, 0.0, 0.0, 0.0, 0.0, 0.0, 0.0, 0.0, 0.0, 0.0, 0.0]]}}
bs_setyawan_curtarolo_vbm: {'band_index': {'1': [123]}, 'kpoint_index': ['44'], 'kpoint': <pymatgen.electronic_structure.bandstructure.Kpoint object at 0x7fc5d4b59d30>, 'energy': 0.27390000000000003, 'projections': {'1': [[0.0, 0.0, 0.0, 0.0, 0.0046, 0.0046, 0.0046, 0.0046, 0.0, 0.0, 0.0, 0.0, 0.0, 0.0, 0.0, 0.0, 0.00030000000000000003, 0.00030000000000000003, 0.00030000000000000003, 0.00030000000000000003, 0.00030000000000000003, 0.00030000000000000003, 0.00030000000000000003, 0.00030000000000000003, 0.0, 0.0, 0.0, 0.0, 0.0, 0.0, 0.0, 0.0, 0.0, 0.0, 0.0, 0.0], [0.0, 0.0, 0.0, 0.0, 0.0, 0.0, 0.0, 0.0, 0.0, 0.0, 0.0, 0.0, 0.0, 0.0, 0.0, 0.0, 0.0048000000000000004, 0.0048000000000000004, 0.0048000000000000004, 0.0048000000000000004, 0.0048000000000000004, 0.0048000000000000004, 0.0048000000000000004, 0.0048000000000000004, 0.0, 0.0, 0.0, 0.0, 0.0, 0.0, 0.0, 0.0, 0.0, 0.0, 0.0, 0.0], [0.0, 0.0, 0.0, 0.0, 0.0, 0.0, 0.0, 0.0, 0.0, 0.0, 0.0, 0.0, 0.0, 0.0, 0.0, 0.0, 0.010700000000000001, 0.010700000000000001, 0.010700000000000001, 0.010700000000000001, 0.010700000000000001, 0.010700000000000001, 0.010700000000000001, 0.010700000000000001, 0.0, 0.0, 0.0, 0.0, 0.0, 0.0, 0.0, 0.0, 0.0, 0.0, 0.0, 0.0], [0.0001, 0.0001, 0.0001, 0.0001, 0.0, 0.0, 0.0, 0.0, 0.0004, 0.0004, 0.0004, 0.0004, 0.001, 0.001, 0.001, 0.001, 0.0039000000000000003, 0.0039000000000000003, 0.0039000000000000003, 0.0039000000000000003, 0.0039000000000000003, 0.0039000000000000003, 0.0039000000000000003, 0.0039000000000000003, 0.0007, 0.0007, 0.0007, 0.0007, 0.0671, 0.0671, 0.0671, 0.0671, 0.0364, 0.0364, 0.0364, 0.0364], [0.0, 0.0, 0.0, 0.0, 0.0337, 0.0337, 0.0337, 0.0337, 0.0007, 0.0007, 0.0007, 0.0007, 0.0, 0.0, 0.0, 0.0, 0.0, 0.0, 0.0, 0.0, 0.0, 0.0, 0.0, 0.0, 0.0, 0.0, 0.0, 0.0, 0.0, 0.0, 0.0, 0.0, 0.0, 0.0, 0.0, 0.0], [0.0, 0.0, 0.0, 0.0, 0.0056, 0.0056, 0.0056, 0.0056, 0.0, 0.0, 0.0, 0.0, 0.0, 0.0, 0.0, 0.0, 0.0, 0.0, 0.0, 0.0, 0.0, 0.0, 0.0, 0.0, 0.0, 0.0, 0.0, 0.0, 0.0, 0.0, 0.0, 0.0, 0.0, 0.0, 0.0, 0.0], [0.0, 0.0, 0.0, 0.0, 0.0055000000000000005, 0.0055000000000000005, 0.0055000000000000005, 0.0055000000000000005, 0.0, 0.0, 0.0, 0.0, 0.0, 0.0, 0.0, 0.0, 0.0, 0.0, 0.0, 0.0, 0.0, 0.0, 0.0, 0.0, 0.0, 0.0, 0.0, 0.0, 0.0, 0.0, 0.0, 0.0, 0.0, 0.0, 0.0, 0.0], [0.0, 0.0, 0.0, 0.0, 0.0114, 0.0114, 0.0114, 0.0114, 0.0012000000000000001, 0.0012000000000000001, 0.0012000000000000001, 0.0012000000000000001, 0.0, 0.0, 0.0, 0.0, 0.0, 0.0, 0.0, 0.0, 0.0, 0.0, 0.0, 0.0, 0.0, 0.0, 0.0, 0.0, 0.0, 0.0, 0.0, 0.0, 0.0, 0.0, 0.0, 0.0], [0.0, 0.0, 0.0, 0.0, 0.0005, 0.0005, 0.0005, 0.0005, 0.0, 0.0, 0.0, 0.0, 0.0, 0.0, 0.0, 0.0, 0.0, 0.0, 0.0, 0.0, 0.0, 0.0, 0.0, 0.0, 0.0, 0.0, 0.0, 0.0, 0.0, 0.0, 0.0, 0.0, 0.0, 0.0, 0.0, 0.0]]}}
bs_setyawan_curtarolo_efermi: 0.32378981
bs_hinuma_task_id: mp-2100093
bs_hinuma_band_gap: 3.3566000000000003
bs_hinuma_cbm: {'band_index': {'1': [124, 125]}, 'kpoint_index': [11, 12, 92], 'kpoint': <pymatgen.electronic_structure.bandstructure.Kpoint object at 0x7fc5d4b5a190>, 'energy': 3.5858, 'projections': {'1': [[0.002, 0.0022, 0.002, 0.0022, 0.0074, 0.0076, 0.0076, 0.0074, 0.0002, 0.0002, 0.0002, 0.0002, 0.0001, 0.0001, 0.0001, 0.0001, 0.0004, 0.00030000000000000003, 0.0004, 0.00030000000000000003, 0.00030000000000000003, 0.0004, 0.00030000000000000003, 0.0004, 0.0, 0.0, 0.0, 0.0, 0.0013000000000000002, 0.0014, 0.0013000000000000002, 0.0014, 0.0, 0.0, 0.0, 0.0], [0.0, 0.0, 0.0, 0.0, 0.0021000000000000003, 0.0021000000000000003, 0.0021000000000000003, 0.0021000000000000003, 0.0, 0.0, 0.0, 0.0, 0.0, 0.0, 0.0, 0.0, 0.007500000000000001, 0.0083, 0.0074, 0.008400000000000001, 0.008400000000000001, 0.0074, 0.0083, 0.007500000000000001, 0.00030000000000000003, 0.00030000000000000003, 0.00030000000000000003, 0.00030000000000000003, 0.0006000000000000001, 0.0006000000000000001, 0.0006000000000000001, 0.0006000000000000001, 0.0002, 0.0002, 0.0002, 0.0002], [0.0, 0.0, 0.0, 0.0, 0.0, 0.0, 0.0, 0.0, 0.0001, 0.0001, 0.0001, 0.0001, 0.0, 0.0, 0.0, 0.0, 0.0026000000000000003, 0.0024000000000000002, 0.0026000000000000003, 0.0024000000000000002, 0.0024000000000000002, 0.0026000000000000003, 0.0024000000000000002, 0.0026000000000000003, 0.0008, 0.0007, 0.0008, 0.0007, 0.0006000000000000001, 0.0006000000000000001, 0.0006000000000000001, 0.0006000000000000001, 0.0002, 0.0002, 0.0002, 0.0002], [0.0, 0.0, 0.0, 0.0, 0.0002, 0.0002, 0.0002, 0.0002, 0.0007, 0.0008, 0.0007, 0.0008, 0.0001, 0.0001, 0.0001, 0.0001, 0.0015, 0.0014, 0.0015, 0.0014, 0.0014, 0.0015, 0.0014, 0.0015, 0.0071, 0.008, 0.0071, 0.008, 0.0009000000000000001, 0.0008, 0.0009000000000000001, 0.0008, 0.0035, 0.0039000000000000003, 0.0035, 0.0039000000000000003], [0.0, 0.0, 0.0, 0.0, 0.0008, 0.0008, 0.0008, 0.0008, 0.1106, 0.12390000000000001, 0.1106, 0.12390000000000001, 0.0, 0.0, 0.0, 0.0, 0.0, 0.0, 0.0, 0.0, 0.0, 0.0, 0.0, 0.0, 0.0, 0.0, 0.0, 0.0, 0.0, 0.0, 0.0, 0.0, 0.0, 0.0, 0.0, 0.0], [0.0, 0.0, 0.0, 0.0, 0.0, 0.0, 0.0, 0.0, 0.0005, 0.0005, 0.0005, 0.0005, 0.0, 0.0, 0.0, 0.0, 0.0, 0.0, 0.0, 0.0, 0.0, 0.0, 0.0, 0.0, 0.0, 0.0, 0.0, 0.0, 0.0, 0.0, 0.0, 0.0, 0.0, 0.0, 0.0, 0.0], [0.0, 0.0, 0.0, 0.0, 0.0006000000000000001, 0.0007, 0.0007, 0.0006000000000000001, 0.0324, 0.028900000000000002, 0.0324, 0.028900000000000002, 0.0, 0.0, 0.0, 0.0, 0.0, 0.0, 0.0, 0.0, 0.0, 0.0, 0.0, 0.0, 0.0, 0.0, 0.0, 0.0, 0.0, 0.0, 0.0, 0.0, 0.0, 0.0, 0.0, 0.0], [0.0, 0.0, 0.0, 0.0, 0.0004, 0.0004, 0.0004, 0.0004, 0.0001, 0.0001, 0.0001, 0.0001, 0.0, 0.0, 0.0, 0.0, 0.0, 0.0, 0.0, 0.0, 0.0, 0.0, 0.0, 0.0, 0.0, 0.0, 0.0, 0.0, 0.0, 0.0, 0.0, 0.0, 0.0, 0.0, 0.0, 0.0], [0.0, 0.0, 0.0, 0.0, 0.0001, 0.0001, 0.0001, 0.0001, 0.0014, 0.0013000000000000002, 0.0014, 0.0013000000000000002, 0.0, 0.0, 0.0, 0.0, 0.0, 0.0, 0.0, 0.0, 0.0, 0.0, 0.0, 0.0, 0.0, 0.0, 0.0, 0.0, 0.0, 0.0, 0.0, 0.0, 0.0, 0.0, 0.0, 0.0]]}}
bs_hinuma_vbm: {'band_index': {'1': [123]}, 'kpoint_index': [0, 41, 42], 'kpoint': <pymatgen.electronic_structure.bandstructure.Kpoint object at 0x7fc5d4b5a430>, 'energy': 0.22920000000000001, 'projections': {'1': [[0.0, 0.0, 0.0, 0.0, 0.0045000000000000005, 0.0045000000000000005, 0.0045000000000000005, 0.0045000000000000005, 0.0, 0.0, 0.0, 0.0, 0.0, 0.0, 0.0, 0.0, 0.0002, 0.0002, 0.0002, 0.0002, 0.0002, 0.0002, 0.0002, 0.0002, 0.0, 0.0, 0.0, 0.0, 0.0, 0.0, 0.0, 0.0, 0.0, 0.0, 0.0, 0.0], [0.0, 0.0, 0.0, 0.0, 0.0, 0.0, 0.0, 0.0, 0.0, 0.0, 0.0, 0.0, 0.0, 0.0, 0.0, 0.0, 0.005, 0.005, 0.005, 0.005, 0.005, 0.005, 0.005, 0.005, 0.0, 0.0, 0.0, 0.0, 0.0, 0.0, 0.0, 0.0, 0.0, 0.0, 0.0, 0.0], [0.0, 0.0, 0.0, 0.0, 0.0, 0.0, 0.0, 0.0, 0.0, 0.0, 0.0, 0.0, 0.0, 0.0, 0.0, 0.0, 0.010100000000000001, 0.010100000000000001, 0.010100000000000001, 0.010100000000000001, 0.010100000000000001, 0.010100000000000001, 0.010100000000000001, 0.010100000000000001, 0.0, 0.0, 0.0, 0.0, 0.0, 0.0, 0.0, 0.0, 0.0, 0.0, 0.0, 0.0], [0.0001, 0.0001, 0.0001, 0.0001, 0.0, 0.0, 0.0, 0.0, 0.0001, 0.0001, 0.0001, 0.0001, 0.001, 0.001, 0.001, 0.001, 0.004200000000000001, 0.004200000000000001, 0.004200000000000001, 0.004200000000000001, 0.004200000000000001, 0.004200000000000001, 0.004200000000000001, 0.004200000000000001, 0.0002, 0.0002, 0.0002, 0.0002, 0.06670000000000001, 0.06670000000000001, 0.0669, 0.0669, 0.038, 0.038, 0.0379, 0.0379], [0.0, 0.0, 0.0, 0.0, 0.033800000000000004, 0.033800000000000004, 0.033800000000000004, 0.033800000000000004, 0.0005, 0.0005, 0.0005, 0.0005, 0.0, 0.0, 0.0, 0.0, 0.0, 0.0, 0.0, 0.0, 0.0, 0.0, 0.0, 0.0, 0.0, 0.0, 0.0, 0.0, 0.0, 0.0, 0.0, 0.0, 0.0, 0.0, 0.0, 0.0], [0.0, 0.0, 0.0, 0.0, 0.0053, 0.0053, 0.0053, 0.0053, 0.0, 0.0, 0.0, 0.0, 0.0, 0.0, 0.0, 0.0, 0.0, 0.0, 0.0, 0.0, 0.0, 0.0, 0.0, 0.0, 0.0, 0.0, 0.0, 0.0, 0.0, 0.0, 0.0, 0.0, 0.0, 0.0, 0.0, 0.0], [0.0, 0.0, 0.0, 0.0, 0.0054, 0.0054, 0.0054, 0.0054, 0.0, 0.0, 0.0, 0.0, 0.0, 0.0, 0.0, 0.0, 0.0, 0.0, 0.0, 0.0, 0.0, 0.0, 0.0, 0.0, 0.0, 0.0, 0.0, 0.0, 0.0, 0.0, 0.0, 0.0, 0.0, 0.0, 0.0, 0.0], [0.0, 0.0, 0.0, 0.0, 0.011600000000000001, 0.011600000000000001, 0.011600000000000001, 0.0115, 0.0013000000000000002, 0.0013000000000000002, 0.0013000000000000002, 0.0013000000000000002, 0.0, 0.0, 0.0, 0.0, 0.0, 0.0, 0.0, 0.0, 0.0, 0.0, 0.0, 0.0, 0.0, 0.0, 0.0, 0.0, 0.0, 0.0, 0.0, 0.0, 0.0, 0.0, 0.0, 0.0], [0.0, 0.0, 0.0, 0.0, 0.0005, 0.0005, 0.0005, 0.0005, 0.0, 0.0, 0.0, 0.0, 0.0, 0.0, 0.0, 0.0, 0.0, 0.0, 0.0, 0.0, 0.0, 0.0, 0.0, 0.0, 0.0, 0.0, 0.0, 0.0, 0.0, 0.0, 0.0, 0.0, 0.0, 0.0, 0.0, 0.0]]}}
bs_hinuma_efermi: 0.29554277