material_id: mp-556564
band_gap: 0.30200000000000005
efermi: 2.39083347
dos_magnetic_ordering: NM
dos_total_task_id: mp-1684039
dos_total_band_gap: 0.419799999999999
dos_total_cbm: 2.7577
dos_total_vbm: 2.3379
dos_total_efermi: 2.32793887
bs_setyawan_curtarolo_task_id: mp-845526
bs_setyawan_curtarolo_band_gap: 0.30200000000000005
bs_setyawan_curtarolo_cbm: {'band_index': {'1': [128]}, 'kpoint_index': [0, 22, 23], 'kpoint': <pymatgen.electronic_structure.bandstructure.Kpoint object at 0x7fc699d63930>, 'energy': 2.6507, 'projections': {'1': [[0.0095, 0.0095, 0.0095, 0.0095, 0.0095, 0.0095, 0.0095, 0.0095, 0.0095, 0.0095, 0.0095, 0.0095, 0.0095, 0.0095, 0.0095, 0.0095, 0.0005, 0.0028, 0.0005, 0.0005, 0.0028, 0.005, 0.0028, 0.0028, 0.005, 0.0039000000000000003, 0.005, 0.005, 0.0039000000000000003, 0.005, 0.0005, 0.0039000000000000003, 0.0005, 0.0005, 0.0028, 0.0039000000000000003, 0.005, 0.0028, 0.0039000000000000003, 0.0005, 0.0028, 0.0039000000000000003, 0.0039000000000000003, 0.005, 0.005, 0.0039000000000000003, 0.0005, 0.0028], [0.0036000000000000003, 0.0036000000000000003, 0.002, 0.002, 0.0036000000000000003, 0.002, 0.0036000000000000003, 0.0036000000000000003, 0.002, 0.0036000000000000003, 0.002, 0.0036000000000000003, 0.002, 0.002, 0.002, 0.0036000000000000003, 0.0001, 0.0, 0.0001, 0.0001, 0.0, 0.0, 0.0, 0.0, 0.0048000000000000004, 0.0011, 0.0, 0.0, 0.0011, 0.0, 0.0001, 0.0011, 0.0001, 0.0001, 0.0, 0.0011, 0.0048000000000000004, 0.0, 0.0011, 0.0001, 0.0, 0.0011, 0.0011, 0.0048000000000000004, 0.0048000000000000004, 0.0011, 0.0001, 0.0], [0.0012000000000000001, 0.0012000000000000001, 0.0012000000000000001, 0.0012000000000000001, 0.0012000000000000001, 0.0012000000000000001, 0.0012000000000000001, 0.0012000000000000001, 0.0012000000000000001, 0.0012000000000000001, 0.0012000000000000001, 0.0012000000000000001, 0.0012000000000000001, 0.0012000000000000001, 0.0012000000000000001, 0.0012000000000000001, 0.0, 0.0, 0.0, 0.0, 0.0, 0.0, 0.0, 0.0, 0.0, 0.0, 0.0, 0.0, 0.0, 0.0, 0.0, 0.0, 0.0, 0.0, 0.0, 0.0, 0.0, 0.0, 0.0, 0.0, 0.0, 0.0, 0.0, 0.0, 0.0, 0.0, 0.0, 0.0], [0.002, 0.002, 0.0036000000000000003, 0.0036000000000000003, 0.002, 0.0036000000000000003, 0.002, 0.002, 0.0036000000000000003, 0.002, 0.0036000000000000003, 0.002, 0.0036000000000000003, 0.0036000000000000003, 0.0036000000000000003, 0.002, 0.0001, 0.0, 0.0001, 0.0001, 0.0, 0.0048000000000000004, 0.0, 0.0, 0.0, 0.0011, 0.0048000000000000004, 0.0048000000000000004, 0.0011, 0.0048000000000000004, 0.0001, 0.0011, 0.0001, 0.0001, 0.0, 0.0011, 0.0, 0.0, 0.0011, 0.0001, 0.0, 0.0011, 0.0011, 0.0, 0.0, 0.0011, 0.0001, 0.0], [0.0, 0.0, 0.0, 0.0, 0.0, 0.0, 0.0, 0.0, 0.0, 0.0, 0.0, 0.0, 0.0, 0.0, 0.0, 0.0, 0.0, 0.0, 0.0, 0.0, 0.0, 0.0, 0.0, 0.0, 0.0, 0.0, 0.0, 0.0, 0.0, 0.0, 0.0, 0.0, 0.0, 0.0, 0.0, 0.0, 0.0, 0.0, 0.0, 0.0, 0.0, 0.0, 0.0, 0.0, 0.0, 0.0, 0.0, 0.0], [0.0, 0.0, 0.0, 0.0, 0.0, 0.0, 0.0, 0.0, 0.0, 0.0, 0.0, 0.0, 0.0, 0.0, 0.0, 0.0, 0.0, 0.0, 0.0, 0.0, 0.0, 0.0, 0.0, 0.0, 0.0, 0.0, 0.0, 0.0, 0.0, 0.0, 0.0, 0.0, 0.0, 0.0, 0.0, 0.0, 0.0, 0.0, 0.0, 0.0, 0.0, 0.0, 0.0, 0.0, 0.0, 0.0, 0.0, 0.0], [0.0, 0.0, 0.0, 0.0, 0.0, 0.0, 0.0, 0.0, 0.0, 0.0, 0.0, 0.0, 0.0, 0.0, 0.0, 0.0, 0.0, 0.0, 0.0, 0.0, 0.0, 0.0, 0.0, 0.0, 0.0, 0.0, 0.0, 0.0, 0.0, 0.0, 0.0, 0.0, 0.0, 0.0, 0.0, 0.0, 0.0, 0.0, 0.0, 0.0, 0.0, 0.0, 0.0, 0.0, 0.0, 0.0, 0.0, 0.0], [0.0, 0.0, 0.0, 0.0, 0.0, 0.0, 0.0, 0.0, 0.0, 0.0, 0.0, 0.0, 0.0, 0.0, 0.0, 0.0, 0.0, 0.0, 0.0, 0.0, 0.0, 0.0, 0.0, 0.0, 0.0, 0.0, 0.0, 0.0, 0.0, 0.0, 0.0, 0.0, 0.0, 0.0, 0.0, 0.0, 0.0, 0.0, 0.0, 0.0, 0.0, 0.0, 0.0, 0.0, 0.0, 0.0, 0.0, 0.0], [0.0, 0.0, 0.0, 0.0, 0.0, 0.0, 0.0, 0.0, 0.0, 0.0, 0.0, 0.0, 0.0, 0.0, 0.0, 0.0, 0.0, 0.0, 0.0, 0.0, 0.0, 0.0, 0.0, 0.0, 0.0, 0.0, 0.0, 0.0, 0.0, 0.0, 0.0, 0.0, 0.0, 0.0, 0.0, 0.0, 0.0, 0.0, 0.0, 0.0, 0.0, 0.0, 0.0, 0.0, 0.0, 0.0, 0.0, 0.0]]}}
bs_setyawan_curtarolo_vbm: {'band_index': {'1': [126, 127]}, 'kpoint_index': [0, 22, 23], 'kpoint': <pymatgen.electronic_structure.bandstructure.Kpoint object at 0x7fc5d4b5a3c0>, 'energy': 2.3487, 'projections': {'1': [[0.0, 0.0002, 0.0002, 0.0002, 0.0002, 0.0002, 0.0002, 0.0, 0.0, 0.0002, 0.0, 0.0, 0.0002, 0.0, 0.0, 0.0, 0.0, 0.0, 0.0, 0.0, 0.0, 0.0001, 0.0, 0.0, 0.0001, 0.0, 0.0001, 0.0001, 0.0, 0.0001, 0.0005, 0.00030000000000000003, 0.0005, 0.0, 0.0, 0.0, 0.0001, 0.0, 0.00030000000000000003, 0.0005, 0.0, 0.0, 0.00030000000000000003, 0.0001, 0.0001, 0.00030000000000000003, 0.0005, 0.0], [0.0002, 0.0, 0.0008, 0.0008, 0.0, 0.0008, 0.0, 0.0002, 0.0001, 0.0, 0.0001, 0.0002, 0.0008, 0.0001, 0.0001, 0.0002, 0.024200000000000003, 0.0013000000000000002, 0.024200000000000003, 0.024200000000000003, 0.0001, 0.0048000000000000004, 0.0001, 0.0013000000000000002, 0.016300000000000002, 0.00030000000000000003, 0.0048000000000000004, 0.0048000000000000004, 0.00030000000000000003, 0.0048000000000000004, 0.0017000000000000001, 0.0001, 0.0017000000000000001, 0.024200000000000003, 0.0001, 0.00030000000000000003, 0.016300000000000002, 0.0001, 0.0001, 0.0017000000000000001, 0.0001, 0.00030000000000000003, 0.0001, 0.016300000000000002, 0.016300000000000002, 0.0001, 0.0017000000000000001, 0.0001], [0.0, 0.00030000000000000003, 0.0004, 0.0004, 0.00030000000000000003, 0.0004, 0.00030000000000000003, 0.0, 0.0001, 0.00030000000000000003, 0.0001, 0.0, 0.0004, 0.0001, 0.0001, 0.0, 0.019100000000000002, 0.0056, 0.019100000000000002, 0.019100000000000002, 0.0126, 0.0008, 0.0126, 0.0056, 0.0017000000000000001, 0.0102, 0.0008, 0.0008, 0.0102, 0.0008, 0.0009000000000000001, 0.0005, 0.0009000000000000001, 0.019100000000000002, 0.0009000000000000001, 0.0102, 0.0017000000000000001, 0.0009000000000000001, 0.0005, 0.0009000000000000001, 0.0172, 0.0102, 0.0005, 0.0017000000000000001, 0.0017000000000000001, 0.0005, 0.0009000000000000001, 0.0172], [0.0, 0.0007, 0.0001, 0.0001, 0.0007, 0.0001, 0.0007, 0.0, 0.00030000000000000003, 0.0007, 0.00030000000000000003, 0.0, 0.0001, 0.00030000000000000003, 0.00030000000000000003, 0.0, 0.0329, 0.0, 0.0329, 0.0329, 0.0006000000000000001, 0.034800000000000005, 0.0006000000000000001, 0.0, 0.0103, 0.0005, 0.034800000000000005, 0.034800000000000005, 0.0005, 0.034800000000000005, 0.010400000000000001, 0.00030000000000000003, 0.010400000000000001, 0.0329, 0.0018000000000000002, 0.0005, 0.0103, 0.0018000000000000002, 0.00030000000000000003, 0.010400000000000001, 0.0001, 0.0005, 0.00030000000000000003, 0.0103, 0.0103, 0.00030000000000000003, 0.010400000000000001, 0.0001], [0.0, 0.0, 0.0, 0.0, 0.0, 0.0, 0.0, 0.0, 0.0, 0.0, 0.0, 0.0, 0.0, 0.0, 0.0, 0.0, 0.0, 0.0, 0.0, 0.0, 0.0, 0.0, 0.0, 0.0, 0.0, 0.0, 0.0, 0.0, 0.0, 0.0, 0.0, 0.0, 0.0, 0.0, 0.0, 0.0, 0.0, 0.0, 0.0, 0.0, 0.0, 0.0, 0.0, 0.0, 0.0, 0.0, 0.0, 0.0], [0.0, 0.0, 0.0, 0.0, 0.0, 0.0, 0.0, 0.0, 0.0, 0.0, 0.0, 0.0, 0.0, 0.0, 0.0, 0.0, 0.0, 0.0, 0.0, 0.0, 0.0, 0.0, 0.0, 0.0, 0.0, 0.0, 0.0, 0.0, 0.0, 0.0, 0.0, 0.0, 0.0, 0.0, 0.0, 0.0, 0.0, 0.0, 0.0, 0.0, 0.0, 0.0, 0.0, 0.0, 0.0, 0.0, 0.0, 0.0], [0.0, 0.0, 0.0, 0.0, 0.0, 0.0, 0.0, 0.0, 0.0, 0.0, 0.0, 0.0, 0.0, 0.0, 0.0, 0.0, 0.0, 0.0, 0.0, 0.0, 0.0, 0.0, 0.0, 0.0, 0.0, 0.0, 0.0, 0.0, 0.0, 0.0, 0.0, 0.0, 0.0, 0.0, 0.0, 0.0, 0.0, 0.0, 0.0, 0.0, 0.0, 0.0, 0.0, 0.0, 0.0, 0.0, 0.0, 0.0], [0.0, 0.0, 0.0, 0.0, 0.0, 0.0, 0.0, 0.0, 0.0, 0.0, 0.0, 0.0, 0.0, 0.0, 0.0, 0.0, 0.0, 0.0, 0.0, 0.0, 0.0, 0.0, 0.0, 0.0, 0.0, 0.0, 0.0, 0.0, 0.0, 0.0, 0.0, 0.0, 0.0, 0.0, 0.0, 0.0, 0.0, 0.0, 0.0, 0.0, 0.0, 0.0, 0.0, 0.0, 0.0, 0.0, 0.0, 0.0], [0.0, 0.0, 0.0, 0.0, 0.0, 0.0, 0.0, 0.0, 0.0, 0.0, 0.0, 0.0, 0.0, 0.0, 0.0, 0.0, 0.0, 0.0, 0.0, 0.0, 0.0, 0.0, 0.0, 0.0, 0.0, 0.0, 0.0, 0.0, 0.0, 0.0, 0.0, 0.0, 0.0, 0.0, 0.0, 0.0, 0.0, 0.0, 0.0, 0.0, 0.0, 0.0, 0.0, 0.0, 0.0, 0.0, 0.0, 0.0]]}}
bs_setyawan_curtarolo_efermi: 2.39083347