material_id: mp-557480
band_gap: 2.8813
efermi: 2.63810551
dos_magnetic_ordering: NM
dos_total_task_id: mp-1676234
dos_total_band_gap: 2.873999999999999
dos_total_cbm: 5.4258
dos_total_vbm: 2.5518
dos_total_efermi: 2.55243724
bs_setyawan_curtarolo_task_id: mp-1608691
bs_setyawan_curtarolo_band_gap: 2.8813
bs_setyawan_curtarolo_cbm: {'band_index': {'1': [60]}, 'kpoint_index': [38, 39, 109], 'kpoint': <pymatgen.electronic_structure.bandstructure.Kpoint object at 0x7fc699d63930>, 'energy': 5.432, 'projections': {'1': [[0.002, 0.002, 0.002, 0.002, 0.00030000000000000003, 0.00030000000000000003, 0.0082, 0.0026000000000000003, 0.0082, 0.0007, 0.0082, 0.0006000000000000001, 0.0082, 0.0006000000000000001, 0.0006000000000000001, 0.0026000000000000003, 0.0004, 0.0131, 0.0004, 0.0131], [0.03, 0.03, 0.03, 0.03, 0.0038, 0.0038, 0.0076, 0.0, 0.0076, 0.0017000000000000001, 0.0076, 0.0017000000000000001, 0.0076, 0.0017000000000000001, 0.0017000000000000001, 0.0, 0.0014, 0.0114, 0.0014, 0.0114], [0.0033, 0.0033, 0.0033, 0.0033, 0.0, 0.0, 0.0056, 0.0, 0.0056, 0.0001, 0.0056, 0.0001, 0.0056, 0.0001, 0.0001, 0.0, 0.0, 0.0, 0.0, 0.0], [0.0732, 0.0732, 0.0732, 0.0732, 0.0013000000000000002, 0.0013000000000000002, 0.0004, 0.0085, 0.0004, 0.0013000000000000002, 0.0004, 0.0013000000000000002, 0.0004, 0.0013000000000000002, 0.0013000000000000002, 0.0085, 0.0014, 0.0, 0.0014, 0.0], [0.0035, 0.0035, 0.0035, 0.0035, 0.0, 0.0, 0.0, 0.0, 0.0, 0.0, 0.0, 0.0, 0.0, 0.0, 0.0, 0.0, 0.0, 0.0, 0.0, 0.0], [0.0002, 0.0002, 0.0002, 0.0002, 0.0, 0.0, 0.0, 0.0, 0.0, 0.0, 0.0, 0.0, 0.0, 0.0, 0.0, 0.0, 0.0, 0.0, 0.0, 0.0], [0.0002, 0.0002, 0.0002, 0.0002, 0.0, 0.0, 0.0, 0.0, 0.0, 0.0, 0.0, 0.0, 0.0, 0.0, 0.0, 0.0, 0.0, 0.0, 0.0, 0.0], [0.0, 0.0, 0.0, 0.0, 0.0, 0.0, 0.0, 0.0, 0.0, 0.0, 0.0, 0.0, 0.0, 0.0, 0.0, 0.0, 0.0, 0.0, 0.0, 0.0], [0.0005, 0.0005, 0.0005, 0.0005, 0.0, 0.0, 0.0, 0.0, 0.0, 0.0, 0.0, 0.0, 0.0, 0.0, 0.0, 0.0, 0.0, 0.0, 0.0, 0.0]]}}
bs_setyawan_curtarolo_vbm: {'band_index': {'1': [59]}, 'kpoint_index': [38, 39, 109], 'kpoint': <pymatgen.electronic_structure.bandstructure.Kpoint object at 0x7fc5d4b59be0>, 'energy': 2.5507, 'projections': {'1': [[0.0188, 0.0188, 0.0188, 0.0188, 0.0, 0.0, 0.0, 0.0, 0.0, 0.0008, 0.0, 0.0008, 0.0, 0.0008, 0.0008, 0.0, 0.0, 0.0, 0.0, 0.0], [0.0126, 0.0126, 0.0126, 0.0126, 0.0, 0.0, 0.0239, 0.0, 0.0239, 0.0025, 0.0239, 0.0025, 0.0239, 0.0025, 0.0025, 0.0, 0.0, 0.0, 0.0, 0.0], [0.0016, 0.0016, 0.0016, 0.0016, 0.0005, 0.0005, 0.0026000000000000003, 0.0155, 0.0026000000000000003, 0.0037, 0.0026000000000000003, 0.0037, 0.0026000000000000003, 0.0037, 0.0037, 0.0155, 0.0732, 0.055200000000000006, 0.0732, 0.055200000000000006], [0.0009000000000000001, 0.0009000000000000001, 0.0009000000000000001, 0.0009000000000000001, 0.0, 0.0, 0.0011, 0.0, 0.0011, 0.058800000000000005, 0.0011, 0.058800000000000005, 0.0011, 0.058800000000000005, 0.058800000000000005, 0.0, 0.0, 0.0, 0.0, 0.0], [0.0001, 0.0001, 0.0001, 0.0001, 0.0, 0.0, 0.0, 0.0, 0.0, 0.0, 0.0, 0.0, 0.0, 0.0, 0.0, 0.0, 0.0, 0.0, 0.0, 0.0], [0.0004, 0.0004, 0.0004, 0.0004, 0.0, 0.0, 0.0, 0.0, 0.0, 0.0, 0.0, 0.0, 0.0, 0.0, 0.0, 0.0, 0.0, 0.0, 0.0, 0.0], [0.0001, 0.0001, 0.0001, 0.0001, 0.0, 0.0, 0.0, 0.0, 0.0, 0.0, 0.0, 0.0, 0.0, 0.0, 0.0, 0.0, 0.0, 0.0, 0.0, 0.0], [0.0, 0.0, 0.0, 0.0, 0.0, 0.0, 0.0, 0.0, 0.0, 0.0, 0.0, 0.0, 0.0, 0.0, 0.0, 0.0, 0.0, 0.0, 0.0, 0.0], [0.0001, 0.0001, 0.0001, 0.0001, 0.0, 0.0, 0.0, 0.0, 0.0, 0.0, 0.0, 0.0, 0.0, 0.0, 0.0, 0.0, 0.0, 0.0, 0.0, 0.0]]}}
bs_setyawan_curtarolo_efermi: 2.63810551
bs_hinuma_task_id: mp-2172503
bs_hinuma_band_gap: 2.8813
bs_hinuma_cbm: {'band_index': {'1': [60]}, 'kpoint_index': [38, 39, 118], 'kpoint': <pymatgen.electronic_structure.bandstructure.Kpoint object at 0x7fc5d4b59c50>, 'energy': 5.432, 'projections': {'1': [[0.002, 0.002, 0.002, 0.002, 0.00030000000000000003, 0.00030000000000000003, 0.0082, 0.0026000000000000003, 0.0082, 0.0007, 0.0082, 0.0006000000000000001, 0.0082, 0.0006000000000000001, 0.0006000000000000001, 0.0026000000000000003, 0.0004, 0.0131, 0.0004, 0.0131], [0.03, 0.03, 0.03, 0.03, 0.0038, 0.0038, 0.0076, 0.0, 0.0076, 0.0017000000000000001, 0.0076, 0.0017000000000000001, 0.0076, 0.0017000000000000001, 0.0017000000000000001, 0.0, 0.0014, 0.0114, 0.0014, 0.0114], [0.0033, 0.0033, 0.0033, 0.0033, 0.0, 0.0, 0.0056, 0.0, 0.0056, 0.0001, 0.0056, 0.0001, 0.0056, 0.0001, 0.0001, 0.0, 0.0, 0.0, 0.0, 0.0], [0.0732, 0.0732, 0.0732, 0.0732, 0.0013000000000000002, 0.0013000000000000002, 0.0004, 0.0085, 0.0004, 0.0013000000000000002, 0.0004, 0.0013000000000000002, 0.0004, 0.0013000000000000002, 0.0013000000000000002, 0.0085, 0.0014, 0.0, 0.0014, 0.0], [0.0035, 0.0035, 0.0035, 0.0035, 0.0, 0.0, 0.0, 0.0, 0.0, 0.0, 0.0, 0.0, 0.0, 0.0, 0.0, 0.0, 0.0, 0.0, 0.0, 0.0], [0.0002, 0.0002, 0.0002, 0.0002, 0.0, 0.0, 0.0, 0.0, 0.0, 0.0, 0.0, 0.0, 0.0, 0.0, 0.0, 0.0, 0.0, 0.0, 0.0, 0.0], [0.0002, 0.0002, 0.0002, 0.0002, 0.0, 0.0, 0.0, 0.0, 0.0, 0.0, 0.0, 0.0, 0.0, 0.0, 0.0, 0.0, 0.0, 0.0, 0.0, 0.0], [0.0, 0.0, 0.0, 0.0, 0.0, 0.0, 0.0, 0.0, 0.0, 0.0, 0.0, 0.0, 0.0, 0.0, 0.0, 0.0, 0.0, 0.0, 0.0, 0.0], [0.0005, 0.0005, 0.0005, 0.0005, 0.0, 0.0, 0.0, 0.0, 0.0, 0.0, 0.0, 0.0, 0.0, 0.0, 0.0, 0.0, 0.0, 0.0, 0.0, 0.0]]}}
bs_hinuma_vbm: {'band_index': {'1': [59]}, 'kpoint_index': [38, 39, 118], 'kpoint': <pymatgen.electronic_structure.bandstructure.Kpoint object at 0x7fc5d4b5a350>, 'energy': 2.5507, 'projections': {'1': [[0.0188, 0.0188, 0.0188, 0.0188, 0.0, 0.0, 0.0, 0.0, 0.0, 0.0008, 0.0, 0.0008, 0.0, 0.0008, 0.0008, 0.0, 0.0, 0.0, 0.0, 0.0], [0.0126, 0.0126, 0.0126, 0.0126, 0.0, 0.0, 0.0239, 0.0, 0.0239, 0.0025, 0.0239, 0.0025, 0.0239, 0.0025, 0.0025, 0.0, 0.0, 0.0, 0.0, 0.0], [0.0016, 0.0016, 0.0016, 0.0016, 0.0005, 0.0005, 0.0026000000000000003, 0.0155, 0.0026000000000000003, 0.0037, 0.0026000000000000003, 0.0037, 0.0026000000000000003, 0.0037, 0.0037, 0.0155, 0.0732, 0.055200000000000006, 0.0732, 0.055200000000000006], [0.0009000000000000001, 0.0009000000000000001, 0.0009000000000000001, 0.0009000000000000001, 0.0, 0.0, 0.0011, 0.0, 0.0011, 0.058800000000000005, 0.0011, 0.058800000000000005, 0.0011, 0.058800000000000005, 0.058800000000000005, 0.0, 0.0, 0.0, 0.0, 0.0], [0.0001, 0.0001, 0.0001, 0.0001, 0.0, 0.0, 0.0, 0.0, 0.0, 0.0, 0.0, 0.0, 0.0, 0.0, 0.0, 0.0, 0.0, 0.0, 0.0, 0.0], [0.0004, 0.0004, 0.0004, 0.0004, 0.0, 0.0, 0.0, 0.0, 0.0, 0.0, 0.0, 0.0, 0.0, 0.0, 0.0, 0.0, 0.0, 0.0, 0.0, 0.0], [0.0001, 0.0001, 0.0001, 0.0001, 0.0, 0.0, 0.0, 0.0, 0.0, 0.0, 0.0, 0.0, 0.0, 0.0, 0.0, 0.0, 0.0, 0.0, 0.0, 0.0], [0.0, 0.0, 0.0, 0.0, 0.0, 0.0, 0.0, 0.0, 0.0, 0.0, 0.0, 0.0, 0.0, 0.0, 0.0, 0.0, 0.0, 0.0, 0.0, 0.0], [0.0001, 0.0001, 0.0001, 0.0001, 0.0, 0.0, 0.0, 0.0, 0.0, 0.0, 0.0, 0.0, 0.0, 0.0, 0.0, 0.0, 0.0, 0.0, 0.0, 0.0]]}}
bs_hinuma_efermi: 2.63810551
bs_latimer_munro_task_id: mp-2689390
bs_latimer_munro_band_gap: 2.8813
bs_latimer_munro_cbm: {'band_index': {'1': [60]}, 'kpoint_index': [90, 91, 202, 203], 'kpoint': <pymatgen.electronic_structure.bandstructure.Kpoint object at 0x7fc5d4b59d30>, 'energy': 5.432, 'projections': {'1': [[0.002, 0.002, 0.002, 0.002, 0.00030000000000000003, 0.00030000000000000003, 0.0082, 0.0026000000000000003, 0.0082, 0.0006000000000000001, 0.0082, 0.0006000000000000001, 0.0082, 0.0007, 0.0006000000000000001, 0.0026000000000000003, 0.0004, 0.0131, 0.0004, 0.0131], [0.03, 0.03, 0.03, 0.03, 0.0038, 0.0038, 0.0076, 0.0, 0.0076, 0.0017000000000000001, 0.0076, 0.0017000000000000001, 0.0076, 0.0017000000000000001, 0.0017000000000000001, 0.0, 0.0014, 0.0114, 0.0014, 0.0114], [0.0033, 0.0033, 0.0033, 0.0033, 0.0, 0.0, 0.0056, 0.0, 0.0056, 0.0001, 0.0056, 0.0001, 0.0056, 0.0001, 0.0001, 0.0, 0.0, 0.0, 0.0, 0.0], [0.0732, 0.0732, 0.0732, 0.0732, 0.0013000000000000002, 0.0013000000000000002, 0.0004, 0.0085, 0.0004, 0.0013000000000000002, 0.0004, 0.0013000000000000002, 0.0004, 0.0013000000000000002, 0.0013000000000000002, 0.0085, 0.0014, 0.0, 0.0014, 0.0], [0.0035, 0.0035, 0.0035, 0.0035, 0.0, 0.0, 0.0, 0.0, 0.0, 0.0, 0.0, 0.0, 0.0, 0.0, 0.0, 0.0, 0.0, 0.0, 0.0, 0.0], [0.0002, 0.0002, 0.0002, 0.0002, 0.0, 0.0, 0.0, 0.0, 0.0, 0.0, 0.0, 0.0, 0.0, 0.0, 0.0, 0.0, 0.0, 0.0, 0.0, 0.0], [0.0002, 0.0002, 0.0002, 0.0002, 0.0, 0.0, 0.0, 0.0, 0.0, 0.0, 0.0, 0.0, 0.0, 0.0, 0.0, 0.0, 0.0, 0.0, 0.0, 0.0], [0.0, 0.0, 0.0, 0.0, 0.0, 0.0, 0.0, 0.0, 0.0, 0.0, 0.0, 0.0, 0.0, 0.0, 0.0, 0.0, 0.0, 0.0, 0.0, 0.0], [0.0005, 0.0005, 0.0005, 0.0005, 0.0, 0.0, 0.0, 0.0, 0.0, 0.0, 0.0, 0.0, 0.0, 0.0, 0.0, 0.0, 0.0, 0.0, 0.0, 0.0]]}}
bs_latimer_munro_vbm: {'band_index': {'1': [59]}, 'kpoint_index': [90, 91, 202, 203], 'kpoint': <pymatgen.electronic_structure.bandstructure.Kpoint object at 0x7fc5d4b5a430>, 'energy': 2.5507, 'projections': {'1': [[0.0188, 0.0188, 0.0188, 0.0188, 0.0, 0.0, 0.0, 0.0, 0.0, 0.0008, 0.0, 0.0008, 0.0, 0.0008, 0.0008, 0.0, 0.0, 0.0, 0.0, 0.0], [0.0126, 0.0126, 0.0126, 0.0126, 0.0, 0.0, 0.0239, 0.0, 0.0239, 0.0025, 0.0239, 0.0025, 0.0239, 0.0025, 0.0025, 0.0, 0.0, 0.0, 0.0, 0.0], [0.0016, 0.0016, 0.0016, 0.0016, 0.0005, 0.0005, 0.0026000000000000003, 0.0155, 0.0026000000000000003, 0.0037, 0.0026000000000000003, 0.0037, 0.0026000000000000003, 0.0037, 0.0037, 0.0155, 0.0732, 0.055200000000000006, 0.0732, 0.055200000000000006], [0.0009000000000000001, 0.0009000000000000001, 0.0009000000000000001, 0.0009000000000000001, 0.0, 0.0, 0.0011, 0.0, 0.0011, 0.058800000000000005, 0.0011, 0.058800000000000005, 0.0011, 0.058800000000000005, 0.058800000000000005, 0.0, 0.0, 0.0, 0.0, 0.0], [0.0001, 0.0001, 0.0001, 0.0001, 0.0, 0.0, 0.0, 0.0, 0.0, 0.0, 0.0, 0.0, 0.0, 0.0, 0.0, 0.0, 0.0, 0.0, 0.0, 0.0], [0.0004, 0.0004, 0.0004, 0.0004, 0.0, 0.0, 0.0, 0.0, 0.0, 0.0, 0.0, 0.0, 0.0, 0.0, 0.0, 0.0, 0.0, 0.0, 0.0, 0.0], [0.0001, 0.0001, 0.0001, 0.0001, 0.0, 0.0, 0.0, 0.0, 0.0, 0.0, 0.0, 0.0, 0.0, 0.0, 0.0, 0.0, 0.0, 0.0, 0.0, 0.0], [0.0, 0.0, 0.0, 0.0, 0.0, 0.0, 0.0, 0.0, 0.0, 0.0, 0.0, 0.0, 0.0, 0.0, 0.0, 0.0, 0.0, 0.0, 0.0, 0.0], [0.0001, 0.0001, 0.0001, 0.0001, 0.0, 0.0, 0.0, 0.0, 0.0, 0.0, 0.0, 0.0, 0.0, 0.0, 0.0, 0.0, 0.0, 0.0, 0.0, 0.0]]}}
bs_latimer_munro_efermi: 2.6370139200000002