material_id: mp-571084
band_gap: 1.533399999999999
efermi: 1.0487313600000001
dos_magnetic_ordering: FM
dos_total_task_id: mp-2275784
dos_total_band_gap: 2.9285
dos_total_cbm: 3.8775
dos_total_vbm: 0.9490000000000001
dos_total_efermi: 0.95742171
bs_setyawan_curtarolo_task_id: mp-688390
bs_setyawan_curtarolo_band_gap: 1.533399999999999
bs_setyawan_curtarolo_cbm: {'band_index': {'-1': [44, 45], '1': []}, 'kpoint_index': [0, 39, 40], 'kpoint': <pymatgen.electronic_structure.bandstructure.Kpoint object at 0x7fc699d63930>, 'energy': 2.4764, 'projections': {'-1': [[0.0, 0.0, 0.0, 0.0, 0.0, 0.0, 0.0, 0.0, 0.0, 0.0, 0.0, 0.0], [0.0, 0.0, 0.0, 0.0, 0.0001, 0.0001, 0.0001, 0.0001, 0.0001, 0.0001, 0.0001, 0.0001], [0.0, 0.0, 0.0, 0.0, 0.0001, 0.0001, 0.0001, 0.0001, 0.0001, 0.0001, 0.0001, 0.0001], [0.0, 0.0, 0.0, 0.0, 0.0004, 0.0004, 0.0004, 0.0004, 0.0004, 0.0004, 0.0004, 0.0004], [0.0287, 0.0287, 0.028300000000000002, 0.028300000000000002, 0.0004, 0.0004, 0.0004, 0.0004, 0.0004, 0.0004, 0.0004, 0.0004], [0.112, 0.112, 0.112, 0.112, 0.0016, 0.0016, 0.0016, 0.0016, 0.0016, 0.0016, 0.0016, 0.0016], [0.0041, 0.0041, 0.004200000000000001, 0.004200000000000001, 0.0, 0.0, 0.0, 0.0, 0.0, 0.0, 0.0, 0.0], [0.0284, 0.0284, 0.028800000000000003, 0.028800000000000003, 0.0004, 0.0004, 0.0004, 0.0004, 0.0004, 0.0004, 0.0004, 0.0004], [0.0126, 0.0126, 0.0125, 0.0125, 0.0001, 0.0001, 0.0001, 0.0001, 0.0001, 0.0001, 0.0001, 0.0001]]}}
bs_setyawan_curtarolo_vbm: {'band_index': {'1': [62, 63], '-1': []}, 'kpoint_index': [0, 39, 40], 'kpoint': <pymatgen.electronic_structure.bandstructure.Kpoint object at 0x7fc5d4b5a3c0>, 'energy': 0.9430000000000001, 'projections': {'1': [[0.0, 0.0, 0.0, 0.0, 0.0, 0.0, 0.0, 0.0, 0.0, 0.0, 0.0, 0.0], [0.0, 0.0, 0.0, 0.0, 0.0089, 0.008, 0.0089, 0.008, 0.0089, 0.008, 0.008, 0.0089], [0.0, 0.0, 0.0, 0.0, 0.0081, 0.0089, 0.0081, 0.0089, 0.008, 0.0089, 0.0089, 0.008], [0.0, 0.0, 0.0, 0.0, 0.0339, 0.0339, 0.0339, 0.0339, 0.0339, 0.033800000000000004, 0.033800000000000004, 0.0339], [0.0017000000000000001, 0.0017000000000000001, 0.0019, 0.0019, 0.0, 0.0, 0.0, 0.0, 0.0, 0.0, 0.0, 0.0], [0.007200000000000001, 0.007200000000000001, 0.007200000000000001, 0.007200000000000001, 0.0, 0.0, 0.0, 0.0, 0.0, 0.0, 0.0, 0.0], [0.0253, 0.0253, 0.0228, 0.0228, 0.0001, 0.0001, 0.0001, 0.0001, 0.0001, 0.0001, 0.0001, 0.0001], [0.0019, 0.0019, 0.0017000000000000001, 0.0017000000000000001, 0.0, 0.0, 0.0, 0.0, 0.0, 0.0, 0.0, 0.0], [0.0707, 0.0707, 0.0731, 0.0732, 0.0002, 0.0002, 0.0002, 0.0002, 0.0002, 0.0002, 0.0002, 0.0002]]}}
bs_setyawan_curtarolo_efermi: 1.0487313600000001
bs_hinuma_task_id: mp-2181583
bs_hinuma_band_gap: 1.531499999999999
bs_hinuma_cbm: {'band_index': {'1': [44, 45], '-1': []}, 'kpoint_index': [0, 32, 33], 'kpoint': <pymatgen.electronic_structure.bandstructure.Kpoint object at 0x7fc5d4b59d30>, 'energy': 2.4768, 'projections': {'1': [[0.0, 0.0, 0.0, 0.0, 0.0, 0.0, 0.0, 0.0, 0.0, 0.0, 0.0, 0.0], [0.0, 0.0, 0.0, 0.0, 0.0002, 0.0002, 0.0002, 0.0002, 0.0002, 0.0002, 0.0002, 0.0002], [0.0, 0.0, 0.0, 0.0, 0.0001, 0.0001, 0.0001, 0.0001, 0.0001, 0.0001, 0.0001, 0.0001], [0.0, 0.0, 0.0, 0.0, 0.0004, 0.0004, 0.0004, 0.0004, 0.0004, 0.0004, 0.0004, 0.0004], [0.0155, 0.0154, 0.0155, 0.0155, 0.0002, 0.0002, 0.0002, 0.0002, 0.0002, 0.0002, 0.0002, 0.0002], [0.10990000000000001, 0.10980000000000001, 0.10990000000000001, 0.10990000000000001, 0.0015, 0.0015, 0.0015, 0.0015, 0.0015, 0.0015, 0.0015, 0.0015], [0.0023, 0.0023, 0.0023, 0.0023, 0.0, 0.0, 0.0, 0.0, 0.0, 0.0, 0.0, 0.0], [0.0437, 0.0437, 0.0437, 0.0437, 0.0006000000000000001, 0.0006000000000000001, 0.0006000000000000001, 0.0006000000000000001, 0.0006000000000000001, 0.0006000000000000001, 0.0006000000000000001, 0.0006000000000000001], [0.0146, 0.0146, 0.0146, 0.0146, 0.0001, 0.0001, 0.0001, 0.0001, 0.0001, 0.0001, 0.0001, 0.0001]]}}
bs_hinuma_vbm: {'band_index': {'-1': [62, 63], '1': []}, 'kpoint_index': [0, 32, 33], 'kpoint': <pymatgen.electronic_structure.bandstructure.Kpoint object at 0x7fc5d4b59c50>, 'energy': 0.9453, 'projections': {'-1': [[0.0, 0.0, 0.0, 0.0, 0.0, 0.0, 0.0, 0.0, 0.0, 0.0, 0.0, 0.0], [0.0, 0.0, 0.0, 0.0, 0.005200000000000001, 0.0053, 0.005200000000000001, 0.0053, 0.005200000000000001, 0.0053, 0.0053, 0.005200000000000001], [0.0, 0.0, 0.0, 0.0, 0.0328, 0.033, 0.0328, 0.033, 0.0328, 0.0328, 0.0328, 0.0328], [0.0, 0.0, 0.0, 0.0, 0.0126, 0.0126, 0.0126, 0.0126, 0.012700000000000001, 0.0126, 0.0126, 0.012700000000000001], [0.007, 0.007, 0.0071, 0.007, 0.0, 0.0, 0.0, 0.0, 0.0, 0.0, 0.0, 0.0], [0.0027, 0.0027, 0.0027, 0.0027, 0.0, 0.0, 0.0, 0.0, 0.0, 0.0, 0.0, 0.0], [0.09340000000000001, 0.0941, 0.0932, 0.09340000000000001, 0.0002, 0.0002, 0.0002, 0.0002, 0.0002, 0.0002, 0.0002, 0.0002], [0.0011, 0.0011, 0.0011, 0.0011, 0.0, 0.0, 0.0, 0.0, 0.0, 0.0, 0.0, 0.0], [0.0027, 0.0028, 0.0027, 0.0027, 0.0, 0.0, 0.0, 0.0, 0.0, 0.0, 0.0, 0.0]]}}
bs_hinuma_efermi: 1.04090439
bs_latimer_munro_task_id: mp-2338829
bs_latimer_munro_band_gap: 1.531499999999999
bs_latimer_munro_cbm: {'band_index': {'1': [44, 45], '-1': []}, 'kpoint_index': [37, 38, 52, 91, 92], 'kpoint': <pymatgen.electronic_structure.bandstructure.Kpoint object at 0x7fc5d4b5a430>, 'energy': 2.4768, 'projections': {'1': [[0.0, 0.0, 0.0, 0.0, 0.0, 0.0, 0.0, 0.0, 0.0, 0.0, 0.0, 0.0], [0.0, 0.0, 0.0, 0.0, 0.00030000000000000003, 0.00030000000000000003, 0.00030000000000000003, 0.00030000000000000003, 0.00030000000000000003, 0.00030000000000000003, 0.00030000000000000003, 0.00030000000000000003], [0.0, 0.0, 0.0, 0.0, 0.00030000000000000003, 0.00030000000000000003, 0.00030000000000000003, 0.00030000000000000003, 0.00030000000000000003, 0.00030000000000000003, 0.00030000000000000003, 0.00030000000000000003], [0.0, 0.0, 0.0, 0.0, 0.0, 0.0, 0.0, 0.0, 0.0, 0.0, 0.0, 0.0], [0.0784, 0.0784, 0.0784, 0.0784, 0.0011, 0.0011, 0.0011, 0.0011, 0.0011, 0.0011, 0.0011, 0.0011], [0.0009000000000000001, 0.0009000000000000001, 0.0009000000000000001, 0.0009000000000000001, 0.0, 0.0, 0.0, 0.0, 0.0, 0.0, 0.0, 0.0], [0.0118, 0.0118, 0.0118, 0.0118, 0.0001, 0.0001, 0.0001, 0.0001, 0.0001, 0.0001, 0.0001, 0.0001], [0.0898, 0.0897, 0.0898, 0.0897, 0.0012000000000000001, 0.0012000000000000001, 0.0012000000000000001, 0.0012000000000000001, 0.0012000000000000001, 0.0012000000000000001, 0.0012000000000000001, 0.0012000000000000001], [0.0051, 0.0051, 0.0051, 0.0051, 0.0, 0.0, 0.0, 0.0, 0.0, 0.0, 0.0, 0.0]]}}
bs_latimer_munro_vbm: {'band_index': {'-1': [62, 63], '1': []}, 'kpoint_index': [37, 38, 52, 91, 92], 'kpoint': <pymatgen.electronic_structure.bandstructure.Kpoint object at 0x7fc5d4b5a200>, 'energy': 0.9453, 'projections': {'-1': [[0.0, 0.0, 0.0, 0.0, 0.0, 0.0, 0.0, 0.0, 0.0, 0.0, 0.0, 0.0], [0.0, 0.0, 0.0, 0.0, 0.0327, 0.0328, 0.0327, 0.0328, 0.0328, 0.033, 0.033, 0.0328], [0.0, 0.0, 0.0, 0.0, 0.0061, 0.006200000000000001, 0.0061, 0.006200000000000001, 0.0061, 0.006200000000000001, 0.0061, 0.0061], [0.0, 0.0, 0.0, 0.0, 0.0117, 0.0117, 0.0117, 0.0117, 0.0118, 0.0118, 0.0118, 0.0118], [0.0013000000000000002, 0.0013000000000000002, 0.0013000000000000002, 0.0013000000000000002, 0.0, 0.0, 0.0, 0.0, 0.0, 0.0, 0.0, 0.0], [0.0025, 0.0025, 0.0025, 0.0025, 0.0, 0.0, 0.0, 0.0, 0.0, 0.0, 0.0, 0.0], [0.0175, 0.0176, 0.0175, 0.0175, 0.0, 0.0, 0.0, 0.0, 0.0, 0.0, 0.0, 0.0], [0.007, 0.007, 0.007, 0.0071, 0.0, 0.0, 0.0, 0.0, 0.0, 0.0, 0.0, 0.0], [0.0786, 0.0792, 0.0787, 0.0785, 0.0002, 0.0002, 0.0002, 0.0002, 0.0002, 0.0002, 0.0002, 0.0002]]}}
bs_latimer_munro_efermi: 1.03441662