material_id: mp-557135
band_gap: 0.9513
efermi: 0.97989421
dos_magnetic_ordering: NM
dos_total_task_id: mp-1733837
dos_total_band_gap: 0.936
dos_total_cbm: 1.8983
dos_total_vbm: 0.9623
dos_total_efermi: 0.969886999999999
bs_setyawan_curtarolo_task_id: mp-687808
bs_setyawan_curtarolo_band_gap: 0.9513
bs_setyawan_curtarolo_cbm: {'band_index': {'1': [116]}, 'kpoint_index': [0, 57, 58], 'kpoint': <pymatgen.electronic_structure.bandstructure.Kpoint object at 0x7fc699d63930>, 'energy': 1.9172, 'projections': {}}
bs_setyawan_curtarolo_vbm: {'band_index': {'1': [115]}, 'kpoint_index': ['48'], 'kpoint': <pymatgen.electronic_structure.bandstructure.Kpoint object at 0x7fc5d4b5a350>, 'energy': 0.9659000000000001, 'projections': {}}
bs_setyawan_curtarolo_efermi: 0.97989421
bs_hinuma_task_id: mp-2112935
bs_hinuma_band_gap: 0.9551000000000001
bs_hinuma_cbm: {'band_index': {'1': [116]}, 'kpoint_index': [0, 57, 58], 'kpoint': <pymatgen.electronic_structure.bandstructure.Kpoint object at 0x7fc5d4b5a3c0>, 'energy': 1.9171, 'projections': {'1': [[0.0, 0.0, 0.0, 0.0, 0.0022, 0.0022, 0.0022, 0.0022, 0.00030000000000000003, 0.00030000000000000003, 0.00030000000000000003, 0.00030000000000000003, 0.0001, 0.0001, 0.0006000000000000001, 0.0001, 0.0006000000000000001, 0.0, 0.0, 0.0001, 0.0001, 0.0001, 0.0001, 0.0, 0.0001, 0.0006000000000000001, 0.0, 0.0001, 0.0001, 0.0006000000000000001, 0.0001, 0.0001], [0.0, 0.0, 0.0, 0.0, 0.0, 0.0, 0.0, 0.0, 0.0, 0.0, 0.0, 0.0, 0.0001, 0.0001, 0.0, 0.0, 0.0, 0.0, 0.0, 0.0001, 0.0001, 0.0, 0.0001, 0.0, 0.0001, 0.0, 0.0, 0.0, 0.0001, 0.0, 0.0001, 0.0], [0.0001, 0.0001, 0.0001, 0.0001, 0.0, 0.0, 0.0, 0.0, 0.00030000000000000003, 0.00030000000000000003, 0.00030000000000000003, 0.00030000000000000003, 0.00030000000000000003, 0.00030000000000000003, 0.0, 0.0002, 0.0, 0.0, 0.0, 0.00030000000000000003, 0.00030000000000000003, 0.0002, 0.00030000000000000003, 0.0, 0.00030000000000000003, 0.0, 0.0, 0.0002, 0.00030000000000000003, 0.0, 0.00030000000000000003, 0.0002], [0.0001, 0.0001, 0.0001, 0.0001, 0.0002, 0.0002, 0.0002, 0.0002, 0.0046, 0.0046, 0.0046, 0.0046, 0.0001, 0.0001, 0.0017000000000000001, 0.0, 0.0017000000000000001, 0.0002, 0.0002, 0.0001, 0.0001, 0.0, 0.0001, 0.0002, 0.0001, 0.0017000000000000001, 0.0002, 0.0, 0.0001, 0.0017000000000000001, 0.0001, 0.0], [0.0, 0.0, 0.0, 0.0, 0.0, 0.0, 0.0, 0.0, 0.0, 0.0, 0.0, 0.0, 0.0, 0.0, 0.0, 0.0, 0.0, 0.0, 0.0, 0.0, 0.0, 0.0, 0.0, 0.0, 0.0, 0.0, 0.0, 0.0, 0.0, 0.0, 0.0, 0.0], [0.0, 0.0, 0.0, 0.0, 0.0, 0.0, 0.0, 0.0, 0.0, 0.0, 0.0, 0.0, 0.0, 0.0, 0.0, 0.0, 0.0, 0.0, 0.0, 0.0, 0.0, 0.0, 0.0, 0.0, 0.0, 0.0, 0.0, 0.0, 0.0, 0.0, 0.0, 0.0], [0.165, 0.165, 0.165, 0.165, 0.0, 0.0, 0.0, 0.0, 0.0, 0.0, 0.0, 0.0, 0.0, 0.0, 0.0, 0.0, 0.0, 0.0, 0.0, 0.0, 0.0, 0.0, 0.0, 0.0, 0.0, 0.0, 0.0, 0.0, 0.0, 0.0, 0.0, 0.0], [0.00030000000000000003, 0.00030000000000000003, 0.00030000000000000003, 0.00030000000000000003, 0.0015, 0.0015, 0.0015, 0.0015, 0.0001, 0.0001, 0.0001, 0.0001, 0.0, 0.0, 0.0, 0.0, 0.0, 0.0, 0.0, 0.0, 0.0, 0.0, 0.0, 0.0, 0.0, 0.0, 0.0, 0.0, 0.0, 0.0, 0.0, 0.0], [0.0393, 0.0393, 0.0393, 0.0393, 0.0019, 0.0019, 0.0019, 0.0019, 0.0001, 0.0001, 0.0001, 0.0001, 0.0, 0.0, 0.0, 0.0, 0.0, 0.0, 0.0, 0.0, 0.0, 0.0, 0.0, 0.0, 0.0, 0.0, 0.0, 0.0, 0.0, 0.0, 0.0, 0.0]]}}
bs_hinuma_vbm: {'band_index': {'1': [115]}, 'kpoint_index': ['48'], 'kpoint': <pymatgen.electronic_structure.bandstructure.Kpoint object at 0x7fc5d4b59d30>, 'energy': 0.962, 'projections': {'1': [[0.0001, 0.0001, 0.0001, 0.0001, 0.0, 0.0, 0.0, 0.0, 0.0016, 0.0016, 0.0016, 0.0016, 0.0002, 0.0002, 0.0, 0.0, 0.0, 0.0001, 0.0001, 0.0002, 0.0002, 0.0, 0.0002, 0.0001, 0.0002, 0.0, 0.0001, 0.0, 0.0002, 0.0, 0.0002, 0.0], [0.0, 0.0, 0.0, 0.0, 0.0002, 0.0002, 0.0002, 0.0002, 0.0004, 0.0004, 0.0004, 0.0004, 0.0019, 0.0019, 0.0056, 0.0007, 0.0056, 0.0026000000000000003, 0.0026000000000000003, 0.0019, 0.0019, 0.0007, 0.0019, 0.0026000000000000003, 0.0019, 0.0056, 0.0026000000000000003, 0.0007, 0.0019, 0.0056, 0.0019, 0.0007], [0.0, 0.0, 0.0, 0.0, 0.0002, 0.0002, 0.0002, 0.0002, 0.0012000000000000001, 0.0012000000000000001, 0.0012000000000000001, 0.0012000000000000001, 0.004200000000000001, 0.004200000000000001, 0.0055000000000000005, 0.0, 0.0055000000000000005, 0.0017000000000000001, 0.0017000000000000001, 0.004200000000000001, 0.004200000000000001, 0.0, 0.004200000000000001, 0.0017000000000000001, 0.004200000000000001, 0.0055000000000000005, 0.0017000000000000001, 0.0, 0.004200000000000001, 0.0055000000000000005, 0.004200000000000001, 0.0], [0.0, 0.0, 0.0, 0.0, 0.0015, 0.0015, 0.0015, 0.0015, 0.00030000000000000003, 0.00030000000000000003, 0.00030000000000000003, 0.00030000000000000003, 0.0029000000000000002, 0.0029000000000000002, 0.0463, 0.0, 0.0463, 0.00030000000000000003, 0.00030000000000000003, 0.0029000000000000002, 0.0029000000000000002, 0.0, 0.0029000000000000002, 0.00030000000000000003, 0.0029000000000000002, 0.0463, 0.00030000000000000003, 0.0, 0.0029000000000000002, 0.046400000000000004, 0.0029000000000000002, 0.0], [0.0006000000000000001, 0.0006000000000000001, 0.0006000000000000001, 0.0006000000000000001, 0.0009000000000000001, 0.0009000000000000001, 0.0009000000000000001, 0.0009000000000000001, 0.0, 0.0, 0.0, 0.0, 0.0, 0.0, 0.0, 0.0, 0.0, 0.0, 0.0, 0.0, 0.0, 0.0, 0.0, 0.0, 0.0, 0.0, 0.0, 0.0, 0.0, 0.0, 0.0, 0.0], [0.0013000000000000002, 0.0013000000000000002, 0.0013000000000000002, 0.0013000000000000002, 0.00030000000000000003, 0.00030000000000000003, 0.00030000000000000003, 0.00030000000000000003, 0.0, 0.0, 0.0, 0.0, 0.0, 0.0, 0.0, 0.0, 0.0, 0.0, 0.0, 0.0, 0.0, 0.0, 0.0, 0.0, 0.0, 0.0, 0.0, 0.0, 0.0, 0.0, 0.0, 0.0], [0.0, 0.0, 0.0, 0.0, 0.0152, 0.0152, 0.0152, 0.0152, 0.0006000000000000001, 0.0006000000000000001, 0.0006000000000000001, 0.0006000000000000001, 0.0, 0.0, 0.0, 0.0, 0.0, 0.0, 0.0, 0.0, 0.0, 0.0, 0.0, 0.0, 0.0, 0.0, 0.0, 0.0, 0.0, 0.0, 0.0, 0.0], [0.00030000000000000003, 0.00030000000000000003, 0.00030000000000000003, 0.00030000000000000003, 0.11270000000000001, 0.11280000000000001, 0.11270000000000001, 0.11280000000000001, 0.0014, 0.0014, 0.0014, 0.0014, 0.0, 0.0, 0.0, 0.0, 0.0, 0.0, 0.0, 0.0, 0.0, 0.0, 0.0, 0.0, 0.0, 0.0, 0.0, 0.0, 0.0, 0.0, 0.0, 0.0], [0.0, 0.0, 0.0, 0.0, 0.0006000000000000001, 0.0006000000000000001, 0.0006000000000000001, 0.0006000000000000001, 0.0, 0.0, 0.0, 0.0, 0.0, 0.0, 0.0, 0.0, 0.0, 0.0, 0.0, 0.0, 0.0, 0.0, 0.0, 0.0, 0.0, 0.0, 0.0, 0.0, 0.0, 0.0, 0.0, 0.0]]}}
bs_hinuma_efermi: 1.0256485
bs_latimer_munro_task_id: mp-2303474
bs_latimer_munro_band_gap: 0.9551000000000001
bs_latimer_munro_cbm: {'band_index': {'1': [116]}, 'kpoint_index': [28, 29, 137, 138, 219, 220], 'kpoint': <pymatgen.electronic_structure.bandstructure.Kpoint object at 0x7fc5d4b5a200>, 'energy': 1.9171, 'projections': {'1': [[0.0, 0.0, 0.0, 0.0, 0.0022, 0.0022, 0.0022, 0.0022, 0.00030000000000000003, 0.00030000000000000003, 0.00030000000000000003, 0.00030000000000000003, 0.0001, 0.0001, 0.0006000000000000001, 0.0001, 0.0006000000000000001, 0.0, 0.0, 0.0001, 0.0001, 0.0001, 0.0001, 0.0, 0.0001, 0.0006000000000000001, 0.0, 0.0001, 0.0001, 0.0006000000000000001, 0.0001, 0.0001], [0.0, 0.0, 0.0, 0.0, 0.0, 0.0, 0.0, 0.0, 0.0, 0.0, 0.0, 0.0, 0.0001, 0.0001, 0.0, 0.0, 0.0, 0.0, 0.0, 0.0001, 0.0001, 0.0, 0.0001, 0.0, 0.0001, 0.0, 0.0, 0.0, 0.0001, 0.0, 0.0001, 0.0], [0.0001, 0.0001, 0.0001, 0.0001, 0.0, 0.0, 0.0, 0.0, 0.00030000000000000003, 0.00030000000000000003, 0.00030000000000000003, 0.00030000000000000003, 0.00030000000000000003, 0.00030000000000000003, 0.0, 0.0002, 0.0, 0.0, 0.0, 0.00030000000000000003, 0.00030000000000000003, 0.0002, 0.00030000000000000003, 0.0, 0.00030000000000000003, 0.0, 0.0, 0.0002, 0.00030000000000000003, 0.0, 0.00030000000000000003, 0.0002], [0.0001, 0.0001, 0.0001, 0.0001, 0.0002, 0.0002, 0.0002, 0.0002, 0.0046, 0.0046, 0.0046, 0.0046, 0.0001, 0.0001, 0.0017000000000000001, 0.0, 0.0017000000000000001, 0.0002, 0.0002, 0.0001, 0.0001, 0.0, 0.0001, 0.0002, 0.0001, 0.0017000000000000001, 0.0002, 0.0, 0.0001, 0.0017000000000000001, 0.0001, 0.0], [0.0, 0.0, 0.0, 0.0, 0.0, 0.0, 0.0, 0.0, 0.0, 0.0, 0.0, 0.0, 0.0, 0.0, 0.0, 0.0, 0.0, 0.0, 0.0, 0.0, 0.0, 0.0, 0.0, 0.0, 0.0, 0.0, 0.0, 0.0, 0.0, 0.0, 0.0, 0.0], [0.0, 0.0, 0.0, 0.0, 0.0, 0.0, 0.0, 0.0, 0.0, 0.0, 0.0, 0.0, 0.0, 0.0, 0.0, 0.0, 0.0, 0.0, 0.0, 0.0, 0.0, 0.0, 0.0, 0.0, 0.0, 0.0, 0.0, 0.0, 0.0, 0.0, 0.0, 0.0], [0.1651, 0.165, 0.165, 0.165, 0.0, 0.0, 0.0, 0.0, 0.0, 0.0, 0.0, 0.0, 0.0, 0.0, 0.0, 0.0, 0.0, 0.0, 0.0, 0.0, 0.0, 0.0, 0.0, 0.0, 0.0, 0.0, 0.0, 0.0, 0.0, 0.0, 0.0, 0.0], [0.00030000000000000003, 0.00030000000000000003, 0.00030000000000000003, 0.00030000000000000003, 0.0015, 0.0015, 0.0015, 0.0015, 0.0001, 0.0001, 0.0001, 0.0001, 0.0, 0.0, 0.0, 0.0, 0.0, 0.0, 0.0, 0.0, 0.0, 0.0, 0.0, 0.0, 0.0, 0.0, 0.0, 0.0, 0.0, 0.0, 0.0, 0.0], [0.0393, 0.0393, 0.0393, 0.0393, 0.0019, 0.0019, 0.0019, 0.0019, 0.0001, 0.0001, 0.0001, 0.0001, 0.0, 0.0, 0.0, 0.0, 0.0, 0.0, 0.0, 0.0, 0.0, 0.0, 0.0, 0.0, 0.0, 0.0, 0.0, 0.0, 0.0, 0.0, 0.0, 0.0]]}}
bs_latimer_munro_vbm: {'band_index': {'1': [115]}, 'kpoint_index': ['210'], 'kpoint': <pymatgen.electronic_structure.bandstructure.Kpoint object at 0x7fc5d4b59be0>, 'energy': 0.962, 'projections': {'1': [[0.0001, 0.0001, 0.0001, 0.0001, 0.0, 0.0, 0.0, 0.0, 0.0016, 0.0016, 0.0016, 0.0016, 0.0002, 0.0002, 0.0, 0.0, 0.0, 0.0001, 0.0001, 0.0002, 0.0002, 0.0, 0.0002, 0.0001, 0.0002, 0.0, 0.0001, 0.0, 0.0002, 0.0, 0.0002, 0.0], [0.0, 0.0, 0.0, 0.0, 0.0002, 0.0002, 0.0002, 0.0002, 0.0004, 0.0004, 0.0004, 0.0004, 0.0019, 0.0019, 0.0056, 0.0007, 0.0056, 0.0026000000000000003, 0.0026000000000000003, 0.0019, 0.0019, 0.0007, 0.0019, 0.0026000000000000003, 0.0019, 0.0056, 0.0026000000000000003, 0.0007, 0.0019, 0.0056, 0.0019, 0.0007], [0.0, 0.0, 0.0, 0.0, 0.0002, 0.0002, 0.0002, 0.0002, 0.0012000000000000001, 0.0012000000000000001, 0.0012000000000000001, 0.0012000000000000001, 0.004200000000000001, 0.004200000000000001, 0.0055000000000000005, 0.0, 0.0055000000000000005, 0.0017000000000000001, 0.0017000000000000001, 0.004200000000000001, 0.004200000000000001, 0.0, 0.004200000000000001, 0.0017000000000000001, 0.004200000000000001, 0.0055000000000000005, 0.0017000000000000001, 0.0, 0.004200000000000001, 0.0055000000000000005, 0.004200000000000001, 0.0], [0.0, 0.0, 0.0, 0.0, 0.0015, 0.0015, 0.0015, 0.0015, 0.00030000000000000003, 0.00030000000000000003, 0.00030000000000000003, 0.00030000000000000003, 0.0029000000000000002, 0.0029000000000000002, 0.0463, 0.0, 0.0463, 0.00030000000000000003, 0.00030000000000000003, 0.0029000000000000002, 0.0029000000000000002, 0.0, 0.0029000000000000002, 0.00030000000000000003, 0.0029000000000000002, 0.0463, 0.00030000000000000003, 0.0, 0.0029000000000000002, 0.0463, 0.0029000000000000002, 0.0], [0.0006000000000000001, 0.0006000000000000001, 0.0006000000000000001, 0.0006000000000000001, 0.0009000000000000001, 0.0009000000000000001, 0.0009000000000000001, 0.0009000000000000001, 0.0, 0.0, 0.0, 0.0, 0.0, 0.0, 0.0, 0.0, 0.0, 0.0, 0.0, 0.0, 0.0, 0.0, 0.0, 0.0, 0.0, 0.0, 0.0, 0.0, 0.0, 0.0, 0.0, 0.0], [0.0013000000000000002, 0.0013000000000000002, 0.0013000000000000002, 0.0013000000000000002, 0.00030000000000000003, 0.00030000000000000003, 0.00030000000000000003, 0.00030000000000000003, 0.0, 0.0, 0.0, 0.0, 0.0, 0.0, 0.0, 0.0, 0.0, 0.0, 0.0, 0.0, 0.0, 0.0, 0.0, 0.0, 0.0, 0.0, 0.0, 0.0, 0.0, 0.0, 0.0, 0.0], [0.0, 0.0, 0.0, 0.0, 0.0152, 0.0152, 0.0152, 0.0152, 0.0006000000000000001, 0.0006000000000000001, 0.0006000000000000001, 0.0006000000000000001, 0.0, 0.0, 0.0, 0.0, 0.0, 0.0, 0.0, 0.0, 0.0, 0.0, 0.0, 0.0, 0.0, 0.0, 0.0, 0.0, 0.0, 0.0, 0.0, 0.0], [0.00030000000000000003, 0.00030000000000000003, 0.00030000000000000003, 0.00030000000000000003, 0.11270000000000001, 0.11280000000000001, 0.11270000000000001, 0.11280000000000001, 0.0014, 0.0014, 0.0014, 0.0014, 0.0, 0.0, 0.0, 0.0, 0.0, 0.0, 0.0, 0.0, 0.0, 0.0, 0.0, 0.0, 0.0, 0.0, 0.0, 0.0, 0.0, 0.0, 0.0, 0.0], [0.0, 0.0, 0.0, 0.0, 0.0006000000000000001, 0.0006000000000000001, 0.0006000000000000001, 0.0006000000000000001, 0.0, 0.0, 0.0, 0.0, 0.0, 0.0, 0.0, 0.0, 0.0, 0.0, 0.0, 0.0, 0.0, 0.0, 0.0, 0.0, 0.0, 0.0, 0.0, 0.0, 0.0, 0.0, 0.0, 0.0]]}}
bs_latimer_munro_efermi: 1.04502487