material_id: mp-569857
band_gap: 1.0327
efermi: 2.26680503
dos_magnetic_ordering: NM
dos_total_task_id: mp-1764006
dos_total_band_gap: 1.079199999999999
dos_total_cbm: 3.203
dos_total_vbm: 2.1238
dos_total_efermi: 2.12921383
bs_setyawan_curtarolo_task_id: mp-1612648
bs_setyawan_curtarolo_band_gap: 1.0327
bs_setyawan_curtarolo_cbm: {'band_index': {'1': [66]}, 'kpoint_index': ['32'], 'kpoint': <pymatgen.electronic_structure.bandstructure.Kpoint object at 0x7fc699d63930>, 'energy': 3.1839, 'projections': {'1': [[0.0048000000000000004, 0.0048000000000000004, 0.0009000000000000001, 0.0009000000000000001, 0.0009000000000000001, 0.0048000000000000004, 0.0048000000000000004, 0.0009000000000000001, 0.0047, 0.0099, 0.0099, 0.0047, 0.0099, 0.0047, 0.0047, 0.0099, 0.0047, 0.0047, 0.0047, 0.0047], [0.0, 0.0, 0.0, 0.0, 0.0, 0.0, 0.0, 0.0, 0.0016, 0.0164, 0.0164, 0.0016, 0.0164, 0.0016, 0.0016, 0.0164, 0.0016, 0.0016, 0.0016, 0.0016], [0.0001, 0.0001, 0.0006000000000000001, 0.0006000000000000001, 0.0006000000000000001, 0.0001, 0.0001, 0.0006000000000000001, 0.0001, 0.0, 0.0, 0.0001, 0.0, 0.0001, 0.0001, 0.0, 0.0001, 0.0001, 0.0001, 0.0001], [0.0, 0.0, 0.0, 0.0, 0.0, 0.0, 0.0, 0.0, 0.0082, 0.0008, 0.0008, 0.0082, 0.0008, 0.0083, 0.0082, 0.0008, 0.0082, 0.0083, 0.0082, 0.0083], [0.0, 0.0, 0.0, 0.0, 0.0, 0.0, 0.0, 0.0, 0.0, 0.0, 0.0, 0.0, 0.0, 0.0, 0.0, 0.0, 0.0, 0.0, 0.0, 0.0], [0.0, 0.0, 0.0, 0.0, 0.0, 0.0, 0.0, 0.0, 0.0, 0.0, 0.0, 0.0, 0.0, 0.0, 0.0, 0.0, 0.0, 0.0, 0.0, 0.0], [0.0033, 0.0033, 0.0008, 0.0008, 0.0008, 0.0033, 0.0033, 0.0008, 0.0, 0.0, 0.0, 0.0, 0.0, 0.0, 0.0, 0.0, 0.0, 0.0, 0.0, 0.0], [0.0, 0.0, 0.0, 0.0, 0.0, 0.0, 0.0, 0.0, 0.0, 0.0, 0.0, 0.0, 0.0, 0.0, 0.0, 0.0, 0.0, 0.0, 0.0, 0.0], [0.0001, 0.0001, 0.0001, 0.0001, 0.0001, 0.0001, 0.0001, 0.0001, 0.0, 0.0, 0.0, 0.0, 0.0, 0.0, 0.0, 0.0, 0.0, 0.0, 0.0, 0.0]]}}
bs_setyawan_curtarolo_vbm: {'band_index': {'1': [65]}, 'kpoint_index': ['31'], 'kpoint': <pymatgen.electronic_structure.bandstructure.Kpoint object at 0x7fc5d4b59be0>, 'energy': 2.1512000000000002, 'projections': {'1': [[0.0001, 0.0001, 0.0008, 0.0008, 0.0008, 0.0001, 0.0001, 0.0008, 0.0002, 0.0001, 0.0001, 0.0002, 0.0001, 0.0002, 0.0002, 0.0001, 0.0002, 0.0002, 0.0002, 0.0002], [0.0, 0.0, 0.0, 0.0, 0.0, 0.0, 0.0, 0.0, 0.0001, 0.00030000000000000003, 0.00030000000000000003, 0.0001, 0.00030000000000000003, 0.0001, 0.0001, 0.00030000000000000003, 0.0001, 0.0001, 0.0001, 0.0001], [0.0011, 0.0011, 0.0002, 0.0002, 0.0002, 0.0011, 0.0011, 0.0002, 0.022, 0.040600000000000004, 0.040600000000000004, 0.022, 0.040600000000000004, 0.022, 0.022, 0.040600000000000004, 0.022, 0.022, 0.022, 0.022], [0.0, 0.0, 0.0, 0.0, 0.0, 0.0, 0.0, 0.0, 0.00030000000000000003, 0.00030000000000000003, 0.00030000000000000003, 0.00030000000000000003, 0.00030000000000000003, 0.00030000000000000003, 0.00030000000000000003, 0.00030000000000000003, 0.00030000000000000003, 0.00030000000000000003, 0.00030000000000000003, 0.00030000000000000003], [0.00030000000000000003, 0.00030000000000000003, 0.00030000000000000003, 0.00030000000000000003, 0.00030000000000000003, 0.00030000000000000003, 0.00030000000000000003, 0.00030000000000000003, 0.0, 0.0, 0.0, 0.0, 0.0, 0.0, 0.0, 0.0, 0.0, 0.0, 0.0, 0.0], [0.0, 0.0, 0.0, 0.0, 0.0, 0.0, 0.0, 0.0, 0.0, 0.0, 0.0, 0.0, 0.0, 0.0, 0.0, 0.0, 0.0, 0.0, 0.0, 0.0], [0.0, 0.0, 0.0001, 0.0001, 0.0001, 0.0, 0.0, 0.0001, 0.0, 0.0, 0.0, 0.0, 0.0, 0.0, 0.0, 0.0, 0.0, 0.0, 0.0, 0.0], [0.0, 0.0, 0.0, 0.0, 0.0, 0.0, 0.0, 0.0, 0.0, 0.0, 0.0, 0.0, 0.0, 0.0, 0.0, 0.0, 0.0, 0.0, 0.0, 0.0], [0.001, 0.001, 0.0002, 0.0002, 0.0002, 0.001, 0.001, 0.0002, 0.0, 0.0, 0.0, 0.0, 0.0, 0.0, 0.0, 0.0, 0.0, 0.0, 0.0, 0.0]]}}
bs_setyawan_curtarolo_efermi: 2.26680503
bs_hinuma_task_id: mp-2175214
bs_hinuma_band_gap: 1.0327
bs_hinuma_cbm: {'band_index': {'1': [66]}, 'kpoint_index': ['32'], 'kpoint': <pymatgen.electronic_structure.bandstructure.Kpoint object at 0x7fc5d4b5a430>, 'energy': 3.1839, 'projections': {'1': [[0.0048000000000000004, 0.0048000000000000004, 0.0009000000000000001, 0.0009000000000000001, 0.0009000000000000001, 0.0048000000000000004, 0.0048000000000000004, 0.0009000000000000001, 0.0047, 0.0099, 0.0099, 0.0047, 0.0099, 0.0047, 0.0047, 0.0099, 0.0047, 0.0047, 0.0047, 0.0047], [0.0, 0.0, 0.0, 0.0, 0.0, 0.0, 0.0, 0.0, 0.0016, 0.0164, 0.0164, 0.0016, 0.0164, 0.0016, 0.0016, 0.0164, 0.0016, 0.0016, 0.0016, 0.0016], [0.0001, 0.0001, 0.0006000000000000001, 0.0006000000000000001, 0.0006000000000000001, 0.0001, 0.0001, 0.0006000000000000001, 0.0001, 0.0, 0.0, 0.0001, 0.0, 0.0001, 0.0001, 0.0, 0.0001, 0.0001, 0.0001, 0.0001], [0.0, 0.0, 0.0, 0.0, 0.0, 0.0, 0.0, 0.0, 0.0082, 0.0008, 0.0008, 0.0082, 0.0008, 0.0083, 0.0082, 0.0008, 0.0082, 0.0083, 0.0082, 0.0083], [0.0, 0.0, 0.0, 0.0, 0.0, 0.0, 0.0, 0.0, 0.0, 0.0, 0.0, 0.0, 0.0, 0.0, 0.0, 0.0, 0.0, 0.0, 0.0, 0.0], [0.0, 0.0, 0.0, 0.0, 0.0, 0.0, 0.0, 0.0, 0.0, 0.0, 0.0, 0.0, 0.0, 0.0, 0.0, 0.0, 0.0, 0.0, 0.0, 0.0], [0.0033, 0.0033, 0.0008, 0.0008, 0.0008, 0.0033, 0.0033, 0.0008, 0.0, 0.0, 0.0, 0.0, 0.0, 0.0, 0.0, 0.0, 0.0, 0.0, 0.0, 0.0], [0.0, 0.0, 0.0, 0.0, 0.0, 0.0, 0.0, 0.0, 0.0, 0.0, 0.0, 0.0, 0.0, 0.0, 0.0, 0.0, 0.0, 0.0, 0.0, 0.0], [0.0001, 0.0001, 0.0001, 0.0001, 0.0001, 0.0001, 0.0001, 0.0001, 0.0, 0.0, 0.0, 0.0, 0.0, 0.0, 0.0, 0.0, 0.0, 0.0, 0.0, 0.0]]}}
bs_hinuma_vbm: {'band_index': {'1': [65]}, 'kpoint_index': ['31'], 'kpoint': <pymatgen.electronic_structure.bandstructure.Kpoint object at 0x7fc5d4b59d30>, 'energy': 2.1512000000000002, 'projections': {'1': [[0.0001, 0.0001, 0.0008, 0.0008, 0.0008, 0.0001, 0.0001, 0.0008, 0.0002, 0.0001, 0.0001, 0.0002, 0.0001, 0.0002, 0.0002, 0.0001, 0.0002, 0.0002, 0.0002, 0.0002], [0.0, 0.0, 0.0, 0.0, 0.0, 0.0, 0.0, 0.0, 0.0001, 0.00030000000000000003, 0.00030000000000000003, 0.0001, 0.00030000000000000003, 0.0001, 0.0001, 0.00030000000000000003, 0.0001, 0.0001, 0.0001, 0.0001], [0.0011, 0.0011, 0.0002, 0.0002, 0.0002, 0.0011, 0.0011, 0.0002, 0.022, 0.040600000000000004, 0.040600000000000004, 0.022, 0.040600000000000004, 0.022, 0.022, 0.040600000000000004, 0.022, 0.022, 0.022, 0.022], [0.0, 0.0, 0.0, 0.0, 0.0, 0.0, 0.0, 0.0, 0.00030000000000000003, 0.00030000000000000003, 0.00030000000000000003, 0.00030000000000000003, 0.00030000000000000003, 0.00030000000000000003, 0.00030000000000000003, 0.00030000000000000003, 0.00030000000000000003, 0.00030000000000000003, 0.00030000000000000003, 0.00030000000000000003], [0.00030000000000000003, 0.00030000000000000003, 0.00030000000000000003, 0.00030000000000000003, 0.00030000000000000003, 0.00030000000000000003, 0.00030000000000000003, 0.00030000000000000003, 0.0, 0.0, 0.0, 0.0, 0.0, 0.0, 0.0, 0.0, 0.0, 0.0, 0.0, 0.0], [0.0, 0.0, 0.0, 0.0, 0.0, 0.0, 0.0, 0.0, 0.0, 0.0, 0.0, 0.0, 0.0, 0.0, 0.0, 0.0, 0.0, 0.0, 0.0, 0.0], [0.0, 0.0, 0.0001, 0.0001, 0.0001, 0.0, 0.0, 0.0001, 0.0, 0.0, 0.0, 0.0, 0.0, 0.0, 0.0, 0.0, 0.0, 0.0, 0.0, 0.0], [0.0, 0.0, 0.0, 0.0, 0.0, 0.0, 0.0, 0.0, 0.0, 0.0, 0.0, 0.0, 0.0, 0.0, 0.0, 0.0, 0.0, 0.0, 0.0, 0.0], [0.001, 0.001, 0.0002, 0.0002, 0.0002, 0.001, 0.001, 0.0002, 0.0, 0.0, 0.0, 0.0, 0.0, 0.0, 0.0, 0.0, 0.0, 0.0, 0.0, 0.0]]}}
bs_hinuma_efermi: 2.26680508
bs_latimer_munro_task_id: mp-2327029
bs_latimer_munro_band_gap: 1.0327
bs_latimer_munro_cbm: {'band_index': {'1': [66]}, 'kpoint_index': ['176'], 'kpoint': <pymatgen.electronic_structure.bandstructure.Kpoint object at 0x7fc5d4b59e80>, 'energy': 3.1839, 'projections': {'1': [[0.0048000000000000004, 0.0048000000000000004, 0.0009000000000000001, 0.0009000000000000001, 0.0009000000000000001, 0.0048000000000000004, 0.0048000000000000004, 0.0009000000000000001, 0.0047, 0.0099, 0.0099, 0.0047, 0.0099, 0.0047, 0.0047, 0.0099, 0.0047, 0.0047, 0.0047, 0.0047], [0.0, 0.0, 0.0, 0.0, 0.0, 0.0, 0.0, 0.0, 0.0016, 0.0164, 0.0164, 0.0016, 0.0164, 0.0016, 0.0016, 0.0164, 0.0016, 0.0016, 0.0016, 0.0016], [0.0001, 0.0001, 0.0006000000000000001, 0.0006000000000000001, 0.0006000000000000001, 0.0001, 0.0001, 0.0006000000000000001, 0.0001, 0.0, 0.0, 0.0001, 0.0, 0.0001, 0.0001, 0.0, 0.0001, 0.0001, 0.0001, 0.0001], [0.0, 0.0, 0.0, 0.0, 0.0, 0.0, 0.0, 0.0, 0.0082, 0.0008, 0.0008, 0.0082, 0.0008, 0.0082, 0.0083, 0.0008, 0.0082, 0.0082, 0.0083, 0.0083], [0.0, 0.0, 0.0, 0.0, 0.0, 0.0, 0.0, 0.0, 0.0, 0.0, 0.0, 0.0, 0.0, 0.0, 0.0, 0.0, 0.0, 0.0, 0.0, 0.0], [0.0, 0.0, 0.0, 0.0, 0.0, 0.0, 0.0, 0.0, 0.0, 0.0, 0.0, 0.0, 0.0, 0.0, 0.0, 0.0, 0.0, 0.0, 0.0, 0.0], [0.0033, 0.0033, 0.0008, 0.0008, 0.0008, 0.0033, 0.0034000000000000002, 0.0008, 0.0, 0.0, 0.0, 0.0, 0.0, 0.0, 0.0, 0.0, 0.0, 0.0, 0.0, 0.0], [0.0, 0.0, 0.0, 0.0, 0.0, 0.0, 0.0, 0.0, 0.0, 0.0, 0.0, 0.0, 0.0, 0.0, 0.0, 0.0, 0.0, 0.0, 0.0, 0.0], [0.0001, 0.0001, 0.0001, 0.0001, 0.0001, 0.0001, 0.0001, 0.0001, 0.0, 0.0, 0.0, 0.0, 0.0, 0.0, 0.0, 0.0, 0.0, 0.0, 0.0, 0.0]]}}
bs_latimer_munro_vbm: {'band_index': {'1': [65]}, 'kpoint_index': ['177'], 'kpoint': <pymatgen.electronic_structure.bandstructure.Kpoint object at 0x7fc5d4b5a190>, 'energy': 2.1512000000000002, 'projections': {'1': [[0.0001, 0.0001, 0.0008, 0.0008, 0.0008, 0.0001, 0.0001, 0.0008, 0.0002, 0.0001, 0.0001, 0.0002, 0.0001, 0.0002, 0.0002, 0.0001, 0.0002, 0.0002, 0.0002, 0.0002], [0.0, 0.0, 0.0, 0.0, 0.0, 0.0, 0.0, 0.0, 0.0001, 0.00030000000000000003, 0.00030000000000000003, 0.0001, 0.00030000000000000003, 0.0001, 0.0001, 0.00030000000000000003, 0.0001, 0.0001, 0.0001, 0.0001], [0.0011, 0.0011, 0.0002, 0.0002, 0.0002, 0.0011, 0.0011, 0.0002, 0.022, 0.040600000000000004, 0.040600000000000004, 0.022, 0.040600000000000004, 0.022, 0.022, 0.040600000000000004, 0.022, 0.022, 0.022, 0.022], [0.0, 0.0, 0.0, 0.0, 0.0, 0.0, 0.0, 0.0, 0.00030000000000000003, 0.00030000000000000003, 0.00030000000000000003, 0.00030000000000000003, 0.00030000000000000003, 0.00030000000000000003, 0.00030000000000000003, 0.00030000000000000003, 0.00030000000000000003, 0.00030000000000000003, 0.00030000000000000003, 0.00030000000000000003], [0.00030000000000000003, 0.00030000000000000003, 0.00030000000000000003, 0.00030000000000000003, 0.00030000000000000003, 0.00030000000000000003, 0.00030000000000000003, 0.00030000000000000003, 0.0, 0.0, 0.0, 0.0, 0.0, 0.0, 0.0, 0.0, 0.0, 0.0, 0.0, 0.0], [0.0, 0.0, 0.0, 0.0, 0.0, 0.0, 0.0, 0.0, 0.0, 0.0, 0.0, 0.0, 0.0, 0.0, 0.0, 0.0, 0.0, 0.0, 0.0, 0.0], [0.0, 0.0, 0.0001, 0.0001, 0.0001, 0.0, 0.0, 0.0001, 0.0, 0.0, 0.0, 0.0, 0.0, 0.0, 0.0, 0.0, 0.0, 0.0, 0.0, 0.0], [0.0, 0.0, 0.0, 0.0, 0.0, 0.0, 0.0, 0.0, 0.0, 0.0, 0.0, 0.0, 0.0, 0.0, 0.0, 0.0, 0.0, 0.0, 0.0, 0.0], [0.001, 0.001, 0.0002, 0.0002, 0.0002, 0.001, 0.001, 0.0002, 0.0, 0.0, 0.0, 0.0, 0.0, 0.0, 0.0, 0.0, 0.0, 0.0, 0.0, 0.0]]}}
bs_latimer_munro_efermi: 2.2430381