material_id: mp-568968
band_gap: 1.4785
efermi: 1.36335561
dos_magnetic_ordering: NM
dos_total_task_id: mp-2283429
dos_total_band_gap: 1.2945
dos_total_cbm: 2.7385
dos_total_vbm: 1.444
dos_total_efermi: 1.50565013
bs_setyawan_curtarolo_task_id: mp-1601371
bs_setyawan_curtarolo_band_gap: 1.4785
bs_setyawan_curtarolo_cbm: {'band_index': {'1': [34]}, 'kpoint_index': [0, 40, 41], 'kpoint': <pymatgen.electronic_structure.bandstructure.Kpoint object at 0x7fc699d63930>, 'energy': 2.7888, 'projections': {'1': [[0.0094, 0.0094, 0.0526, 0.062400000000000004, 0.0267, 0.0267, 0.0267, 0.0267], [0.0, 0.0, 0.0, 0.0, 0.0285, 0.0285, 0.0285, 0.0285], [0.0, 0.0, 0.0, 0.0, 0.0, 0.0, 0.0, 0.0], [0.0, 0.0, 0.0, 0.0, 0.0285, 0.0285, 0.0285, 0.0285], [0.0, 0.0, 0.0, 0.0, 0.0, 0.0, 0.0, 0.0], [0.0, 0.0, 0.0, 0.0, 0.0, 0.0, 0.0, 0.0], [0.0, 0.0, 0.0048000000000000004, 0.0143, 0.0001, 0.0001, 0.0001, 0.0001], [0.0, 0.0, 0.0, 0.0, 0.0, 0.0, 0.0, 0.0], [0.0, 0.0, 0.0, 0.0, 0.0, 0.0, 0.0, 0.0]]}}
bs_setyawan_curtarolo_vbm: {'band_index': {'1': [33]}, 'kpoint_index': ['4'], 'kpoint': <pymatgen.electronic_structure.bandstructure.Kpoint object at 0x7fc5d4b5a430>, 'energy': 1.3103, 'projections': {'1': [[0.0002, 0.0002, 0.0, 0.0, 0.0004, 0.0004, 0.0, 0.0], [0.0004, 0.0014, 0.0031000000000000003, 0.0025, 0.07050000000000001, 0.07050000000000001, 0.062200000000000005, 0.062200000000000005], [0.0001, 0.0001, 0.0, 0.0, 0.0014, 0.0014, 0.0, 0.0], [0.0014, 0.0004, 0.0031000000000000003, 0.0025, 0.07050000000000001, 0.07050000000000001, 0.062200000000000005, 0.062200000000000005], [0.0, 0.0, 0.0, 0.0, 0.0001, 0.0001, 0.0, 0.0], [0.0, 0.0001, 0.0061, 0.0132, 0.0001, 0.0001, 0.0, 0.0], [0.0001, 0.0001, 0.0, 0.0, 0.0, 0.0, 0.0, 0.0], [0.0001, 0.0, 0.0061, 0.0132, 0.0001, 0.0001, 0.0, 0.0], [0.0005, 0.0005, 0.0006000000000000001, 0.0004, 0.0, 0.0, 0.0, 0.0]]}}
bs_setyawan_curtarolo_efermi: 1.36335561
bs_hinuma_task_id: mp-2069171
bs_hinuma_band_gap: 1.4785
bs_hinuma_cbm: {'band_index': {'1': [34]}, 'kpoint_index': [0, 40, 41, 93], 'kpoint': <pymatgen.electronic_structure.bandstructure.Kpoint object at 0x7fc5d4b59be0>, 'energy': 2.7888, 'projections': {'1': [[0.0094, 0.0094, 0.0526, 0.062400000000000004, 0.0267, 0.0267, 0.0267, 0.0267], [0.0, 0.0, 0.0, 0.0, 0.0285, 0.0285, 0.0285, 0.0285], [0.0, 0.0, 0.0, 0.0, 0.0, 0.0, 0.0, 0.0], [0.0, 0.0, 0.0, 0.0, 0.0285, 0.0285, 0.0285, 0.0285], [0.0, 0.0, 0.0, 0.0, 0.0, 0.0, 0.0, 0.0], [0.0, 0.0, 0.0, 0.0, 0.0, 0.0, 0.0, 0.0], [0.0, 0.0, 0.0048000000000000004, 0.0143, 0.0001, 0.0001, 0.0001, 0.0001], [0.0, 0.0, 0.0, 0.0, 0.0, 0.0, 0.0, 0.0], [0.0, 0.0, 0.0, 0.0, 0.0, 0.0, 0.0, 0.0]]}}
bs_hinuma_vbm: {'band_index': {'1': [33]}, 'kpoint_index': ['4'], 'kpoint': <pymatgen.electronic_structure.bandstructure.Kpoint object at 0x7fc5d4b5a350>, 'energy': 1.3103, 'projections': {'1': [[0.0002, 0.0002, 0.0, 0.0, 0.0004, 0.0004, 0.0, 0.0], [0.0004, 0.0014, 0.0031000000000000003, 0.0025, 0.07050000000000001, 0.07050000000000001, 0.062200000000000005, 0.062200000000000005], [0.0001, 0.0001, 0.0, 0.0, 0.0014, 0.0014, 0.0, 0.0], [0.0014, 0.0004, 0.0031000000000000003, 0.0025, 0.07050000000000001, 0.07050000000000001, 0.062200000000000005, 0.062200000000000005], [0.0, 0.0, 0.0, 0.0, 0.0001, 0.0001, 0.0, 0.0], [0.0, 0.0001, 0.0061, 0.0132, 0.0001, 0.0001, 0.0, 0.0], [0.0001, 0.0001, 0.0, 0.0, 0.0, 0.0, 0.0, 0.0], [0.0001, 0.0, 0.0061, 0.0132, 0.0001, 0.0001, 0.0, 0.0], [0.0005, 0.0005, 0.0006000000000000001, 0.0004, 0.0, 0.0, 0.0, 0.0]]}}
bs_hinuma_efermi: 1.39919243
bs_latimer_munro_task_id: mp-2332289
bs_latimer_munro_band_gap: 1.4785
bs_latimer_munro_cbm: {'band_index': {'1': [34]}, 'kpoint_index': [22, 23, 60, 61, 165, 166, 178], 'kpoint': <pymatgen.electronic_structure.bandstructure.Kpoint object at 0x7fc5d4b59e80>, 'energy': 2.7888, 'projections': {'1': [[0.0094, 0.0094, 0.0526, 0.062400000000000004, 0.0267, 0.0267, 0.0267, 0.0267], [0.0, 0.0, 0.0, 0.0, 0.0285, 0.0285, 0.0285, 0.0285], [0.0, 0.0, 0.0, 0.0, 0.0, 0.0, 0.0, 0.0], [0.0, 0.0, 0.0, 0.0, 0.0285, 0.0285, 0.0285, 0.0285], [0.0, 0.0, 0.0, 0.0, 0.0, 0.0, 0.0, 0.0], [0.0, 0.0, 0.0, 0.0, 0.0, 0.0, 0.0, 0.0], [0.0, 0.0, 0.0048000000000000004, 0.0143, 0.0001, 0.0001, 0.0001, 0.0001], [0.0, 0.0, 0.0, 0.0, 0.0, 0.0, 0.0, 0.0], [0.0, 0.0, 0.0, 0.0, 0.0, 0.0, 0.0, 0.0]]}}
bs_latimer_munro_vbm: {'band_index': {'1': [33]}, 'kpoint_index': ['170'], 'kpoint': <pymatgen.electronic_structure.bandstructure.Kpoint object at 0x7fc5d4b5a190>, 'energy': 1.3103, 'projections': {'1': [[0.0002, 0.0002, 0.0, 0.0, 0.0004, 0.0004, 0.0, 0.0], [0.0004, 0.0014, 0.0031000000000000003, 0.0025, 0.07050000000000001, 0.07050000000000001, 0.062200000000000005, 0.062200000000000005], [0.0001, 0.0001, 0.0, 0.0, 0.0014, 0.0014, 0.0, 0.0], [0.0014, 0.0004, 0.0031000000000000003, 0.0025, 0.07050000000000001, 0.07050000000000001, 0.062200000000000005, 0.062200000000000005], [0.0, 0.0, 0.0, 0.0, 0.0001, 0.0001, 0.0, 0.0], [0.0, 0.0001, 0.0061, 0.0132, 0.0001, 0.0001, 0.0, 0.0], [0.0001, 0.0001, 0.0, 0.0, 0.0, 0.0, 0.0, 0.0], [0.0001, 0.0, 0.0061, 0.0132, 0.0001, 0.0001, 0.0, 0.0], [0.0005, 0.0005, 0.0007, 0.0004, 0.0, 0.0, 0.0, 0.0]]}}
bs_latimer_munro_efermi: 1.368992899999999