material_id: mp-560977
band_gap: 1.2217
efermi: 1.48978553
dos_magnetic_ordering: NM
dos_total_task_id: mp-1708621
dos_total_band_gap: 1.2105000000000001
dos_total_cbm: 2.5911
dos_total_vbm: 1.3806
dos_total_efermi: 1.3871704
bs_setyawan_curtarolo_task_id: mp-1608215
bs_setyawan_curtarolo_band_gap: 1.2217
bs_setyawan_curtarolo_cbm: {'band_index': {'1': [54]}, 'kpoint_index': [8, 9, 49], 'kpoint': <pymatgen.electronic_structure.bandstructure.Kpoint object at 0x7fc699d63930>, 'energy': 2.6, 'projections': {'1': [[0.0001, 0.0001, 0.0054, 0.0054, 0.001, 0.001, 0.0, 0.0004, 0.0, 0.0008, 0.0, 0.0021000000000000003, 0.0021000000000000003, 0.0008, 0.0, 0.0004], [0.0002, 0.0002, 0.0, 0.0, 0.0004, 0.0004, 0.0001, 0.0001, 0.0001, 0.0058000000000000005, 0.0001, 0.011300000000000001, 0.011300000000000001, 0.0058000000000000005, 0.0001, 0.0001], [0.0, 0.0, 0.0, 0.0, 0.0004, 0.0004, 0.0, 0.0002, 0.0, 0.001, 0.0, 0.0076, 0.0076, 0.001, 0.0, 0.0002], [0.0, 0.0, 0.0, 0.0, 0.0, 0.0, 0.0002, 0.0, 0.0002, 0.0, 0.0002, 0.0, 0.0, 0.0, 0.0002, 0.0], [0.0, 0.0, 0.0, 0.0, 0.0, 0.0, 0.0, 0.0, 0.0, 0.0, 0.0, 0.0, 0.0, 0.0, 0.0, 0.0], [0.0, 0.0, 0.1966, 0.1966, 0.0, 0.0, 0.0, 0.0, 0.0, 0.0, 0.0, 0.0, 0.0, 0.0, 0.0, 0.0], [0.0, 0.0, 0.0122, 0.0122, 0.0, 0.0, 0.0, 0.0, 0.0, 0.0, 0.0, 0.0, 0.0, 0.0, 0.0, 0.0], [0.0, 0.0, 0.0, 0.0, 0.0, 0.0, 0.0, 0.0, 0.0, 0.0, 0.0, 0.0, 0.0, 0.0, 0.0, 0.0], [0.0, 0.0, 0.1405, 0.1405, 0.0, 0.0, 0.0, 0.0, 0.0, 0.0, 0.0, 0.0, 0.0, 0.0, 0.0, 0.0]]}}
bs_setyawan_curtarolo_vbm: {'band_index': {'1': [53]}, 'kpoint_index': ['62'], 'kpoint': <pymatgen.electronic_structure.bandstructure.Kpoint object at 0x7fc5d4b5a350>, 'energy': 1.3783, 'projections': {'1': [[0.0001, 0.0001, 0.0, 0.0, 0.0001, 0.0001, 0.0001, 0.0, 0.0001, 0.0, 0.0001, 0.0001, 0.0001, 0.0, 0.0001, 0.0], [0.0008, 0.0008, 0.0004, 0.0004, 0.0, 0.0, 0.0158, 0.0002, 0.0158, 0.0098, 0.0158, 0.0051, 0.0051, 0.0098, 0.0158, 0.0002], [0.0, 0.0, 0.0018000000000000002, 0.0018000000000000002, 0.0002, 0.0002, 0.0364, 0.005200000000000001, 0.0364, 0.003, 0.0364, 0.0558, 0.0558, 0.003, 0.0364, 0.005200000000000001], [0.0, 0.0, 0.0, 0.0, 0.0, 0.0, 0.0335, 0.0064, 0.0335, 0.017, 0.0335, 0.0009000000000000001, 0.0009000000000000001, 0.017, 0.0335, 0.0064], [0.0001, 0.0001, 0.0068000000000000005, 0.0068000000000000005, 0.0, 0.0, 0.0, 0.0, 0.0, 0.0, 0.0, 0.0, 0.0, 0.0, 0.0, 0.0], [0.0001, 0.0001, 0.0, 0.0, 0.0, 0.0, 0.0, 0.0, 0.0, 0.0, 0.0, 0.0, 0.0, 0.0, 0.0, 0.0], [0.0001, 0.0001, 0.0, 0.0, 0.0, 0.0, 0.0, 0.0, 0.0, 0.0, 0.0, 0.0, 0.0, 0.0, 0.0, 0.0], [0.0, 0.0, 0.0039000000000000003, 0.0039000000000000003, 0.0, 0.0, 0.0, 0.0, 0.0, 0.0, 0.0, 0.0, 0.0, 0.0, 0.0, 0.0], [0.0001, 0.0001, 0.0, 0.0, 0.0, 0.0, 0.0, 0.0, 0.0, 0.0, 0.0, 0.0, 0.0, 0.0, 0.0, 0.0]]}}
bs_setyawan_curtarolo_efermi: 1.48978553
bs_latimer_munro_task_id: mp-2323716
bs_latimer_munro_band_gap: 1.2217
bs_latimer_munro_cbm: {'band_index': {'1': [54]}, 'kpoint_index': [72, 73, 82], 'kpoint': <pymatgen.electronic_structure.bandstructure.Kpoint object at 0x7fc5d4b59be0>, 'energy': 2.6, 'projections': {'1': [[0.0001, 0.0001, 0.0054, 0.0054, 0.001, 0.001, 0.0, 0.0004, 0.0, 0.0008, 0.0, 0.0021000000000000003, 0.0021000000000000003, 0.0008, 0.0, 0.0004], [0.0002, 0.0002, 0.0, 0.0, 0.0004, 0.0004, 0.0001, 0.0001, 0.0001, 0.0058000000000000005, 0.0001, 0.011300000000000001, 0.011300000000000001, 0.0058000000000000005, 0.0001, 0.0001], [0.0, 0.0, 0.0, 0.0, 0.0004, 0.0004, 0.0, 0.0002, 0.0, 0.001, 0.0, 0.0076, 0.0076, 0.001, 0.0, 0.0002], [0.0, 0.0, 0.0, 0.0, 0.0, 0.0, 0.0002, 0.0, 0.0002, 0.0, 0.0002, 0.0, 0.0, 0.0, 0.0002, 0.0], [0.0, 0.0, 0.0, 0.0, 0.0, 0.0, 0.0, 0.0, 0.0, 0.0, 0.0, 0.0, 0.0, 0.0, 0.0, 0.0], [0.0, 0.0, 0.1966, 0.1966, 0.0, 0.0, 0.0, 0.0, 0.0, 0.0, 0.0, 0.0, 0.0, 0.0, 0.0, 0.0], [0.0, 0.0, 0.0122, 0.0122, 0.0, 0.0, 0.0, 0.0, 0.0, 0.0, 0.0, 0.0, 0.0, 0.0, 0.0, 0.0], [0.0, 0.0, 0.0, 0.0, 0.0, 0.0, 0.0, 0.0, 0.0, 0.0, 0.0, 0.0, 0.0, 0.0, 0.0, 0.0], [0.0, 0.0, 0.1405, 0.1405, 0.0, 0.0, 0.0, 0.0, 0.0, 0.0, 0.0, 0.0, 0.0, 0.0, 0.0, 0.0]]}}
bs_latimer_munro_vbm: {'band_index': {'1': [53]}, 'kpoint_index': ['4'], 'kpoint': <pymatgen.electronic_structure.bandstructure.Kpoint object at 0x7fc5d4b59e80>, 'energy': 1.3783, 'projections': {'1': [[0.0001, 0.0001, 0.0, 0.0, 0.0001, 0.0001, 0.0001, 0.0, 0.0001, 0.0, 0.0001, 0.0001, 0.0001, 0.0, 0.0001, 0.0], [0.0008, 0.0008, 0.0004, 0.0004, 0.0, 0.0, 0.0158, 0.0002, 0.0158, 0.0098, 0.0158, 0.0051, 0.0051, 0.0098, 0.0158, 0.0002], [0.0, 0.0, 0.0018000000000000002, 0.0018000000000000002, 0.0002, 0.0002, 0.0364, 0.005200000000000001, 0.0364, 0.003, 0.0364, 0.0558, 0.0558, 0.003, 0.0364, 0.005200000000000001], [0.0, 0.0, 0.0, 0.0, 0.0, 0.0, 0.0335, 0.0064, 0.0335, 0.017, 0.0335, 0.0009000000000000001, 0.0009000000000000001, 0.017, 0.0335, 0.0064], [0.0001, 0.0001, 0.0068000000000000005, 0.0068000000000000005, 0.0, 0.0, 0.0, 0.0, 0.0, 0.0, 0.0, 0.0, 0.0, 0.0, 0.0, 0.0], [0.0001, 0.0001, 0.0, 0.0, 0.0, 0.0, 0.0, 0.0, 0.0, 0.0, 0.0, 0.0, 0.0, 0.0, 0.0, 0.0], [0.0001, 0.0001, 0.0, 0.0, 0.0, 0.0, 0.0, 0.0, 0.0, 0.0, 0.0, 0.0, 0.0, 0.0, 0.0, 0.0], [0.0, 0.0, 0.0039000000000000003, 0.0039000000000000003, 0.0, 0.0, 0.0, 0.0, 0.0, 0.0, 0.0, 0.0, 0.0, 0.0, 0.0, 0.0], [0.0001, 0.0001, 0.0, 0.0, 0.0, 0.0, 0.0, 0.0, 0.0, 0.0, 0.0, 0.0, 0.0, 0.0, 0.0, 0.0]]}}
bs_latimer_munro_efermi: 1.49796708