material_id: mp-559941
band_gap: 3.0455
efermi: 0.7668307600000001
dos_magnetic_ordering: NM
dos_total_task_id: mp-1683741
dos_total_band_gap: 3.1463
dos_total_cbm: 3.8246
dos_total_vbm: 0.6783
dos_total_efermi: 0.66355199
bs_setyawan_curtarolo_task_id: mp-842314
bs_setyawan_curtarolo_band_gap: 3.0455
bs_setyawan_curtarolo_cbm: {'band_index': {'1': [248, 249]}, 'kpoint_index': [61], 'kpoint': <pymatgen.electronic_structure.bandstructure.Kpoint object at 0x7fc699d63930>, 'energy': 3.6915, 'projections': {'1': [[0.0001, 0.0002, 0.0001, 0.0004, 0.00030000000000000003, 0.0004, 0.00030000000000000003, 0.0002, 0.0, 0.0, 0.0, 0.0, 0.0, 0.0, 0.0001, 0.0001, 0.0, 0.0, 0.0001, 0.0001, 0.0, 0.0001, 0.0, 0.0001, 0.0009000000000000001, 0.0, 0.0001, 0.0, 0.0, 0.0, 0.0, 0.0001, 0.00030000000000000003, 0.0001, 0.0, 0.0, 0.0001, 0.0, 0.00030000000000000003, 0.0001, 0.0, 0.0, 0.0, 0.0, 0.0001, 0.0, 0.0, 0.0001, 0.0, 0.0001, 0.0001, 0.0009000000000000001, 0.0, 0.0, 0.0001, 0.0, 0.0001, 0.0, 0.0, 0.0008, 0.0001, 0.0, 0.0002, 0.0, 0.0, 0.0, 0.0001, 0.0009000000000000001], [0.0, 0.0, 0.0, 0.0, 0.0, 0.0, 0.0, 0.0, 0.0, 0.0, 0.0, 0.0001, 0.0, 0.0, 0.0001, 0.0001, 0.0, 0.0001, 0.0, 0.0, 0.0001, 0.0054, 0.0001, 0.0053, 0.0, 0.0, 0.0, 0.0022, 0.0, 0.0024000000000000002, 0.0, 0.0, 0.0, 0.00030000000000000003, 0.0, 0.0024000000000000002, 0.0, 0.0004, 0.0, 0.00030000000000000003, 0.00030000000000000003, 0.0022, 0.0024000000000000002, 0.001, 0.0004, 0.0024000000000000002, 0.0, 0.0, 0.00030000000000000003, 0.0028, 0.00030000000000000003, 0.0, 0.0, 0.0017000000000000001, 0.00030000000000000003, 0.0, 0.0, 0.0008, 0.0023, 0.0, 0.00030000000000000003, 0.00030000000000000003, 0.0, 0.0015, 0.0023, 0.0, 0.0025, 0.0], [0.0, 0.0, 0.0, 0.0001, 0.0, 0.0001, 0.0, 0.0, 0.0001, 0.0011, 0.001, 0.0009000000000000001, 0.0009000000000000001, 0.0001, 0.0008, 0.0007, 0.0012000000000000001, 0.0008, 0.0, 0.0, 0.018600000000000002, 0.00030000000000000003, 0.0188, 0.0005, 0.0004, 0.0001, 0.0001, 0.0005, 0.00030000000000000003, 0.0004, 0.00030000000000000003, 0.00030000000000000003, 0.0002, 0.0017000000000000001, 0.00030000000000000003, 0.0, 0.0001, 0.0015, 0.0002, 0.0002, 0.0015, 0.0014, 0.0013000000000000002, 0.0011, 0.0002, 0.0, 0.0002, 0.0001, 0.0014, 0.0011, 0.0001, 0.0004, 0.0001, 0.0005, 0.0002, 0.0004, 0.00030000000000000003, 0.0011, 0.0, 0.00030000000000000003, 0.0018000000000000002, 0.0015, 0.0001, 0.0006000000000000001, 0.0, 0.0002, 0.0012000000000000001, 0.0005], [0.0, 0.0, 0.0, 0.0001, 0.0006000000000000001, 0.0001, 0.0005, 0.0, 0.0, 0.0002, 0.0002, 0.0, 0.0001, 0.0, 0.0, 0.0, 0.0002, 0.0, 0.0002, 0.0002, 0.0002, 0.0, 0.0002, 0.0, 0.0022, 0.001, 0.0, 0.005, 0.0001, 0.0051, 0.0001, 0.0002, 0.0, 0.0019, 0.0, 0.0036000000000000003, 0.0, 0.0001, 0.0001, 0.00030000000000000003, 0.0014, 0.0001, 0.0002, 0.0004, 0.0002, 0.0038, 0.0, 0.0, 0.0012000000000000001, 0.0005, 0.0002, 0.0019, 0.001, 0.004200000000000001, 0.00030000000000000003, 0.0, 0.0002, 0.00030000000000000003, 0.0037, 0.002, 0.0022, 0.0001, 0.0, 0.0041, 0.0035, 0.0, 0.00030000000000000003, 0.0021000000000000003], [0.0, 0.0, 0.0, 0.0, 0.0, 0.0, 0.0, 0.0, 0.0001, 0.0088, 0.0105, 0.0059, 0.0114, 0.0001, 0.008700000000000001, 0.0098, 0.0078000000000000005, 0.006900000000000001, 0.0, 0.0, 0.0, 0.0, 0.0, 0.0, 0.0, 0.0, 0.0, 0.0, 0.0, 0.0, 0.0, 0.0, 0.0, 0.0, 0.0, 0.0, 0.0, 0.0, 0.0, 0.0, 0.0, 0.0, 0.0, 0.0, 0.0, 0.0, 0.0, 0.0, 0.0, 0.0, 0.0, 0.0, 0.0, 0.0, 0.0, 0.0, 0.0, 0.0, 0.0, 0.0, 0.0, 0.0, 0.0, 0.0, 0.0, 0.0, 0.0, 0.0], [0.0, 0.0, 0.0, 0.0, 0.0, 0.0, 0.0, 0.0, 0.0, 0.002, 0.0018000000000000002, 0.0041, 0.0021000000000000003, 0.0, 0.0055000000000000005, 0.0059, 0.0017000000000000001, 0.0044, 0.0, 0.0, 0.0, 0.0, 0.0, 0.0, 0.0, 0.0, 0.0, 0.0, 0.0, 0.0, 0.0, 0.0, 0.0, 0.0, 0.0, 0.0, 0.0, 0.0, 0.0, 0.0, 0.0, 0.0, 0.0, 0.0, 0.0, 0.0, 0.0, 0.0, 0.0, 0.0, 0.0, 0.0, 0.0, 0.0, 0.0, 0.0, 0.0, 0.0, 0.0, 0.0, 0.0, 0.0, 0.0, 0.0, 0.0, 0.0, 0.0, 0.0], [0.0005, 0.0001, 0.0005, 0.0, 0.0005, 0.0, 0.0005, 0.0002, 0.0054, 0.0013000000000000002, 0.0037, 0.0008, 0.0035, 0.0046, 0.0, 0.0, 0.0012000000000000001, 0.0006000000000000001, 0.0085, 0.0077, 0.0, 0.0005, 0.0, 0.0005, 0.0, 0.0, 0.0, 0.0, 0.0, 0.0, 0.0, 0.0, 0.0, 0.0, 0.0, 0.0, 0.0, 0.0, 0.0, 0.0, 0.0, 0.0, 0.0, 0.0, 0.0, 0.0, 0.0, 0.0, 0.0, 0.0, 0.0, 0.0, 0.0, 0.0, 0.0, 0.0, 0.0, 0.0, 0.0, 0.0, 0.0, 0.0, 0.0, 0.0, 0.0, 0.0, 0.0, 0.0], [0.0, 0.0002, 0.0, 0.00030000000000000003, 0.00030000000000000003, 0.0004, 0.00030000000000000003, 0.0002, 0.006900000000000001, 0.073, 0.0731, 0.049100000000000005, 0.0666, 0.0061, 0.035, 0.029300000000000003, 0.0787, 0.0425, 0.0074, 0.0066, 0.0, 0.0, 0.0, 0.0, 0.0, 0.0, 0.0, 0.0, 0.0, 0.0, 0.0, 0.0, 0.0, 0.0, 0.0, 0.0, 0.0, 0.0, 0.0, 0.0, 0.0, 0.0, 0.0, 0.0, 0.0, 0.0, 0.0, 0.0, 0.0, 0.0, 0.0, 0.0, 0.0, 0.0, 0.0, 0.0, 0.0, 0.0, 0.0, 0.0, 0.0, 0.0, 0.0, 0.0, 0.0, 0.0, 0.0, 0.0], [0.0005, 0.0, 0.0005, 0.0, 0.0, 0.0, 0.0, 0.0, 0.0017000000000000001, 0.0064, 0.0047, 0.008, 0.004, 0.0014, 0.0077, 0.006900000000000001, 0.0073, 0.0073, 0.0041, 0.0038, 0.0, 0.0, 0.0, 0.0, 0.0, 0.0, 0.0, 0.0, 0.0, 0.0, 0.0, 0.0, 0.0, 0.0, 0.0, 0.0, 0.0, 0.0, 0.0, 0.0, 0.0, 0.0, 0.0, 0.0, 0.0, 0.0, 0.0, 0.0, 0.0, 0.0, 0.0, 0.0, 0.0, 0.0, 0.0, 0.0, 0.0, 0.0, 0.0, 0.0, 0.0, 0.0, 0.0, 0.0, 0.0, 0.0, 0.0, 0.0]]}}
bs_setyawan_curtarolo_vbm: {'band_index': {'1': [247]}, 'kpoint_index': [0], 'kpoint': <pymatgen.electronic_structure.bandstructure.Kpoint object at 0x7fc5d4b59c50>, 'energy': 0.646, 'projections': {'1': [[0.0, 0.0, 0.0, 0.0, 0.0, 0.0, 0.0, 0.0, 0.0, 0.0002, 0.0001, 0.0001, 0.0001, 0.0, 0.0002, 0.0002, 0.0002, 0.0001, 0.0, 0.0, 0.0187, 0.0187, 0.0187, 0.0187, 0.00030000000000000003, 0.0, 0.0, 0.0, 0.0, 0.0, 0.0, 0.0, 0.0, 0.00030000000000000003, 0.0, 0.0, 0.0, 0.0, 0.0, 0.0, 0.00030000000000000003, 0.0, 0.0, 0.0, 0.0, 0.0, 0.0, 0.0, 0.00030000000000000003, 0.0, 0.0, 0.00030000000000000003, 0.0, 0.0, 0.0, 0.0, 0.0, 0.0, 0.0, 0.00030000000000000003, 0.00030000000000000003, 0.0, 0.0, 0.0, 0.0, 0.0, 0.0, 0.00030000000000000003], [0.0, 0.0, 0.0, 0.0002, 0.0002, 0.0002, 0.0002, 0.0, 0.0012000000000000001, 0.0, 0.0, 0.0, 0.0, 0.0012000000000000001, 0.0, 0.0, 0.0, 0.0, 0.0012000000000000001, 0.0012000000000000001, 0.0099, 0.0099, 0.0099, 0.0099, 0.007500000000000001, 0.0219, 0.0008, 0.0045000000000000005, 0.0219, 0.0045000000000000005, 0.0219, 0.0001, 0.0001, 0.007500000000000001, 0.0014, 0.0009000000000000001, 0.0008, 0.0009000000000000001, 0.0001, 0.0007, 0.0088, 0.0045000000000000005, 0.0045000000000000005, 0.0002, 0.0008, 0.0002, 0.0014, 0.0007, 0.0088, 0.007, 0.0008, 0.0088, 0.0219, 0.007, 0.0007, 0.0014, 0.0001, 0.0002, 0.0002, 0.007500000000000001, 0.007500000000000001, 0.0009000000000000001, 0.0007, 0.007, 0.0009000000000000001, 0.0014, 0.007, 0.0088], [0.0, 0.0, 0.0, 0.0, 0.0, 0.0, 0.0, 0.0, 0.0, 0.0, 0.0, 0.0, 0.0, 0.0, 0.0, 0.0, 0.0, 0.0, 0.0, 0.0, 0.0, 0.0, 0.0, 0.0, 0.0045000000000000005, 0.0006000000000000001, 0.00030000000000000003, 0.006500000000000001, 0.0006000000000000001, 0.006500000000000001, 0.0006000000000000001, 0.0025, 0.0025, 0.0045000000000000005, 0.0, 0.0103, 0.00030000000000000003, 0.0103, 0.0025, 0.0007, 0.0047, 0.006500000000000001, 0.006500000000000001, 0.0038, 0.00030000000000000003, 0.0038, 0.0, 0.0007, 0.0047, 0.01, 0.00030000000000000003, 0.0047, 0.0006000000000000001, 0.01, 0.0007, 0.0, 0.0025, 0.0038, 0.0038, 0.0045000000000000005, 0.0045000000000000005, 0.0103, 0.0007, 0.01, 0.0103, 0.0, 0.01, 0.0047], [0.0, 0.0, 0.0, 0.0001, 0.0001, 0.0001, 0.0001, 0.0, 0.0, 0.00030000000000000003, 0.0002, 0.0002, 0.0002, 0.0, 0.00030000000000000003, 0.00030000000000000003, 0.00030000000000000003, 0.0002, 0.0, 0.0, 0.0, 0.0, 0.0, 0.0, 0.0027, 0.0005, 0.020900000000000002, 0.0004, 0.0005, 0.0004, 0.0005, 0.0001, 0.0001, 0.0027, 0.00030000000000000003, 0.0, 0.020900000000000002, 0.0, 0.0001, 0.0308, 0.0015, 0.0004, 0.0004, 0.0002, 0.020900000000000002, 0.0002, 0.00030000000000000003, 0.0308, 0.0015, 0.0002, 0.020900000000000002, 0.0015, 0.0005, 0.0002, 0.0308, 0.00030000000000000003, 0.0001, 0.0002, 0.0002, 0.0027, 0.0027, 0.0, 0.0308, 0.0002, 0.0, 0.00030000000000000003, 0.0002, 0.0015], [0.00030000000000000003, 0.00030000000000000003, 0.00030000000000000003, 0.0, 0.0, 0.0, 0.0, 0.00030000000000000003, 0.0026000000000000003, 0.0001, 0.0, 0.0, 0.0, 0.0026000000000000003, 0.0001, 0.0001, 0.0001, 0.0, 0.0026000000000000003, 0.0026000000000000003, 0.0001, 0.0001, 0.0001, 0.0001, 0.0, 0.0, 0.0, 0.0, 0.0, 0.0, 0.0, 0.0, 0.0, 0.0, 0.0, 0.0, 0.0, 0.0, 0.0, 0.0, 0.0, 0.0, 0.0, 0.0, 0.0, 0.0, 0.0, 0.0, 0.0, 0.0, 0.0, 0.0, 0.0, 0.0, 0.0, 0.0, 0.0, 0.0, 0.0, 0.0, 0.0, 0.0, 0.0, 0.0, 0.0, 0.0, 0.0, 0.0], [0.0012000000000000001, 0.0012000000000000001, 0.0012000000000000001, 0.0004, 0.0004, 0.0004, 0.0004, 0.0012000000000000001, 0.0002, 0.00030000000000000003, 0.0001, 0.0001, 0.0001, 0.0002, 0.00030000000000000003, 0.00030000000000000003, 0.00030000000000000003, 0.0001, 0.0002, 0.0002, 0.0, 0.0, 0.0, 0.0, 0.0, 0.0, 0.0, 0.0, 0.0, 0.0, 0.0, 0.0, 0.0, 0.0, 0.0, 0.0, 0.0, 0.0, 0.0, 0.0, 0.0, 0.0, 0.0, 0.0, 0.0, 0.0, 0.0, 0.0, 0.0, 0.0, 0.0, 0.0, 0.0, 0.0, 0.0, 0.0, 0.0, 0.0, 0.0, 0.0, 0.0, 0.0, 0.0, 0.0, 0.0, 0.0, 0.0, 0.0], [0.0, 0.0, 0.0, 0.0, 0.0, 0.0, 0.0, 0.0, 0.0, 0.00030000000000000003, 0.00030000000000000003, 0.00030000000000000003, 0.00030000000000000003, 0.0, 0.00030000000000000003, 0.00030000000000000003, 0.00030000000000000003, 0.00030000000000000003, 0.0, 0.0, 0.0, 0.0, 0.0, 0.0, 0.0, 0.0, 0.0, 0.0, 0.0, 0.0, 0.0, 0.0, 0.0, 0.0, 0.0, 0.0, 0.0, 0.0, 0.0, 0.0, 0.0, 0.0, 0.0, 0.0, 0.0, 0.0, 0.0, 0.0, 0.0, 0.0, 0.0, 0.0, 0.0, 0.0, 0.0, 0.0, 0.0, 0.0, 0.0, 0.0, 0.0, 0.0, 0.0, 0.0, 0.0, 0.0, 0.0, 0.0], [0.0, 0.0, 0.0, 0.0001, 0.0001, 0.0001, 0.0001, 0.0, 0.0, 0.0013000000000000002, 0.0013000000000000002, 0.0013000000000000002, 0.0013000000000000002, 0.0, 0.0013000000000000002, 0.0013000000000000002, 0.0013000000000000002, 0.0013000000000000002, 0.0, 0.0, 0.0, 0.0, 0.0, 0.0, 0.0, 0.0, 0.0, 0.0, 0.0, 0.0, 0.0, 0.0, 0.0, 0.0, 0.0, 0.0, 0.0, 0.0, 0.0, 0.0, 0.0, 0.0, 0.0, 0.0, 0.0, 0.0, 0.0, 0.0, 0.0, 0.0, 0.0, 0.0, 0.0, 0.0, 0.0, 0.0, 0.0, 0.0, 0.0, 0.0, 0.0, 0.0, 0.0, 0.0, 0.0, 0.0, 0.0, 0.0], [0.0, 0.0, 0.0, 0.0, 0.0, 0.0, 0.0, 0.0, 0.0, 0.0, 0.0, 0.0, 0.0, 0.0, 0.0, 0.0, 0.0, 0.0, 0.0, 0.0, 0.0, 0.0, 0.0, 0.0, 0.0, 0.0, 0.0, 0.0, 0.0, 0.0, 0.0, 0.0, 0.0, 0.0, 0.0, 0.0, 0.0, 0.0, 0.0, 0.0, 0.0, 0.0, 0.0, 0.0, 0.0, 0.0, 0.0, 0.0, 0.0, 0.0, 0.0, 0.0, 0.0, 0.0, 0.0, 0.0, 0.0, 0.0, 0.0, 0.0, 0.0, 0.0, 0.0, 0.0, 0.0, 0.0, 0.0, 0.0]]}}
bs_setyawan_curtarolo_efermi: 0.7668307600000001