material_id: mp-554822
band_gap: 2.958
efermi: 0.84697554
dos_magnetic_ordering: NM
dos_total_task_id: mp-1697918
dos_total_band_gap: 2.9685
dos_total_cbm: 3.6425
dos_total_vbm: 0.674
dos_total_efermi: 0.66268781
bs_setyawan_curtarolo_task_id: mp-1602459
bs_setyawan_curtarolo_band_gap: 2.958
bs_setyawan_curtarolo_cbm: {'band_index': {'1': [36]}, 'kpoint_index': [0, 44, 45], 'kpoint': <pymatgen.electronic_structure.bandstructure.Kpoint object at 0x7fc699d63930>, 'energy': 3.647199999999999, 'projections': {'1': [[0.0026000000000000003, 0.2585, 0.0238, 0.0238, 0.0036000000000000003, 0.021400000000000002, 0.021400000000000002, 0.0036000000000000003, 0.021400000000000002, 0.021400000000000002, 0.021400000000000002, 0.021400000000000002], [0.0, 0.0, 0.0, 0.0, 0.0, 0.0327, 0.006900000000000001, 0.0, 0.006900000000000001, 0.0327, 0.0095, 0.0095], [0.0, 0.0, 0.0021000000000000003, 0.0021000000000000003, 0.020300000000000002, 0.0131, 0.0131, 0.020300000000000002, 0.0131, 0.0131, 0.0131, 0.0131], [0.0, 0.0, 0.0, 0.0, 0.0, 0.0001, 0.025900000000000003, 0.0, 0.025900000000000003, 0.0001, 0.0233, 0.0233], [0.0, 0.0, 0.0, 0.0, 0.0, 0.0, 0.0, 0.0, 0.0, 0.0, 0.0, 0.0], [0.0, 0.0, 0.0, 0.0, 0.0, 0.0, 0.0, 0.0, 0.0, 0.0, 0.0, 0.0], [0.0001, 0.00030000000000000003, 0.0, 0.0, 0.0, 0.0, 0.0, 0.0, 0.0, 0.0, 0.0, 0.0], [0.0, 0.0, 0.0, 0.0, 0.0, 0.0, 0.0, 0.0, 0.0, 0.0, 0.0, 0.0], [0.0, 0.0, 0.0, 0.0, 0.0, 0.0, 0.0, 0.0, 0.0, 0.0, 0.0, 0.0]]}}
bs_setyawan_curtarolo_vbm: {'band_index': {'1': [34, 35]}, 'kpoint_index': [52, 53, 97], 'kpoint': <pymatgen.electronic_structure.bandstructure.Kpoint object at 0x7fc5d4b5a3c0>, 'energy': 0.6892, 'projections': {'1': [[0.0, 0.0, 0.0, 0.0, 0.0, 0.0001, 0.0002, 0.0, 0.0002, 0.0001, 0.0006000000000000001, 0.0006000000000000001], [0.0039000000000000003, 0.0, 0.0011, 0.0011, 0.1028, 0.013000000000000001, 0.0173, 0.1028, 0.0173, 0.013000000000000001, 0.0058000000000000005, 0.0058000000000000005], [0.0, 0.0, 0.0, 0.0, 0.0, 0.0419, 0.0029000000000000002, 0.0, 0.0029000000000000002, 0.0419, 0.0669, 0.0669], [0.0059, 0.0, 0.00030000000000000003, 0.00030000000000000003, 0.0983, 0.0012000000000000001, 0.0078000000000000005, 0.0983, 0.0078000000000000005, 0.0012000000000000001, 0.0058000000000000005, 0.0058000000000000005], [0.0, 0.0004, 0.0, 0.0, 0.0, 0.0, 0.0, 0.0, 0.0, 0.0, 0.0, 0.0], [0.0, 0.0011, 0.0, 0.0, 0.0, 0.0, 0.0, 0.0, 0.0, 0.0, 0.0, 0.0], [0.0, 0.0, 0.0, 0.0, 0.0, 0.0, 0.0, 0.0, 0.0, 0.0, 0.0, 0.0], [0.0, 0.0005, 0.0, 0.0, 0.0, 0.0, 0.0, 0.0, 0.0, 0.0, 0.0, 0.0], [0.0, 0.0011, 0.0, 0.0, 0.0, 0.0, 0.0, 0.0, 0.0, 0.0, 0.0, 0.0]]}}
bs_setyawan_curtarolo_efermi: 0.84697554
bs_hinuma_task_id: mp-2180294
bs_hinuma_band_gap: 2.958
bs_hinuma_cbm: {'band_index': {'1': [36]}, 'kpoint_index': [0, 44, 45], 'kpoint': <pymatgen.electronic_structure.bandstructure.Kpoint object at 0x7fc5d4b59e80>, 'energy': 3.647199999999999, 'projections': {'1': [[0.0026000000000000003, 0.2585, 0.0238, 0.0238, 0.0036000000000000003, 0.021400000000000002, 0.021400000000000002, 0.0036000000000000003, 0.021400000000000002, 0.021400000000000002, 0.021400000000000002, 0.021400000000000002], [0.0, 0.0, 0.0, 0.0, 0.0, 0.0327, 0.006900000000000001, 0.0, 0.006900000000000001, 0.0327, 0.0095, 0.0095], [0.0, 0.0, 0.0021000000000000003, 0.0021000000000000003, 0.020300000000000002, 0.0131, 0.0131, 0.020300000000000002, 0.0131, 0.0131, 0.0131, 0.0131], [0.0, 0.0, 0.0, 0.0, 0.0, 0.0001, 0.025900000000000003, 0.0, 0.025900000000000003, 0.0001, 0.0233, 0.0233], [0.0, 0.0, 0.0, 0.0, 0.0, 0.0, 0.0, 0.0, 0.0, 0.0, 0.0, 0.0], [0.0, 0.0, 0.0, 0.0, 0.0, 0.0, 0.0, 0.0, 0.0, 0.0, 0.0, 0.0], [0.0001, 0.00030000000000000003, 0.0, 0.0, 0.0, 0.0, 0.0, 0.0, 0.0, 0.0, 0.0, 0.0], [0.0, 0.0, 0.0, 0.0, 0.0, 0.0, 0.0, 0.0, 0.0, 0.0, 0.0, 0.0], [0.0, 0.0, 0.0, 0.0, 0.0, 0.0, 0.0, 0.0, 0.0, 0.0, 0.0, 0.0]]}}
bs_hinuma_vbm: {'band_index': {'1': [34, 35]}, 'kpoint_index': [52, 53, 97], 'kpoint': <pymatgen.electronic_structure.bandstructure.Kpoint object at 0x7fc5d4b5a200>, 'energy': 0.6892, 'projections': {'1': [[0.0, 0.0, 0.0, 0.0, 0.0, 0.0001, 0.0002, 0.0, 0.0002, 0.0001, 0.0006000000000000001, 0.0006000000000000001], [0.0039000000000000003, 0.0, 0.0011, 0.0011, 0.1028, 0.013000000000000001, 0.0173, 0.1028, 0.0173, 0.013000000000000001, 0.0058000000000000005, 0.0058000000000000005], [0.0, 0.0, 0.0, 0.0, 0.0, 0.0419, 0.0029000000000000002, 0.0, 0.0029000000000000002, 0.0419, 0.0669, 0.0669], [0.0059, 0.0, 0.00030000000000000003, 0.00030000000000000003, 0.0983, 0.0012000000000000001, 0.0078000000000000005, 0.0983, 0.0078000000000000005, 0.0012000000000000001, 0.0058000000000000005, 0.0058000000000000005], [0.0, 0.0004, 0.0, 0.0, 0.0, 0.0, 0.0, 0.0, 0.0, 0.0, 0.0, 0.0], [0.0, 0.0011, 0.0, 0.0, 0.0, 0.0, 0.0, 0.0, 0.0, 0.0, 0.0, 0.0], [0.0, 0.0, 0.0, 0.0, 0.0, 0.0, 0.0, 0.0, 0.0, 0.0, 0.0, 0.0], [0.0, 0.0005, 0.0, 0.0, 0.0, 0.0, 0.0, 0.0, 0.0, 0.0, 0.0, 0.0], [0.0, 0.0011, 0.0, 0.0, 0.0, 0.0, 0.0, 0.0, 0.0, 0.0, 0.0, 0.0]]}}
bs_hinuma_efermi: 0.84697554
bs_latimer_munro_task_id: mp-2434296
bs_latimer_munro_band_gap: 2.958
bs_latimer_munro_cbm: {'band_index': {'1': [36]}, 'kpoint_index': [7, 8, 26], 'kpoint': <pymatgen.electronic_structure.bandstructure.Kpoint object at 0x7fc5d4b5a190>, 'energy': 3.647199999999999, 'projections': {'1': [[0.0026000000000000003, 0.2585, 0.0238, 0.0238, 0.0036000000000000003, 0.021400000000000002, 0.021400000000000002, 0.0036000000000000003, 0.021400000000000002, 0.021400000000000002, 0.021400000000000002, 0.021400000000000002], [0.0, 0.0, 0.0, 0.0, 0.0, 0.0327, 0.006900000000000001, 0.0, 0.006900000000000001, 0.0327, 0.0095, 0.0095], [0.0, 0.0, 0.0021000000000000003, 0.0021000000000000003, 0.020300000000000002, 0.0131, 0.0131, 0.020300000000000002, 0.0131, 0.0131, 0.0131, 0.0131], [0.0, 0.0, 0.0, 0.0, 0.0, 0.0001, 0.025900000000000003, 0.0, 0.025900000000000003, 0.0001, 0.0233, 0.0233], [0.0, 0.0, 0.0, 0.0, 0.0, 0.0, 0.0, 0.0, 0.0, 0.0, 0.0, 0.0], [0.0, 0.0, 0.0, 0.0, 0.0, 0.0, 0.0, 0.0, 0.0, 0.0, 0.0, 0.0], [0.0001, 0.00030000000000000003, 0.0, 0.0, 0.0, 0.0, 0.0, 0.0, 0.0, 0.0, 0.0, 0.0], [0.0, 0.0, 0.0, 0.0, 0.0, 0.0, 0.0, 0.0, 0.0, 0.0, 0.0, 0.0], [0.0, 0.0, 0.0, 0.0, 0.0, 0.0, 0.0, 0.0, 0.0, 0.0, 0.0, 0.0]]}}
bs_latimer_munro_vbm: {'band_index': {'1': [34, 35]}, 'kpoint_index': [0], 'kpoint': <pymatgen.electronic_structure.bandstructure.Kpoint object at 0x7fc5d4b5a350>, 'energy': 0.6892, 'projections': {'1': [[0.0, 0.0, 0.0, 0.0, 0.0, 0.0001, 0.0002, 0.0, 0.0002, 0.0001, 0.0006000000000000001, 0.0006000000000000001], [0.0039000000000000003, 0.0, 0.0011, 0.0011, 0.1029, 0.013000000000000001, 0.0173, 0.1029, 0.0173, 0.013000000000000001, 0.0058000000000000005, 0.0058000000000000005], [0.0, 0.0, 0.0, 0.0, 0.0, 0.0419, 0.0029000000000000002, 0.0, 0.0029000000000000002, 0.0419, 0.0669, 0.0669], [0.0059, 0.0, 0.00030000000000000003, 0.00030000000000000003, 0.0983, 0.0012000000000000001, 0.0078000000000000005, 0.0983, 0.0078000000000000005, 0.0012000000000000001, 0.0058000000000000005, 0.0058000000000000005], [0.0, 0.0004, 0.0, 0.0, 0.0, 0.0, 0.0, 0.0, 0.0, 0.0, 0.0, 0.0], [0.0, 0.0011, 0.0, 0.0, 0.0, 0.0, 0.0, 0.0, 0.0, 0.0, 0.0, 0.0], [0.0, 0.0, 0.0, 0.0, 0.0, 0.0, 0.0, 0.0, 0.0, 0.0, 0.0, 0.0], [0.0, 0.0005, 0.0, 0.0, 0.0, 0.0, 0.0, 0.0, 0.0, 0.0, 0.0, 0.0], [0.0, 0.0011, 0.0, 0.0, 0.0, 0.0, 0.0, 0.0, 0.0, 0.0, 0.0, 0.0]]}}
bs_latimer_munro_efermi: 0.73409205