material_id: mp-557399
band_gap: 3.8899
efermi: 1.04369585
dos_magnetic_ordering: NM
dos_total_task_id: mp-1669675
dos_total_band_gap: 3.9644999999999992
dos_total_cbm: 4.8629
dos_total_vbm: 0.8984000000000001
dos_total_efermi: 0.9017633700000001
bs_setyawan_curtarolo_task_id: mp-1597258
bs_setyawan_curtarolo_band_gap: 3.8899
bs_setyawan_curtarolo_cbm: {'band_index': {'1': [60]}, 'kpoint_index': [11, 12, 37, 38, 69, 70, 92], 'kpoint': <pymatgen.electronic_structure.bandstructure.Kpoint object at 0x7fc699d63930>, 'energy': 4.8423, 'projections': {'1': [[0.0012000000000000001, 0.0012000000000000001, 0.018500000000000003, 0.018500000000000003, 0.0037, 0.0037, 0.00030000000000000003, 0.00030000000000000003, 0.0022, 0.0007, 0.0019, 0.0019, 0.0022, 0.0007, 0.014400000000000001, 0.014400000000000001], [0.001, 0.001, 0.019700000000000002, 0.019700000000000002, 0.0001, 0.0001, 0.0005, 0.0005, 0.0002, 0.0002, 0.0048000000000000004, 0.0048000000000000004, 0.0002, 0.0002, 0.001, 0.001], [0.0004, 0.0004, 0.1116, 0.1116, 0.0059, 0.0059, 0.0011, 0.0011, 0.002, 0.0, 0.0005, 0.0005, 0.002, 0.0, 0.0061, 0.0061], [0.0, 0.0, 0.0059, 0.0059, 0.002, 0.002, 0.0005, 0.0005, 0.0001, 0.001, 0.0, 0.0, 0.0001, 0.001, 0.0257, 0.0257], [0.0, 0.0, 0.0007, 0.0007, 0.0, 0.0, 0.0, 0.0, 0.0, 0.0, 0.0, 0.0, 0.0, 0.0, 0.0, 0.0], [0.00030000000000000003, 0.00030000000000000003, 0.0022, 0.0022, 0.0, 0.0, 0.0, 0.0, 0.0, 0.0, 0.0, 0.0, 0.0, 0.0, 0.0, 0.0], [0.0007, 0.0007, 0.0019, 0.0019, 0.0, 0.0, 0.0, 0.0, 0.0, 0.0, 0.0, 0.0, 0.0, 0.0, 0.0, 0.0], [0.0, 0.0, 0.005200000000000001, 0.005200000000000001, 0.0, 0.0, 0.0, 0.0, 0.0, 0.0, 0.0, 0.0, 0.0, 0.0, 0.0, 0.0], [0.0, 0.0, 0.0, 0.0, 0.0, 0.0, 0.0, 0.0, 0.0, 0.0, 0.0, 0.0, 0.0, 0.0, 0.0, 0.0]]}}
bs_setyawan_curtarolo_vbm: {'band_index': {'1': [59]}, 'kpoint_index': [25], 'kpoint': <pymatgen.electronic_structure.bandstructure.Kpoint object at 0x7fc5d4b5a190>, 'energy': 0.9524, 'projections': {'1': [[0.0, 0.0, 0.1568, 0.1569, 0.0001, 0.0001, 0.0, 0.0, 0.0027, 0.0022, 0.0001, 0.0001, 0.0027, 0.0022, 0.0, 0.0], [0.0, 0.0, 0.0041, 0.0041, 0.0028, 0.0028, 0.0005, 0.0005, 0.0279, 0.034300000000000004, 0.0023, 0.0023, 0.0279, 0.034300000000000004, 0.006500000000000001, 0.006500000000000001], [0.0, 0.0, 0.0037, 0.0037, 0.00030000000000000003, 0.00030000000000000003, 0.004, 0.004, 0.0016, 0.0108, 0.0004, 0.0004, 0.0016, 0.0108, 0.0454, 0.0454], [0.0, 0.0, 0.0324, 0.0324, 0.0005, 0.0005, 0.00030000000000000003, 0.00030000000000000003, 0.0164, 0.0029000000000000002, 0.039900000000000005, 0.039900000000000005, 0.0164, 0.0029000000000000002, 0.0012000000000000001, 0.0012000000000000001], [0.0, 0.0, 0.0, 0.0, 0.0, 0.0, 0.0, 0.0, 0.0, 0.0, 0.0, 0.0, 0.0, 0.0, 0.0, 0.0], [0.0, 0.0, 0.0, 0.0, 0.0, 0.0, 0.0, 0.0, 0.0, 0.0, 0.0, 0.0, 0.0, 0.0, 0.0, 0.0], [0.0, 0.0, 0.0002, 0.0002, 0.0, 0.0, 0.0, 0.0, 0.0, 0.0, 0.0, 0.0, 0.0, 0.0, 0.0, 0.0], [0.0, 0.0, 0.0001, 0.0001, 0.0, 0.0, 0.0, 0.0, 0.0, 0.0, 0.0, 0.0, 0.0, 0.0, 0.0, 0.0], [0.0001, 0.0001, 0.0, 0.0, 0.0, 0.0, 0.0, 0.0, 0.0, 0.0, 0.0, 0.0, 0.0, 0.0, 0.0, 0.0]]}}
bs_setyawan_curtarolo_efermi: 1.04369585
bs_hinuma_task_id: mp-2183493
bs_hinuma_band_gap: 3.8899
bs_hinuma_cbm: {'band_index': {'1': [60]}, 'kpoint_index': [0, 24, 25, 53, 54, 79, 80], 'kpoint': <pymatgen.electronic_structure.bandstructure.Kpoint object at 0x7fc5d4b59e80>, 'energy': 4.8423, 'projections': {'1': [[0.0012000000000000001, 0.0012000000000000001, 0.018500000000000003, 0.018500000000000003, 0.0037, 0.0037, 0.00030000000000000003, 0.00030000000000000003, 0.0022, 0.0007, 0.0019, 0.0019, 0.0022, 0.0007, 0.014400000000000001, 0.014400000000000001], [0.001, 0.001, 0.019700000000000002, 0.019700000000000002, 0.0001, 0.0001, 0.0005, 0.0005, 0.0002, 0.0002, 0.0048000000000000004, 0.0048000000000000004, 0.0002, 0.0002, 0.001, 0.001], [0.0004, 0.0004, 0.1116, 0.1116, 0.0059, 0.0059, 0.0011, 0.0011, 0.002, 0.0, 0.0005, 0.0005, 0.002, 0.0, 0.0061, 0.0061], [0.0, 0.0, 0.0059, 0.0059, 0.002, 0.002, 0.0005, 0.0005, 0.0001, 0.001, 0.0, 0.0, 0.0001, 0.001, 0.0257, 0.0257], [0.0, 0.0, 0.0007, 0.0007, 0.0, 0.0, 0.0, 0.0, 0.0, 0.0, 0.0, 0.0, 0.0, 0.0, 0.0, 0.0], [0.00030000000000000003, 0.00030000000000000003, 0.0022, 0.0022, 0.0, 0.0, 0.0, 0.0, 0.0, 0.0, 0.0, 0.0, 0.0, 0.0, 0.0, 0.0], [0.0007, 0.0007, 0.0019, 0.0019, 0.0, 0.0, 0.0, 0.0, 0.0, 0.0, 0.0, 0.0, 0.0, 0.0, 0.0, 0.0], [0.0, 0.0, 0.005200000000000001, 0.005200000000000001, 0.0, 0.0, 0.0, 0.0, 0.0, 0.0, 0.0, 0.0, 0.0, 0.0, 0.0, 0.0], [0.0, 0.0, 0.0, 0.0, 0.0, 0.0, 0.0, 0.0, 0.0, 0.0, 0.0, 0.0, 0.0, 0.0, 0.0, 0.0]]}}
bs_hinuma_vbm: {'band_index': {'1': [59]}, 'kpoint_index': [92], 'kpoint': <pymatgen.electronic_structure.bandstructure.Kpoint object at 0x7fc5d4b59c50>, 'energy': 0.9524, 'projections': {'1': [[0.0, 0.0, 0.1569, 0.1569, 0.0001, 0.0001, 0.0, 0.0, 0.0027, 0.0022, 0.0001, 0.0001, 0.0027, 0.0022, 0.0, 0.0], [0.0, 0.0, 0.0041, 0.0041, 0.0028, 0.0028, 0.0005, 0.0005, 0.0279, 0.034300000000000004, 0.0023, 0.0023, 0.0279, 0.034300000000000004, 0.006500000000000001, 0.006500000000000001], [0.0, 0.0, 0.0037, 0.0037, 0.00030000000000000003, 0.00030000000000000003, 0.004, 0.004, 0.0016, 0.0108, 0.0004, 0.0004, 0.0016, 0.0108, 0.0454, 0.0454], [0.0, 0.0, 0.0324, 0.0324, 0.0005, 0.0005, 0.00030000000000000003, 0.00030000000000000003, 0.0164, 0.0029000000000000002, 0.039900000000000005, 0.039900000000000005, 0.0164, 0.0029000000000000002, 0.0012000000000000001, 0.0012000000000000001], [0.0, 0.0, 0.0, 0.0, 0.0, 0.0, 0.0, 0.0, 0.0, 0.0, 0.0, 0.0, 0.0, 0.0, 0.0, 0.0], [0.0, 0.0, 0.0, 0.0, 0.0, 0.0, 0.0, 0.0, 0.0, 0.0, 0.0, 0.0, 0.0, 0.0, 0.0, 0.0], [0.0, 0.0, 0.0002, 0.0002, 0.0, 0.0, 0.0, 0.0, 0.0, 0.0, 0.0, 0.0, 0.0, 0.0, 0.0, 0.0], [0.0, 0.0, 0.0001, 0.0001, 0.0, 0.0, 0.0, 0.0, 0.0, 0.0, 0.0, 0.0, 0.0, 0.0, 0.0, 0.0], [0.0001, 0.0001, 0.0, 0.0, 0.0, 0.0, 0.0, 0.0, 0.0, 0.0, 0.0, 0.0, 0.0, 0.0, 0.0, 0.0]]}}
bs_hinuma_efermi: 1.01889011
bs_latimer_munro_task_id: mp-2688054
bs_latimer_munro_band_gap: 3.8899
bs_latimer_munro_cbm: {'band_index': {'1': [60]}, 'kpoint_index': [10, 11, 23, 35, 48, 62, 75], 'kpoint': <pymatgen.electronic_structure.bandstructure.Kpoint object at 0x7fc5d4b5a3c0>, 'energy': 4.8423, 'projections': {'1': [[0.0012000000000000001, 0.0012000000000000001, 0.018500000000000003, 0.018500000000000003, 0.0037, 0.0037, 0.00030000000000000003, 0.00030000000000000003, 0.0022, 0.0007, 0.0019, 0.0019, 0.0022, 0.0007, 0.014400000000000001, 0.014400000000000001], [0.001, 0.001, 0.019700000000000002, 0.019700000000000002, 0.0001, 0.0001, 0.0005, 0.0005, 0.0002, 0.0002, 0.0048000000000000004, 0.0048000000000000004, 0.0002, 0.0002, 0.001, 0.001], [0.0004, 0.0004, 0.1116, 0.1116, 0.0059, 0.0059, 0.0011, 0.0011, 0.002, 0.0, 0.0005, 0.0005, 0.002, 0.0, 0.0061, 0.0061], [0.0, 0.0, 0.0059, 0.0059, 0.002, 0.002, 0.0005, 0.0005, 0.0001, 0.001, 0.0, 0.0, 0.0001, 0.001, 0.0257, 0.0257], [0.0, 0.0, 0.0007, 0.0007, 0.0, 0.0, 0.0, 0.0, 0.0, 0.0, 0.0, 0.0, 0.0, 0.0, 0.0, 0.0], [0.00030000000000000003, 0.00030000000000000003, 0.0022, 0.0022, 0.0, 0.0, 0.0, 0.0, 0.0, 0.0, 0.0, 0.0, 0.0, 0.0, 0.0, 0.0], [0.0007, 0.0007, 0.0019, 0.0019, 0.0, 0.0, 0.0, 0.0, 0.0, 0.0, 0.0, 0.0, 0.0, 0.0, 0.0, 0.0], [0.0, 0.0, 0.005200000000000001, 0.005200000000000001, 0.0, 0.0, 0.0, 0.0, 0.0, 0.0, 0.0, 0.0, 0.0, 0.0, 0.0, 0.0], [0.0, 0.0, 0.0, 0.0, 0.0, 0.0, 0.0, 0.0, 0.0, 0.0, 0.0, 0.0, 0.0, 0.0, 0.0, 0.0]]}}
bs_latimer_munro_vbm: {'band_index': {'1': [59]}, 'kpoint_index': [74], 'kpoint': <pymatgen.electronic_structure.bandstructure.Kpoint object at 0x7fc5d4b59d30>, 'energy': 0.9524, 'projections': {'1': [[0.0, 0.0, 0.1569, 0.1569, 0.0001, 0.0001, 0.0, 0.0, 0.0027, 0.0022, 0.0001, 0.0001, 0.0027, 0.0022, 0.0, 0.0], [0.0, 0.0, 0.0041, 0.0041, 0.0028, 0.0028, 0.0005, 0.0005, 0.0279, 0.034300000000000004, 0.0023, 0.0023, 0.0279, 0.034300000000000004, 0.006500000000000001, 0.006500000000000001], [0.0, 0.0, 0.0037, 0.0037, 0.00030000000000000003, 0.00030000000000000003, 0.004, 0.004, 0.0016, 0.0108, 0.0004, 0.0004, 0.0016, 0.0108, 0.0454, 0.0454], [0.0, 0.0, 0.0324, 0.0324, 0.0005, 0.0005, 0.00030000000000000003, 0.00030000000000000003, 0.0164, 0.0029000000000000002, 0.039900000000000005, 0.039900000000000005, 0.0164, 0.0029000000000000002, 0.0012000000000000001, 0.0012000000000000001], [0.0, 0.0, 0.0, 0.0, 0.0, 0.0, 0.0, 0.0, 0.0, 0.0, 0.0, 0.0, 0.0, 0.0, 0.0, 0.0], [0.0, 0.0, 0.0, 0.0, 0.0, 0.0, 0.0, 0.0, 0.0, 0.0, 0.0, 0.0, 0.0, 0.0, 0.0, 0.0], [0.0, 0.0, 0.0002, 0.0002, 0.0, 0.0, 0.0, 0.0, 0.0, 0.0, 0.0, 0.0, 0.0, 0.0, 0.0, 0.0], [0.0, 0.0, 0.0001, 0.0001, 0.0, 0.0, 0.0, 0.0, 0.0, 0.0, 0.0, 0.0, 0.0, 0.0, 0.0, 0.0], [0.0001, 0.0001, 0.0, 0.0, 0.0, 0.0, 0.0, 0.0, 0.0, 0.0, 0.0, 0.0, 0.0, 0.0, 0.0, 0.0]]}}
bs_latimer_munro_efermi: 1.03132268