material_id: mp-541037
band_gap: 1.1227
efermi: 2.350117479999999
dos_magnetic_ordering: NM
dos_total_task_id: mp-1695472
dos_total_band_gap: 1.1151
dos_total_cbm: 3.3871
dos_total_vbm: 2.2720000000000002
dos_total_efermi: 2.27829012
bs_setyawan_curtarolo_task_id: mp-689293
bs_setyawan_curtarolo_band_gap: 1.1227
bs_setyawan_curtarolo_cbm: {'band_index': {'1': [32]}, 'kpoint_index': ['79'], 'kpoint': <pymatgen.electronic_structure.bandstructure.Kpoint object at 0x7fc699d63930>, 'energy': 3.3761, 'projections': {'1': [[0.017, 0.017, 0.00030000000000000003, 0.00030000000000000003, 0.0103, 0.0103], [0.0005, 0.0005, 0.0091, 0.0091, 0.019, 0.019], [0.0, 0.0, 0.0061, 0.0061, 0.0, 0.0], [0.0, 0.0, 0.0, 0.0, 0.0, 0.0], [0.0, 0.0, 0.0, 0.0, 0.0, 0.0], [0.0, 0.0, 0.052700000000000004, 0.052700000000000004, 0.0, 0.0], [0.014400000000000001, 0.014400000000000001, 0.0106, 0.0106, 0.0, 0.0], [0.0, 0.0, 0.0, 0.0, 0.0, 0.0], [0.0049, 0.0049, 0.017, 0.017, 0.0, 0.0]]}}
bs_setyawan_curtarolo_vbm: {'band_index': {'1': [31]}, 'kpoint_index': [0, 75, 76], 'kpoint': <pymatgen.electronic_structure.bandstructure.Kpoint object at 0x7fc5d4b5a190>, 'energy': 2.2534, 'projections': {'1': [[0.0, 0.0, 0.0229, 0.0228, 0.0, 0.0], [0.0, 0.0, 0.0, 0.0, 0.0, 0.0], [0.004200000000000001, 0.004200000000000001, 0.0, 0.0, 0.0727, 0.0727], [0.0, 0.0, 0.0, 0.0, 0.0, 0.0], [0.0, 0.0, 0.0, 0.0, 0.0, 0.0], [0.0008, 0.0008, 0.1313, 0.1313, 0.0, 0.0], [0.0, 0.0, 0.1348, 0.1348, 0.0, 0.0], [0.0, 0.0, 0.0, 0.0, 0.0, 0.0], [0.0, 0.0, 0.0781, 0.0781, 0.0, 0.0]]}}
bs_setyawan_curtarolo_efermi: 2.350117479999999
bs_hinuma_task_id: mp-2056656
bs_hinuma_band_gap: 1.1292
bs_hinuma_cbm: {'band_index': {'1': [32]}, 'kpoint_index': ['3'], 'kpoint': <pymatgen.electronic_structure.bandstructure.Kpoint object at 0x7fc5d4b59d30>, 'energy': 3.3778, 'projections': {'1': [[0.017, 0.017, 0.00030000000000000003, 0.00030000000000000003, 0.0103, 0.0103], [0.0005, 0.0005, 0.0091, 0.0091, 0.019, 0.019], [0.0, 0.0, 0.0061, 0.0061, 0.0, 0.0], [0.0, 0.0, 0.0, 0.0, 0.0, 0.0], [0.0, 0.0, 0.0, 0.0, 0.0, 0.0], [0.0, 0.0, 0.0526, 0.0526, 0.0, 0.0], [0.014400000000000001, 0.014400000000000001, 0.0105, 0.0105, 0.0, 0.0], [0.0, 0.0, 0.0, 0.0, 0.0, 0.0], [0.0049, 0.0049, 0.016900000000000002, 0.016900000000000002, 0.0, 0.0]]}}
bs_hinuma_vbm: {'band_index': {'1': [31]}, 'kpoint_index': [0, 36, 37, 88], 'kpoint': <pymatgen.electronic_structure.bandstructure.Kpoint object at 0x7fc5d4b5a3c0>, 'energy': 2.2486, 'projections': {'1': [[0.0, 0.0, 0.023100000000000002, 0.0229, 0.0, 0.0], [0.0, 0.0, 0.0, 0.0, 0.0, 0.0], [0.004200000000000001, 0.004200000000000001, 0.0, 0.0, 0.0727, 0.0727], [0.0, 0.0, 0.0, 0.0, 0.0, 0.0], [0.0, 0.0, 0.0, 0.0, 0.0, 0.0], [0.0008, 0.0008, 0.13090000000000002, 0.13090000000000002, 0.0, 0.0], [0.0, 0.0, 0.13520000000000001, 0.13520000000000001, 0.0, 0.0], [0.0, 0.0, 0.0, 0.0, 0.0, 0.0], [0.0, 0.0, 0.078, 0.078, 0.0, 0.0]]}}
bs_hinuma_efermi: 2.43968369
bs_latimer_munro_task_id: mp-2693739
bs_latimer_munro_band_gap: 1.1292
bs_latimer_munro_cbm: {'band_index': {'1': [32]}, 'kpoint_index': ['248'], 'kpoint': <pymatgen.electronic_structure.bandstructure.Kpoint object at 0x7fc5d4b59c50>, 'energy': 3.3778, 'projections': {'1': [[0.017, 0.017, 0.00030000000000000003, 0.00030000000000000003, 0.0103, 0.0103], [0.0005, 0.0005, 0.0091, 0.0091, 0.019, 0.019], [0.0, 0.0, 0.0061, 0.0061, 0.0, 0.0], [0.0, 0.0, 0.0, 0.0, 0.0, 0.0], [0.0, 0.0, 0.0, 0.0, 0.0, 0.0], [0.0, 0.0, 0.0526, 0.0526, 0.0, 0.0], [0.014400000000000001, 0.014400000000000001, 0.0105, 0.0105, 0.0, 0.0], [0.0, 0.0, 0.0, 0.0, 0.0, 0.0], [0.0049, 0.0049, 0.016900000000000002, 0.016900000000000002, 0.0, 0.0]]}}
bs_latimer_munro_vbm: {'band_index': {'1': [31]}, 'kpoint_index': [46, 47, 102, 103, 231, 232, 245], 'kpoint': <pymatgen.electronic_structure.bandstructure.Kpoint object at 0x7fc5d4b59be0>, 'energy': 2.2486, 'projections': {'1': [[0.0, 0.0, 0.023, 0.023, 0.0, 0.0], [0.0, 0.0, 0.0, 0.0, 0.0, 0.0], [0.004200000000000001, 0.004200000000000001, 0.0, 0.0, 0.0727, 0.0727], [0.0, 0.0, 0.0, 0.0, 0.0, 0.0], [0.0, 0.0, 0.0, 0.0, 0.0, 0.0], [0.0008, 0.0008, 0.13090000000000002, 0.13090000000000002, 0.0, 0.0], [0.0, 0.0, 0.13520000000000001, 0.13520000000000001, 0.0, 0.0], [0.0, 0.0, 0.0, 0.0, 0.0, 0.0], [0.0, 0.0, 0.0779, 0.0779, 0.0, 0.0]]}}
bs_latimer_munro_efermi: 2.44403354