material_id: mp-568904
band_gap: 0.6898000000000001
efermi: 4.12134313
dos_magnetic_ordering: NM
dos_total_task_id: mp-1686238
dos_total_band_gap: 0.7092
dos_total_cbm: 4.7165
dos_total_vbm: 4.0073
dos_total_efermi: 4.01362072
bs_setyawan_curtarolo_task_id: mp-715918
bs_setyawan_curtarolo_band_gap: 0.6898000000000001
bs_setyawan_curtarolo_cbm: {'band_index': {'1': [134, 135]}, 'kpoint_index': ['69'], 'kpoint': <pymatgen.electronic_structure.bandstructure.Kpoint object at 0x7fc699d63930>, 'energy': 4.6973, 'projections': {'1': [[0.0001, 0.00030000000000000003, 0.0002, 0.0001, 0.0001, 0.0, 0.0, 0.0001, 0.0015, 0.0041, 0.0044, 0.0002, 0.0, 0.0002, 0.0011, 0.0, 0.007500000000000001, 0.0019, 0.0018000000000000002, 0.0021000000000000003, 0.002, 0.0018000000000000002, 0.0023, 0.0, 0.0038, 0.0001, 0.0038, 0.008, 0.0009000000000000001, 0.0007, 0.007500000000000001, 0.0001, 0.0085, 0.0007, 0.0001, 0.0001, 0.0006000000000000001, 0.0012000000000000001, 0.0015, 0.0001], [0.0001, 0.0, 0.0001, 0.0, 0.0001, 0.0001, 0.0005, 0.0004, 0.0001, 0.0005, 0.0005, 0.0005, 0.0037, 0.001, 0.0001, 0.004200000000000001, 0.0037, 0.0004, 0.0002, 0.0025, 0.0016, 0.0016, 0.002, 0.0002, 0.0035, 0.001, 0.0044, 0.0085, 0.0024000000000000002, 0.0001, 0.0035, 0.0026000000000000003, 0.0088, 0.0002, 0.0025, 0.00030000000000000003, 0.0027, 0.0137, 0.0134, 0.0009000000000000001], [0.0, 0.0, 0.0, 0.0, 0.0002, 0.0002, 0.00030000000000000003, 0.00030000000000000003, 0.0056, 0.0269, 0.0251, 0.0031000000000000003, 0.027100000000000003, 0.0027, 0.0074, 0.026600000000000002, 0.00030000000000000003, 0.0004, 0.0005, 0.0006000000000000001, 0.0002, 0.00030000000000000003, 0.0002, 0.0038, 0.0029000000000000002, 0.0012000000000000001, 0.0033, 0.0014, 0.0032, 0.0015, 0.0004, 0.0013000000000000002, 0.0014, 0.0015, 0.0012000000000000001, 0.005, 0.0027, 0.0152, 0.0158, 0.0], [0.00030000000000000003, 0.0, 0.00030000000000000003, 0.0, 0.0001, 0.0001, 0.0, 0.0, 0.0011, 0.002, 0.0021000000000000003, 0.0082, 0.008400000000000001, 0.0099, 0.001, 0.01, 0.0007, 0.0006000000000000001, 0.0007, 0.0013000000000000002, 0.0021000000000000003, 0.001, 0.001, 0.0009000000000000001, 0.0059, 0.0024000000000000002, 0.0051, 0.0001, 0.0002, 0.0028, 0.0008, 0.00030000000000000003, 0.0001, 0.0026000000000000003, 0.0006000000000000001, 0.0007, 0.00030000000000000003, 0.0006000000000000001, 0.0005, 0.0025], [0.0, 0.0001, 0.0001, 0.0001, 0.0004, 0.0, 0.0013000000000000002, 0.0017000000000000001, 0.0, 0.0002, 0.0002, 0.0001, 0.0004, 0.0, 0.0, 0.0004, 0.0, 0.0, 0.0, 0.0, 0.0, 0.0, 0.0, 0.0, 0.0, 0.0, 0.0, 0.0001, 0.0, 0.0001, 0.0, 0.0, 0.0001, 0.0, 0.0, 0.0, 0.0, 0.0, 0.0001, 0.0], [0.0, 0.0, 0.0, 0.0, 0.0001, 0.0, 0.0, 0.0, 0.00030000000000000003, 0.001, 0.0009000000000000001, 0.0001, 0.001, 0.0002, 0.0004, 0.001, 0.0004, 0.0, 0.0, 0.0, 0.0, 0.0, 0.0001, 0.0, 0.0001, 0.0, 0.0001, 0.0002, 0.0001, 0.0, 0.0004, 0.0, 0.00030000000000000003, 0.0, 0.0, 0.0, 0.0001, 0.0004, 0.0004, 0.0], [0.0, 0.0, 0.0, 0.0, 0.0002, 0.0, 0.0014, 0.0016, 0.0, 0.0001, 0.0001, 0.0, 0.0, 0.0, 0.0, 0.0, 0.0001, 0.0, 0.0, 0.0, 0.0, 0.0, 0.0, 0.0, 0.0002, 0.0001, 0.0001, 0.0, 0.0, 0.0, 0.0001, 0.0004, 0.0, 0.0, 0.0004, 0.0, 0.0001, 0.0005, 0.0005, 0.0], [0.0001, 0.0, 0.0, 0.0, 0.0016, 0.0019, 0.00030000000000000003, 0.0001, 0.0, 0.0, 0.0, 0.0, 0.0, 0.0, 0.0, 0.0, 0.0, 0.0, 0.0, 0.0, 0.0, 0.0, 0.0, 0.00030000000000000003, 0.0, 0.0002, 0.0, 0.0, 0.0, 0.0002, 0.0, 0.0, 0.0, 0.0002, 0.0, 0.0002, 0.0, 0.0002, 0.0001, 0.0002], [0.0001, 0.0, 0.0001, 0.0001, 0.0, 0.0004, 0.0029000000000000002, 0.0025, 0.0, 0.0002, 0.0001, 0.0, 0.0, 0.0, 0.0, 0.0, 0.0011, 0.0002, 0.00030000000000000003, 0.0002, 0.0001, 0.00030000000000000003, 0.00030000000000000003, 0.0, 0.0008, 0.0, 0.0009000000000000001, 0.0012000000000000001, 0.0, 0.0, 0.0012000000000000001, 0.0001, 0.0013000000000000002, 0.0, 0.0001, 0.0, 0.0001, 0.0002, 0.0001, 0.0], [0.0, 0.0, 0.0, 0.0, 0.0012000000000000001, 0.0018000000000000002, 0.003, 0.0023, 0.0, 0.0, 0.0, 0.0, 0.0, 0.0, 0.0, 0.0, 0.0, 0.0, 0.0, 0.0, 0.0, 0.0, 0.0, 0.0, 0.0, 0.0, 0.0, 0.0, 0.0, 0.0, 0.0, 0.0, 0.0, 0.0, 0.0, 0.0, 0.0, 0.0, 0.0, 0.0], [0.0, 0.0, 0.0, 0.0, 0.0, 0.0001, 0.001, 0.0009000000000000001, 0.0, 0.0, 0.0, 0.0, 0.0, 0.0, 0.0, 0.0, 0.0, 0.0, 0.0, 0.0, 0.0, 0.0, 0.0, 0.0, 0.0, 0.0, 0.0, 0.0, 0.0, 0.0, 0.0, 0.0, 0.0, 0.0, 0.0, 0.0, 0.0, 0.0, 0.0, 0.0], [0.0, 0.0, 0.0, 0.0, 0.00030000000000000003, 0.0004, 0.0002, 0.0001, 0.0, 0.0, 0.0, 0.0, 0.0, 0.0, 0.0, 0.0, 0.0, 0.0, 0.0, 0.0, 0.0, 0.0, 0.0, 0.0, 0.0, 0.0, 0.0, 0.0, 0.0, 0.0, 0.0, 0.0, 0.0, 0.0, 0.0, 0.0, 0.0, 0.0, 0.0, 0.0], [0.0, 0.0, 0.0, 0.0, 0.0011, 0.001, 0.0002, 0.00030000000000000003, 0.0, 0.0, 0.0, 0.0, 0.0, 0.0, 0.0, 0.0, 0.0, 0.0, 0.0, 0.0, 0.0, 0.0, 0.0, 0.0, 0.0, 0.0, 0.0, 0.0, 0.0, 0.0, 0.0, 0.0, 0.0, 0.0, 0.0, 0.0, 0.0, 0.0, 0.0, 0.0], [0.0, 0.0, 0.0, 0.0, 0.0, 0.0, 0.0001, 0.0, 0.0, 0.0, 0.0, 0.0, 0.0, 0.0, 0.0, 0.0, 0.0, 0.0, 0.0, 0.0, 0.0, 0.0, 0.0, 0.0, 0.0, 0.0, 0.0, 0.0, 0.0, 0.0, 0.0, 0.0, 0.0, 0.0, 0.0, 0.0, 0.0, 0.0, 0.0, 0.0], [0.0, 0.0, 0.0, 0.0, 0.00030000000000000003, 0.0001, 0.0002, 0.0004, 0.0, 0.0, 0.0, 0.0, 0.0, 0.0, 0.0, 0.0, 0.0, 0.0, 0.0, 0.0, 0.0, 0.0, 0.0, 0.0, 0.0, 0.0, 0.0, 0.0, 0.0, 0.0, 0.0, 0.0, 0.0, 0.0, 0.0, 0.0, 0.0, 0.0, 0.0, 0.0], [0.0, 0.0, 0.0, 0.0, 0.001, 0.0006000000000000001, 0.0005, 0.0008, 0.0, 0.0, 0.0, 0.0, 0.0, 0.0, 0.0, 0.0, 0.0, 0.0, 0.0, 0.0, 0.0, 0.0, 0.0, 0.0, 0.0, 0.0, 0.0, 0.0, 0.0, 0.0, 0.0, 0.0, 0.0, 0.0, 0.0, 0.0, 0.0, 0.0, 0.0, 0.0]]}}
bs_setyawan_curtarolo_vbm: {'band_index': {'1': [133]}, 'kpoint_index': ['39'], 'kpoint': <pymatgen.electronic_structure.bandstructure.Kpoint object at 0x7fc5d4b59d30>, 'energy': 4.0075, 'projections': {'1': [[0.0, 0.0, 0.0, 0.0, 0.0001, 0.0001, 0.0001, 0.0001, 0.0086, 0.0086, 0.0086, 0.0092, 0.0092, 0.0092, 0.0086, 0.0092, 0.00030000000000000003, 0.00030000000000000003, 0.00030000000000000003, 0.0004, 0.0004, 0.0001, 0.0001, 0.0, 0.0004, 0.0, 0.0004, 0.0001, 0.0005, 0.0005, 0.00030000000000000003, 0.0005, 0.0001, 0.0005, 0.0005, 0.0, 0.0005, 0.0005, 0.0005, 0.0], [0.0, 0.0, 0.0, 0.0, 0.0001, 0.0001, 0.0001, 0.0001, 0.0005, 0.0005, 0.0005, 0.0029000000000000002, 0.0029000000000000002, 0.0029000000000000002, 0.0005, 0.0029000000000000002, 0.0166, 0.0166, 0.0166, 0.0201, 0.0201, 0.025400000000000002, 0.025400000000000002, 0.0001, 0.0201, 0.0001, 0.0201, 0.025400000000000002, 0.014, 0.0, 0.0166, 0.0, 0.025400000000000002, 0.0, 0.0, 0.0001, 0.013900000000000001, 0.014, 0.014, 0.0001], [0.0, 0.0, 0.0, 0.0, 0.0, 0.0, 0.0, 0.0, 0.0007, 0.0007, 0.0007, 0.0051, 0.0051, 0.0051, 0.0007, 0.0051, 0.0037, 0.0037, 0.0037, 0.0004, 0.0004, 0.0, 0.0, 0.0002, 0.0004, 0.0002, 0.0004, 0.0, 0.0189, 0.0001, 0.0037, 0.0001, 0.0, 0.0001, 0.0001, 0.0002, 0.0189, 0.0189, 0.0189, 0.0002], [0.0, 0.0, 0.0, 0.0, 0.0, 0.0, 0.0, 0.0, 0.0008, 0.0008, 0.0008, 0.0028, 0.0028, 0.0028, 0.0008, 0.0028, 0.0005, 0.0005, 0.0005, 0.0014, 0.0014, 0.0016, 0.0016, 0.0, 0.0014, 0.0, 0.0014, 0.0016, 0.0032, 0.0021000000000000003, 0.0005, 0.0021000000000000003, 0.0016, 0.0021000000000000003, 0.0021000000000000003, 0.0, 0.0032, 0.0032, 0.0032, 0.0], [0.0, 0.0, 0.0, 0.0, 0.0001, 0.0001, 0.0001, 0.0001, 0.0, 0.0, 0.0, 0.0, 0.0, 0.0, 0.0, 0.0, 0.0, 0.0, 0.0, 0.0001, 0.0001, 0.0002, 0.0002, 0.0, 0.0001, 0.0, 0.0001, 0.0002, 0.0, 0.0, 0.0, 0.0, 0.0002, 0.0, 0.0, 0.0, 0.0, 0.0, 0.0, 0.0], [0.0, 0.0, 0.0, 0.0, 0.0001, 0.0001, 0.0001, 0.0001, 0.0, 0.0, 0.0, 0.0, 0.0, 0.0, 0.0, 0.0, 0.0, 0.0, 0.0, 0.0001, 0.0001, 0.0, 0.0, 0.0, 0.0001, 0.0, 0.0001, 0.0, 0.0001, 0.0, 0.0, 0.0, 0.0, 0.0, 0.0, 0.0, 0.0001, 0.0001, 0.0001, 0.0], [0.0, 0.0, 0.0, 0.0, 0.005, 0.005, 0.005, 0.005, 0.0004, 0.0004, 0.0004, 0.0001, 0.0001, 0.0001, 0.0004, 0.0001, 0.0, 0.0, 0.0, 0.0, 0.0, 0.0, 0.0, 0.0, 0.0, 0.0, 0.0, 0.0, 0.0, 0.0, 0.0, 0.0, 0.0, 0.0, 0.0, 0.0, 0.0, 0.0, 0.0, 0.0], [0.0, 0.0, 0.0, 0.0, 0.0008, 0.0008, 0.0008, 0.0008, 0.0002, 0.0002, 0.0002, 0.00030000000000000003, 0.00030000000000000003, 0.00030000000000000003, 0.0002, 0.00030000000000000003, 0.0, 0.0, 0.0, 0.0001, 0.0001, 0.0, 0.0, 0.0001, 0.0001, 0.0001, 0.0001, 0.0, 0.0, 0.0, 0.0, 0.0, 0.0, 0.0, 0.0, 0.0001, 0.0, 0.0, 0.0, 0.0001], [0.0, 0.0, 0.0, 0.0, 0.00030000000000000003, 0.00030000000000000003, 0.00030000000000000003, 0.00030000000000000003, 0.0001, 0.0001, 0.0001, 0.0, 0.0, 0.0, 0.0001, 0.0, 0.0001, 0.0001, 0.0001, 0.0001, 0.0001, 0.0, 0.0, 0.0, 0.0001, 0.0, 0.0001, 0.0, 0.0, 0.0, 0.0001, 0.0, 0.0, 0.0, 0.0, 0.0, 0.0, 0.0, 0.0, 0.0], [0.0, 0.0, 0.0, 0.0, 0.00030000000000000003, 0.00030000000000000003, 0.00030000000000000003, 0.00030000000000000003, 0.0, 0.0, 0.0, 0.0, 0.0, 0.0, 0.0, 0.0, 0.0, 0.0, 0.0, 0.0, 0.0, 0.0, 0.0, 0.0, 0.0, 0.0, 0.0, 0.0, 0.0, 0.0, 0.0, 0.0, 0.0, 0.0, 0.0, 0.0, 0.0, 0.0, 0.0, 0.0], [0.0, 0.0, 0.0, 0.0, 0.00030000000000000003, 0.00030000000000000003, 0.00030000000000000003, 0.00030000000000000003, 0.0, 0.0, 0.0, 0.0, 0.0, 0.0, 0.0, 0.0, 0.0, 0.0, 0.0, 0.0, 0.0, 0.0, 0.0, 0.0, 0.0, 0.0, 0.0, 0.0, 0.0, 0.0, 0.0, 0.0, 0.0, 0.0, 0.0, 0.0, 0.0, 0.0, 0.0, 0.0], [0.0, 0.0, 0.0, 0.0, 0.0001, 0.0001, 0.0001, 0.0001, 0.0, 0.0, 0.0, 0.0, 0.0, 0.0, 0.0, 0.0, 0.0, 0.0, 0.0, 0.0, 0.0, 0.0, 0.0, 0.0, 0.0, 0.0, 0.0, 0.0, 0.0, 0.0, 0.0, 0.0, 0.0, 0.0, 0.0, 0.0, 0.0, 0.0, 0.0, 0.0], [0.0, 0.0, 0.0, 0.0, 0.00030000000000000003, 0.00030000000000000003, 0.00030000000000000003, 0.00030000000000000003, 0.0, 0.0, 0.0, 0.0, 0.0, 0.0, 0.0, 0.0, 0.0, 0.0, 0.0, 0.0, 0.0, 0.0, 0.0, 0.0, 0.0, 0.0, 0.0, 0.0, 0.0, 0.0, 0.0, 0.0, 0.0, 0.0, 0.0, 0.0, 0.0, 0.0, 0.0, 0.0], [0.0, 0.0, 0.0, 0.0, 0.0026000000000000003, 0.0026000000000000003, 0.0026000000000000003, 0.0026000000000000003, 0.0, 0.0, 0.0, 0.0, 0.0, 0.0, 0.0, 0.0, 0.0, 0.0, 0.0, 0.0, 0.0, 0.0, 0.0, 0.0, 0.0, 0.0, 0.0, 0.0, 0.0, 0.0, 0.0, 0.0, 0.0, 0.0, 0.0, 0.0, 0.0, 0.0, 0.0, 0.0], [0.0, 0.0, 0.0, 0.0, 0.0, 0.0, 0.0, 0.0, 0.0, 0.0, 0.0, 0.0, 0.0, 0.0, 0.0, 0.0, 0.0, 0.0, 0.0, 0.0, 0.0, 0.0, 0.0, 0.0, 0.0, 0.0, 0.0, 0.0, 0.0, 0.0, 0.0, 0.0, 0.0, 0.0, 0.0, 0.0, 0.0, 0.0, 0.0, 0.0], [0.0, 0.0, 0.0, 0.0, 0.0022, 0.0022, 0.0022, 0.0022, 0.0, 0.0, 0.0, 0.0, 0.0, 0.0, 0.0, 0.0, 0.0, 0.0, 0.0, 0.0, 0.0, 0.0, 0.0, 0.0, 0.0, 0.0, 0.0, 0.0, 0.0, 0.0, 0.0, 0.0, 0.0, 0.0, 0.0, 0.0, 0.0, 0.0, 0.0, 0.0]]}}
bs_setyawan_curtarolo_efermi: 4.12134313