material_id: mp-556985
band_gap: 5.6098
efermi: -1.27835085
dos_magnetic_ordering: NM
dos_total_task_id: mp-1743613
dos_total_band_gap: 5.8007
dos_total_cbm: 4.4656
dos_total_vbm: -1.3351
dos_total_efermi: -1.34530999
bs_setyawan_curtarolo_task_id: mp-698955
bs_setyawan_curtarolo_band_gap: 5.6098
bs_setyawan_curtarolo_cbm: {'band_index': {'1': [32]}, 'kpoint_index': [11, 12, 43, 44, 78, 79, 102], 'kpoint': <pymatgen.electronic_structure.bandstructure.Kpoint object at 0x7fc699d63930>, 'energy': 4.2838, 'projections': {'1': [[0.0234, 0.024900000000000002, 0.026500000000000003, 0.028800000000000003, 0.0223, 0.0234, 0.0212, 0.0247, 0.023700000000000002, 0.0244, 0.0183, 0.022600000000000002], [0.00030000000000000003, 0.00030000000000000003, 0.0, 0.0, 0.0013000000000000002, 0.0022, 0.0015, 0.0021000000000000003, 0.0002, 0.0, 0.0, 0.0005], [0.0, 0.0, 0.0002, 0.0, 0.0001, 0.0, 0.0001, 0.0, 0.00030000000000000003, 0.0, 0.0017000000000000001, 0.0], [0.0001, 0.0002, 0.0, 0.0, 0.0, 0.0, 0.0, 0.0, 0.00030000000000000003, 0.0012000000000000001, 0.0001, 0.0002], [0.0, 0.0, 0.0, 0.0, 0.0, 0.0, 0.0, 0.0, 0.0, 0.0, 0.0, 0.0], [0.0, 0.0, 0.0, 0.0, 0.0, 0.0, 0.0, 0.0, 0.0, 0.0, 0.0, 0.0], [0.0, 0.0, 0.0, 0.0, 0.0, 0.0, 0.0, 0.0, 0.0, 0.0, 0.0, 0.0], [0.0, 0.0, 0.0, 0.0, 0.0, 0.0, 0.0, 0.0, 0.0, 0.0, 0.0, 0.0], [0.0, 0.0, 0.0, 0.0, 0.0, 0.0, 0.0, 0.0, 0.0, 0.0, 0.0, 0.0]]}}
bs_setyawan_curtarolo_vbm: {'band_index': {'1': [31]}, 'kpoint_index': [91], 'kpoint': <pymatgen.electronic_structure.bandstructure.Kpoint object at 0x7fc5d4b59c50>, 'energy': -1.326, 'projections': {'1': [[0.0, 0.0, 0.0, 0.0001, 0.0, 0.0001, 0.0001, 0.0, 0.0005, 0.0, 0.0, 0.0005], [0.0002, 0.0001, 0.0, 0.0001, 0.0027, 0.0092, 0.0105, 0.0013000000000000002, 0.0038, 0.0, 0.1316, 0.0729], [0.0, 0.0, 0.0, 0.001, 0.0273, 0.0536, 0.0015, 0.027700000000000002, 0.0, 0.0008, 0.0182, 0.026500000000000003], [0.0002, 0.0004, 0.0002, 0.0, 0.1206, 0.026000000000000002, 0.0024000000000000002, 0.0152, 0.058300000000000005, 0.0001, 0.08070000000000001, 0.055200000000000006], [0.0, 0.0, 0.0, 0.0, 0.0, 0.0, 0.0, 0.0, 0.0, 0.0, 0.0, 0.0], [0.0, 0.0, 0.0, 0.0, 0.0, 0.0, 0.0, 0.0, 0.0, 0.0, 0.0, 0.0], [0.0, 0.0, 0.0, 0.0, 0.0, 0.0, 0.0, 0.0, 0.0, 0.0, 0.0, 0.0], [0.0, 0.0, 0.0, 0.0, 0.0, 0.0, 0.0, 0.0, 0.0, 0.0, 0.0, 0.0], [0.0, 0.0, 0.0, 0.0, 0.0, 0.0, 0.0, 0.0, 0.0, 0.0, 0.0, 0.0]]}}
bs_setyawan_curtarolo_efermi: -1.27835085
bs_hinuma_task_id: mp-2099503
bs_hinuma_band_gap: 5.6151
bs_hinuma_cbm: {'band_index': {'1': [32]}, 'kpoint_index': [0, 27, 28, 58, 59, 86, 87], 'kpoint': <pymatgen.electronic_structure.bandstructure.Kpoint object at 0x7fc5d4b59d30>, 'energy': 4.2847, 'projections': {'1': [[0.0234, 0.024800000000000003, 0.026500000000000003, 0.028800000000000003, 0.0223, 0.0234, 0.0212, 0.0247, 0.023700000000000002, 0.0244, 0.0183, 0.022600000000000002], [0.0001, 0.0, 0.0001, 0.0, 0.0001, 0.0005, 0.0008, 0.00030000000000000003, 0.0005, 0.0, 0.0014, 0.0001], [0.0002, 0.0002, 0.0001, 0.0, 0.0012000000000000001, 0.0017000000000000001, 0.0008, 0.0018000000000000002, 0.0, 0.0, 0.00030000000000000003, 0.0004], [0.0001, 0.0002, 0.0, 0.0, 0.0, 0.0, 0.0, 0.0, 0.00030000000000000003, 0.0012000000000000001, 0.0001, 0.0002], [0.0, 0.0, 0.0, 0.0, 0.0, 0.0, 0.0, 0.0, 0.0, 0.0, 0.0, 0.0], [0.0, 0.0, 0.0, 0.0, 0.0, 0.0, 0.0, 0.0, 0.0, 0.0, 0.0, 0.0], [0.0, 0.0, 0.0, 0.0, 0.0, 0.0, 0.0, 0.0, 0.0, 0.0, 0.0, 0.0], [0.0, 0.0, 0.0, 0.0, 0.0, 0.0, 0.0, 0.0, 0.0, 0.0, 0.0, 0.0], [0.0, 0.0, 0.0, 0.0, 0.0, 0.0, 0.0, 0.0, 0.0, 0.0, 0.0, 0.0]]}}
bs_hinuma_vbm: {'band_index': {'1': [31]}, 'kpoint_index': [70], 'kpoint': <pymatgen.electronic_structure.bandstructure.Kpoint object at 0x7fc5d4b5a200>, 'energy': -1.3304, 'projections': {'1': [[0.0, 0.0, 0.0, 0.0001, 0.0, 0.0001, 0.0001, 0.0, 0.0004, 0.0, 0.0, 0.0005], [0.0, 0.0, 0.0, 0.0006000000000000001, 0.028800000000000003, 0.0621, 0.007, 0.026600000000000002, 0.001, 0.0008, 0.0033, 0.0001], [0.0002, 0.0001, 0.0, 0.0005, 0.0012000000000000001, 0.0008, 0.0051, 0.0024000000000000002, 0.0028, 0.0001, 0.1463, 0.0994], [0.0002, 0.0004, 0.0002, 0.0, 0.1206, 0.0261, 0.0024000000000000002, 0.0152, 0.0579, 0.0001, 0.08080000000000001, 0.0553], [0.0, 0.0, 0.0, 0.0, 0.0, 0.0, 0.0, 0.0, 0.0, 0.0, 0.0, 0.0], [0.0, 0.0, 0.0, 0.0, 0.0, 0.0, 0.0, 0.0, 0.0, 0.0, 0.0, 0.0], [0.0, 0.0, 0.0, 0.0, 0.0, 0.0, 0.0, 0.0, 0.0, 0.0, 0.0, 0.0], [0.0, 0.0, 0.0, 0.0, 0.0, 0.0, 0.0, 0.0, 0.0, 0.0, 0.0, 0.0], [0.0, 0.0, 0.0, 0.0, 0.0, 0.0, 0.0, 0.0, 0.0, 0.0, 0.0, 0.0]]}}
bs_hinuma_efermi: -1.15883031
bs_latimer_munro_task_id: mp-2301238
bs_latimer_munro_band_gap: 5.6151
bs_latimer_munro_cbm: {'band_index': {'1': [32]}, 'kpoint_index': [11, 12, 24, 36, 52, 68, 87], 'kpoint': <pymatgen.electronic_structure.bandstructure.Kpoint object at 0x7fc5d4b5a190>, 'energy': 4.2847, 'projections': {'1': [[0.0234, 0.024800000000000003, 0.026500000000000003, 0.028800000000000003, 0.0223, 0.0234, 0.0212, 0.0247, 0.023700000000000002, 0.0244, 0.0183, 0.022600000000000002], [0.0001, 0.0, 0.0001, 0.0, 0.0001, 0.0005, 0.0008, 0.00030000000000000003, 0.0005, 0.0, 0.0014, 0.0001], [0.0002, 0.0002, 0.0001, 0.0, 0.0012000000000000001, 0.0017000000000000001, 0.0008, 0.0018000000000000002, 0.0, 0.0, 0.00030000000000000003, 0.0004], [0.0001, 0.0002, 0.0, 0.0, 0.0, 0.0, 0.0, 0.0, 0.00030000000000000003, 0.0012000000000000001, 0.0001, 0.0002], [0.0, 0.0, 0.0, 0.0, 0.0, 0.0, 0.0, 0.0, 0.0, 0.0, 0.0, 0.0], [0.0, 0.0, 0.0, 0.0, 0.0, 0.0, 0.0, 0.0, 0.0, 0.0, 0.0, 0.0], [0.0, 0.0, 0.0, 0.0, 0.0, 0.0, 0.0, 0.0, 0.0, 0.0, 0.0, 0.0], [0.0, 0.0, 0.0, 0.0, 0.0, 0.0, 0.0, 0.0, 0.0, 0.0, 0.0, 0.0], [0.0, 0.0, 0.0, 0.0, 0.0, 0.0, 0.0, 0.0, 0.0, 0.0, 0.0, 0.0]]}}
bs_latimer_munro_vbm: {'band_index': {'1': [31]}, 'kpoint_index': [0], 'kpoint': <pymatgen.electronic_structure.bandstructure.Kpoint object at 0x7fc5d4b59be0>, 'energy': -1.3304, 'projections': {'1': [[0.0, 0.0, 0.0, 0.0001, 0.0, 0.0001, 0.0001, 0.0, 0.0004, 0.0, 0.0, 0.0005], [0.0, 0.0, 0.0, 0.0006000000000000001, 0.028800000000000003, 0.0621, 0.007, 0.026600000000000002, 0.001, 0.0008, 0.0033, 0.0001], [0.0002, 0.0001, 0.0, 0.0005, 0.0012000000000000001, 0.0008, 0.0051, 0.0024000000000000002, 0.0028, 0.0001, 0.1463, 0.0994], [0.0002, 0.0004, 0.0002, 0.0, 0.1206, 0.0261, 0.0024000000000000002, 0.0152, 0.0579, 0.0001, 0.08080000000000001, 0.0553], [0.0, 0.0, 0.0, 0.0, 0.0, 0.0, 0.0, 0.0, 0.0, 0.0, 0.0, 0.0], [0.0, 0.0, 0.0, 0.0, 0.0, 0.0, 0.0, 0.0, 0.0, 0.0, 0.0, 0.0], [0.0, 0.0, 0.0, 0.0, 0.0, 0.0, 0.0, 0.0, 0.0, 0.0, 0.0, 0.0], [0.0, 0.0, 0.0, 0.0, 0.0, 0.0, 0.0, 0.0, 0.0, 0.0, 0.0, 0.0], [0.0, 0.0, 0.0, 0.0, 0.0, 0.0, 0.0, 0.0, 0.0, 0.0, 0.0, 0.0]]}}
bs_latimer_munro_efermi: -1.157127459999999