material_id: mp-561531
band_gap: 4.5957
efermi: 1.86414932
dos_magnetic_ordering: NM
dos_total_task_id: mp-1707863
dos_total_band_gap: 4.5843
dos_total_cbm: 6.3668
dos_total_vbm: 1.7825000000000002
dos_total_efermi: 1.78641921
bs_setyawan_curtarolo_task_id: mp-1629869
bs_setyawan_curtarolo_band_gap: 4.5957
bs_setyawan_curtarolo_cbm: {'band_index': {'1': [72]}, 'kpoint_index': [0], 'kpoint': <pymatgen.electronic_structure.bandstructure.Kpoint object at 0x7fc699d63930>, 'energy': 6.3704, 'projections': {'1': [[0.0291, 0.0291, 0.0111, 0.0112, 0.0006000000000000001, 0.0038, 0.0006000000000000001, 0.0038, 0.0043, 0.0047, 0.006200000000000001, 0.0071, 0.008, 0.0043, 0.006200000000000001, 0.007, 0.0047, 0.008, 0.006200000000000001, 0.008, 0.006200000000000001, 0.008], [0.0, 0.0, 0.0, 0.0, 0.0, 0.0007, 0.0, 0.0007, 0.0013000000000000002, 0.0022, 0.00030000000000000003, 0.00030000000000000003, 0.0024000000000000002, 0.0013000000000000002, 0.00030000000000000003, 0.00030000000000000003, 0.0022, 0.0024000000000000002, 0.00030000000000000003, 0.0024000000000000002, 0.00030000000000000003, 0.0024000000000000002], [0.0, 0.0, 0.0, 0.0, 0.0002, 0.002, 0.0002, 0.002, 0.00030000000000000003, 0.0018000000000000002, 0.0025, 0.0013000000000000002, 0.0001, 0.00030000000000000003, 0.0025, 0.0013000000000000002, 0.0018000000000000002, 0.0001, 0.0025, 0.0002, 0.0025, 0.0002], [0.0, 0.0, 0.0, 0.0, 0.0, 0.0, 0.0, 0.0, 0.0, 0.0, 0.0021000000000000003, 0.0, 0.0008, 0.0, 0.0021000000000000003, 0.0, 0.0, 0.0008, 0.0021000000000000003, 0.0008, 0.0021000000000000003, 0.0008], [0.0001, 0.0001, 0.030600000000000002, 0.030600000000000002, 0.0, 0.0, 0.0, 0.0, 0.0, 0.0, 0.0, 0.0, 0.0, 0.0, 0.0, 0.0, 0.0, 0.0, 0.0, 0.0, 0.0, 0.0], [0.0041, 0.0041, 0.0015, 0.0015, 0.0, 0.0, 0.0, 0.0, 0.0, 0.0, 0.0, 0.0, 0.0, 0.0, 0.0, 0.0, 0.0, 0.0, 0.0, 0.0, 0.0, 0.0], [0.0, 0.0, 0.0118, 0.0118, 0.0, 0.0, 0.0, 0.0, 0.0, 0.0, 0.0, 0.0, 0.0, 0.0, 0.0, 0.0, 0.0, 0.0, 0.0, 0.0, 0.0, 0.0], [0.0, 0.0, 0.0063, 0.0063, 0.0, 0.0, 0.0, 0.0, 0.0, 0.0, 0.0, 0.0, 0.0, 0.0, 0.0, 0.0, 0.0, 0.0, 0.0, 0.0, 0.0, 0.0], [0.028300000000000002, 0.028300000000000002, 0.0158, 0.0158, 0.0, 0.0, 0.0, 0.0, 0.0, 0.0, 0.0, 0.0, 0.0, 0.0, 0.0, 0.0, 0.0, 0.0, 0.0, 0.0, 0.0, 0.0]]}}
bs_setyawan_curtarolo_vbm: {'band_index': {'1': [71]}, 'kpoint_index': [0], 'kpoint': <pymatgen.electronic_structure.bandstructure.Kpoint object at 0x7fc5d4b5a190>, 'energy': 1.7747000000000002, 'projections': {'1': [[0.0, 0.0, 0.0, 0.0, 0.0, 0.0, 0.0, 0.0, 0.0, 0.0, 0.0001, 0.0, 0.0, 0.0, 0.0001, 0.0, 0.0, 0.0, 0.0001, 0.0, 0.0001, 0.0], [0.0, 0.0, 0.0028, 0.0028, 0.0, 0.0, 0.0, 0.0, 0.0, 0.0, 0.0629, 0.0, 0.0074, 0.0, 0.0629, 0.0, 0.0, 0.0074, 0.0629, 0.0074, 0.0629, 0.0074], [0.00030000000000000003, 0.00030000000000000003, 0.0025, 0.0025, 0.0, 0.0, 0.0, 0.0, 0.0, 0.0, 0.0356, 0.0, 0.0063, 0.0, 0.0356, 0.0, 0.0, 0.0063, 0.0356, 0.0063, 0.0356, 0.0063], [0.0014, 0.0014, 0.0039000000000000003, 0.0039000000000000003, 0.00030000000000000003, 0.0001, 0.00030000000000000003, 0.0001, 0.0061, 0.0, 0.047900000000000005, 0.0286, 0.0005, 0.0061, 0.047900000000000005, 0.0286, 0.0, 0.0005, 0.047900000000000005, 0.0005, 0.047900000000000005, 0.0005], [0.0, 0.0, 0.0, 0.0, 0.0, 0.0, 0.0, 0.0, 0.0, 0.0, 0.0, 0.0, 0.0, 0.0, 0.0, 0.0, 0.0, 0.0, 0.0, 0.0, 0.0, 0.0], [0.0, 0.0, 0.0, 0.0, 0.0, 0.0, 0.0, 0.0, 0.0, 0.0, 0.0, 0.0, 0.0, 0.0, 0.0, 0.0, 0.0, 0.0, 0.0, 0.0, 0.0, 0.0], [0.0, 0.0, 0.0, 0.0, 0.0, 0.0, 0.0, 0.0, 0.0, 0.0, 0.0, 0.0, 0.0, 0.0, 0.0, 0.0, 0.0, 0.0, 0.0, 0.0, 0.0, 0.0], [0.0, 0.0, 0.0, 0.0, 0.0, 0.0, 0.0, 0.0, 0.0, 0.0, 0.0, 0.0, 0.0, 0.0, 0.0, 0.0, 0.0, 0.0, 0.0, 0.0, 0.0, 0.0], [0.0, 0.0, 0.0, 0.0, 0.0, 0.0, 0.0, 0.0, 0.0, 0.0, 0.0, 0.0, 0.0, 0.0, 0.0, 0.0, 0.0, 0.0, 0.0, 0.0, 0.0, 0.0]]}}
bs_setyawan_curtarolo_efermi: 1.86414932
bs_latimer_munro_task_id: mp-2686512
bs_latimer_munro_band_gap: 4.5957
bs_latimer_munro_cbm: {'band_index': {'1': [72]}, 'kpoint_index': [49, 50, 205, 206, 216, 230, 239], 'kpoint': <pymatgen.electronic_structure.bandstructure.Kpoint object at 0x7fc5d4b59e80>, 'energy': 6.3704, 'projections': {'1': [[0.029300000000000003, 0.029300000000000003, 0.0112, 0.0112, 0.0006000000000000001, 0.0038, 0.0006000000000000001, 0.0038, 0.0043, 0.0047, 0.006200000000000001, 0.0071, 0.008, 0.0043, 0.006200000000000001, 0.0071, 0.0047, 0.008, 0.006200000000000001, 0.008, 0.006200000000000001, 0.008], [0.0, 0.0, 0.0, 0.0, 0.0, 0.0007, 0.0, 0.0007, 0.0013000000000000002, 0.0022, 0.00030000000000000003, 0.00030000000000000003, 0.0024000000000000002, 0.0013000000000000002, 0.00030000000000000003, 0.00030000000000000003, 0.0022, 0.0024000000000000002, 0.00030000000000000003, 0.0024000000000000002, 0.00030000000000000003, 0.0024000000000000002], [0.0, 0.0, 0.0, 0.0, 0.0002, 0.002, 0.0002, 0.002, 0.00030000000000000003, 0.0018000000000000002, 0.0025, 0.0013000000000000002, 0.0002, 0.00030000000000000003, 0.0025, 0.0013000000000000002, 0.0018000000000000002, 0.0002, 0.0025, 0.0002, 0.0025, 0.0002], [0.0, 0.0, 0.0, 0.0, 0.0, 0.0, 0.0, 0.0, 0.0, 0.0, 0.0021000000000000003, 0.0, 0.0008, 0.0, 0.0021000000000000003, 0.0, 0.0, 0.0008, 0.0021000000000000003, 0.0008, 0.0021000000000000003, 0.0008], [0.0001, 0.0001, 0.030500000000000003, 0.030500000000000003, 0.0, 0.0, 0.0, 0.0, 0.0, 0.0, 0.0, 0.0, 0.0, 0.0, 0.0, 0.0, 0.0, 0.0, 0.0, 0.0, 0.0, 0.0], [0.0041, 0.0041, 0.0015, 0.0015, 0.0, 0.0, 0.0, 0.0, 0.0, 0.0, 0.0, 0.0, 0.0, 0.0, 0.0, 0.0, 0.0, 0.0, 0.0, 0.0, 0.0, 0.0], [0.0, 0.0, 0.0118, 0.0118, 0.0, 0.0, 0.0, 0.0, 0.0, 0.0, 0.0, 0.0, 0.0, 0.0, 0.0, 0.0, 0.0, 0.0, 0.0, 0.0, 0.0, 0.0], [0.0, 0.0, 0.0063, 0.0063, 0.0, 0.0, 0.0, 0.0, 0.0, 0.0, 0.0, 0.0, 0.0, 0.0, 0.0, 0.0, 0.0, 0.0, 0.0, 0.0, 0.0, 0.0], [0.028300000000000002, 0.028300000000000002, 0.0158, 0.0158, 0.0, 0.0, 0.0, 0.0, 0.0, 0.0, 0.0, 0.0, 0.0, 0.0, 0.0, 0.0, 0.0, 0.0, 0.0, 0.0, 0.0, 0.0]]}}
bs_latimer_munro_vbm: {'band_index': {'1': [71]}, 'kpoint_index': [49, 50, 205, 206, 216, 230, 239], 'kpoint': <pymatgen.electronic_structure.bandstructure.Kpoint object at 0x7fc5d4b59d30>, 'energy': 1.7747000000000002, 'projections': {'1': [[0.0, 0.0, 0.0, 0.0, 0.0, 0.0, 0.0, 0.0, 0.0, 0.0, 0.0001, 0.0, 0.0, 0.0, 0.0001, 0.0, 0.0, 0.0, 0.0001, 0.0, 0.0001, 0.0], [0.0, 0.0, 0.0028, 0.0028, 0.0, 0.0, 0.0, 0.0, 0.0, 0.0, 0.0629, 0.0, 0.0074, 0.0, 0.0629, 0.0, 0.0, 0.0074, 0.0629, 0.0074, 0.0629, 0.0074], [0.00030000000000000003, 0.00030000000000000003, 0.0025, 0.0025, 0.0, 0.0, 0.0, 0.0, 0.0, 0.0, 0.0356, 0.0, 0.0063, 0.0, 0.0356, 0.0, 0.0, 0.0063, 0.0356, 0.0063, 0.0356, 0.0063], [0.0014, 0.0014, 0.0039000000000000003, 0.0039000000000000003, 0.00030000000000000003, 0.0001, 0.00030000000000000003, 0.0001, 0.0061, 0.0, 0.047900000000000005, 0.0286, 0.0005, 0.0061, 0.047900000000000005, 0.0286, 0.0, 0.0005, 0.047900000000000005, 0.0005, 0.047900000000000005, 0.0005], [0.0, 0.0, 0.0, 0.0, 0.0, 0.0, 0.0, 0.0, 0.0, 0.0, 0.0, 0.0, 0.0, 0.0, 0.0, 0.0, 0.0, 0.0, 0.0, 0.0, 0.0, 0.0], [0.0, 0.0, 0.0, 0.0, 0.0, 0.0, 0.0, 0.0, 0.0, 0.0, 0.0, 0.0, 0.0, 0.0, 0.0, 0.0, 0.0, 0.0, 0.0, 0.0, 0.0, 0.0], [0.0, 0.0, 0.0, 0.0, 0.0, 0.0, 0.0, 0.0, 0.0, 0.0, 0.0, 0.0, 0.0, 0.0, 0.0, 0.0, 0.0, 0.0, 0.0, 0.0, 0.0, 0.0], [0.0, 0.0, 0.0, 0.0, 0.0, 0.0, 0.0, 0.0, 0.0, 0.0, 0.0, 0.0, 0.0, 0.0, 0.0, 0.0, 0.0, 0.0, 0.0, 0.0, 0.0, 0.0], [0.0, 0.0, 0.0, 0.0, 0.0, 0.0, 0.0, 0.0, 0.0, 0.0, 0.0, 0.0, 0.0, 0.0, 0.0, 0.0, 0.0, 0.0, 0.0, 0.0, 0.0, 0.0]]}}
bs_latimer_munro_efermi: 1.87799391