material_id: mp-559355
band_gap: 1.513799999999999
efermi: 1.16012193
dos_magnetic_ordering: NM
dos_total_task_id: mp-1685963
dos_total_band_gap: 1.5311
dos_total_cbm: 2.6614
dos_total_vbm: 1.1303
dos_total_efermi: 1.132164229999999
bs_setyawan_curtarolo_task_id: mp-702457
bs_setyawan_curtarolo_band_gap: 1.513799999999999
bs_setyawan_curtarolo_cbm: {'band_index': {'1': [72]}, 'kpoint_index': ['34'], 'kpoint': <pymatgen.electronic_structure.bandstructure.Kpoint object at 0x7fc699d63930>, 'energy': 2.6443, 'projections': {'1': [[0.033600000000000005, 0.033600000000000005, 0.033600000000000005, 0.033600000000000005, 0.033600000000000005, 0.033600000000000005, 0.0025, 0.0025, 0.014, 0.014, 0.014, 0.014, 0.014, 0.014, 0.014, 0.014, 0.0055000000000000005, 0.0055000000000000005], [0.00030000000000000003, 0.00030000000000000003, 0.0001, 0.0001, 0.0001, 0.0001, 0.0, 0.0, 0.0, 0.0008, 0.0008, 0.0032, 0.0008, 0.0, 0.0008, 0.0032, 0.0, 0.0], [0.0008, 0.0008, 0.0008, 0.0008, 0.0008, 0.0008, 0.0267, 0.0267, 0.0385, 0.006900000000000001, 0.006900000000000001, 0.006900000000000001, 0.006900000000000001, 0.0385, 0.006900000000000001, 0.006900000000000001, 0.0056, 0.0056], [0.0, 0.0, 0.00030000000000000003, 0.00030000000000000003, 0.00030000000000000003, 0.00030000000000000003, 0.0, 0.0, 0.0, 0.0024000000000000002, 0.0024000000000000002, 0.0, 0.0024000000000000002, 0.0, 0.0024000000000000002, 0.0, 0.0, 0.0], [0.0, 0.0, 0.0002, 0.0002, 0.0002, 0.0002, 0.0, 0.0, 0.0, 0.0, 0.0, 0.0, 0.0, 0.0, 0.0, 0.0, 0.0, 0.0], [0.0014, 0.0014, 0.0004, 0.0004, 0.0004, 0.0004, 0.0, 0.0, 0.0, 0.0, 0.0, 0.0, 0.0, 0.0, 0.0, 0.0, 0.0, 0.0], [0.0025, 0.0025, 0.0025, 0.0025, 0.0025, 0.0025, 0.0011, 0.0011, 0.0, 0.0, 0.0, 0.0, 0.0, 0.0, 0.0, 0.0, 0.0, 0.0], [0.0, 0.0, 0.0011, 0.0011, 0.0011, 0.0011, 0.0, 0.0, 0.0, 0.0, 0.0, 0.0, 0.0, 0.0, 0.0, 0.0, 0.0, 0.0], [0.0002, 0.0002, 0.0001, 0.0001, 0.0001, 0.0001, 0.0, 0.0, 0.0, 0.0, 0.0, 0.0, 0.0, 0.0, 0.0, 0.0, 0.0, 0.0]]}}
bs_setyawan_curtarolo_vbm: {'band_index': {'1': [71]}, 'kpoint_index': [17, 18, 78], 'kpoint': <pymatgen.electronic_structure.bandstructure.Kpoint object at 0x7fc5d4b5a190>, 'energy': 1.1305, 'projections': {'1': [[0.00030000000000000003, 0.00030000000000000003, 0.00030000000000000003, 0.00030000000000000003, 0.00030000000000000003, 0.00030000000000000003, 0.0227, 0.0227, 0.0, 0.0001, 0.0001, 0.0001, 0.0001, 0.0, 0.0001, 0.0001, 0.0, 0.0], [0.0018000000000000002, 0.0018000000000000002, 0.0012000000000000001, 0.0012000000000000001, 0.0012000000000000001, 0.0012000000000000001, 0.0, 0.0, 0.015300000000000001, 0.0016, 0.0016, 0.0016, 0.0016, 0.015300000000000001, 0.0016, 0.0016, 0.0011, 0.0011], [0.0013000000000000002, 0.0013000000000000002, 0.0013000000000000002, 0.0013000000000000002, 0.0013000000000000002, 0.0013000000000000002, 0.0346, 0.0346, 0.0, 0.0604, 0.0604, 0.0604, 0.0604, 0.0, 0.0604, 0.0604, 0.0, 0.0], [0.001, 0.001, 0.0016, 0.0016, 0.0016, 0.0016, 0.0, 0.0, 0.015300000000000001, 0.0016, 0.0016, 0.0016, 0.0016, 0.015300000000000001, 0.0016, 0.0016, 0.0011, 0.0011], [0.0026000000000000003, 0.0026000000000000003, 0.0026000000000000003, 0.0026000000000000003, 0.0026000000000000003, 0.0026000000000000003, 0.0, 0.0, 0.0, 0.0, 0.0, 0.0, 0.0, 0.0, 0.0, 0.0, 0.0, 0.0], [0.0009000000000000001, 0.0009000000000000001, 0.00030000000000000003, 0.00030000000000000003, 0.00030000000000000003, 0.00030000000000000003, 0.0, 0.0, 0.0, 0.0, 0.0, 0.0, 0.0, 0.0, 0.0, 0.0, 0.0, 0.0], [0.0009000000000000001, 0.0009000000000000001, 0.0009000000000000001, 0.0009000000000000001, 0.0009000000000000001, 0.0009000000000000001, 0.0009000000000000001, 0.0009000000000000001, 0.0, 0.0, 0.0, 0.0, 0.0, 0.0, 0.0, 0.0, 0.0, 0.0], [0.0, 0.0, 0.0007, 0.0007, 0.0007, 0.0007, 0.0, 0.0, 0.0, 0.0, 0.0, 0.0, 0.0, 0.0, 0.0, 0.0, 0.0, 0.0], [0.0027, 0.0027, 0.0026000000000000003, 0.0026000000000000003, 0.0026000000000000003, 0.0026000000000000003, 0.0, 0.0, 0.0, 0.0, 0.0, 0.0, 0.0, 0.0, 0.0, 0.0, 0.0, 0.0]]}}
bs_setyawan_curtarolo_efermi: 1.16012193