material_id: mp-571384
band_gap: 1.544
efermi: -0.42351877
dos_magnetic_ordering: FM
dos_total_task_id: mp-1669884
dos_total_band_gap: 1.5404
dos_total_cbm: 1.076
dos_total_vbm: -0.46440000000000003
dos_total_efermi: -0.45966944
bs_setyawan_curtarolo_task_id: mp-691389
bs_setyawan_curtarolo_band_gap: 1.544
bs_setyawan_curtarolo_cbm: {'band_index': {'1': [57], '-1': []}, 'kpoint_index': [0, 33, 34], 'kpoint': <pymatgen.electronic_structure.bandstructure.Kpoint object at 0x7fc699d63930>, 'energy': 1.0748, 'projections': {'1': [[0.0001, 0.0006000000000000001, 0.0002, 0.0002, 0.0002, 0.0, 0.0, 0.0, 0.0, 0.0, 0.0, 0.0, 0.0, 0.0, 0.0, 0.0, 0.0], [0.0, 0.0, 0.011, 0.0442, 0.011, 0.0015, 0.0015, 0.0035, 0.0004, 0.0004, 0.0035, 0.006, 0.027800000000000002, 0.008, 0.008, 0.027800000000000002, 0.006], [0.0, 0.0, 0.0, 0.0, 0.0, 0.0, 0.0, 0.0, 0.0, 0.0, 0.0, 0.0, 0.0, 0.0, 0.0, 0.0, 0.0], [0.0, 0.0, 0.033100000000000004, 0.0, 0.033100000000000004, 0.0021000000000000003, 0.0021000000000000003, 0.0001, 0.0032, 0.0032, 0.0001, 0.0218, 0.0, 0.0199, 0.0199, 0.0, 0.0218], [0.0, 0.0, 0.0, 0.0, 0.0, 0.0, 0.0, 0.0, 0.0, 0.0, 0.0, 0.0, 0.0, 0.0, 0.0, 0.0, 0.0], [0.0, 0.0, 0.0, 0.0, 0.0, 0.0, 0.0, 0.0, 0.0, 0.0, 0.0, 0.0, 0.0, 0.0, 0.0, 0.0, 0.0], [0.002, 0.0001, 0.0002, 0.0002, 0.0002, 0.0, 0.0, 0.0, 0.0, 0.0, 0.0, 0.0, 0.0, 0.0, 0.0, 0.0, 0.0], [0.0, 0.0, 0.0, 0.0, 0.0, 0.0, 0.0, 0.0, 0.0, 0.0, 0.0, 0.0, 0.0, 0.0, 0.0, 0.0, 0.0], [0.0, 0.0, 0.0, 0.0, 0.0, 0.0, 0.0, 0.0, 0.0, 0.0, 0.0, 0.0, 0.0, 0.0, 0.0, 0.0, 0.0]]}}
bs_setyawan_curtarolo_vbm: {'band_index': {'1': [56], '-1': []}, 'kpoint_index': ['35'], 'kpoint': <pymatgen.electronic_structure.bandstructure.Kpoint object at 0x7fc5d4b59be0>, 'energy': -0.4692, 'projections': {'1': [[0.0, 0.0, 0.010400000000000001, 0.010400000000000001, 0.010400000000000001, 0.0002, 0.0002, 0.0002, 0.0002, 0.0002, 0.0002, 0.0063, 0.0063, 0.0063, 0.0063, 0.0063, 0.0063], [0.0001, 0.0, 0.0, 0.0, 0.0, 0.0, 0.0, 0.0002, 0.00030000000000000003, 0.00030000000000000003, 0.0002, 0.0064, 0.0001, 0.0066, 0.0066, 0.0001, 0.0064], [0.0, 0.0, 0.0, 0.0, 0.0, 0.0098, 0.0098, 0.0098, 0.0098, 0.0098, 0.0098, 0.0111, 0.0111, 0.0111, 0.0111, 0.0111, 0.0111], [0.0001, 0.0, 0.0, 0.0, 0.0, 0.00030000000000000003, 0.00030000000000000003, 0.0001, 0.0001, 0.0001, 0.0001, 0.0023, 0.0086, 0.0021000000000000003, 0.0021000000000000003, 0.0086, 0.0023], [0.0, 0.0979, 0.0023, 0.0018000000000000002, 0.0023, 0.0, 0.0, 0.0, 0.0, 0.0, 0.0, 0.0, 0.0, 0.0, 0.0, 0.0, 0.0], [0.0, 0.2114, 0.0068000000000000005, 0.0, 0.0068000000000000005, 0.0, 0.0, 0.0, 0.0, 0.0, 0.0, 0.0, 0.0, 0.0, 0.0, 0.0, 0.0], [0.0, 0.0, 0.0023, 0.0023, 0.0023, 0.0, 0.0, 0.0, 0.0, 0.0, 0.0, 0.0, 0.0, 0.0, 0.0, 0.0, 0.0], [0.0, 0.21150000000000002, 0.0023, 0.009000000000000001, 0.0023, 0.0, 0.0, 0.0, 0.0, 0.0, 0.0, 0.0, 0.0, 0.0, 0.0, 0.0, 0.0], [0.0, 0.098, 0.0019, 0.0024000000000000002, 0.0019, 0.0, 0.0, 0.0, 0.0, 0.0, 0.0, 0.0, 0.0, 0.0, 0.0, 0.0, 0.0]]}}
bs_setyawan_curtarolo_efermi: -0.42351877
bs_hinuma_task_id: mp-2182988
bs_hinuma_band_gap: 1.5550000000000002
bs_hinuma_cbm: {'band_index': {'1': [57], '-1': []}, 'kpoint_index': [0, 33, 34], 'kpoint': <pymatgen.electronic_structure.bandstructure.Kpoint object at 0x7fc5d4b5a190>, 'energy': 1.0755, 'projections': {'1': [[0.0002, 0.0006000000000000001, 0.0002, 0.0002, 0.0002, 0.0, 0.0, 0.0, 0.0, 0.0, 0.0, 0.0, 0.0, 0.0, 0.0, 0.0, 0.0], [0.0, 0.0, 0.011, 0.0442, 0.011, 0.0015, 0.0015, 0.0035, 0.0004, 0.0004, 0.0035, 0.006, 0.027700000000000002, 0.0079, 0.0079, 0.027700000000000002, 0.006], [0.0, 0.0, 0.0, 0.0, 0.0, 0.0, 0.0, 0.0, 0.0, 0.0, 0.0, 0.0, 0.0, 0.0, 0.0, 0.0, 0.0], [0.0, 0.0, 0.033100000000000004, 0.0, 0.033100000000000004, 0.0021000000000000003, 0.0021000000000000003, 0.0001, 0.0032, 0.0032, 0.0001, 0.0218, 0.0, 0.0198, 0.0198, 0.0, 0.0218], [0.0, 0.0, 0.0, 0.0, 0.0, 0.0, 0.0, 0.0, 0.0, 0.0, 0.0, 0.0, 0.0, 0.0, 0.0, 0.0, 0.0], [0.0, 0.0, 0.0, 0.0, 0.0, 0.0, 0.0, 0.0, 0.0, 0.0, 0.0, 0.0, 0.0, 0.0, 0.0, 0.0, 0.0], [0.002, 0.0, 0.0002, 0.0002, 0.0002, 0.0, 0.0, 0.0, 0.0, 0.0, 0.0, 0.0, 0.0, 0.0, 0.0, 0.0, 0.0], [0.0, 0.0, 0.0, 0.0, 0.0, 0.0, 0.0, 0.0, 0.0, 0.0, 0.0, 0.0, 0.0, 0.0, 0.0, 0.0, 0.0], [0.0, 0.0, 0.0, 0.0, 0.0, 0.0, 0.0, 0.0, 0.0, 0.0, 0.0, 0.0, 0.0, 0.0, 0.0, 0.0, 0.0]]}}
bs_hinuma_vbm: {'band_index': {'1': [56], '-1': []}, 'kpoint_index': ['35'], 'kpoint': <pymatgen.electronic_structure.bandstructure.Kpoint object at 0x7fc5d4b59c50>, 'energy': -0.47950000000000004, 'projections': {'1': [[0.0, 0.0, 0.0102, 0.0102, 0.0102, 0.0002, 0.0002, 0.0002, 0.0002, 0.0002, 0.0002, 0.0063, 0.0063, 0.0063, 0.0063, 0.0063, 0.0063], [0.0001, 0.0, 0.0, 0.0, 0.0, 0.0, 0.0, 0.0002, 0.0002, 0.0002, 0.0002, 0.0064, 0.0001, 0.0066, 0.0066, 0.0001, 0.0064], [0.0, 0.0, 0.0, 0.0, 0.0, 0.0098, 0.0098, 0.0098, 0.0098, 0.0098, 0.0098, 0.011, 0.011, 0.011, 0.011, 0.011, 0.011], [0.0001, 0.0, 0.0, 0.0, 0.0, 0.00030000000000000003, 0.00030000000000000003, 0.0001, 0.0001, 0.0001, 0.0001, 0.0024000000000000002, 0.0086, 0.0021000000000000003, 0.0021000000000000003, 0.0086, 0.0024000000000000002], [0.0, 0.0981, 0.0022, 0.0018000000000000002, 0.0022, 0.0, 0.0, 0.0, 0.0, 0.0, 0.0, 0.0, 0.0, 0.0, 0.0, 0.0, 0.0], [0.0, 0.21230000000000002, 0.0067, 0.0, 0.0067, 0.0, 0.0, 0.0, 0.0, 0.0, 0.0, 0.0, 0.0, 0.0, 0.0, 0.0, 0.0], [0.0, 0.0, 0.0022, 0.0022, 0.0022, 0.0, 0.0, 0.0, 0.0, 0.0, 0.0, 0.0, 0.0, 0.0, 0.0, 0.0, 0.0], [0.0, 0.2124, 0.0023, 0.0089, 0.0023, 0.0, 0.0, 0.0, 0.0, 0.0, 0.0, 0.0, 0.0, 0.0, 0.0, 0.0, 0.0], [0.0, 0.09820000000000001, 0.0019, 0.0024000000000000002, 0.0019, 0.0, 0.0, 0.0, 0.0, 0.0, 0.0, 0.0, 0.0, 0.0, 0.0, 0.0, 0.0]]}}
bs_hinuma_efermi: -0.4007419
bs_latimer_munro_task_id: mp-2712455
bs_latimer_munro_band_gap: 1.5550000000000002
bs_latimer_munro_cbm: {'band_index': {'1': [57], '-1': []}, 'kpoint_index': [69, 70, 117, 118, 127], 'kpoint': <pymatgen.electronic_structure.bandstructure.Kpoint object at 0x7fc5d4b59e80>, 'energy': 1.0755, 'projections': {'1': [[0.0002, 0.0006000000000000001, 0.0002, 0.0002, 0.0002, 0.0, 0.0, 0.0, 0.0, 0.0, 0.0, 0.0, 0.0, 0.0, 0.0, 0.0, 0.0], [0.0, 0.0, 0.011, 0.0442, 0.011, 0.0015, 0.0015, 0.0035, 0.0004, 0.0004, 0.0035, 0.006, 0.027700000000000002, 0.0079, 0.0079, 0.027700000000000002, 0.006], [0.0, 0.0, 0.0, 0.0, 0.0, 0.0, 0.0, 0.0, 0.0, 0.0, 0.0, 0.0, 0.0, 0.0, 0.0, 0.0, 0.0], [0.0, 0.0, 0.033100000000000004, 0.0, 0.033100000000000004, 0.0021000000000000003, 0.0021000000000000003, 0.0001, 0.0032, 0.0032, 0.0001, 0.0218, 0.0, 0.0198, 0.0198, 0.0, 0.0218], [0.0, 0.0, 0.0, 0.0, 0.0, 0.0, 0.0, 0.0, 0.0, 0.0, 0.0, 0.0, 0.0, 0.0, 0.0, 0.0, 0.0], [0.0, 0.0, 0.0, 0.0, 0.0, 0.0, 0.0, 0.0, 0.0, 0.0, 0.0, 0.0, 0.0, 0.0, 0.0, 0.0, 0.0], [0.002, 0.0, 0.0002, 0.0002, 0.0002, 0.0, 0.0, 0.0, 0.0, 0.0, 0.0, 0.0, 0.0, 0.0, 0.0, 0.0, 0.0], [0.0, 0.0, 0.0, 0.0, 0.0, 0.0, 0.0, 0.0, 0.0, 0.0, 0.0, 0.0, 0.0, 0.0, 0.0, 0.0, 0.0], [0.0, 0.0, 0.0, 0.0, 0.0, 0.0, 0.0, 0.0, 0.0, 0.0, 0.0, 0.0, 0.0, 0.0, 0.0, 0.0, 0.0]]}}
bs_latimer_munro_vbm: {'band_index': {'1': [56], '-1': []}, 'kpoint_index': ['119'], 'kpoint': <pymatgen.electronic_structure.bandstructure.Kpoint object at 0x7fc5d4b5a200>, 'energy': -0.47950000000000004, 'projections': {'1': [[0.0, 0.0, 0.0102, 0.0102, 0.0102, 0.0002, 0.0002, 0.0002, 0.0002, 0.0002, 0.0002, 0.0063, 0.0063, 0.0063, 0.0063, 0.0063, 0.0063], [0.0001, 0.0, 0.0, 0.0, 0.0, 0.0, 0.0, 0.0002, 0.0002, 0.0002, 0.0002, 0.0064, 0.0001, 0.0066, 0.0066, 0.0001, 0.0064], [0.0, 0.0, 0.0, 0.0, 0.0, 0.0098, 0.0098, 0.0098, 0.0098, 0.0098, 0.0098, 0.011, 0.011, 0.011, 0.011, 0.011, 0.011], [0.0001, 0.0, 0.0, 0.0, 0.0, 0.00030000000000000003, 0.00030000000000000003, 0.0001, 0.0001, 0.0001, 0.0001, 0.0024000000000000002, 0.0086, 0.0021000000000000003, 0.0021000000000000003, 0.0086, 0.0024000000000000002], [0.0, 0.0981, 0.0022, 0.0018000000000000002, 0.0022, 0.0, 0.0, 0.0, 0.0, 0.0, 0.0, 0.0, 0.0, 0.0, 0.0, 0.0, 0.0], [0.0, 0.2124, 0.0067, 0.0, 0.0067, 0.0, 0.0, 0.0, 0.0, 0.0, 0.0, 0.0, 0.0, 0.0, 0.0, 0.0, 0.0], [0.0, 0.0, 0.0022, 0.0022, 0.0022, 0.0, 0.0, 0.0, 0.0, 0.0, 0.0, 0.0, 0.0, 0.0, 0.0, 0.0, 0.0], [0.0, 0.2124, 0.0023, 0.0089, 0.0023, 0.0, 0.0, 0.0, 0.0, 0.0, 0.0, 0.0, 0.0, 0.0, 0.0, 0.0, 0.0], [0.0, 0.0981, 0.0019, 0.0024000000000000002, 0.0019, 0.0, 0.0, 0.0, 0.0, 0.0, 0.0, 0.0, 0.0, 0.0, 0.0, 0.0, 0.0]]}}
bs_latimer_munro_efermi: -0.39671401