material_id: mp-555983
band_gap: 4.7585999999999995
efermi: 1.77301733
dos_magnetic_ordering: NM
dos_total_task_id: mp-1732957
dos_total_band_gap: 4.752800000000001
dos_total_cbm: 6.4457
dos_total_vbm: 1.6929
dos_total_efermi: 1.69546493
bs_setyawan_curtarolo_task_id: mp-1619064
bs_setyawan_curtarolo_band_gap: 4.7585999999999995
bs_setyawan_curtarolo_cbm: {'band_index': {'1': [104]}, 'kpoint_index': [0, 74, 75, 99], 'kpoint': <pymatgen.electronic_structure.bandstructure.Kpoint object at 0x7fc699d63930>, 'energy': 6.4453, 'projections': {'1': [[0.0236, 0.0246, 0.0236, 0.0236, 0.0236, 0.0246, 0.0246, 0.0246, 0.0026000000000000003, 0.0026000000000000003, 0.0026000000000000003, 0.0026000000000000003, 0.0073, 0.0067, 0.0074, 0.0083, 0.0073, 0.0059, 0.0073, 0.0067, 0.0083, 0.0059, 0.0059, 0.0074, 0.0067, 0.0083, 0.0074, 0.0073, 0.0074, 0.0059, 0.0067, 0.0083], [0.0002, 0.0007, 0.0002, 0.0002, 0.0002, 0.0007, 0.0007, 0.0007, 0.0, 0.0, 0.0, 0.0, 0.0007, 0.0013000000000000002, 0.0002, 0.0009000000000000001, 0.0007, 0.0, 0.0007, 0.0013000000000000002, 0.001, 0.0, 0.0, 0.0002, 0.0013000000000000002, 0.001, 0.0002, 0.0007, 0.0002, 0.0, 0.0013000000000000002, 0.0009000000000000001], [0.0, 0.0021000000000000003, 0.0, 0.0, 0.0, 0.0021000000000000003, 0.0021000000000000003, 0.0021000000000000003, 0.0, 0.0, 0.0, 0.0, 0.0, 0.0, 0.0005, 0.0, 0.0, 0.0006000000000000001, 0.0, 0.0, 0.0, 0.0006000000000000001, 0.0006000000000000001, 0.0005, 0.0, 0.0, 0.0005, 0.0, 0.0005, 0.0006000000000000001, 0.0, 0.0], [0.0006000000000000001, 0.0006000000000000001, 0.0005, 0.0006000000000000001, 0.0006000000000000001, 0.0006000000000000001, 0.0006000000000000001, 0.0006000000000000001, 0.0001, 0.0001, 0.0001, 0.0001, 0.0001, 0.0, 0.0, 0.0007, 0.0001, 0.0015, 0.0001, 0.0, 0.0007, 0.0015, 0.0015, 0.0, 0.0, 0.0007, 0.0, 0.0001, 0.0, 0.0015, 0.0, 0.0007], [0.0059, 0.0034000000000000002, 0.0059, 0.0059, 0.0059, 0.0034000000000000002, 0.0034000000000000002, 0.0034000000000000002, 0.0, 0.0, 0.0, 0.0, 0.0, 0.0, 0.0, 0.0, 0.0, 0.0, 0.0, 0.0, 0.0, 0.0, 0.0, 0.0, 0.0, 0.0, 0.0, 0.0, 0.0, 0.0, 0.0, 0.0], [0.0004, 0.0035, 0.0004, 0.0004, 0.0004, 0.0035, 0.0035, 0.0035, 0.0, 0.0, 0.0, 0.0, 0.0, 0.0, 0.0, 0.0, 0.0, 0.0, 0.0, 0.0, 0.0, 0.0, 0.0, 0.0, 0.0, 0.0, 0.0, 0.0, 0.0, 0.0, 0.0, 0.0], [0.0008, 0.0014, 0.0008, 0.0008, 0.0008, 0.0014, 0.0014, 0.0014, 0.0, 0.0, 0.0, 0.0, 0.0, 0.0, 0.0, 0.0, 0.0, 0.0, 0.0, 0.0, 0.0, 0.0, 0.0, 0.0, 0.0, 0.0, 0.0, 0.0, 0.0, 0.0, 0.0, 0.0], [0.0007, 0.0001, 0.0007, 0.0007, 0.0007, 0.0001, 0.0001, 0.0001, 0.0, 0.0, 0.0, 0.0, 0.0, 0.0, 0.0, 0.0, 0.0, 0.0, 0.0, 0.0, 0.0, 0.0, 0.0, 0.0, 0.0, 0.0, 0.0, 0.0, 0.0, 0.0, 0.0, 0.0], [0.0001, 0.0004, 0.0001, 0.0001, 0.0001, 0.0004, 0.0004, 0.0004, 0.0, 0.0, 0.0, 0.0, 0.0, 0.0, 0.0, 0.0, 0.0, 0.0, 0.0, 0.0, 0.0, 0.0, 0.0, 0.0, 0.0, 0.0, 0.0, 0.0, 0.0, 0.0, 0.0, 0.0]]}}
bs_setyawan_curtarolo_vbm: {'band_index': {'1': [103]}, 'kpoint_index': [0, 74, 75, 99], 'kpoint': <pymatgen.electronic_structure.bandstructure.Kpoint object at 0x7fc5d4b5a3c0>, 'energy': 1.6867, 'projections': {'1': [[0.0005, 0.0007, 0.0005, 0.0005, 0.0005, 0.0007, 0.0007, 0.0007, 0.0, 0.0, 0.0, 0.0, 0.0002, 0.0001, 0.0, 0.0, 0.0002, 0.0, 0.0002, 0.0001, 0.0, 0.0, 0.0, 0.0, 0.0001, 0.0, 0.0, 0.0002, 0.0, 0.0, 0.0001, 0.0], [0.009000000000000001, 0.0053, 0.009000000000000001, 0.009000000000000001, 0.009000000000000001, 0.0053, 0.0053, 0.0053, 0.0002, 0.0002, 0.0002, 0.0002, 0.0041, 0.0142, 0.006, 0.0013000000000000002, 0.0041, 0.051000000000000004, 0.0041, 0.0142, 0.0013000000000000002, 0.051000000000000004, 0.051000000000000004, 0.006, 0.0142, 0.0013000000000000002, 0.006, 0.0041, 0.006, 0.051000000000000004, 0.0142, 0.0013000000000000002], [0.0023, 0.0068000000000000005, 0.0023, 0.0023, 0.0023, 0.0068000000000000005, 0.0068000000000000005, 0.0068000000000000005, 0.0, 0.0, 0.0, 0.0, 0.008700000000000001, 0.0037, 0.0001, 0.0002, 0.008700000000000001, 0.06520000000000001, 0.008700000000000001, 0.0037, 0.0002, 0.06520000000000001, 0.06520000000000001, 0.0001, 0.0037, 0.0002, 0.0001, 0.008700000000000001, 0.0001, 0.06520000000000001, 0.0037, 0.0002], [0.0011, 0.0001, 0.001, 0.0011, 0.0011, 0.0001, 0.0001, 0.0001, 0.0, 0.0, 0.0, 0.0, 0.0059, 0.0035, 0.0028, 0.005200000000000001, 0.0058000000000000005, 0.0067, 0.0059, 0.0035, 0.005200000000000001, 0.0067, 0.0067, 0.0028, 0.0035, 0.0051, 0.0028, 0.0059, 0.0028, 0.0067, 0.0035, 0.005200000000000001], [0.0001, 0.0028, 0.0001, 0.0001, 0.0001, 0.0028, 0.0028, 0.0028, 0.0, 0.0, 0.0, 0.0, 0.0, 0.0, 0.0, 0.0, 0.0, 0.0, 0.0, 0.0, 0.0, 0.0, 0.0, 0.0, 0.0, 0.0, 0.0, 0.0, 0.0, 0.0, 0.0, 0.0], [0.0021000000000000003, 0.00030000000000000003, 0.0021000000000000003, 0.0021000000000000003, 0.0021000000000000003, 0.00030000000000000003, 0.00030000000000000003, 0.00030000000000000003, 0.0, 0.0, 0.0, 0.0, 0.0, 0.0, 0.0, 0.0, 0.0, 0.0, 0.0, 0.0, 0.0, 0.0, 0.0, 0.0, 0.0, 0.0, 0.0, 0.0, 0.0, 0.0, 0.0, 0.0], [0.0041, 0.0001, 0.0041, 0.0041, 0.0041, 0.0001, 0.0001, 0.0001, 0.0, 0.0, 0.0, 0.0, 0.0, 0.0, 0.0, 0.0, 0.0, 0.0, 0.0, 0.0, 0.0, 0.0, 0.0, 0.0, 0.0, 0.0, 0.0, 0.0, 0.0, 0.0, 0.0, 0.0], [0.0, 0.0024000000000000002, 0.0, 0.0, 0.0, 0.0024000000000000002, 0.0024000000000000002, 0.0024000000000000002, 0.0, 0.0, 0.0, 0.0, 0.0, 0.0, 0.0, 0.0, 0.0, 0.0, 0.0, 0.0, 0.0, 0.0, 0.0, 0.0, 0.0, 0.0, 0.0, 0.0, 0.0, 0.0, 0.0, 0.0], [0.0018000000000000002, 0.0031000000000000003, 0.0018000000000000002, 0.0018000000000000002, 0.0018000000000000002, 0.0031000000000000003, 0.0031000000000000003, 0.0031000000000000003, 0.0, 0.0, 0.0, 0.0, 0.0, 0.0, 0.0, 0.0, 0.0, 0.0, 0.0, 0.0, 0.0, 0.0, 0.0, 0.0, 0.0, 0.0, 0.0, 0.0, 0.0, 0.0, 0.0, 0.0]]}}
bs_setyawan_curtarolo_efermi: 1.77301733
bs_latimer_munro_task_id: mp-2302567
bs_latimer_munro_band_gap: 4.7585999999999995
bs_latimer_munro_cbm: {'band_index': {'1': [104]}, 'kpoint_index': [13, 14, 55, 56, 68, 102, 103, 130, 142], 'kpoint': <pymatgen.electronic_structure.bandstructure.Kpoint object at 0x7fc5d4b59c50>, 'energy': 6.4453, 'projections': {'1': [[0.0236, 0.0246, 0.0236, 0.0236, 0.0236, 0.0246, 0.0246, 0.0246, 0.0026000000000000003, 0.0026000000000000003, 0.0026000000000000003, 0.0026000000000000003, 0.0073, 0.0067, 0.0074, 0.0082, 0.0073, 0.0059, 0.0073, 0.0067, 0.0083, 0.0059, 0.0059, 0.0074, 0.0067, 0.0082, 0.0074, 0.0073, 0.0074, 0.0059, 0.0067, 0.0083], [0.0002, 0.0007, 0.0002, 0.0002, 0.0002, 0.0007, 0.0007, 0.0007, 0.0, 0.0, 0.0, 0.0, 0.0007, 0.0013000000000000002, 0.0002, 0.0009000000000000001, 0.0007, 0.0, 0.0007, 0.0013000000000000002, 0.001, 0.0, 0.0, 0.0002, 0.0013000000000000002, 0.001, 0.0002, 0.0007, 0.0002, 0.0, 0.0013000000000000002, 0.0009000000000000001], [0.0, 0.0021000000000000003, 0.0, 0.0, 0.0, 0.0021000000000000003, 0.0021000000000000003, 0.0021000000000000003, 0.0, 0.0, 0.0, 0.0, 0.0, 0.0, 0.0005, 0.0, 0.0, 0.0005, 0.0, 0.0, 0.0, 0.0006000000000000001, 0.0005, 0.0005, 0.0, 0.0, 0.0005, 0.0, 0.0005, 0.0006000000000000001, 0.0, 0.0], [0.0005, 0.0006000000000000001, 0.0005, 0.0006000000000000001, 0.0006000000000000001, 0.0006000000000000001, 0.0006000000000000001, 0.0006000000000000001, 0.0001, 0.0001, 0.0001, 0.0001, 0.0001, 0.0, 0.0, 0.0007, 0.0001, 0.0015, 0.0001, 0.0, 0.0007, 0.0015, 0.0015, 0.0, 0.0, 0.0007, 0.0, 0.0001, 0.0, 0.0015, 0.0, 0.0007], [0.0059, 0.0034000000000000002, 0.0059, 0.0059, 0.0059, 0.0034000000000000002, 0.0034000000000000002, 0.0034000000000000002, 0.0, 0.0, 0.0, 0.0, 0.0, 0.0, 0.0, 0.0, 0.0, 0.0, 0.0, 0.0, 0.0, 0.0, 0.0, 0.0, 0.0, 0.0, 0.0, 0.0, 0.0, 0.0, 0.0, 0.0], [0.0004, 0.0035, 0.0004, 0.0004, 0.0004, 0.0035, 0.0035, 0.0035, 0.0, 0.0, 0.0, 0.0, 0.0, 0.0, 0.0, 0.0, 0.0, 0.0, 0.0, 0.0, 0.0, 0.0, 0.0, 0.0, 0.0, 0.0, 0.0, 0.0, 0.0, 0.0, 0.0, 0.0], [0.0008, 0.0014, 0.0008, 0.0008, 0.0008, 0.0014, 0.0014, 0.0014, 0.0, 0.0, 0.0, 0.0, 0.0, 0.0, 0.0, 0.0, 0.0, 0.0, 0.0, 0.0, 0.0, 0.0, 0.0, 0.0, 0.0, 0.0, 0.0, 0.0, 0.0, 0.0, 0.0, 0.0], [0.0007, 0.0001, 0.0007, 0.0007, 0.0007, 0.0001, 0.0001, 0.0001, 0.0, 0.0, 0.0, 0.0, 0.0, 0.0, 0.0, 0.0, 0.0, 0.0, 0.0, 0.0, 0.0, 0.0, 0.0, 0.0, 0.0, 0.0, 0.0, 0.0, 0.0, 0.0, 0.0, 0.0], [0.0001, 0.0004, 0.0001, 0.0001, 0.0001, 0.0004, 0.0004, 0.0004, 0.0, 0.0, 0.0, 0.0, 0.0, 0.0, 0.0, 0.0, 0.0, 0.0, 0.0, 0.0, 0.0, 0.0, 0.0, 0.0, 0.0, 0.0, 0.0, 0.0, 0.0, 0.0, 0.0, 0.0]]}}
bs_latimer_munro_vbm: {'band_index': {'1': [103]}, 'kpoint_index': [13, 14, 55, 56, 68, 102, 103, 130, 142], 'kpoint': <pymatgen.electronic_structure.bandstructure.Kpoint object at 0x7fc5d4b5a350>, 'energy': 1.6867, 'projections': {'1': [[0.0005, 0.0007, 0.0005, 0.0005, 0.0005, 0.0007, 0.0007, 0.0007, 0.0, 0.0, 0.0, 0.0, 0.0002, 0.0001, 0.0, 0.0, 0.0002, 0.0, 0.0002, 0.0001, 0.0, 0.0, 0.0, 0.0, 0.0001, 0.0, 0.0, 0.0002, 0.0, 0.0, 0.0001, 0.0], [0.009000000000000001, 0.0053, 0.009000000000000001, 0.009000000000000001, 0.009000000000000001, 0.0053, 0.0053, 0.0053, 0.0002, 0.0002, 0.0002, 0.0002, 0.0041, 0.0142, 0.006, 0.0013000000000000002, 0.0041, 0.051000000000000004, 0.0041, 0.0142, 0.0013000000000000002, 0.051000000000000004, 0.051000000000000004, 0.006, 0.0143, 0.0013000000000000002, 0.006, 0.0041, 0.006, 0.051000000000000004, 0.0143, 0.0013000000000000002], [0.0023, 0.0068000000000000005, 0.0023, 0.0023, 0.0023, 0.0068000000000000005, 0.0068000000000000005, 0.0068000000000000005, 0.0, 0.0, 0.0, 0.0, 0.008700000000000001, 0.0037, 0.0001, 0.0002, 0.008700000000000001, 0.06520000000000001, 0.008700000000000001, 0.0037, 0.0002, 0.06520000000000001, 0.06520000000000001, 0.0001, 0.0037, 0.0002, 0.0001, 0.008700000000000001, 0.0001, 0.06520000000000001, 0.0037, 0.0002], [0.0011, 0.0001, 0.0011, 0.0011, 0.0011, 0.0001, 0.0001, 0.0001, 0.0, 0.0, 0.0, 0.0, 0.0059, 0.0035, 0.0028, 0.005200000000000001, 0.0058000000000000005, 0.0067, 0.0059, 0.0035, 0.005200000000000001, 0.0067, 0.0067, 0.0028, 0.0035, 0.0051, 0.0028, 0.0058000000000000005, 0.0028, 0.0067, 0.0035, 0.005200000000000001], [0.0001, 0.0028, 0.0001, 0.0001, 0.0001, 0.0028, 0.0028, 0.0028, 0.0, 0.0, 0.0, 0.0, 0.0, 0.0, 0.0, 0.0, 0.0, 0.0, 0.0, 0.0, 0.0, 0.0, 0.0, 0.0, 0.0, 0.0, 0.0, 0.0, 0.0, 0.0, 0.0, 0.0], [0.0021000000000000003, 0.00030000000000000003, 0.0021000000000000003, 0.0021000000000000003, 0.0021000000000000003, 0.00030000000000000003, 0.00030000000000000003, 0.00030000000000000003, 0.0, 0.0, 0.0, 0.0, 0.0, 0.0, 0.0, 0.0, 0.0, 0.0, 0.0, 0.0, 0.0, 0.0, 0.0, 0.0, 0.0, 0.0, 0.0, 0.0, 0.0, 0.0, 0.0, 0.0], [0.0041, 0.0001, 0.0041, 0.0041, 0.0041, 0.0001, 0.0001, 0.0001, 0.0, 0.0, 0.0, 0.0, 0.0, 0.0, 0.0, 0.0, 0.0, 0.0, 0.0, 0.0, 0.0, 0.0, 0.0, 0.0, 0.0, 0.0, 0.0, 0.0, 0.0, 0.0, 0.0, 0.0], [0.0, 0.0024000000000000002, 0.0, 0.0, 0.0, 0.0024000000000000002, 0.0024000000000000002, 0.0024000000000000002, 0.0, 0.0, 0.0, 0.0, 0.0, 0.0, 0.0, 0.0, 0.0, 0.0, 0.0, 0.0, 0.0, 0.0, 0.0, 0.0, 0.0, 0.0, 0.0, 0.0, 0.0, 0.0, 0.0, 0.0], [0.0018000000000000002, 0.0031000000000000003, 0.0018000000000000002, 0.0018000000000000002, 0.0018000000000000002, 0.0031000000000000003, 0.0031000000000000003, 0.0031000000000000003, 0.0, 0.0, 0.0, 0.0, 0.0, 0.0, 0.0, 0.0, 0.0, 0.0, 0.0, 0.0, 0.0, 0.0, 0.0, 0.0, 0.0, 0.0, 0.0, 0.0, 0.0, 0.0, 0.0, 0.0]]}}
bs_latimer_munro_efermi: 1.76428597