material_id: mp-558807
band_gap: 2.193399999999999
efermi: 2.62567311
dos_magnetic_ordering: NM
dos_total_task_id: mp-1754274
dos_total_band_gap: 2.1973
dos_total_cbm: 4.8258
dos_total_vbm: 2.6285
dos_total_efermi: 2.62873743
bs_setyawan_curtarolo_task_id: mp-689491
bs_setyawan_curtarolo_band_gap: 2.193399999999999
bs_setyawan_curtarolo_cbm: {'band_index': {'1': [104]}, 'kpoint_index': [0, 43, 44], 'kpoint': <pymatgen.electronic_structure.bandstructure.Kpoint object at 0x7fc699d63930>, 'energy': 4.8145, 'projections': {}}
bs_setyawan_curtarolo_vbm: {'band_index': {'1': [103]}, 'kpoint_index': [0, 43, 44], 'kpoint': <pymatgen.electronic_structure.bandstructure.Kpoint object at 0x7fc5d4b5a190>, 'energy': 2.6211, 'projections': {}}
bs_setyawan_curtarolo_efermi: 2.62567311
bs_hinuma_task_id: mp-2110796
bs_hinuma_band_gap: 2.2054
bs_hinuma_cbm: {'band_index': {'1': [104]}, 'kpoint_index': [0, 43, 44], 'kpoint': <pymatgen.electronic_structure.bandstructure.Kpoint object at 0x7fc5d4b59c50>, 'energy': 4.8238, 'projections': {'1': [[0.013300000000000001, 0.013300000000000001, 0.013300000000000001, 0.013300000000000001, 0.020300000000000002, 0.020300000000000002, 0.020300000000000002, 0.020300000000000002, 0.024, 0.024, 0.024, 0.024, 0.012700000000000001, 0.012700000000000001, 0.01, 0.01, 0.014100000000000001, 0.014100000000000001, 0.011600000000000001, 0.012700000000000001, 0.011600000000000001, 0.01, 0.011600000000000001, 0.014100000000000001, 0.014100000000000001, 0.01, 0.011600000000000001, 0.012700000000000001], [0.0, 0.0, 0.0, 0.0, 0.0, 0.0, 0.0, 0.0, 0.0, 0.0, 0.0, 0.0, 0.0036000000000000003, 0.0036000000000000003, 0.0026000000000000003, 0.0026000000000000003, 0.0019, 0.0019, 0.0014, 0.0036000000000000003, 0.0014, 0.0026000000000000003, 0.0014, 0.0019, 0.0019, 0.0026000000000000003, 0.0014, 0.0036000000000000003], [0.0004, 0.0004, 0.0004, 0.0004, 0.0004, 0.0004, 0.0004, 0.0004, 0.0, 0.0, 0.0, 0.0, 0.0039000000000000003, 0.0039000000000000003, 0.0, 0.0, 0.0002, 0.0002, 0.0054, 0.0039000000000000003, 0.0054, 0.0, 0.0054, 0.0002, 0.0002, 0.0, 0.0054, 0.0039000000000000003], [0.0001, 0.0001, 0.0001, 0.0001, 0.0, 0.0, 0.0, 0.0, 0.0001, 0.0001, 0.0001, 0.0001, 0.0001, 0.0001, 0.0045000000000000005, 0.0045000000000000005, 0.007500000000000001, 0.007500000000000001, 0.0, 0.0001, 0.0, 0.0045000000000000005, 0.0, 0.007500000000000001, 0.007500000000000001, 0.0045000000000000005, 0.0, 0.0001], [0.0, 0.0, 0.0, 0.0, 0.0, 0.0, 0.0, 0.0, 0.0, 0.0, 0.0, 0.0, 0.0, 0.0, 0.0, 0.0, 0.0, 0.0, 0.0, 0.0, 0.0, 0.0, 0.0, 0.0, 0.0, 0.0, 0.0, 0.0], [0.0, 0.0, 0.0, 0.0, 0.0007, 0.0007, 0.0007, 0.0007, 0.0, 0.0, 0.0, 0.0, 0.0, 0.0, 0.0, 0.0, 0.0, 0.0, 0.0, 0.0, 0.0, 0.0, 0.0, 0.0, 0.0, 0.0, 0.0, 0.0], [0.0002, 0.0002, 0.0002, 0.0002, 0.0019, 0.0019, 0.0019, 0.0019, 0.0, 0.0, 0.0, 0.0, 0.0, 0.0, 0.0, 0.0, 0.0, 0.0, 0.0, 0.0, 0.0, 0.0, 0.0, 0.0, 0.0, 0.0, 0.0, 0.0], [0.0, 0.0, 0.0, 0.0, 0.0, 0.0, 0.0, 0.0, 0.0, 0.0, 0.0, 0.0, 0.0, 0.0, 0.0, 0.0, 0.0, 0.0, 0.0, 0.0, 0.0, 0.0, 0.0, 0.0, 0.0, 0.0, 0.0, 0.0], [0.0002, 0.0002, 0.0002, 0.0002, 0.0005, 0.0005, 0.0005, 0.0005, 0.0, 0.0, 0.0, 0.0, 0.0, 0.0, 0.0, 0.0, 0.0, 0.0, 0.0, 0.0, 0.0, 0.0, 0.0, 0.0, 0.0, 0.0, 0.0, 0.0]]}}
bs_hinuma_vbm: {'band_index': {'1': [103]}, 'kpoint_index': [0, 43, 44], 'kpoint': <pymatgen.electronic_structure.bandstructure.Kpoint object at 0x7fc5d4b5a350>, 'energy': 2.6184000000000003, 'projections': {'1': [[0.00030000000000000003, 0.00030000000000000003, 0.00030000000000000003, 0.00030000000000000003, 0.0004, 0.0004, 0.0004, 0.0004, 0.0, 0.0, 0.0, 0.0, 0.0, 0.0, 0.0, 0.0, 0.0, 0.0, 0.0005, 0.0, 0.0005, 0.0, 0.0005, 0.0, 0.0, 0.0, 0.0005, 0.0], [0.0002, 0.0002, 0.0002, 0.0002, 0.0029000000000000002, 0.0029000000000000002, 0.0029000000000000002, 0.0029000000000000002, 0.0002, 0.0002, 0.0002, 0.0002, 0.0137, 0.0137, 0.0, 0.0, 0.011600000000000001, 0.011600000000000001, 0.0361, 0.0137, 0.0361, 0.0, 0.0361, 0.011600000000000001, 0.011600000000000001, 0.0, 0.0361, 0.0137], [0.0017000000000000001, 0.0017000000000000001, 0.0017000000000000001, 0.0017000000000000001, 0.0001, 0.0001, 0.0001, 0.0001, 0.0, 0.0, 0.0, 0.0, 0.0376, 0.0376, 0.0024000000000000002, 0.0024000000000000002, 0.0151, 0.0151, 0.0, 0.0376, 0.0, 0.0024000000000000002, 0.0, 0.0151, 0.0151, 0.0024000000000000002, 0.0, 0.0376], [0.0002, 0.0002, 0.0002, 0.0002, 0.0, 0.0, 0.0, 0.0, 0.0, 0.0, 0.0, 0.0, 0.00030000000000000003, 0.00030000000000000003, 0.00030000000000000003, 0.00030000000000000003, 0.0022, 0.0022, 0.0008, 0.00030000000000000003, 0.0008, 0.00030000000000000003, 0.0008, 0.0022, 0.0022, 0.00030000000000000003, 0.0008, 0.00030000000000000003], [0.00030000000000000003, 0.00030000000000000003, 0.00030000000000000003, 0.00030000000000000003, 0.0189, 0.0189, 0.0189, 0.0189, 0.0, 0.0, 0.0, 0.0, 0.0, 0.0, 0.0, 0.0, 0.0, 0.0, 0.0, 0.0, 0.0, 0.0, 0.0, 0.0, 0.0, 0.0, 0.0, 0.0], [0.0017000000000000001, 0.0017000000000000001, 0.0017000000000000001, 0.0017000000000000001, 0.0175, 0.0175, 0.0175, 0.0175, 0.0, 0.0, 0.0, 0.0, 0.0, 0.0, 0.0, 0.0, 0.0, 0.0, 0.0, 0.0, 0.0, 0.0, 0.0, 0.0, 0.0, 0.0, 0.0, 0.0], [0.0001, 0.0001, 0.0001, 0.0001, 0.0007, 0.0007, 0.0007, 0.0007, 0.0, 0.0, 0.0, 0.0, 0.0, 0.0, 0.0, 0.0, 0.0, 0.0, 0.0, 0.0, 0.0, 0.0, 0.0, 0.0, 0.0, 0.0, 0.0, 0.0], [0.0024000000000000002, 0.0024000000000000002, 0.0024000000000000002, 0.0024000000000000002, 0.0004, 0.0004, 0.0004, 0.0004, 0.0, 0.0, 0.0, 0.0, 0.0, 0.0, 0.0, 0.0, 0.0, 0.0, 0.0, 0.0, 0.0, 0.0, 0.0, 0.0, 0.0, 0.0, 0.0, 0.0], [0.0005, 0.0005, 0.0005, 0.0005, 0.0, 0.0, 0.0, 0.0, 0.0, 0.0, 0.0, 0.0, 0.0, 0.0, 0.0, 0.0, 0.0, 0.0, 0.0, 0.0, 0.0, 0.0, 0.0, 0.0, 0.0, 0.0, 0.0, 0.0]]}}
bs_hinuma_efermi: 2.71651859
bs_latimer_munro_task_id: mp-2302649
bs_latimer_munro_band_gap: 2.2054
bs_latimer_munro_cbm: {'band_index': {'1': [104]}, 'kpoint_index': [22, 23, 110, 111, 177, 178], 'kpoint': <pymatgen.electronic_structure.bandstructure.Kpoint object at 0x7fc5d4b5a200>, 'energy': 4.8238, 'projections': {'1': [[0.013300000000000001, 0.013300000000000001, 0.013300000000000001, 0.013300000000000001, 0.020300000000000002, 0.020300000000000002, 0.020300000000000002, 0.020300000000000002, 0.024, 0.024, 0.024, 0.024, 0.012700000000000001, 0.012700000000000001, 0.01, 0.01, 0.014100000000000001, 0.014100000000000001, 0.011600000000000001, 0.012700000000000001, 0.011600000000000001, 0.01, 0.011600000000000001, 0.014100000000000001, 0.014100000000000001, 0.01, 0.011600000000000001, 0.012700000000000001], [0.0, 0.0, 0.0, 0.0, 0.0, 0.0, 0.0, 0.0, 0.0, 0.0, 0.0, 0.0, 0.0036000000000000003, 0.0036000000000000003, 0.0026000000000000003, 0.0026000000000000003, 0.0019, 0.0019, 0.0014, 0.0036000000000000003, 0.0014, 0.0026000000000000003, 0.0014, 0.0019, 0.0019, 0.0026000000000000003, 0.0014, 0.0036000000000000003], [0.0004, 0.0004, 0.0004, 0.0004, 0.0004, 0.0004, 0.0004, 0.0004, 0.0, 0.0, 0.0, 0.0, 0.0039000000000000003, 0.0039000000000000003, 0.0, 0.0, 0.0002, 0.0002, 0.0054, 0.0039000000000000003, 0.0054, 0.0, 0.0054, 0.0002, 0.0002, 0.0, 0.0054, 0.0039000000000000003], [0.0001, 0.0001, 0.0001, 0.0001, 0.0, 0.0, 0.0, 0.0, 0.0001, 0.0001, 0.0001, 0.0001, 0.0001, 0.0001, 0.0045000000000000005, 0.0045000000000000005, 0.007500000000000001, 0.007500000000000001, 0.0, 0.0001, 0.0, 0.0045000000000000005, 0.0, 0.007500000000000001, 0.007500000000000001, 0.0045000000000000005, 0.0, 0.0001], [0.0, 0.0, 0.0, 0.0, 0.0, 0.0, 0.0, 0.0, 0.0, 0.0, 0.0, 0.0, 0.0, 0.0, 0.0, 0.0, 0.0, 0.0, 0.0, 0.0, 0.0, 0.0, 0.0, 0.0, 0.0, 0.0, 0.0, 0.0], [0.0, 0.0, 0.0, 0.0, 0.0007, 0.0007, 0.0007, 0.0007, 0.0, 0.0, 0.0, 0.0, 0.0, 0.0, 0.0, 0.0, 0.0, 0.0, 0.0, 0.0, 0.0, 0.0, 0.0, 0.0, 0.0, 0.0, 0.0, 0.0], [0.0002, 0.0002, 0.0002, 0.0002, 0.0019, 0.0019, 0.0019, 0.0019, 0.0, 0.0, 0.0, 0.0, 0.0, 0.0, 0.0, 0.0, 0.0, 0.0, 0.0, 0.0, 0.0, 0.0, 0.0, 0.0, 0.0, 0.0, 0.0, 0.0], [0.0, 0.0, 0.0, 0.0, 0.0, 0.0, 0.0, 0.0, 0.0, 0.0, 0.0, 0.0, 0.0, 0.0, 0.0, 0.0, 0.0, 0.0, 0.0, 0.0, 0.0, 0.0, 0.0, 0.0, 0.0, 0.0, 0.0, 0.0], [0.0002, 0.0002, 0.0002, 0.0002, 0.0005, 0.0005, 0.0005, 0.0005, 0.0, 0.0, 0.0, 0.0, 0.0, 0.0, 0.0, 0.0, 0.0, 0.0, 0.0, 0.0, 0.0, 0.0, 0.0, 0.0, 0.0, 0.0, 0.0, 0.0]]}}
bs_latimer_munro_vbm: {'band_index': {'1': [103]}, 'kpoint_index': [22, 23, 110, 111, 177, 178], 'kpoint': <pymatgen.electronic_structure.bandstructure.Kpoint object at 0x7fc5d4b5a3c0>, 'energy': 2.6184000000000003, 'projections': {'1': [[0.00030000000000000003, 0.00030000000000000003, 0.00030000000000000003, 0.00030000000000000003, 0.0004, 0.0004, 0.0004, 0.0004, 0.0, 0.0, 0.0, 0.0, 0.0, 0.0, 0.0, 0.0, 0.0, 0.0, 0.0005, 0.0, 0.0005, 0.0, 0.0005, 0.0, 0.0, 0.0, 0.0005, 0.0], [0.0002, 0.0002, 0.0002, 0.0002, 0.0029000000000000002, 0.0029000000000000002, 0.0029000000000000002, 0.0029000000000000002, 0.0002, 0.0002, 0.0002, 0.0002, 0.0137, 0.0137, 0.0, 0.0, 0.011600000000000001, 0.011600000000000001, 0.0361, 0.0137, 0.0361, 0.0, 0.0361, 0.011600000000000001, 0.011600000000000001, 0.0, 0.0361, 0.0137], [0.0017000000000000001, 0.0017000000000000001, 0.0017000000000000001, 0.0017000000000000001, 0.0001, 0.0001, 0.0001, 0.0001, 0.0, 0.0, 0.0, 0.0, 0.0376, 0.0376, 0.0024000000000000002, 0.0024000000000000002, 0.0151, 0.0151, 0.0, 0.0376, 0.0, 0.0024000000000000002, 0.0, 0.0151, 0.0151, 0.0024000000000000002, 0.0, 0.0376], [0.0002, 0.0002, 0.0002, 0.0002, 0.0, 0.0, 0.0, 0.0, 0.0, 0.0, 0.0, 0.0, 0.00030000000000000003, 0.00030000000000000003, 0.00030000000000000003, 0.00030000000000000003, 0.0022, 0.0022, 0.0008, 0.00030000000000000003, 0.0008, 0.00030000000000000003, 0.0008, 0.0022, 0.0022, 0.00030000000000000003, 0.0008, 0.00030000000000000003], [0.00030000000000000003, 0.00030000000000000003, 0.00030000000000000003, 0.00030000000000000003, 0.0189, 0.0189, 0.0189, 0.0189, 0.0, 0.0, 0.0, 0.0, 0.0, 0.0, 0.0, 0.0, 0.0, 0.0, 0.0, 0.0, 0.0, 0.0, 0.0, 0.0, 0.0, 0.0, 0.0, 0.0], [0.0017000000000000001, 0.0017000000000000001, 0.0017000000000000001, 0.0017000000000000001, 0.0175, 0.0175, 0.0175, 0.0175, 0.0, 0.0, 0.0, 0.0, 0.0, 0.0, 0.0, 0.0, 0.0, 0.0, 0.0, 0.0, 0.0, 0.0, 0.0, 0.0, 0.0, 0.0, 0.0, 0.0], [0.0001, 0.0001, 0.0001, 0.0001, 0.0007, 0.0007, 0.0007, 0.0007, 0.0, 0.0, 0.0, 0.0, 0.0, 0.0, 0.0, 0.0, 0.0, 0.0, 0.0, 0.0, 0.0, 0.0, 0.0, 0.0, 0.0, 0.0, 0.0, 0.0], [0.0024000000000000002, 0.0024000000000000002, 0.0024000000000000002, 0.0024000000000000002, 0.0004, 0.0004, 0.0004, 0.0004, 0.0, 0.0, 0.0, 0.0, 0.0, 0.0, 0.0, 0.0, 0.0, 0.0, 0.0, 0.0, 0.0, 0.0, 0.0, 0.0, 0.0, 0.0, 0.0, 0.0], [0.0005, 0.0005, 0.0005, 0.0005, 0.0, 0.0, 0.0, 0.0, 0.0, 0.0, 0.0, 0.0, 0.0, 0.0, 0.0, 0.0, 0.0, 0.0, 0.0, 0.0, 0.0, 0.0, 0.0, 0.0, 0.0, 0.0, 0.0, 0.0]]}}
bs_latimer_munro_efermi: 2.6661875