material_id: mp-551835
band_gap: 3.044099999999999
efermi: 1.34960055
dos_magnetic_ordering: NM
dos_total_task_id: mp-1677279
dos_total_band_gap: 3.1443
dos_total_cbm: 4.4203
dos_total_vbm: 1.276
dos_total_efermi: 1.28111411
bs_setyawan_curtarolo_task_id: mp-1600194
bs_setyawan_curtarolo_band_gap: 3.044099999999999
bs_setyawan_curtarolo_cbm: {'band_index': {'1': [40]}, 'kpoint_index': [54, 55, 109], 'kpoint': <pymatgen.electronic_structure.bandstructure.Kpoint object at 0x7fc699d63930>, 'energy': 4.334, 'projections': {'1': [[0.0, 0.0, 0.0, 0.0, 0.0, 0.0, 0.0, 0.0, 0.0001, 0.0001], [0.0, 0.0, 0.0, 0.0, 0.0, 0.0, 0.0, 0.0, 0.0, 0.0], [0.0, 0.0, 0.0, 0.0, 0.0, 0.0, 0.0, 0.0, 0.0, 0.0], [0.0, 0.0, 0.0, 0.0, 0.0, 0.0, 0.0, 0.0, 0.0, 0.0], [0.027600000000000003, 0.027600000000000003, 0.027600000000000003, 0.027600000000000003, 0.0007, 0.0007, 0.0007, 0.0007, 0.0, 0.0], [0.0, 0.0, 0.0, 0.0, 0.0, 0.0, 0.0, 0.0, 0.0, 0.0], [0.0, 0.0, 0.0, 0.0, 0.0, 0.0, 0.0, 0.0, 0.0, 0.0], [0.0407, 0.0407, 0.0407, 0.0407, 0.0059, 0.0059, 0.0059, 0.0059, 0.0, 0.0], [0.0, 0.0, 0.0, 0.0, 0.0, 0.0, 0.0, 0.0, 0.0, 0.0]]}}
bs_setyawan_curtarolo_vbm: {'band_index': {'1': [39]}, 'kpoint_index': ['75'], 'kpoint': <pymatgen.electronic_structure.bandstructure.Kpoint object at 0x7fc5d4b5a430>, 'energy': 1.2899, 'projections': {'1': [[0.0019, 0.0019, 0.0019, 0.0019, 0.0001, 0.0001, 0.0001, 0.0001, 0.0, 0.0], [0.0041, 0.0041, 0.0041, 0.0041, 0.042800000000000005, 0.042800000000000005, 0.042800000000000005, 0.042800000000000005, 0.0, 0.0], [0.001, 0.001, 0.001, 0.001, 0.0074, 0.0074, 0.0074, 0.0074, 0.20850000000000002, 0.20850000000000002], [0.0, 0.0, 0.0, 0.0, 0.0, 0.0, 0.0, 0.0, 0.0011, 0.0011], [0.0, 0.0, 0.0, 0.0, 0.0, 0.0, 0.0, 0.0, 0.0, 0.0], [0.0008, 0.0008, 0.0008, 0.0008, 0.0, 0.0, 0.0, 0.0, 0.0, 0.0], [0.002, 0.002, 0.002, 0.0019, 0.0, 0.0, 0.0, 0.0, 0.0, 0.0], [0.0, 0.0, 0.0, 0.0, 0.0, 0.0, 0.0, 0.0, 0.0, 0.0], [0.0013000000000000002, 0.0013000000000000002, 0.0013000000000000002, 0.0013000000000000002, 0.0, 0.0, 0.0, 0.0, 0.0, 0.0]]}}
bs_setyawan_curtarolo_efermi: 1.34960055
bs_hinuma_task_id: mp-2065991
bs_hinuma_band_gap: 3.044099999999999
bs_hinuma_cbm: {'band_index': {'1': [40]}, 'kpoint_index': [17, 18, 50], 'kpoint': <pymatgen.electronic_structure.bandstructure.Kpoint object at 0x7fc5d4b5a350>, 'energy': 4.334, 'projections': {'1': [[0.0, 0.0, 0.0, 0.0, 0.0, 0.0, 0.0, 0.0, 0.0001, 0.0001], [0.0, 0.0, 0.0, 0.0, 0.0, 0.0, 0.0, 0.0, 0.0, 0.0], [0.0, 0.0, 0.0, 0.0, 0.0, 0.0, 0.0, 0.0, 0.0, 0.0], [0.0, 0.0, 0.0, 0.0, 0.0, 0.0, 0.0, 0.0, 0.0, 0.0], [0.027600000000000003, 0.027600000000000003, 0.027600000000000003, 0.027600000000000003, 0.0007, 0.0007, 0.0007, 0.0007, 0.0, 0.0], [0.0, 0.0, 0.0, 0.0, 0.0, 0.0, 0.0, 0.0, 0.0, 0.0], [0.0, 0.0, 0.0, 0.0, 0.0, 0.0, 0.0, 0.0, 0.0, 0.0], [0.0407, 0.0407, 0.0407, 0.0407, 0.0059, 0.0059, 0.0059, 0.0059, 0.0, 0.0], [0.0, 0.0, 0.0, 0.0, 0.0, 0.0, 0.0, 0.0, 0.0, 0.0]]}}
bs_hinuma_vbm: {'band_index': {'1': [39]}, 'kpoint_index': ['10'], 'kpoint': <pymatgen.electronic_structure.bandstructure.Kpoint object at 0x7fc5d4b5a190>, 'energy': 1.2899, 'projections': {'1': [[0.0019, 0.0019, 0.0019, 0.0019, 0.0001, 0.0001, 0.0001, 0.0001, 0.0, 0.0], [0.0041, 0.0041, 0.0041, 0.0041, 0.0427, 0.0427, 0.0427, 0.0427, 0.0, 0.0], [0.001, 0.001, 0.001, 0.001, 0.0074, 0.0074, 0.0074, 0.0074, 0.2086, 0.2086], [0.0, 0.0, 0.0, 0.0, 0.0, 0.0, 0.0, 0.0, 0.001, 0.001], [0.0, 0.0, 0.0, 0.0, 0.0, 0.0, 0.0, 0.0, 0.0, 0.0], [0.0008, 0.0008, 0.0008, 0.0008, 0.0, 0.0, 0.0, 0.0, 0.0, 0.0], [0.002, 0.002, 0.002, 0.002, 0.0, 0.0, 0.0, 0.0, 0.0, 0.0], [0.0, 0.0, 0.0, 0.0, 0.0, 0.0, 0.0, 0.0, 0.0, 0.0], [0.0014, 0.0014, 0.0014, 0.0014, 0.0, 0.0, 0.0, 0.0, 0.0, 0.0]]}}
bs_hinuma_efermi: 1.35073899
bs_latimer_munro_task_id: mp-2338827
bs_latimer_munro_band_gap: 3.044099999999999
bs_latimer_munro_cbm: {'band_index': {'1': [40]}, 'kpoint_index': [72, 73, 83, 209], 'kpoint': <pymatgen.electronic_structure.bandstructure.Kpoint object at 0x7fc5d4b5a3c0>, 'energy': 4.334, 'projections': {'1': [[0.0, 0.0, 0.0, 0.0, 0.0, 0.0, 0.0, 0.0, 0.0001, 0.0001], [0.0, 0.0, 0.0, 0.0, 0.0, 0.0, 0.0, 0.0, 0.0, 0.0], [0.0, 0.0, 0.0, 0.0, 0.0, 0.0, 0.0, 0.0, 0.0, 0.0], [0.0, 0.0, 0.0, 0.0, 0.0, 0.0, 0.0, 0.0, 0.0, 0.0], [0.027600000000000003, 0.027600000000000003, 0.027600000000000003, 0.027600000000000003, 0.0007, 0.0007, 0.0007, 0.0007, 0.0, 0.0], [0.0, 0.0, 0.0, 0.0, 0.0, 0.0, 0.0, 0.0, 0.0, 0.0], [0.0, 0.0, 0.0, 0.0, 0.0, 0.0, 0.0, 0.0, 0.0, 0.0], [0.0407, 0.0407, 0.0407, 0.0407, 0.0059, 0.0059, 0.0059, 0.0059, 0.0, 0.0], [0.0, 0.0, 0.0, 0.0, 0.0, 0.0, 0.0, 0.0, 0.0, 0.0]]}}
bs_latimer_munro_vbm: {'band_index': {'1': [39]}, 'kpoint_index': ['164'], 'kpoint': <pymatgen.electronic_structure.bandstructure.Kpoint object at 0x7fc5d4b59be0>, 'energy': 1.2899, 'projections': {'1': [[0.0019, 0.0019, 0.0019, 0.0019, 0.0001, 0.0001, 0.0001, 0.0001, 0.0, 0.0], [0.0041, 0.0041, 0.0041, 0.0041, 0.042800000000000005, 0.042800000000000005, 0.042800000000000005, 0.042800000000000005, 0.0, 0.0], [0.001, 0.001, 0.001, 0.001, 0.0074, 0.0074, 0.0074, 0.0074, 0.20850000000000002, 0.20850000000000002], [0.0, 0.0, 0.0, 0.0, 0.0, 0.0, 0.0, 0.0, 0.0011, 0.0011], [0.0, 0.0, 0.0, 0.0, 0.0, 0.0, 0.0, 0.0, 0.0, 0.0], [0.0008, 0.0008, 0.0008, 0.0008, 0.0, 0.0, 0.0, 0.0, 0.0, 0.0], [0.002, 0.002, 0.002, 0.0019, 0.0, 0.0, 0.0, 0.0, 0.0, 0.0], [0.0, 0.0, 0.0, 0.0, 0.0, 0.0, 0.0, 0.0, 0.0, 0.0], [0.0013000000000000002, 0.0013000000000000002, 0.0013000000000000002, 0.0013000000000000002, 0.0, 0.0, 0.0, 0.0, 0.0, 0.0]]}}
bs_latimer_munro_efermi: 1.36020633