material_id: mp-571197
band_gap: 2.3794
efermi: 1.02642814
dos_magnetic_ordering: NM
dos_total_task_id: mp-1754689
dos_total_band_gap: 2.4156
dos_total_cbm: 3.3904
dos_total_vbm: 0.9748
dos_total_efermi: 0.96829024
bs_setyawan_curtarolo_task_id: mp-1621723
bs_setyawan_curtarolo_band_gap: 2.3794
bs_setyawan_curtarolo_cbm: {'band_index': {'1': [91]}, 'kpoint_index': [70, 71, 103], 'kpoint': <pymatgen.electronic_structure.bandstructure.Kpoint object at 0x7fc699d63930>, 'energy': 3.3508, 'projections': {'1': [[0.0172, 0.0536, 0.0534, 0.07930000000000001, 0.0483, 0.0115, 0.0287, 0.0004, 0.0005, 0.0011, 0.0006000000000000001, 0.00030000000000000003, 0.0007, 0.0004, 0.0021000000000000003, 0.0009000000000000001, 0.002, 0.0016, 0.0016, 0.002, 0.0004], [0.0, 0.0, 0.0, 0.0, 0.0, 0.0, 0.0, 0.0008, 0.0033, 0.0037, 0.002, 0.0009000000000000001, 0.0012000000000000001, 0.0027, 0.0033, 0.0019, 0.0053, 0.0029000000000000002, 0.0035, 0.0054, 0.0013000000000000002], [0.0, 0.0, 0.0, 0.0, 0.0, 0.0, 0.0, 0.0, 0.0027, 0.0011, 0.0005, 0.0, 0.0, 0.0031000000000000003, 0.0013000000000000002, 0.0002, 0.0012000000000000001, 0.002, 0.0007, 0.0013000000000000002, 0.0001], [0.0, 0.0, 0.0001, 0.0, 0.0001, 0.0, 0.0, 0.0025, 0.0098, 0.0112, 0.0061, 0.0026000000000000003, 0.0036000000000000003, 0.0082, 0.0099, 0.0057, 0.0159, 0.008700000000000001, 0.0105, 0.0161, 0.0039000000000000003], [0.0001, 0.0005, 0.0006000000000000001, 0.0007, 0.0006000000000000001, 0.0001, 0.0002, 0.0002, 0.0008, 0.001, 0.0005, 0.0002, 0.0004, 0.0008, 0.0012000000000000001, 0.0006000000000000001, 0.0015, 0.001, 0.0011, 0.0015, 0.00030000000000000003], [0.0, 0.0001, 0.0001, 0.0001, 0.0, 0.0, 0.0, 0.0001, 0.0005, 0.0004, 0.0002, 0.0001, 0.0001, 0.0005, 0.00030000000000000003, 0.0002, 0.0006000000000000001, 0.00030000000000000003, 0.0004, 0.0006000000000000001, 0.0001], [0.0, 0.0, 0.0, 0.0001, 0.0, 0.0, 0.0, 0.0, 0.0001, 0.0, 0.0, 0.0, 0.0, 0.0001, 0.0, 0.0, 0.0, 0.0, 0.0, 0.0, 0.0], [0.0001, 0.0002, 0.0002, 0.0004, 0.0001, 0.0001, 0.0001, 0.0002, 0.0015, 0.0011, 0.0006000000000000001, 0.0002, 0.00030000000000000003, 0.0014, 0.0009000000000000001, 0.0006000000000000001, 0.0017000000000000001, 0.0008, 0.0012000000000000001, 0.0017000000000000001, 0.0004], [0.0, 0.0002, 0.0002, 0.0002, 0.0002, 0.0, 0.0001, 0.0001, 0.00030000000000000003, 0.00030000000000000003, 0.0002, 0.0001, 0.0001, 0.00030000000000000003, 0.0004, 0.0002, 0.0005, 0.00030000000000000003, 0.0004, 0.0005, 0.0001]]}}
bs_setyawan_curtarolo_vbm: {'band_index': {'1': [90]}, 'kpoint_index': ['57'], 'kpoint': <pymatgen.electronic_structure.bandstructure.Kpoint object at 0x7fc5d4b5a350>, 'energy': 0.9714, 'projections': {'1': [[0.0, 0.0, 0.0, 0.0, 0.0, 0.0, 0.0, 0.0, 0.0, 0.0, 0.0, 0.0, 0.0, 0.0, 0.0, 0.0, 0.0, 0.0, 0.0, 0.0, 0.0], [0.0001, 0.0001, 0.0001, 0.0001, 0.0001, 0.0001, 0.0001, 0.029500000000000002, 0.0393, 0.0398, 0.0218, 0.031100000000000003, 0.038700000000000005, 0.0227, 0.0386, 0.021, 0.0291, 0.0218, 0.0403, 0.0302, 0.038200000000000005], [0.0, 0.0, 0.0, 0.0, 0.0, 0.0, 0.0, 0.0, 0.0, 0.0, 0.0, 0.0, 0.0, 0.0, 0.0, 0.0, 0.0, 0.0, 0.0, 0.0, 0.0], [0.0, 0.0, 0.0, 0.0, 0.0, 0.0, 0.0, 0.0098, 0.0131, 0.013300000000000001, 0.0073, 0.010400000000000001, 0.0129, 0.0076, 0.0129, 0.007, 0.0097, 0.0073, 0.0134, 0.010100000000000001, 0.012700000000000001], [0.0008, 0.0008, 0.0008, 0.0006000000000000001, 0.0004, 0.0006000000000000001, 0.0004, 0.0, 0.0, 0.0, 0.0, 0.0, 0.0, 0.0, 0.0, 0.0, 0.0, 0.0, 0.0, 0.0, 0.0], [0.0023, 0.0024000000000000002, 0.0024000000000000002, 0.0018000000000000002, 0.0014, 0.0018000000000000002, 0.0013000000000000002, 0.0, 0.0, 0.0, 0.0, 0.0, 0.0, 0.0, 0.0, 0.0, 0.0, 0.0, 0.0, 0.0, 0.0], [0.0, 0.0, 0.0, 0.0, 0.0, 0.0, 0.0, 0.0, 0.0, 0.0, 0.0, 0.0, 0.0, 0.0, 0.0, 0.0, 0.0, 0.0, 0.0, 0.0, 0.0], [0.0008, 0.0008, 0.0008, 0.0006000000000000001, 0.0005, 0.0006000000000000001, 0.0004, 0.0, 0.0, 0.0, 0.0, 0.0, 0.0, 0.0, 0.0, 0.0, 0.0, 0.0, 0.0, 0.0, 0.0], [0.0023, 0.0024000000000000002, 0.0023, 0.0018000000000000002, 0.0013000000000000002, 0.0018000000000000002, 0.0013000000000000002, 0.0, 0.0, 0.0, 0.0, 0.0, 0.0, 0.0, 0.0, 0.0, 0.0, 0.0, 0.0, 0.0, 0.0]]}}
bs_setyawan_curtarolo_efermi: 1.02642814
bs_hinuma_task_id: mp-2110713
bs_hinuma_band_gap: 2.3794
bs_hinuma_cbm: {'band_index': {'1': [91]}, 'kpoint_index': [70, 71, 103], 'kpoint': <pymatgen.electronic_structure.bandstructure.Kpoint object at 0x7fc5d4b5a190>, 'energy': 3.3508, 'projections': {'1': [[0.0172, 0.0536, 0.0534, 0.07930000000000001, 0.0483, 0.0115, 0.0287, 0.0004, 0.0005, 0.0011, 0.0006000000000000001, 0.00030000000000000003, 0.0007, 0.0004, 0.0021000000000000003, 0.0009000000000000001, 0.002, 0.0016, 0.0016, 0.002, 0.0004], [0.0, 0.0, 0.0, 0.0, 0.0, 0.0, 0.0, 0.0008, 0.0033, 0.0037, 0.002, 0.0009000000000000001, 0.0012000000000000001, 0.0027, 0.0033, 0.0019, 0.0053, 0.0029000000000000002, 0.0035, 0.0054, 0.0013000000000000002], [0.0, 0.0, 0.0, 0.0, 0.0, 0.0, 0.0, 0.0, 0.0027, 0.0011, 0.0005, 0.0, 0.0, 0.0031000000000000003, 0.0013000000000000002, 0.0002, 0.0012000000000000001, 0.002, 0.0007, 0.0013000000000000002, 0.0001], [0.0, 0.0, 0.0001, 0.0, 0.0001, 0.0, 0.0, 0.0025, 0.0098, 0.0112, 0.0061, 0.0026000000000000003, 0.0036000000000000003, 0.0082, 0.0099, 0.0057, 0.0159, 0.008700000000000001, 0.0105, 0.0161, 0.0039000000000000003], [0.0001, 0.0005, 0.0006000000000000001, 0.0007, 0.0006000000000000001, 0.0001, 0.0002, 0.0002, 0.0008, 0.001, 0.0005, 0.0002, 0.0004, 0.0008, 0.0012000000000000001, 0.0006000000000000001, 0.0015, 0.001, 0.0011, 0.0015, 0.00030000000000000003], [0.0, 0.0001, 0.0001, 0.0001, 0.0, 0.0, 0.0, 0.0001, 0.0005, 0.0004, 0.0002, 0.0001, 0.0001, 0.0005, 0.00030000000000000003, 0.0002, 0.0006000000000000001, 0.00030000000000000003, 0.0004, 0.0006000000000000001, 0.0001], [0.0, 0.0, 0.0, 0.0001, 0.0, 0.0, 0.0, 0.0, 0.0001, 0.0, 0.0, 0.0, 0.0, 0.0001, 0.0, 0.0, 0.0, 0.0, 0.0, 0.0, 0.0], [0.0001, 0.0002, 0.0002, 0.0004, 0.0001, 0.0001, 0.0001, 0.0002, 0.0015, 0.0011, 0.0006000000000000001, 0.0002, 0.00030000000000000003, 0.0014, 0.0009000000000000001, 0.0006000000000000001, 0.0017000000000000001, 0.0008, 0.0012000000000000001, 0.0017000000000000001, 0.0004], [0.0, 0.0002, 0.0002, 0.0002, 0.0002, 0.0, 0.0001, 0.0001, 0.00030000000000000003, 0.00030000000000000003, 0.0002, 0.0001, 0.0001, 0.00030000000000000003, 0.0004, 0.0002, 0.0005, 0.00030000000000000003, 0.0004, 0.0005, 0.0001]]}}
bs_hinuma_vbm: {'band_index': {'1': [90]}, 'kpoint_index': ['57'], 'kpoint': <pymatgen.electronic_structure.bandstructure.Kpoint object at 0x7fc5d4b59be0>, 'energy': 0.9714, 'projections': {'1': [[0.0, 0.0, 0.0, 0.0, 0.0, 0.0, 0.0, 0.0, 0.0, 0.0, 0.0, 0.0, 0.0, 0.0, 0.0, 0.0, 0.0, 0.0, 0.0, 0.0, 0.0], [0.0001, 0.0001, 0.0001, 0.0001, 0.0001, 0.0001, 0.0001, 0.029500000000000002, 0.0393, 0.0398, 0.0218, 0.031100000000000003, 0.038700000000000005, 0.0227, 0.0386, 0.021, 0.0291, 0.0218, 0.0403, 0.0302, 0.038200000000000005], [0.0, 0.0, 0.0, 0.0, 0.0, 0.0, 0.0, 0.0, 0.0, 0.0, 0.0, 0.0, 0.0, 0.0, 0.0, 0.0, 0.0, 0.0, 0.0, 0.0, 0.0], [0.0, 0.0, 0.0, 0.0, 0.0, 0.0, 0.0, 0.0098, 0.0131, 0.013300000000000001, 0.0073, 0.010400000000000001, 0.0129, 0.0076, 0.0129, 0.007, 0.0097, 0.0073, 0.0134, 0.010100000000000001, 0.012700000000000001], [0.0008, 0.0008, 0.0008, 0.0006000000000000001, 0.0004, 0.0006000000000000001, 0.0004, 0.0, 0.0, 0.0, 0.0, 0.0, 0.0, 0.0, 0.0, 0.0, 0.0, 0.0, 0.0, 0.0, 0.0], [0.0023, 0.0024000000000000002, 0.0024000000000000002, 0.0018000000000000002, 0.0014, 0.0018000000000000002, 0.0013000000000000002, 0.0, 0.0, 0.0, 0.0, 0.0, 0.0, 0.0, 0.0, 0.0, 0.0, 0.0, 0.0, 0.0, 0.0], [0.0, 0.0, 0.0, 0.0, 0.0, 0.0, 0.0, 0.0, 0.0, 0.0, 0.0, 0.0, 0.0, 0.0, 0.0, 0.0, 0.0, 0.0, 0.0, 0.0, 0.0], [0.0008, 0.0008, 0.0008, 0.0006000000000000001, 0.0005, 0.0006000000000000001, 0.0004, 0.0, 0.0, 0.0, 0.0, 0.0, 0.0, 0.0, 0.0, 0.0, 0.0, 0.0, 0.0, 0.0, 0.0], [0.0023, 0.0024000000000000002, 0.0023, 0.0018000000000000002, 0.0013000000000000002, 0.0018000000000000002, 0.0013000000000000002, 0.0, 0.0, 0.0, 0.0, 0.0, 0.0, 0.0, 0.0, 0.0, 0.0, 0.0, 0.0, 0.0, 0.0]]}}
bs_hinuma_efermi: 1.02642814
bs_latimer_munro_task_id: mp-2304460
bs_latimer_munro_band_gap: 2.3794
bs_latimer_munro_cbm: {'band_index': {'1': [91]}, 'kpoint_index': [0, 49, 50, 126], 'kpoint': <pymatgen.electronic_structure.bandstructure.Kpoint object at 0x7fc5d4b59e80>, 'energy': 3.3508, 'projections': {'1': [[0.0172, 0.0536, 0.0534, 0.07930000000000001, 0.0483, 0.0115, 0.0287, 0.0004, 0.0005, 0.0011, 0.0006000000000000001, 0.00030000000000000003, 0.0007, 0.0004, 0.0021000000000000003, 0.0009000000000000001, 0.002, 0.0016, 0.0016, 0.002, 0.0004], [0.0, 0.0, 0.0, 0.0, 0.0, 0.0, 0.0, 0.0008, 0.0033, 0.0037, 0.002, 0.0009000000000000001, 0.0012000000000000001, 0.0027, 0.0033, 0.0019, 0.0053, 0.0029000000000000002, 0.0035, 0.0054, 0.0013000000000000002], [0.0, 0.0, 0.0, 0.0, 0.0, 0.0, 0.0, 0.0, 0.0027, 0.0011, 0.0005, 0.0, 0.0, 0.0031000000000000003, 0.0013000000000000002, 0.0002, 0.0012000000000000001, 0.002, 0.0007, 0.0013000000000000002, 0.0001], [0.0, 0.0, 0.0001, 0.0, 0.0001, 0.0, 0.0, 0.0025, 0.0098, 0.0112, 0.0061, 0.0026000000000000003, 0.0036000000000000003, 0.0082, 0.0099, 0.0057, 0.0159, 0.008700000000000001, 0.0105, 0.0161, 0.0039000000000000003], [0.0001, 0.0005, 0.0006000000000000001, 0.0007, 0.0006000000000000001, 0.0001, 0.0002, 0.0002, 0.0008, 0.001, 0.0005, 0.0002, 0.0004, 0.0008, 0.0012000000000000001, 0.0006000000000000001, 0.0015, 0.001, 0.0011, 0.0015, 0.00030000000000000003], [0.0, 0.0001, 0.0001, 0.0001, 0.0, 0.0, 0.0, 0.0001, 0.0005, 0.0004, 0.0002, 0.0001, 0.0001, 0.0005, 0.00030000000000000003, 0.0002, 0.0006000000000000001, 0.00030000000000000003, 0.0004, 0.0006000000000000001, 0.0001], [0.0, 0.0, 0.0, 0.0001, 0.0, 0.0, 0.0, 0.0, 0.0001, 0.0, 0.0, 0.0, 0.0, 0.0001, 0.0, 0.0, 0.0, 0.0, 0.0, 0.0, 0.0], [0.0001, 0.0002, 0.0002, 0.0004, 0.0001, 0.0001, 0.0001, 0.0002, 0.0015, 0.0011, 0.0006000000000000001, 0.0002, 0.00030000000000000003, 0.0014, 0.0009000000000000001, 0.0006000000000000001, 0.0017000000000000001, 0.0008, 0.0012000000000000001, 0.0017000000000000001, 0.0004], [0.0, 0.0002, 0.0002, 0.0002, 0.0002, 0.0, 0.0001, 0.0001, 0.00030000000000000003, 0.00030000000000000003, 0.0002, 0.0001, 0.0001, 0.00030000000000000003, 0.0004, 0.0002, 0.0005, 0.00030000000000000003, 0.0004, 0.0005, 0.0001]]}}
bs_latimer_munro_vbm: {'band_index': {'1': [90]}, 'kpoint_index': ['36'], 'kpoint': <pymatgen.electronic_structure.bandstructure.Kpoint object at 0x7fc5d4b5a430>, 'energy': 0.9714, 'projections': {'1': [[0.0, 0.0, 0.0, 0.0, 0.0, 0.0, 0.0, 0.0, 0.0, 0.0, 0.0, 0.0, 0.0, 0.0, 0.0, 0.0, 0.0, 0.0, 0.0, 0.0, 0.0], [0.0001, 0.0001, 0.0001, 0.0001, 0.0001, 0.0001, 0.0001, 0.029500000000000002, 0.0393, 0.0398, 0.0218, 0.031100000000000003, 0.038700000000000005, 0.0227, 0.0386, 0.021, 0.0291, 0.0218, 0.0403, 0.0302, 0.038200000000000005], [0.0, 0.0, 0.0, 0.0, 0.0, 0.0, 0.0, 0.0, 0.0, 0.0, 0.0, 0.0, 0.0, 0.0, 0.0, 0.0, 0.0, 0.0, 0.0, 0.0, 0.0], [0.0, 0.0, 0.0, 0.0, 0.0, 0.0, 0.0, 0.0098, 0.0131, 0.013300000000000001, 0.0073, 0.010400000000000001, 0.0129, 0.0076, 0.0129, 0.007, 0.0097, 0.0073, 0.0134, 0.010100000000000001, 0.012700000000000001], [0.0008, 0.0008, 0.0008, 0.0006000000000000001, 0.0004, 0.0006000000000000001, 0.0004, 0.0, 0.0, 0.0, 0.0, 0.0, 0.0, 0.0, 0.0, 0.0, 0.0, 0.0, 0.0, 0.0, 0.0], [0.0023, 0.0024000000000000002, 0.0024000000000000002, 0.0018000000000000002, 0.0014, 0.0018000000000000002, 0.0013000000000000002, 0.0, 0.0, 0.0, 0.0, 0.0, 0.0, 0.0, 0.0, 0.0, 0.0, 0.0, 0.0, 0.0, 0.0], [0.0, 0.0, 0.0, 0.0, 0.0, 0.0, 0.0, 0.0, 0.0, 0.0, 0.0, 0.0, 0.0, 0.0, 0.0, 0.0, 0.0, 0.0, 0.0, 0.0, 0.0], [0.0008, 0.0008, 0.0008, 0.0006000000000000001, 0.0005, 0.0006000000000000001, 0.0004, 0.0, 0.0, 0.0, 0.0, 0.0, 0.0, 0.0, 0.0, 0.0, 0.0, 0.0, 0.0, 0.0, 0.0], [0.0023, 0.0024000000000000002, 0.0023, 0.0018000000000000002, 0.0013000000000000002, 0.0018000000000000002, 0.0013000000000000002, 0.0, 0.0, 0.0, 0.0, 0.0, 0.0, 0.0, 0.0, 0.0, 0.0, 0.0, 0.0, 0.0, 0.0]]}}
bs_latimer_munro_efermi: 1.04587382