material_id: mp-559871
band_gap: 7.5230999999999995
efermi: -1.8123376800000002
dos_magnetic_ordering: NM
dos_total_task_id: mp-1671009
dos_total_band_gap: 7.514099999999999
dos_total_cbm: 5.5638000000000005
dos_total_vbm: -1.9503
dos_total_efermi: -1.96765429
bs_setyawan_curtarolo_task_id: mp-1605835
bs_setyawan_curtarolo_band_gap: 7.5230999999999995
bs_setyawan_curtarolo_cbm: {'band_index': {'1': [72]}, 'kpoint_index': [0, 59, 60], 'kpoint': <pymatgen.electronic_structure.bandstructure.Kpoint object at 0x7fc699d63930>, 'energy': 5.5535, 'projections': {'1': [[0.0335, 0.033600000000000005, 0.0335, 0.033600000000000005, 0.033600000000000005, 0.033600000000000005, 0.0092, 0.0092, 0.0092, 0.0092, 0.0092, 0.0092, 0.0092, 0.0092, 0.0092, 0.0092, 0.0092, 0.0092, 0.0092, 0.0092, 0.0092, 0.0092, 0.0092, 0.0092], [0.0, 0.0, 0.0, 0.0, 0.0, 0.0, 0.0001, 0.0001, 0.0001, 0.0001, 0.0001, 0.0001, 0.0001, 0.0001, 0.0001, 0.00030000000000000003, 0.0001, 0.00030000000000000003, 0.00030000000000000003, 0.0001, 0.00030000000000000003, 0.0001, 0.0001, 0.0001], [0.0, 0.0, 0.0, 0.0, 0.0, 0.0, 0.0, 0.0, 0.0001, 0.0001, 0.0, 0.0, 0.0001, 0.0001, 0.0001, 0.0001, 0.0, 0.0001, 0.0001, 0.0001, 0.0001, 0.0001, 0.0, 0.0001], [0.0, 0.0, 0.0, 0.0, 0.0, 0.0, 0.0001, 0.0, 0.00030000000000000003, 0.00030000000000000003, 0.0001, 0.0001, 0.00030000000000000003, 0.00030000000000000003, 0.00030000000000000003, 0.0, 0.0001, 0.0, 0.0, 0.00030000000000000003, 0.0, 0.00030000000000000003, 0.0, 0.00030000000000000003], [0.0, 0.0, 0.0, 0.0, 0.0, 0.0, 0.0, 0.0, 0.0, 0.0, 0.0, 0.0, 0.0, 0.0, 0.0, 0.0, 0.0, 0.0, 0.0, 0.0, 0.0, 0.0, 0.0, 0.0], [0.0, 0.0, 0.0, 0.0, 0.0, 0.0, 0.0, 0.0, 0.0, 0.0, 0.0, 0.0, 0.0, 0.0, 0.0, 0.0, 0.0, 0.0, 0.0, 0.0, 0.0, 0.0, 0.0, 0.0], [0.0, 0.0, 0.0, 0.0, 0.0, 0.0, 0.0, 0.0, 0.0, 0.0, 0.0, 0.0, 0.0, 0.0, 0.0, 0.0, 0.0, 0.0, 0.0, 0.0, 0.0, 0.0, 0.0, 0.0], [0.0, 0.0, 0.0, 0.0, 0.0, 0.0, 0.0, 0.0, 0.0, 0.0, 0.0, 0.0, 0.0, 0.0, 0.0, 0.0, 0.0, 0.0, 0.0, 0.0, 0.0, 0.0, 0.0, 0.0], [0.0, 0.0, 0.0, 0.0, 0.0, 0.0, 0.0, 0.0, 0.0, 0.0, 0.0, 0.0, 0.0, 0.0, 0.0, 0.0, 0.0, 0.0, 0.0, 0.0, 0.0, 0.0, 0.0, 0.0]]}}
bs_setyawan_curtarolo_vbm: {'band_index': {'1': [71]}, 'kpoint_index': [0, 59, 60], 'kpoint': <pymatgen.electronic_structure.bandstructure.Kpoint object at 0x7fc5d4b5a200>, 'energy': -1.9696, 'projections': {'1': [[0.0, 0.0, 0.0, 0.0, 0.0, 0.0, 0.0, 0.0, 0.0, 0.0, 0.0, 0.0, 0.0, 0.0, 0.0, 0.0, 0.0, 0.0, 0.0, 0.0, 0.0, 0.0, 0.0, 0.0], [0.0, 0.0, 0.0, 0.0, 0.0, 0.0, 0.051800000000000006, 0.0, 0.0007, 0.0007, 0.051800000000000006, 0.051800000000000006, 0.0007, 0.0007, 0.0007, 0.0, 0.051800000000000006, 0.0, 0.0, 0.0007, 0.0, 0.0007, 0.0, 0.0007], [0.0, 0.0, 0.0, 0.0, 0.0, 0.0, 0.0, 0.0, 0.0521, 0.0521, 0.0, 0.0, 0.0521, 0.0521, 0.0521, 0.0, 0.0, 0.0, 0.0, 0.0521, 0.0, 0.0521, 0.0, 0.0521], [0.0, 0.0, 0.0, 0.0, 0.0, 0.0, 0.0031000000000000003, 0.1012, 0.0012000000000000001, 0.0012000000000000001, 0.0031000000000000003, 0.0031000000000000003, 0.0012000000000000001, 0.0012000000000000001, 0.0012000000000000001, 0.0001, 0.0031000000000000003, 0.0001, 0.0001, 0.0012000000000000001, 0.0001, 0.0012000000000000001, 0.1012, 0.0012000000000000001], [0.0, 0.0, 0.0, 0.0, 0.0, 0.0, 0.0, 0.0, 0.0, 0.0, 0.0, 0.0, 0.0, 0.0, 0.0, 0.0, 0.0, 0.0, 0.0, 0.0, 0.0, 0.0, 0.0, 0.0], [0.0, 0.0, 0.0, 0.0, 0.0, 0.0, 0.0, 0.0, 0.0, 0.0, 0.0, 0.0, 0.0, 0.0, 0.0, 0.0, 0.0, 0.0, 0.0, 0.0, 0.0, 0.0, 0.0, 0.0], [0.0, 0.0, 0.0, 0.0, 0.0, 0.0, 0.0, 0.0, 0.0, 0.0, 0.0, 0.0, 0.0, 0.0, 0.0, 0.0, 0.0, 0.0, 0.0, 0.0, 0.0, 0.0, 0.0, 0.0], [0.0, 0.0, 0.0, 0.0, 0.0, 0.0, 0.0, 0.0, 0.0, 0.0, 0.0, 0.0, 0.0, 0.0, 0.0, 0.0, 0.0, 0.0, 0.0, 0.0, 0.0, 0.0, 0.0, 0.0], [0.0, 0.0, 0.0, 0.0, 0.0, 0.0, 0.0, 0.0, 0.0, 0.0, 0.0, 0.0, 0.0, 0.0, 0.0, 0.0, 0.0, 0.0, 0.0, 0.0, 0.0, 0.0, 0.0, 0.0]]}}
bs_setyawan_curtarolo_efermi: -1.8123376800000002
bs_hinuma_task_id: mp-2169931
bs_hinuma_band_gap: 7.5230999999999995
bs_hinuma_cbm: {'band_index': {'1': [72]}, 'kpoint_index': [0, 31, 32, 72], 'kpoint': <pymatgen.electronic_structure.bandstructure.Kpoint object at 0x7fc5d4b59be0>, 'energy': 5.5535, 'projections': {'1': [[0.0335, 0.033600000000000005, 0.0335, 0.033600000000000005, 0.033600000000000005, 0.033600000000000005, 0.0092, 0.0092, 0.0092, 0.0092, 0.0092, 0.0092, 0.0092, 0.0092, 0.0092, 0.0092, 0.0092, 0.0092, 0.0092, 0.0092, 0.0092, 0.0092, 0.0092, 0.0092], [0.0, 0.0, 0.0, 0.0, 0.0, 0.0, 0.0001, 0.0001, 0.0001, 0.0001, 0.0001, 0.0001, 0.0001, 0.0001, 0.0001, 0.00030000000000000003, 0.0001, 0.00030000000000000003, 0.00030000000000000003, 0.0001, 0.00030000000000000003, 0.0001, 0.0001, 0.0001], [0.0, 0.0, 0.0, 0.0, 0.0, 0.0, 0.0, 0.0, 0.0001, 0.0001, 0.0, 0.0, 0.0001, 0.0001, 0.0001, 0.0001, 0.0, 0.0001, 0.0001, 0.0001, 0.0001, 0.0001, 0.0, 0.0001], [0.0, 0.0, 0.0, 0.0, 0.0, 0.0, 0.0001, 0.0, 0.00030000000000000003, 0.00030000000000000003, 0.0001, 0.0001, 0.00030000000000000003, 0.00030000000000000003, 0.00030000000000000003, 0.0, 0.0001, 0.0, 0.0, 0.00030000000000000003, 0.0, 0.00030000000000000003, 0.0, 0.00030000000000000003], [0.0, 0.0, 0.0, 0.0, 0.0, 0.0, 0.0, 0.0, 0.0, 0.0, 0.0, 0.0, 0.0, 0.0, 0.0, 0.0, 0.0, 0.0, 0.0, 0.0, 0.0, 0.0, 0.0, 0.0], [0.0, 0.0, 0.0, 0.0, 0.0, 0.0, 0.0, 0.0, 0.0, 0.0, 0.0, 0.0, 0.0, 0.0, 0.0, 0.0, 0.0, 0.0, 0.0, 0.0, 0.0, 0.0, 0.0, 0.0], [0.0, 0.0, 0.0, 0.0, 0.0, 0.0, 0.0, 0.0, 0.0, 0.0, 0.0, 0.0, 0.0, 0.0, 0.0, 0.0, 0.0, 0.0, 0.0, 0.0, 0.0, 0.0, 0.0, 0.0], [0.0, 0.0, 0.0, 0.0, 0.0, 0.0, 0.0, 0.0, 0.0, 0.0, 0.0, 0.0, 0.0, 0.0, 0.0, 0.0, 0.0, 0.0, 0.0, 0.0, 0.0, 0.0, 0.0, 0.0], [0.0, 0.0, 0.0, 0.0, 0.0, 0.0, 0.0, 0.0, 0.0, 0.0, 0.0, 0.0, 0.0, 0.0, 0.0, 0.0, 0.0, 0.0, 0.0, 0.0, 0.0, 0.0, 0.0, 0.0]]}}
bs_hinuma_vbm: {'band_index': {'1': [71]}, 'kpoint_index': [0, 31, 32, 72], 'kpoint': <pymatgen.electronic_structure.bandstructure.Kpoint object at 0x7fc5d4b59e80>, 'energy': -1.9696, 'projections': {'1': [[0.0, 0.0, 0.0, 0.0, 0.0, 0.0, 0.0, 0.0, 0.0, 0.0, 0.0, 0.0, 0.0, 0.0, 0.0, 0.0, 0.0, 0.0, 0.0, 0.0, 0.0, 0.0, 0.0, 0.0], [0.0, 0.0, 0.0, 0.0, 0.0, 0.0, 0.051800000000000006, 0.0, 0.0007, 0.0007, 0.051800000000000006, 0.051800000000000006, 0.0007, 0.0007, 0.0007, 0.0, 0.051800000000000006, 0.0, 0.0, 0.0007, 0.0, 0.0007, 0.0, 0.0007], [0.0, 0.0, 0.0, 0.0, 0.0, 0.0, 0.0, 0.0, 0.0521, 0.0521, 0.0, 0.0, 0.0521, 0.0521, 0.0521, 0.0, 0.0, 0.0, 0.0, 0.0521, 0.0, 0.0521, 0.0, 0.0521], [0.0, 0.0, 0.0, 0.0, 0.0, 0.0, 0.0031000000000000003, 0.1012, 0.0012000000000000001, 0.0012000000000000001, 0.0031000000000000003, 0.0031000000000000003, 0.0012000000000000001, 0.0012000000000000001, 0.0012000000000000001, 0.0001, 0.0031000000000000003, 0.0001, 0.0001, 0.0012000000000000001, 0.0001, 0.0012000000000000001, 0.1012, 0.0012000000000000001], [0.0, 0.0, 0.0, 0.0, 0.0, 0.0, 0.0, 0.0, 0.0, 0.0, 0.0, 0.0, 0.0, 0.0, 0.0, 0.0, 0.0, 0.0, 0.0, 0.0, 0.0, 0.0, 0.0, 0.0], [0.0, 0.0, 0.0, 0.0, 0.0, 0.0, 0.0, 0.0, 0.0, 0.0, 0.0, 0.0, 0.0, 0.0, 0.0, 0.0, 0.0, 0.0, 0.0, 0.0, 0.0, 0.0, 0.0, 0.0], [0.0, 0.0, 0.0, 0.0, 0.0, 0.0, 0.0, 0.0, 0.0, 0.0, 0.0, 0.0, 0.0, 0.0, 0.0, 0.0, 0.0, 0.0, 0.0, 0.0, 0.0, 0.0, 0.0, 0.0], [0.0, 0.0, 0.0, 0.0, 0.0, 0.0, 0.0, 0.0, 0.0, 0.0, 0.0, 0.0, 0.0, 0.0, 0.0, 0.0, 0.0, 0.0, 0.0, 0.0, 0.0, 0.0, 0.0, 0.0], [0.0, 0.0, 0.0, 0.0, 0.0, 0.0, 0.0, 0.0, 0.0, 0.0, 0.0, 0.0, 0.0, 0.0, 0.0, 0.0, 0.0, 0.0, 0.0, 0.0, 0.0, 0.0, 0.0, 0.0]]}}
bs_hinuma_efermi: -1.82045013
bs_latimer_munro_task_id: mp-2430697
bs_latimer_munro_band_gap: 7.5230999999999995
bs_latimer_munro_cbm: {'band_index': {'1': [72]}, 'kpoint_index': [53, 54, 139, 140, 150, 169, 210], 'kpoint': <pymatgen.electronic_structure.bandstructure.Kpoint object at 0x7fc5d4b5a430>, 'energy': 5.5535, 'projections': {'1': [[0.0335, 0.033600000000000005, 0.0335, 0.033600000000000005, 0.033600000000000005, 0.033600000000000005, 0.0092, 0.0092, 0.0092, 0.0092, 0.0092, 0.0092, 0.0092, 0.0092, 0.0092, 0.0092, 0.0092, 0.0092, 0.0092, 0.0092, 0.0092, 0.0092, 0.0092, 0.0092], [0.0, 0.0, 0.0, 0.0, 0.0, 0.0, 0.0001, 0.0001, 0.0001, 0.0001, 0.0001, 0.0001, 0.0001, 0.0001, 0.0001, 0.00030000000000000003, 0.0001, 0.00030000000000000003, 0.00030000000000000003, 0.0001, 0.00030000000000000003, 0.0001, 0.0001, 0.0001], [0.0, 0.0, 0.0, 0.0, 0.0, 0.0, 0.0, 0.0, 0.0001, 0.0001, 0.0, 0.0, 0.0001, 0.0001, 0.0001, 0.0001, 0.0, 0.0001, 0.0001, 0.0001, 0.0001, 0.0001, 0.0, 0.0001], [0.0, 0.0, 0.0, 0.0, 0.0, 0.0, 0.0001, 0.0, 0.00030000000000000003, 0.00030000000000000003, 0.0001, 0.0001, 0.00030000000000000003, 0.00030000000000000003, 0.00030000000000000003, 0.0, 0.0001, 0.0, 0.0, 0.00030000000000000003, 0.0, 0.00030000000000000003, 0.0, 0.00030000000000000003], [0.0, 0.0, 0.0, 0.0, 0.0, 0.0, 0.0, 0.0, 0.0, 0.0, 0.0, 0.0, 0.0, 0.0, 0.0, 0.0, 0.0, 0.0, 0.0, 0.0, 0.0, 0.0, 0.0, 0.0], [0.0, 0.0, 0.0, 0.0, 0.0, 0.0, 0.0, 0.0, 0.0, 0.0, 0.0, 0.0, 0.0, 0.0, 0.0, 0.0, 0.0, 0.0, 0.0, 0.0, 0.0, 0.0, 0.0, 0.0], [0.0, 0.0, 0.0, 0.0, 0.0, 0.0, 0.0, 0.0, 0.0, 0.0, 0.0, 0.0, 0.0, 0.0, 0.0, 0.0, 0.0, 0.0, 0.0, 0.0, 0.0, 0.0, 0.0, 0.0], [0.0, 0.0, 0.0, 0.0, 0.0, 0.0, 0.0, 0.0, 0.0, 0.0, 0.0, 0.0, 0.0, 0.0, 0.0, 0.0, 0.0, 0.0, 0.0, 0.0, 0.0, 0.0, 0.0, 0.0], [0.0, 0.0, 0.0, 0.0, 0.0, 0.0, 0.0, 0.0, 0.0, 0.0, 0.0, 0.0, 0.0, 0.0, 0.0, 0.0, 0.0, 0.0, 0.0, 0.0, 0.0, 0.0, 0.0, 0.0]]}}
bs_latimer_munro_vbm: {'band_index': {'1': [71]}, 'kpoint_index': [53, 54, 139, 140, 150, 169, 210], 'kpoint': <pymatgen.electronic_structure.bandstructure.Kpoint object at 0x7fc5d4b59d30>, 'energy': -1.9696, 'projections': {'1': [[0.0, 0.0, 0.0, 0.0, 0.0, 0.0, 0.0, 0.0, 0.0, 0.0, 0.0, 0.0, 0.0, 0.0, 0.0, 0.0, 0.0, 0.0, 0.0, 0.0, 0.0, 0.0, 0.0, 0.0], [0.0, 0.0, 0.0, 0.0, 0.0, 0.0, 0.051800000000000006, 0.0, 0.0007, 0.0007, 0.051800000000000006, 0.051800000000000006, 0.0007, 0.0007, 0.0007, 0.0, 0.051800000000000006, 0.0, 0.0, 0.0007, 0.0, 0.0007, 0.0, 0.0007], [0.0, 0.0, 0.0, 0.0, 0.0, 0.0, 0.0, 0.0, 0.0521, 0.0521, 0.0, 0.0, 0.0521, 0.0521, 0.0521, 0.0, 0.0, 0.0, 0.0, 0.0521, 0.0, 0.0521, 0.0, 0.0521], [0.0, 0.0, 0.0, 0.0, 0.0, 0.0, 0.0031000000000000003, 0.1012, 0.0012000000000000001, 0.0012000000000000001, 0.0031000000000000003, 0.0031000000000000003, 0.0012000000000000001, 0.0012000000000000001, 0.0012000000000000001, 0.0001, 0.0031000000000000003, 0.0001, 0.0001, 0.0012000000000000001, 0.0001, 0.0012000000000000001, 0.1012, 0.0012000000000000001], [0.0, 0.0, 0.0, 0.0, 0.0, 0.0, 0.0, 0.0, 0.0, 0.0, 0.0, 0.0, 0.0, 0.0, 0.0, 0.0, 0.0, 0.0, 0.0, 0.0, 0.0, 0.0, 0.0, 0.0], [0.0, 0.0, 0.0, 0.0, 0.0, 0.0, 0.0, 0.0, 0.0, 0.0, 0.0, 0.0, 0.0, 0.0, 0.0, 0.0, 0.0, 0.0, 0.0, 0.0, 0.0, 0.0, 0.0, 0.0], [0.0, 0.0, 0.0, 0.0, 0.0, 0.0, 0.0, 0.0, 0.0, 0.0, 0.0, 0.0, 0.0, 0.0, 0.0, 0.0, 0.0, 0.0, 0.0, 0.0, 0.0, 0.0, 0.0, 0.0], [0.0, 0.0, 0.0, 0.0, 0.0, 0.0, 0.0, 0.0, 0.0, 0.0, 0.0, 0.0, 0.0, 0.0, 0.0, 0.0, 0.0, 0.0, 0.0, 0.0, 0.0, 0.0, 0.0, 0.0], [0.0, 0.0, 0.0, 0.0, 0.0, 0.0, 0.0, 0.0, 0.0, 0.0, 0.0, 0.0, 0.0, 0.0, 0.0, 0.0, 0.0, 0.0, 0.0, 0.0, 0.0, 0.0, 0.0, 0.0]]}}
bs_latimer_munro_efermi: -1.82235079