material_id: mp-504997
band_gap: 1.5763
efermi: 3.12151657
dos_magnetic_ordering: NM
dos_total_task_id: mp-1744507
dos_total_band_gap: 1.5559999999999992
dos_total_cbm: 4.5219000000000005
dos_total_vbm: 2.9659
dos_total_efermi: 2.94161547
bs_setyawan_curtarolo_task_id: mp-820882
bs_setyawan_curtarolo_band_gap: 1.5763
bs_setyawan_curtarolo_cbm: {'band_index': {'1': [50]}, 'kpoint_index': [94], 'kpoint': <pymatgen.electronic_structure.bandstructure.Kpoint object at 0x7fc699d63930>, 'energy': 4.535, 'projections': {}}
bs_setyawan_curtarolo_vbm: {'band_index': {'1': [49]}, 'kpoint_index': [28], 'kpoint': <pymatgen.electronic_structure.bandstructure.Kpoint object at 0x7fc5d4b5a3c0>, 'energy': 2.9587, 'projections': {}}
bs_setyawan_curtarolo_efermi: 3.12151657
bs_hinuma_task_id: mp-2099778
bs_hinuma_band_gap: 1.5774
bs_hinuma_cbm: {'band_index': {'1': [50]}, 'kpoint_index': [75], 'kpoint': <pymatgen.electronic_structure.bandstructure.Kpoint object at 0x7fc5d4b59d30>, 'energy': 4.5377, 'projections': {'1': [[0.0, 0.0, 0.0015, 0.0015, 0.0, 0.0001, 0.00030000000000000003, 0.0, 0.0001, 0.0, 0.0, 0.00030000000000000003], [0.0, 0.0001, 0.0012000000000000001, 0.0012000000000000001, 0.0007, 0.0006000000000000001, 0.0036000000000000003, 0.0029000000000000002, 0.0006000000000000001, 0.0007, 0.0029000000000000002, 0.0036000000000000003], [0.0, 0.0015, 0.0005, 0.0005, 0.0078000000000000005, 0.0002, 0.0016, 0.0014, 0.0002, 0.0078000000000000005, 0.0014, 0.0016], [0.0, 0.0011, 0.0, 0.0, 0.0119, 0.012, 0.0013000000000000002, 0.0004, 0.012, 0.0119, 0.0004, 0.0013000000000000002], [0.036500000000000005, 0.0, 0.0668, 0.0668, 0.0, 0.0, 0.0, 0.0, 0.0, 0.0, 0.0, 0.0], [0.00030000000000000003, 0.0, 0.0002, 0.0002, 0.0, 0.0, 0.0, 0.0, 0.0, 0.0, 0.0, 0.0], [0.0051, 0.0, 0.061500000000000006, 0.061500000000000006, 0.0, 0.0, 0.0, 0.0, 0.0, 0.0, 0.0, 0.0], [0.004, 0.0, 0.038200000000000005, 0.038200000000000005, 0.0, 0.0, 0.0, 0.0, 0.0, 0.0, 0.0, 0.0], [0.0298, 0.0, 0.1471, 0.1471, 0.0, 0.0, 0.0, 0.0, 0.0, 0.0, 0.0, 0.0]]}}
bs_hinuma_vbm: {'band_index': {'1': [49]}, 'kpoint_index': [107], 'kpoint': <pymatgen.electronic_structure.bandstructure.Kpoint object at 0x7fc5d4b5a430>, 'energy': 2.9603, 'projections': {'1': [[0.0, 0.06620000000000001, 0.00030000000000000003, 0.00030000000000000003, 0.0001, 0.001, 0.0, 0.0004, 0.001, 0.0001, 0.0004, 0.0], [0.0002, 0.0, 0.0002, 0.0002, 0.0001, 0.0004, 0.030500000000000003, 0.0025, 0.0004, 0.0001, 0.0025, 0.030500000000000003], [0.0, 0.0, 0.0005, 0.0005, 0.0029000000000000002, 0.0006000000000000001, 0.0005, 0.0022, 0.0006000000000000001, 0.0029000000000000002, 0.0022, 0.0005], [0.0001, 0.0, 0.0005, 0.0005, 0.0007, 0.025, 0.0, 0.0045000000000000005, 0.025, 0.0007, 0.0045000000000000005, 0.0], [0.0, 0.4433, 0.0004, 0.0004, 0.0, 0.0, 0.0, 0.0, 0.0, 0.0, 0.0, 0.0], [0.0, 0.0024000000000000002, 0.0034000000000000002, 0.0034000000000000002, 0.0, 0.0, 0.0, 0.0, 0.0, 0.0, 0.0, 0.0], [0.0, 0.0755, 0.0017000000000000001, 0.0017000000000000001, 0.0, 0.0, 0.0, 0.0, 0.0, 0.0, 0.0, 0.0], [0.0, 0.0438, 0.0, 0.0, 0.0, 0.0, 0.0, 0.0, 0.0, 0.0, 0.0, 0.0], [0.0, 0.048, 0.0009000000000000001, 0.0009000000000000001, 0.0, 0.0, 0.0, 0.0, 0.0, 0.0, 0.0, 0.0]]}}
bs_hinuma_efermi: 3.13655827
bs_latimer_munro_task_id: mp-2301281
bs_latimer_munro_band_gap: 1.5774
bs_latimer_munro_cbm: {'band_index': {'1': [50]}, 'kpoint_index': [70], 'kpoint': <pymatgen.electronic_structure.bandstructure.Kpoint object at 0x7fc5d4b5a350>, 'energy': 4.5377, 'projections': {'1': [[0.0, 0.0, 0.0015, 0.0015, 0.0, 0.0001, 0.00030000000000000003, 0.0, 0.0001, 0.0, 0.0, 0.00030000000000000003], [0.0, 0.0001, 0.0012000000000000001, 0.0012000000000000001, 0.0007, 0.0006000000000000001, 0.0036000000000000003, 0.0029000000000000002, 0.0006000000000000001, 0.0007, 0.0029000000000000002, 0.0036000000000000003], [0.0, 0.0015, 0.0005, 0.0005, 0.0078000000000000005, 0.0002, 0.0016, 0.0014, 0.0002, 0.0078000000000000005, 0.0014, 0.0016], [0.0, 0.0011, 0.0, 0.0, 0.0119, 0.012, 0.0013000000000000002, 0.0004, 0.012, 0.0119, 0.0004, 0.0013000000000000002], [0.036500000000000005, 0.0, 0.0668, 0.0668, 0.0, 0.0, 0.0, 0.0, 0.0, 0.0, 0.0, 0.0], [0.00030000000000000003, 0.0, 0.0002, 0.0002, 0.0, 0.0, 0.0, 0.0, 0.0, 0.0, 0.0, 0.0], [0.0051, 0.0, 0.061500000000000006, 0.061500000000000006, 0.0, 0.0, 0.0, 0.0, 0.0, 0.0, 0.0, 0.0], [0.004, 0.0, 0.038200000000000005, 0.038200000000000005, 0.0, 0.0, 0.0, 0.0, 0.0, 0.0, 0.0, 0.0], [0.0298, 0.0, 0.1471, 0.1471, 0.0, 0.0, 0.0, 0.0, 0.0, 0.0, 0.0, 0.0]]}}
bs_latimer_munro_vbm: {'band_index': {'1': [49]}, 'kpoint_index': [103], 'kpoint': <pymatgen.electronic_structure.bandstructure.Kpoint object at 0x7fc5d4b59be0>, 'energy': 2.9603, 'projections': {'1': [[0.0, 0.06620000000000001, 0.00030000000000000003, 0.00030000000000000003, 0.0001, 0.001, 0.0, 0.0004, 0.001, 0.0001, 0.0004, 0.0], [0.0002, 0.0, 0.0002, 0.0002, 0.0001, 0.0004, 0.030500000000000003, 0.0025, 0.0004, 0.0001, 0.0025, 0.030500000000000003], [0.0, 0.0, 0.0005, 0.0005, 0.0029000000000000002, 0.0006000000000000001, 0.0005, 0.0022, 0.0006000000000000001, 0.0029000000000000002, 0.0022, 0.0005], [0.0001, 0.0, 0.0005, 0.0005, 0.0007, 0.025, 0.0, 0.0045000000000000005, 0.025, 0.0007, 0.0045000000000000005, 0.0], [0.0, 0.4433, 0.0004, 0.0004, 0.0, 0.0, 0.0, 0.0, 0.0, 0.0, 0.0, 0.0], [0.0, 0.0024000000000000002, 0.0034000000000000002, 0.0034000000000000002, 0.0, 0.0, 0.0, 0.0, 0.0, 0.0, 0.0, 0.0], [0.0, 0.0755, 0.0017000000000000001, 0.0017000000000000001, 0.0, 0.0, 0.0, 0.0, 0.0, 0.0, 0.0, 0.0], [0.0, 0.0438, 0.0, 0.0, 0.0, 0.0, 0.0, 0.0, 0.0, 0.0, 0.0, 0.0], [0.0, 0.048, 0.0009000000000000001, 0.0009000000000000001, 0.0, 0.0, 0.0, 0.0, 0.0, 0.0, 0.0, 0.0]]}}
bs_latimer_munro_efermi: 3.13655406