material_id: mp-570219
band_gap: 2.489
efermi: -0.3502847
dos_magnetic_ordering: NM
dos_total_task_id: mp-2278784
dos_total_band_gap: 2.492499999999999
dos_total_cbm: 2.0866
dos_total_vbm: -0.40590000000000004
dos_total_efermi: -0.40423444000000003
bs_setyawan_curtarolo_task_id: mp-689052
bs_setyawan_curtarolo_band_gap: 2.489
bs_setyawan_curtarolo_cbm: {'band_index': {'1': [34]}, 'kpoint_index': [0, 87, 88, 113], 'kpoint': <pymatgen.electronic_structure.bandstructure.Kpoint object at 0x7fc699d63930>, 'energy': 2.0887000000000002, 'projections': {'1': [[0.1459, 0.146, 0.0142, 0.012700000000000001, 0.0142, 0.012700000000000001, 0.012700000000000001, 0.012700000000000001], [0.0, 0.0, 0.0204, 0.0054, 0.0204, 0.0054, 0.0054, 0.0054], [0.0, 0.0, 0.0223, 0.0238, 0.0223, 0.0238, 0.0238, 0.0238], [0.0, 0.0, 0.0, 0.0145, 0.0, 0.0145, 0.0145, 0.0145], [0.0, 0.0, 0.0, 0.00030000000000000003, 0.0, 0.00030000000000000003, 0.00030000000000000003, 0.00030000000000000003], [0.0, 0.0, 0.00030000000000000003, 0.0001, 0.00030000000000000003, 0.0001, 0.0001, 0.0001], [0.0008, 0.0008, 0.0, 0.0, 0.0, 0.0, 0.0, 0.0], [0.0, 0.0, 0.0, 0.0001, 0.0, 0.0001, 0.0001, 0.0001], [0.0, 0.0, 0.0004, 0.0001, 0.0004, 0.0001, 0.0001, 0.0001]]}}
bs_setyawan_curtarolo_vbm: {'band_index': {'1': [33]}, 'kpoint_index': [75, 76], 'kpoint': <pymatgen.electronic_structure.bandstructure.Kpoint object at 0x7fc5d4b59d30>, 'energy': -0.40030000000000004, 'projections': {'1': [[0.0, 0.0, 0.0, 0.0, 0.0, 0.0, 0.0, 0.0], [0.0008, 0.0008, 0.0, 0.049100000000000005, 0.0, 0.049100000000000005, 0.049100000000000005, 0.049100000000000005], [0.0001, 0.0001, 0.0, 0.0568, 0.0, 0.0568, 0.0568, 0.0568], [0.0, 0.0, 0.0297, 0.0449, 0.0297, 0.0449, 0.0449, 0.0449], [0.00030000000000000003, 0.00030000000000000003, 0.0, 0.0, 0.0, 0.0, 0.0, 0.0], [0.0, 0.0, 0.0, 0.0, 0.0, 0.0, 0.0, 0.0], [0.0, 0.0, 0.0, 0.0001, 0.0, 0.0001, 0.0001, 0.0001], [0.0004, 0.0004, 0.0, 0.0, 0.0, 0.0, 0.0, 0.0], [0.0, 0.0, 0.0, 0.0, 0.0, 0.0, 0.0, 0.0]]}}
bs_setyawan_curtarolo_efermi: -0.3502847
bs_latimer_munro_task_id: mp-2322476
bs_latimer_munro_band_gap: 2.4945
bs_latimer_munro_cbm: {'band_index': {'1': [34]}, 'kpoint_index': [21, 22, 38, 161, 162, 196, 197, 208, 220], 'kpoint': <pymatgen.electronic_structure.bandstructure.Kpoint object at 0x7fc5d4b59c50>, 'energy': 2.09, 'projections': {'1': [[0.1461, 0.1461, 0.0142, 0.012700000000000001, 0.0142, 0.012700000000000001, 0.012700000000000001, 0.012700000000000001], [0.0, 0.0, 0.0204, 0.0054, 0.0204, 0.0054, 0.0054, 0.0054], [0.0, 0.0, 0.0222, 0.0238, 0.0222, 0.0238, 0.0238, 0.0238], [0.0, 0.0, 0.0, 0.0145, 0.0, 0.0145, 0.0145, 0.0145], [0.0, 0.0, 0.0, 0.00030000000000000003, 0.0, 0.00030000000000000003, 0.00030000000000000003, 0.00030000000000000003], [0.0, 0.0, 0.00030000000000000003, 0.0001, 0.00030000000000000003, 0.0001, 0.0001, 0.0001], [0.0008, 0.0008, 0.0, 0.0, 0.0, 0.0, 0.0, 0.0], [0.0, 0.0, 0.0, 0.0001, 0.0, 0.0001, 0.0001, 0.0001], [0.0, 0.0, 0.0004, 0.0001, 0.0004, 0.0001, 0.0001, 0.0001]]}}
bs_latimer_munro_vbm: {'band_index': {'1': [33]}, 'kpoint_index': [96, 97, 109, 120, 132, 142, 150], 'kpoint': <pymatgen.electronic_structure.bandstructure.Kpoint object at 0x7fc5d4b5a350>, 'energy': -0.4045, 'projections': {'1': [[0.0, 0.0, 0.0, 0.0, 0.0, 0.0, 0.0, 0.0], [0.0008, 0.0008, 0.0, 0.0492, 0.0, 0.0492, 0.0492, 0.0492], [0.0001, 0.0001, 0.0, 0.0568, 0.0, 0.0568, 0.0568, 0.0568], [0.0, 0.0, 0.0298, 0.0448, 0.0298, 0.0448, 0.0448, 0.0448], [0.00030000000000000003, 0.00030000000000000003, 0.0, 0.0, 0.0, 0.0, 0.0, 0.0], [0.0, 0.0, 0.0, 0.0, 0.0, 0.0, 0.0, 0.0], [0.0, 0.0, 0.0, 0.0001, 0.0, 0.0001, 0.0001, 0.0001], [0.0004, 0.0004, 0.0, 0.0, 0.0, 0.0, 0.0, 0.0], [0.0, 0.0, 0.0, 0.0, 0.0, 0.0, 0.0, 0.0]]}}
bs_latimer_munro_efermi: -0.28827785