material_id: mp-569567
band_gap: 4.4229
efermi: 9.76332772
dos_magnetic_ordering: NM
dos_total_task_id: mp-1743187
dos_total_band_gap: 4.399800000000001
dos_total_cbm: 14.1112
dos_total_vbm: 9.7114
dos_total_efermi: 9.71138997
bs_setyawan_curtarolo_task_id: mp-1622388
bs_setyawan_curtarolo_band_gap: 4.4229
bs_setyawan_curtarolo_cbm: {'band_index': {'1': [28]}, 'kpoint_index': ['151'], 'kpoint': <pymatgen.electronic_structure.bandstructure.Kpoint object at 0x7fc699d63930>, 'energy': 14.1394, 'projections': {'1': [[0.0089, 0.0199, 0.0089, 0.005200000000000001, 0.005200000000000001, 0.0152, 0.0198, 0.0251, 0.0251, 0.0152, 0.0211, 0.0198, 0.0199, 0.0211], [0.0, 0.0, 0.0, 0.0, 0.0, 0.0, 0.0, 0.0, 0.0, 0.0, 0.0, 0.0, 0.0, 0.0], [0.0108, 0.0131, 0.0108, 0.0045000000000000005, 0.0045000000000000005, 0.0053, 0.0064, 0.0078000000000000005, 0.0078000000000000005, 0.0053, 0.0105, 0.0064, 0.0131, 0.0105], [0.005, 0.0078000000000000005, 0.005, 0.005200000000000001, 0.005200000000000001, 0.0014, 0.0056, 0.0033, 0.0033, 0.0014, 0.005, 0.0056, 0.0078000000000000005, 0.005], [0.0, 0.0, 0.0, 0.0, 0.0, 0.0, 0.0, 0.0, 0.0, 0.0, 0.0, 0.0, 0.0, 0.0], [0.0, 0.0, 0.0, 0.0, 0.0, 0.0, 0.0, 0.0, 0.0, 0.0, 0.0, 0.0, 0.0, 0.0], [0.0, 0.0, 0.0, 0.0, 0.0, 0.0, 0.0, 0.0, 0.0, 0.0, 0.0, 0.0, 0.0, 0.0], [0.0, 0.0, 0.0, 0.0, 0.0, 0.0, 0.0, 0.0, 0.0, 0.0, 0.0, 0.0, 0.0, 0.0], [0.0, 0.0, 0.0, 0.0, 0.0, 0.0, 0.0, 0.0, 0.0, 0.0, 0.0, 0.0, 0.0, 0.0]]}}
bs_setyawan_curtarolo_vbm: {'band_index': {'1': [26, 27]}, 'kpoint_index': [0, 87, 88], 'kpoint': <pymatgen.electronic_structure.bandstructure.Kpoint object at 0x7fc5d4b5a350>, 'energy': 9.7165, 'projections': {'1': [[0.0, 0.0, 0.0, 0.0, 0.0, 0.0, 0.0, 0.0, 0.0, 0.0, 0.0, 0.0, 0.0, 0.0], [0.0001, 0.0001, 0.0001, 0.0001, 0.0001, 0.0001, 0.0001, 0.0001, 0.0001, 0.0001, 0.0001, 0.0001, 0.0001, 0.0001], [0.0565, 0.0451, 0.0565, 0.054200000000000005, 0.054200000000000005, 0.0625, 0.056900000000000006, 0.054700000000000006, 0.054700000000000006, 0.0625, 0.047, 0.056900000000000006, 0.0451, 0.047], [0.0001, 0.0001, 0.0001, 0.0001, 0.0001, 0.0002, 0.0001, 0.0001, 0.0001, 0.0002, 0.0001, 0.0001, 0.0001, 0.0001], [0.0, 0.0, 0.0, 0.0, 0.0, 0.0, 0.0, 0.0, 0.0, 0.0, 0.0, 0.0, 0.0, 0.0], [0.0, 0.0, 0.0, 0.0, 0.0, 0.0, 0.0, 0.0, 0.0, 0.0, 0.0, 0.0, 0.0, 0.0], [0.0, 0.0, 0.0, 0.0, 0.0, 0.0, 0.0, 0.0, 0.0, 0.0, 0.0, 0.0, 0.0, 0.0], [0.0, 0.0, 0.0, 0.0, 0.0, 0.0, 0.0, 0.0, 0.0, 0.0, 0.0, 0.0, 0.0, 0.0], [0.0, 0.0, 0.0, 0.0, 0.0, 0.0, 0.0, 0.0, 0.0, 0.0, 0.0, 0.0, 0.0, 0.0]]}}
bs_setyawan_curtarolo_efermi: 9.76332772
bs_hinuma_task_id: mp-2114695
bs_hinuma_band_gap: 4.3729
bs_hinuma_cbm: {'band_index': {'1': [28]}, 'kpoint_index': ['149'], 'kpoint': <pymatgen.electronic_structure.bandstructure.Kpoint object at 0x7fc5d4b59be0>, 'energy': 14.0894, 'projections': {'1': [[0.012400000000000001, 0.015700000000000002, 0.012400000000000001, 0.006500000000000001, 0.006500000000000001, 0.012100000000000001, 0.0223, 0.0252, 0.0252, 0.012100000000000001, 0.019100000000000002, 0.0223, 0.015700000000000002, 0.019100000000000002], [0.0082, 0.009600000000000001, 0.0082, 0.0044, 0.0044, 0.0051, 0.0054, 0.0067, 0.0067, 0.0051, 0.0081, 0.0054, 0.009600000000000001, 0.0081], [0.0027, 0.0037, 0.0027, 0.0012000000000000001, 0.0012000000000000001, 0.0019, 0.0016, 0.0026000000000000003, 0.0026000000000000003, 0.0019, 0.0031000000000000003, 0.0016, 0.0037, 0.0031000000000000003], [0.0031000000000000003, 0.0081, 0.0031000000000000003, 0.006200000000000001, 0.006200000000000001, 0.0033, 0.0031000000000000003, 0.0046, 0.0046, 0.0033, 0.0056, 0.0031000000000000003, 0.0081, 0.0056], [0.0, 0.0, 0.0, 0.0, 0.0, 0.0, 0.0, 0.0, 0.0, 0.0, 0.0, 0.0, 0.0, 0.0], [0.0, 0.0, 0.0, 0.0, 0.0, 0.0, 0.0, 0.0, 0.0, 0.0, 0.0, 0.0, 0.0, 0.0], [0.0, 0.0, 0.0, 0.0, 0.0, 0.0, 0.0, 0.0, 0.0, 0.0, 0.0, 0.0, 0.0, 0.0], [0.0, 0.0, 0.0, 0.0, 0.0, 0.0, 0.0, 0.0, 0.0, 0.0, 0.0, 0.0, 0.0, 0.0], [0.0, 0.0, 0.0, 0.0, 0.0, 0.0, 0.0, 0.0, 0.0, 0.0, 0.0, 0.0, 0.0, 0.0]]}}
bs_hinuma_vbm: {'band_index': {'1': [26, 27]}, 'kpoint_index': [0, 87, 88, 170], 'kpoint': <pymatgen.electronic_structure.bandstructure.Kpoint object at 0x7fc5d4b5a430>, 'energy': 9.7165, 'projections': {'1': [[0.0, 0.0, 0.0, 0.0, 0.0, 0.0, 0.0, 0.0, 0.0, 0.0, 0.0, 0.0, 0.0, 0.0], [0.0001, 0.0001, 0.0001, 0.0001, 0.0001, 0.0001, 0.0001, 0.0001, 0.0001, 0.0001, 0.0001, 0.0001, 0.0001, 0.0001], [0.0565, 0.0451, 0.0565, 0.054200000000000005, 0.054200000000000005, 0.0625, 0.056900000000000006, 0.054700000000000006, 0.054700000000000006, 0.0625, 0.047, 0.056900000000000006, 0.0451, 0.047], [0.0001, 0.0001, 0.0001, 0.0001, 0.0001, 0.0002, 0.0001, 0.0001, 0.0001, 0.0002, 0.0001, 0.0001, 0.0001, 0.0001], [0.0, 0.0, 0.0, 0.0, 0.0, 0.0, 0.0, 0.0, 0.0, 0.0, 0.0, 0.0, 0.0, 0.0], [0.0, 0.0, 0.0, 0.0, 0.0, 0.0, 0.0, 0.0, 0.0, 0.0, 0.0, 0.0, 0.0, 0.0], [0.0, 0.0, 0.0, 0.0, 0.0, 0.0, 0.0, 0.0, 0.0, 0.0, 0.0, 0.0, 0.0, 0.0], [0.0, 0.0, 0.0, 0.0, 0.0, 0.0, 0.0, 0.0, 0.0, 0.0, 0.0, 0.0, 0.0, 0.0], [0.0, 0.0, 0.0, 0.0, 0.0, 0.0, 0.0, 0.0, 0.0, 0.0, 0.0, 0.0, 0.0, 0.0]]}}
bs_hinuma_efermi: 9.80128286