material_id: mp-558894
band_gap: 1.9973
efermi: 2.83198279
dos_magnetic_ordering: NM
dos_total_task_id: mp-1720122
dos_total_band_gap: 2.0298
dos_total_cbm: 4.8004999999999995
dos_total_vbm: 2.7707
dos_total_efermi: 2.77716784
bs_setyawan_curtarolo_task_id: mp-842465
bs_setyawan_curtarolo_band_gap: 1.9973
bs_setyawan_curtarolo_cbm: {'band_index': {'1': [130]}, 'kpoint_index': [0, 53, 54], 'kpoint': <pymatgen.electronic_structure.bandstructure.Kpoint object at 0x7fc699d63930>, 'energy': 4.7809, 'projections': {}}
bs_setyawan_curtarolo_vbm: {'band_index': {'1': [129]}, 'kpoint_index': [64, 65, 96], 'kpoint': <pymatgen.electronic_structure.bandstructure.Kpoint object at 0x7fc5d4b5a200>, 'energy': 2.7836, 'projections': {}}
bs_setyawan_curtarolo_efermi: 2.83198279
bs_hinuma_task_id: mp-2099909
bs_hinuma_band_gap: 2.0054
bs_hinuma_cbm: {'band_index': {'1': [130]}, 'kpoint_index': [0, 34, 35, 71], 'kpoint': <pymatgen.electronic_structure.bandstructure.Kpoint object at 0x7fc5d4b59be0>, 'energy': 4.7852, 'projections': {'1': [[0.0009000000000000001, 0.0002, 0.0002, 0.0009000000000000001, 0.0009000000000000001, 0.0002, 0.0009000000000000001, 0.0002, 0.0001, 0.0001, 0.0001, 0.0001, 0.0001, 0.0001, 0.0007, 0.0, 0.0001, 0.0001, 0.0, 0.0, 0.0, 0.0007, 0.0, 0.0001, 0.0, 0.0007, 0.0, 0.0001, 0.0001, 0.0, 0.0001, 0.0001, 0.0007, 0.0001], [0.0002, 0.0, 0.0, 0.0002, 0.0002, 0.0, 0.0002, 0.0, 0.0, 0.0, 0.0, 0.0, 0.0, 0.0, 0.0, 0.0001, 0.0037, 0.0037, 0.00030000000000000003, 0.00030000000000000003, 0.0001, 0.0, 0.00030000000000000003, 0.0037, 0.0001, 0.0, 0.00030000000000000003, 0.0037, 0.0037, 0.0001, 0.0037, 0.0037, 0.0, 0.0037], [0.0001, 0.00030000000000000003, 0.00030000000000000003, 0.0001, 0.0001, 0.00030000000000000003, 0.0001, 0.00030000000000000003, 0.0002, 0.0002, 0.0002, 0.0002, 0.0, 0.0, 0.008700000000000001, 0.0004, 0.0023, 0.0023, 0.0, 0.0, 0.0004, 0.008700000000000001, 0.0, 0.0023, 0.0004, 0.008700000000000001, 0.0, 0.0023, 0.0023, 0.0004, 0.0023, 0.0023, 0.008700000000000001, 0.0023], [0.0, 0.0, 0.0, 0.0, 0.0, 0.0, 0.0, 0.0, 0.0, 0.0, 0.0, 0.0, 0.0, 0.0, 0.0, 0.0, 0.0001, 0.0001, 0.0, 0.0, 0.0, 0.0, 0.0, 0.0001, 0.0, 0.0, 0.0, 0.0001, 0.0001, 0.0, 0.0001, 0.0001, 0.0, 0.0001], [0.0, 0.0, 0.0, 0.0, 0.0, 0.0, 0.0, 0.0, 0.0, 0.0, 0.0, 0.0, 0.0, 0.0, 0.0, 0.0, 0.0, 0.0, 0.0, 0.0, 0.0, 0.0, 0.0, 0.0, 0.0, 0.0, 0.0, 0.0, 0.0, 0.0, 0.0, 0.0, 0.0, 0.0], [0.0006000000000000001, 0.0, 0.0, 0.0006000000000000001, 0.0006000000000000001, 0.0, 0.0006000000000000001, 0.0, 0.0001, 0.0001, 0.0001, 0.0001, 0.034, 0.034, 0.0, 0.0, 0.0, 0.0, 0.0, 0.0, 0.0, 0.0, 0.0, 0.0, 0.0, 0.0, 0.0, 0.0, 0.0, 0.0, 0.0, 0.0, 0.0, 0.0], [0.0043, 0.003, 0.003, 0.0043, 0.0043, 0.003, 0.0043, 0.003, 0.11750000000000001, 0.11750000000000001, 0.11750000000000001, 0.11750000000000001, 0.026600000000000002, 0.026600000000000002, 0.0, 0.0, 0.0, 0.0, 0.0, 0.0, 0.0, 0.0, 0.0, 0.0, 0.0, 0.0, 0.0, 0.0, 0.0, 0.0, 0.0, 0.0, 0.0, 0.0], [0.0, 0.0, 0.0, 0.0, 0.0, 0.0, 0.0, 0.0, 0.0, 0.0, 0.0, 0.0, 0.0, 0.0, 0.0, 0.0, 0.0, 0.0, 0.0, 0.0, 0.0, 0.0, 0.0, 0.0, 0.0, 0.0, 0.0, 0.0, 0.0, 0.0, 0.0, 0.0, 0.0, 0.0], [0.00030000000000000003, 0.0005, 0.0005, 0.00030000000000000003, 0.00030000000000000003, 0.0005, 0.00030000000000000003, 0.0005, 0.0313, 0.0313, 0.0313, 0.0313, 0.0009000000000000001, 0.0009000000000000001, 0.0, 0.0, 0.0, 0.0, 0.0, 0.0, 0.0, 0.0, 0.0, 0.0, 0.0, 0.0, 0.0, 0.0, 0.0, 0.0, 0.0, 0.0, 0.0, 0.0]]}}
bs_hinuma_vbm: {'band_index': {'1': [129]}, 'kpoint_index': [10, 11, 70], 'kpoint': <pymatgen.electronic_structure.bandstructure.Kpoint object at 0x7fc5d4b59c50>, 'energy': 2.7798, 'projections': {'1': [[0.0, 0.0, 0.0, 0.0, 0.0, 0.0, 0.0, 0.0, 0.0, 0.0, 0.0, 0.0, 0.0, 0.0, 0.0, 0.0, 0.0, 0.0, 0.0001, 0.0001, 0.0, 0.0, 0.0001, 0.0, 0.0, 0.0, 0.0001, 0.0, 0.0, 0.0, 0.0, 0.0, 0.0, 0.0], [0.0, 0.0, 0.0, 0.0, 0.0, 0.0, 0.0, 0.0, 0.0, 0.0, 0.0, 0.0, 0.0, 0.0, 0.0, 0.0, 0.0033, 0.0033, 0.013600000000000001, 0.013600000000000001, 0.0, 0.0, 0.013600000000000001, 0.0033, 0.0, 0.0, 0.013600000000000001, 0.0033, 0.0033, 0.0, 0.0033, 0.0033, 0.0, 0.0033], [0.0, 0.0, 0.0, 0.0, 0.0, 0.0, 0.0, 0.0, 0.0, 0.0, 0.0, 0.0, 0.0, 0.0, 0.0, 0.0, 0.0086, 0.0086, 0.0, 0.0, 0.0, 0.0, 0.0, 0.0086, 0.0, 0.0, 0.0, 0.0086, 0.0086, 0.0, 0.0086, 0.0086, 0.0, 0.0086], [0.0047, 0.0004, 0.0004, 0.0047, 0.0047, 0.0004, 0.0047, 0.0004, 0.0005, 0.0005, 0.0005, 0.0005, 0.0, 0.0, 0.0751, 0.0012000000000000001, 0.0009000000000000001, 0.0009000000000000001, 0.0, 0.0, 0.0012000000000000001, 0.0751, 0.0, 0.0009000000000000001, 0.0012000000000000001, 0.0751, 0.0, 0.0009000000000000001, 0.0009000000000000001, 0.0012000000000000001, 0.0009000000000000001, 0.0009000000000000001, 0.0751, 0.0009000000000000001], [0.0001, 0.001, 0.001, 0.0001, 0.0001, 0.001, 0.0001, 0.001, 0.0012000000000000001, 0.0012000000000000001, 0.0012000000000000001, 0.0012000000000000001, 0.01, 0.01, 0.0, 0.0, 0.0, 0.0, 0.0, 0.0, 0.0, 0.0, 0.0, 0.0, 0.0, 0.0, 0.0, 0.0, 0.0, 0.0, 0.0, 0.0, 0.0, 0.0], [0.0, 0.0, 0.0, 0.0, 0.0, 0.0, 0.0, 0.0, 0.0, 0.0, 0.0, 0.0, 0.0, 0.0, 0.0, 0.0, 0.0, 0.0, 0.0, 0.0, 0.0, 0.0, 0.0, 0.0, 0.0, 0.0, 0.0, 0.0, 0.0, 0.0, 0.0, 0.0, 0.0, 0.0], [0.0, 0.0, 0.0, 0.0, 0.0, 0.0, 0.0, 0.0, 0.0, 0.0, 0.0, 0.0, 0.0, 0.0, 0.0, 0.0, 0.0, 0.0, 0.0, 0.0, 0.0, 0.0, 0.0, 0.0, 0.0, 0.0, 0.0, 0.0, 0.0, 0.0, 0.0, 0.0, 0.0, 0.0], [0.001, 0.0, 0.0, 0.001, 0.001, 0.0, 0.001, 0.0, 0.0005, 0.0005, 0.0005, 0.0005, 0.1396, 0.1396, 0.0, 0.0, 0.0, 0.0, 0.0, 0.0, 0.0, 0.0, 0.0, 0.0, 0.0, 0.0, 0.0, 0.0, 0.0, 0.0, 0.0, 0.0, 0.0, 0.0], [0.0, 0.0, 0.0, 0.0, 0.0, 0.0, 0.0, 0.0, 0.0, 0.0, 0.0, 0.0, 0.0, 0.0, 0.0, 0.0, 0.0, 0.0, 0.0, 0.0, 0.0, 0.0, 0.0, 0.0, 0.0, 0.0, 0.0, 0.0, 0.0, 0.0, 0.0, 0.0, 0.0, 0.0]]}}
bs_hinuma_efermi: 2.93907174
bs_latimer_munro_task_id: mp-2301393
bs_latimer_munro_band_gap: 2.0054
bs_latimer_munro_cbm: {'band_index': {'1': [130]}, 'kpoint_index': [27, 28, 95, 96, 179, 180, 194], 'kpoint': <pymatgen.electronic_structure.bandstructure.Kpoint object at 0x7fc5d4b5a350>, 'energy': 4.7852, 'projections': {'1': [[0.0009000000000000001, 0.0002, 0.0002, 0.0009000000000000001, 0.0009000000000000001, 0.0002, 0.0009000000000000001, 0.0002, 0.0001, 0.0001, 0.0001, 0.0001, 0.0001, 0.0001, 0.0007, 0.0, 0.0001, 0.0001, 0.0, 0.0, 0.0, 0.0007, 0.0, 0.0001, 0.0, 0.0007, 0.0, 0.0001, 0.0001, 0.0, 0.0001, 0.0001, 0.0007, 0.0001], [0.0002, 0.0, 0.0, 0.0002, 0.0002, 0.0, 0.0002, 0.0, 0.0, 0.0, 0.0, 0.0, 0.0, 0.0, 0.0, 0.0001, 0.0037, 0.0037, 0.00030000000000000003, 0.00030000000000000003, 0.0001, 0.0, 0.00030000000000000003, 0.0037, 0.0001, 0.0, 0.00030000000000000003, 0.0037, 0.0037, 0.0001, 0.0037, 0.0037, 0.0, 0.0037], [0.0001, 0.00030000000000000003, 0.00030000000000000003, 0.0001, 0.0001, 0.00030000000000000003, 0.0001, 0.00030000000000000003, 0.0002, 0.0002, 0.0002, 0.0002, 0.0, 0.0, 0.008700000000000001, 0.0004, 0.0023, 0.0023, 0.0, 0.0, 0.0004, 0.008700000000000001, 0.0, 0.0023, 0.0004, 0.008700000000000001, 0.0, 0.0023, 0.0023, 0.0004, 0.0023, 0.0023, 0.008700000000000001, 0.0023], [0.0, 0.0, 0.0, 0.0, 0.0, 0.0, 0.0, 0.0, 0.0, 0.0, 0.0, 0.0, 0.0, 0.0, 0.0, 0.0, 0.0001, 0.0001, 0.0, 0.0, 0.0, 0.0, 0.0, 0.0001, 0.0, 0.0, 0.0, 0.0001, 0.0001, 0.0, 0.0001, 0.0001, 0.0, 0.0001], [0.0, 0.0, 0.0, 0.0, 0.0, 0.0, 0.0, 0.0, 0.0, 0.0, 0.0, 0.0, 0.0, 0.0, 0.0, 0.0, 0.0, 0.0, 0.0, 0.0, 0.0, 0.0, 0.0, 0.0, 0.0, 0.0, 0.0, 0.0, 0.0, 0.0, 0.0, 0.0, 0.0, 0.0], [0.0006000000000000001, 0.0, 0.0, 0.0006000000000000001, 0.0006000000000000001, 0.0, 0.0006000000000000001, 0.0, 0.0001, 0.0001, 0.0001, 0.0001, 0.034, 0.034, 0.0, 0.0, 0.0, 0.0, 0.0, 0.0, 0.0, 0.0, 0.0, 0.0, 0.0, 0.0, 0.0, 0.0, 0.0, 0.0, 0.0, 0.0, 0.0, 0.0], [0.0043, 0.003, 0.003, 0.0043, 0.0043, 0.003, 0.0043, 0.003, 0.11750000000000001, 0.11750000000000001, 0.11750000000000001, 0.11750000000000001, 0.026600000000000002, 0.026600000000000002, 0.0, 0.0, 0.0, 0.0, 0.0, 0.0, 0.0, 0.0, 0.0, 0.0, 0.0, 0.0, 0.0, 0.0, 0.0, 0.0, 0.0, 0.0, 0.0, 0.0], [0.0, 0.0, 0.0, 0.0, 0.0, 0.0, 0.0, 0.0, 0.0, 0.0, 0.0, 0.0, 0.0, 0.0, 0.0, 0.0, 0.0, 0.0, 0.0, 0.0, 0.0, 0.0, 0.0, 0.0, 0.0, 0.0, 0.0, 0.0, 0.0, 0.0, 0.0, 0.0, 0.0, 0.0], [0.00030000000000000003, 0.0005, 0.0005, 0.00030000000000000003, 0.00030000000000000003, 0.0005, 0.00030000000000000003, 0.0005, 0.0313, 0.0313, 0.0313, 0.0313, 0.0009000000000000001, 0.0009000000000000001, 0.0, 0.0, 0.0, 0.0, 0.0, 0.0, 0.0, 0.0, 0.0, 0.0, 0.0, 0.0, 0.0, 0.0, 0.0, 0.0, 0.0, 0.0, 0.0, 0.0]]}}
bs_latimer_munro_vbm: {'band_index': {'1': [129]}, 'kpoint_index': [51, 52, 106, 107], 'kpoint': <pymatgen.electronic_structure.bandstructure.Kpoint object at 0x7fc5d4b59e80>, 'energy': 2.7798, 'projections': {'1': [[0.0, 0.0, 0.0, 0.0, 0.0, 0.0, 0.0, 0.0, 0.0, 0.0, 0.0, 0.0, 0.0, 0.0, 0.0, 0.0, 0.0, 0.0, 0.0001, 0.0001, 0.0, 0.0, 0.0001, 0.0, 0.0, 0.0, 0.0001, 0.0, 0.0, 0.0, 0.0, 0.0, 0.0, 0.0], [0.0, 0.0, 0.0, 0.0, 0.0, 0.0, 0.0, 0.0, 0.0, 0.0, 0.0, 0.0, 0.0, 0.0, 0.0, 0.0, 0.0033, 0.0033, 0.013600000000000001, 0.013600000000000001, 0.0, 0.0, 0.013600000000000001, 0.0033, 0.0, 0.0, 0.013600000000000001, 0.0033, 0.0033, 0.0, 0.0033, 0.0033, 0.0, 0.0033], [0.0, 0.0, 0.0, 0.0, 0.0, 0.0, 0.0, 0.0, 0.0, 0.0, 0.0, 0.0, 0.0, 0.0, 0.0, 0.0, 0.0086, 0.0086, 0.0, 0.0, 0.0, 0.0, 0.0, 0.0086, 0.0, 0.0, 0.0, 0.0086, 0.0086, 0.0, 0.0086, 0.0086, 0.0, 0.0086], [0.0047, 0.0004, 0.0004, 0.0047, 0.0047, 0.0004, 0.0047, 0.0004, 0.0005, 0.0005, 0.0005, 0.0005, 0.0, 0.0, 0.0751, 0.0012000000000000001, 0.0009000000000000001, 0.0009000000000000001, 0.0, 0.0, 0.0012000000000000001, 0.075, 0.0, 0.0009000000000000001, 0.0012000000000000001, 0.0751, 0.0, 0.0009000000000000001, 0.0009000000000000001, 0.0012000000000000001, 0.0009000000000000001, 0.0009000000000000001, 0.075, 0.0009000000000000001], [0.0001, 0.001, 0.001, 0.0001, 0.0001, 0.001, 0.0001, 0.001, 0.0012000000000000001, 0.0012000000000000001, 0.0012000000000000001, 0.0012000000000000001, 0.01, 0.01, 0.0, 0.0, 0.0, 0.0, 0.0, 0.0, 0.0, 0.0, 0.0, 0.0, 0.0, 0.0, 0.0, 0.0, 0.0, 0.0, 0.0, 0.0, 0.0, 0.0], [0.0, 0.0, 0.0, 0.0, 0.0, 0.0, 0.0, 0.0, 0.0, 0.0, 0.0, 0.0, 0.0, 0.0, 0.0, 0.0, 0.0, 0.0, 0.0, 0.0, 0.0, 0.0, 0.0, 0.0, 0.0, 0.0, 0.0, 0.0, 0.0, 0.0, 0.0, 0.0, 0.0, 0.0], [0.0, 0.0, 0.0, 0.0, 0.0, 0.0, 0.0, 0.0, 0.0, 0.0, 0.0, 0.0, 0.0, 0.0, 0.0, 0.0, 0.0, 0.0, 0.0, 0.0, 0.0, 0.0, 0.0, 0.0, 0.0, 0.0, 0.0, 0.0, 0.0, 0.0, 0.0, 0.0, 0.0, 0.0], [0.001, 0.0, 0.0, 0.001, 0.001, 0.0, 0.001, 0.0, 0.0005, 0.0005, 0.0005, 0.0005, 0.1396, 0.1396, 0.0, 0.0, 0.0, 0.0, 0.0, 0.0, 0.0, 0.0, 0.0, 0.0, 0.0, 0.0, 0.0, 0.0, 0.0, 0.0, 0.0, 0.0, 0.0, 0.0], [0.0, 0.0, 0.0, 0.0, 0.0, 0.0, 0.0, 0.0, 0.0, 0.0, 0.0, 0.0, 0.0, 0.0, 0.0, 0.0, 0.0, 0.0, 0.0, 0.0, 0.0, 0.0, 0.0, 0.0, 0.0, 0.0, 0.0, 0.0, 0.0, 0.0, 0.0, 0.0, 0.0, 0.0]]}}
bs_latimer_munro_efermi: 2.93783837