material_id: mp-560224
band_gap: 3.5339
efermi: -1.258284269999999
dos_magnetic_ordering: NM
dos_total_task_id: mp-1742965
dos_total_band_gap: 3.5128999999999992
dos_total_cbm: 2.1895
dos_total_vbm: -1.3234
dos_total_efermi: -1.33484494
bs_setyawan_curtarolo_task_id: mp-1586905
bs_setyawan_curtarolo_band_gap: 3.5339
bs_setyawan_curtarolo_cbm: {'band_index': {'1': [60, 61]}, 'kpoint_index': [14, 15, 119], 'kpoint': <pymatgen.electronic_structure.bandstructure.Kpoint object at 0x7fc699d63930>, 'energy': 2.1946, 'projections': {'1': [[0.0, 0.0006000000000000001, 0.0001, 0.0, 0.0002, 0.0, 0.0, 0.00030000000000000003, 0.00030000000000000003, 0.0, 0.0001, 0.0002, 0.0001, 0.0001, 0.0001, 0.0001, 0.0001, 0.00030000000000000003, 0.0001, 0.0007, 0.00030000000000000003, 0.0, 0.0, 0.0, 0.0001, 0.0005, 0.0014, 0.0018000000000000002, 0.023100000000000002, 0.0221, 0.0019, 0.0009000000000000001, 0.0019, 0.0221, 0.0009000000000000001, 0.023100000000000002, 0.0014, 0.0001, 0.0013000000000000002, 0.0001], [0.0, 0.0, 0.0001, 0.0, 0.0, 0.0, 0.0, 0.0, 0.0, 0.0001, 0.0001, 0.0, 0.0, 0.0, 0.0001, 0.0001, 0.0001, 0.0, 0.0, 0.0, 0.0, 0.0, 0.0, 0.0, 0.0001, 0.0, 0.0013000000000000002, 0.0012000000000000001, 0.0035, 0.0035, 0.0002, 0.0002, 0.0002, 0.0035, 0.0002, 0.0035, 0.0013000000000000002, 0.0001, 0.0014, 0.0], [0.0, 0.0, 0.0, 0.0, 0.0, 0.0, 0.0, 0.0001, 0.0001, 0.0, 0.00030000000000000003, 0.0, 0.0001, 0.0001, 0.00030000000000000003, 0.00030000000000000003, 0.00030000000000000003, 0.0001, 0.0, 0.0, 0.0001, 0.0, 0.0, 0.0, 0.0, 0.0, 0.0, 0.0, 0.0005, 0.0005, 0.0, 0.0, 0.0, 0.0005, 0.0, 0.0005, 0.0, 0.0, 0.0, 0.0], [0.0002, 0.0, 0.0, 0.0002, 0.0, 0.0, 0.0002, 0.0028, 0.0028, 0.0, 0.0001, 0.0001, 0.0, 0.0, 0.0001, 0.0001, 0.0001, 0.0028, 0.0, 0.0, 0.0028, 0.0002, 0.0001, 0.0, 0.0014, 0.0009000000000000001, 0.0009000000000000001, 0.00030000000000000003, 0.1102, 0.111, 0.0058000000000000005, 0.0067, 0.0058000000000000005, 0.1111, 0.0067, 0.1101, 0.0025, 0.0009000000000000001, 0.0033, 0.0002], [0.0, 0.0, 0.0, 0.0, 0.0, 0.0, 0.0, 0.0, 0.0, 0.0, 0.0, 0.0, 0.0, 0.0, 0.0, 0.0, 0.0, 0.0, 0.0, 0.0, 0.0, 0.0, 0.0, 0.0, 0.0, 0.0, 0.0, 0.0, 0.0, 0.0, 0.0, 0.0, 0.0, 0.0, 0.0, 0.0, 0.0, 0.0, 0.0, 0.0], [0.0, 0.0, 0.0, 0.0, 0.0, 0.0, 0.0, 0.0, 0.0, 0.0, 0.0, 0.0, 0.0, 0.0, 0.0, 0.0, 0.0, 0.0, 0.0, 0.0, 0.0, 0.0, 0.0, 0.0, 0.0, 0.0, 0.0, 0.0, 0.0, 0.0, 0.0, 0.0, 0.0, 0.0, 0.0, 0.0, 0.0, 0.0, 0.0, 0.0], [0.0, 0.0, 0.0, 0.0, 0.0, 0.0, 0.0, 0.0, 0.0, 0.0, 0.0, 0.0, 0.0, 0.0, 0.0, 0.0, 0.0, 0.0, 0.0, 0.0, 0.0, 0.0, 0.0, 0.0, 0.0, 0.0, 0.0, 0.0, 0.0, 0.0, 0.0, 0.0, 0.0, 0.0, 0.0, 0.0, 0.0, 0.0, 0.0, 0.0], [0.0, 0.0, 0.0, 0.0, 0.0, 0.0, 0.0, 0.0, 0.0, 0.0, 0.0, 0.0, 0.0, 0.0, 0.0, 0.0, 0.0, 0.0, 0.0, 0.0, 0.0, 0.0, 0.0, 0.0, 0.0, 0.0, 0.0, 0.0, 0.0, 0.0, 0.0, 0.0, 0.0, 0.0, 0.0, 0.0, 0.0, 0.0, 0.0, 0.0], [0.0, 0.0, 0.0, 0.0, 0.0, 0.0, 0.0, 0.0, 0.0, 0.0, 0.0, 0.0, 0.0, 0.0, 0.0, 0.0, 0.0, 0.0, 0.0, 0.0, 0.0, 0.0, 0.0, 0.0, 0.0, 0.0, 0.0, 0.0, 0.0, 0.0, 0.0, 0.0, 0.0, 0.0, 0.0, 0.0, 0.0, 0.0, 0.0, 0.0]]}}
bs_setyawan_curtarolo_vbm: {'band_index': {'1': [59]}, 'kpoint_index': ['52'], 'kpoint': <pymatgen.electronic_structure.bandstructure.Kpoint object at 0x7fc5d4b5a350>, 'energy': -1.3393, 'projections': {'1': [[0.0, 0.0001, 0.0001, 0.0, 0.0001, 0.0, 0.0, 0.0, 0.0, 0.0001, 0.0, 0.0001, 0.0, 0.0, 0.0, 0.0, 0.0, 0.0, 0.0001, 0.0001, 0.0, 0.0, 0.0001, 0.0, 0.00030000000000000003, 0.00030000000000000003, 0.00030000000000000003, 0.00030000000000000003, 0.0001, 0.0001, 0.0001, 0.0001, 0.0001, 0.0001, 0.0001, 0.0001, 0.0, 0.0, 0.0, 0.0], [0.0009000000000000001, 0.0, 0.0, 0.001, 0.0, 0.0001, 0.001, 0.0009000000000000001, 0.001, 0.0, 0.0001, 0.0, 0.0001, 0.0001, 0.0001, 0.0001, 0.0001, 0.001, 0.0, 0.0, 0.0009000000000000001, 0.0009000000000000001, 0.0, 0.0001, 0.0024000000000000002, 0.0024000000000000002, 0.0024000000000000002, 0.0024000000000000002, 0.079, 0.0815, 0.0815, 0.079, 0.079, 0.079, 0.0815, 0.0815, 0.0006000000000000001, 0.0006000000000000001, 0.0006000000000000001, 0.0006000000000000001], [0.0002, 0.0, 0.0, 0.0002, 0.0, 0.0004, 0.0002, 0.0002, 0.0002, 0.0, 0.0004, 0.0, 0.0004, 0.0004, 0.0004, 0.0004, 0.0004, 0.0002, 0.0, 0.0, 0.0002, 0.0002, 0.0, 0.0004, 0.0006000000000000001, 0.0006000000000000001, 0.0006000000000000001, 0.0006000000000000001, 0.011, 0.011300000000000001, 0.011300000000000001, 0.011, 0.011, 0.011, 0.011300000000000001, 0.011300000000000001, 0.0, 0.0, 0.0, 0.0], [0.0, 0.0001, 0.0001, 0.0, 0.0, 0.0, 0.0, 0.0, 0.0, 0.0001, 0.0, 0.0, 0.0, 0.0, 0.0, 0.0, 0.0, 0.0, 0.0, 0.0001, 0.0, 0.0, 0.0, 0.0, 0.0, 0.0, 0.0, 0.0, 0.00030000000000000003, 0.00030000000000000003, 0.00030000000000000003, 0.00030000000000000003, 0.00030000000000000003, 0.00030000000000000003, 0.00030000000000000003, 0.00030000000000000003, 0.0, 0.0, 0.0, 0.0], [0.0, 0.0, 0.0, 0.0, 0.0, 0.0, 0.0, 0.0, 0.0, 0.0, 0.0, 0.0, 0.0, 0.0, 0.0, 0.0, 0.0, 0.0, 0.0, 0.0, 0.0, 0.0, 0.0, 0.0, 0.0, 0.0, 0.0, 0.0, 0.0, 0.0, 0.0, 0.0, 0.0, 0.0, 0.0, 0.0, 0.0, 0.0, 0.0, 0.0], [0.0, 0.0, 0.0, 0.0, 0.0, 0.0, 0.0, 0.0, 0.0, 0.0, 0.0, 0.0, 0.0, 0.0, 0.0, 0.0, 0.0, 0.0, 0.0, 0.0, 0.0, 0.0, 0.0, 0.0, 0.0, 0.0, 0.0, 0.0, 0.0, 0.0, 0.0, 0.0, 0.0, 0.0, 0.0, 0.0, 0.0, 0.0, 0.0, 0.0], [0.0, 0.0, 0.0, 0.0, 0.0, 0.0, 0.0, 0.0, 0.0, 0.0, 0.0, 0.0, 0.0, 0.0, 0.0, 0.0, 0.0, 0.0, 0.0, 0.0, 0.0, 0.0, 0.0, 0.0, 0.0, 0.0, 0.0, 0.0, 0.0, 0.0, 0.0, 0.0, 0.0, 0.0, 0.0, 0.0, 0.0, 0.0, 0.0, 0.0], [0.0, 0.0, 0.0, 0.0, 0.0, 0.0, 0.0, 0.0, 0.0, 0.0, 0.0, 0.0, 0.0, 0.0, 0.0, 0.0, 0.0, 0.0, 0.0, 0.0, 0.0, 0.0, 0.0, 0.0, 0.0, 0.0, 0.0, 0.0, 0.0, 0.0, 0.0, 0.0, 0.0, 0.0, 0.0, 0.0, 0.0, 0.0, 0.0, 0.0], [0.0, 0.0, 0.0, 0.0, 0.0, 0.0, 0.0, 0.0, 0.0, 0.0, 0.0, 0.0, 0.0, 0.0, 0.0, 0.0, 0.0, 0.0, 0.0, 0.0, 0.0, 0.0, 0.0, 0.0, 0.0, 0.0, 0.0, 0.0, 0.0, 0.0, 0.0, 0.0, 0.0, 0.0, 0.0, 0.0, 0.0, 0.0, 0.0, 0.0]]}}
bs_setyawan_curtarolo_efermi: -1.258284269999999
bs_hinuma_task_id: mp-2098960
bs_hinuma_band_gap: 3.5339
bs_hinuma_cbm: {'band_index': {'1': [60, 61]}, 'kpoint_index': [14, 15, 104], 'kpoint': <pymatgen.electronic_structure.bandstructure.Kpoint object at 0x7fc5d4b5a190>, 'energy': 2.1946, 'projections': {'1': [[0.0, 0.0006000000000000001, 0.0001, 0.0, 0.0002, 0.0, 0.0, 0.00030000000000000003, 0.00030000000000000003, 0.0, 0.0001, 0.0002, 0.0001, 0.0001, 0.0001, 0.0001, 0.0001, 0.00030000000000000003, 0.0001, 0.0007, 0.00030000000000000003, 0.0, 0.0, 0.0, 0.0001, 0.0005, 0.0014, 0.0018000000000000002, 0.023100000000000002, 0.0221, 0.0019, 0.0009000000000000001, 0.0019, 0.0221, 0.0009000000000000001, 0.023100000000000002, 0.0014, 0.0001, 0.0013000000000000002, 0.0001], [0.0, 0.0, 0.0001, 0.0, 0.0, 0.0, 0.0, 0.0, 0.0, 0.0001, 0.0001, 0.0, 0.0, 0.0, 0.0001, 0.0001, 0.0001, 0.0, 0.0, 0.0, 0.0, 0.0, 0.0, 0.0, 0.0001, 0.0, 0.0013000000000000002, 0.0012000000000000001, 0.0035, 0.0035, 0.0002, 0.0002, 0.0002, 0.0035, 0.0002, 0.0035, 0.0013000000000000002, 0.0001, 0.0014, 0.0], [0.0, 0.0, 0.0, 0.0, 0.0, 0.0, 0.0, 0.0001, 0.0001, 0.0, 0.00030000000000000003, 0.0, 0.0001, 0.0001, 0.00030000000000000003, 0.00030000000000000003, 0.00030000000000000003, 0.0001, 0.0, 0.0, 0.0001, 0.0, 0.0, 0.0, 0.0, 0.0, 0.0, 0.0, 0.0005, 0.0005, 0.0, 0.0, 0.0, 0.0005, 0.0, 0.0005, 0.0, 0.0, 0.0, 0.0], [0.0002, 0.0, 0.0, 0.0002, 0.0, 0.0, 0.0002, 0.0028, 0.0028, 0.0, 0.0001, 0.0001, 0.0, 0.0, 0.0001, 0.0001, 0.0001, 0.0028, 0.0, 0.0, 0.0028, 0.0002, 0.0001, 0.0, 0.0014, 0.0009000000000000001, 0.0009000000000000001, 0.00030000000000000003, 0.1102, 0.111, 0.0058000000000000005, 0.0067, 0.0058000000000000005, 0.1111, 0.0067, 0.1101, 0.0025, 0.0009000000000000001, 0.0033, 0.0002], [0.0, 0.0, 0.0, 0.0, 0.0, 0.0, 0.0, 0.0, 0.0, 0.0, 0.0, 0.0, 0.0, 0.0, 0.0, 0.0, 0.0, 0.0, 0.0, 0.0, 0.0, 0.0, 0.0, 0.0, 0.0, 0.0, 0.0, 0.0, 0.0, 0.0, 0.0, 0.0, 0.0, 0.0, 0.0, 0.0, 0.0, 0.0, 0.0, 0.0], [0.0, 0.0, 0.0, 0.0, 0.0, 0.0, 0.0, 0.0, 0.0, 0.0, 0.0, 0.0, 0.0, 0.0, 0.0, 0.0, 0.0, 0.0, 0.0, 0.0, 0.0, 0.0, 0.0, 0.0, 0.0, 0.0, 0.0, 0.0, 0.0, 0.0, 0.0, 0.0, 0.0, 0.0, 0.0, 0.0, 0.0, 0.0, 0.0, 0.0], [0.0, 0.0, 0.0, 0.0, 0.0, 0.0, 0.0, 0.0, 0.0, 0.0, 0.0, 0.0, 0.0, 0.0, 0.0, 0.0, 0.0, 0.0, 0.0, 0.0, 0.0, 0.0, 0.0, 0.0, 0.0, 0.0, 0.0, 0.0, 0.0, 0.0, 0.0, 0.0, 0.0, 0.0, 0.0, 0.0, 0.0, 0.0, 0.0, 0.0], [0.0, 0.0, 0.0, 0.0, 0.0, 0.0, 0.0, 0.0, 0.0, 0.0, 0.0, 0.0, 0.0, 0.0, 0.0, 0.0, 0.0, 0.0, 0.0, 0.0, 0.0, 0.0, 0.0, 0.0, 0.0, 0.0, 0.0, 0.0, 0.0, 0.0, 0.0, 0.0, 0.0, 0.0, 0.0, 0.0, 0.0, 0.0, 0.0, 0.0], [0.0, 0.0, 0.0, 0.0, 0.0, 0.0, 0.0, 0.0, 0.0, 0.0, 0.0, 0.0, 0.0, 0.0, 0.0, 0.0, 0.0, 0.0, 0.0, 0.0, 0.0, 0.0, 0.0, 0.0, 0.0, 0.0, 0.0, 0.0, 0.0, 0.0, 0.0, 0.0, 0.0, 0.0, 0.0, 0.0, 0.0, 0.0, 0.0, 0.0]]}}
bs_hinuma_vbm: {'band_index': {'1': [59]}, 'kpoint_index': ['52'], 'kpoint': <pymatgen.electronic_structure.bandstructure.Kpoint object at 0x7fc5d4b59c50>, 'energy': -1.3393, 'projections': {'1': [[0.0, 0.0001, 0.0001, 0.0, 0.0001, 0.0, 0.0, 0.0, 0.0, 0.0001, 0.0, 0.0001, 0.0, 0.0, 0.0, 0.0, 0.0, 0.0, 0.0001, 0.0001, 0.0, 0.0, 0.0001, 0.0, 0.00030000000000000003, 0.00030000000000000003, 0.00030000000000000003, 0.00030000000000000003, 0.0001, 0.0001, 0.0001, 0.0001, 0.0001, 0.0001, 0.0001, 0.0001, 0.0, 0.0, 0.0, 0.0], [0.0009000000000000001, 0.0, 0.0, 0.001, 0.0, 0.0001, 0.001, 0.0009000000000000001, 0.001, 0.0, 0.0001, 0.0, 0.0001, 0.0001, 0.0001, 0.0001, 0.0001, 0.001, 0.0, 0.0, 0.0009000000000000001, 0.0009000000000000001, 0.0, 0.0001, 0.0024000000000000002, 0.0024000000000000002, 0.0024000000000000002, 0.0024000000000000002, 0.079, 0.0815, 0.0815, 0.079, 0.079, 0.079, 0.0815, 0.0815, 0.0006000000000000001, 0.0006000000000000001, 0.0006000000000000001, 0.0006000000000000001], [0.0002, 0.0, 0.0, 0.0002, 0.0, 0.0004, 0.0002, 0.0002, 0.0002, 0.0, 0.0004, 0.0, 0.0004, 0.0004, 0.0004, 0.0004, 0.0004, 0.0002, 0.0, 0.0, 0.0002, 0.0002, 0.0, 0.0004, 0.0006000000000000001, 0.0006000000000000001, 0.0006000000000000001, 0.0006000000000000001, 0.011, 0.011300000000000001, 0.011300000000000001, 0.011, 0.011, 0.011, 0.011300000000000001, 0.011300000000000001, 0.0, 0.0, 0.0, 0.0], [0.0, 0.0001, 0.0001, 0.0, 0.0, 0.0, 0.0, 0.0, 0.0, 0.0001, 0.0, 0.0, 0.0, 0.0, 0.0, 0.0, 0.0, 0.0, 0.0, 0.0001, 0.0, 0.0, 0.0, 0.0, 0.0, 0.0, 0.0, 0.0, 0.00030000000000000003, 0.00030000000000000003, 0.00030000000000000003, 0.00030000000000000003, 0.00030000000000000003, 0.00030000000000000003, 0.00030000000000000003, 0.00030000000000000003, 0.0, 0.0, 0.0, 0.0], [0.0, 0.0, 0.0, 0.0, 0.0, 0.0, 0.0, 0.0, 0.0, 0.0, 0.0, 0.0, 0.0, 0.0, 0.0, 0.0, 0.0, 0.0, 0.0, 0.0, 0.0, 0.0, 0.0, 0.0, 0.0, 0.0, 0.0, 0.0, 0.0, 0.0, 0.0, 0.0, 0.0, 0.0, 0.0, 0.0, 0.0, 0.0, 0.0, 0.0], [0.0, 0.0, 0.0, 0.0, 0.0, 0.0, 0.0, 0.0, 0.0, 0.0, 0.0, 0.0, 0.0, 0.0, 0.0, 0.0, 0.0, 0.0, 0.0, 0.0, 0.0, 0.0, 0.0, 0.0, 0.0, 0.0, 0.0, 0.0, 0.0, 0.0, 0.0, 0.0, 0.0, 0.0, 0.0, 0.0, 0.0, 0.0, 0.0, 0.0], [0.0, 0.0, 0.0, 0.0, 0.0, 0.0, 0.0, 0.0, 0.0, 0.0, 0.0, 0.0, 0.0, 0.0, 0.0, 0.0, 0.0, 0.0, 0.0, 0.0, 0.0, 0.0, 0.0, 0.0, 0.0, 0.0, 0.0, 0.0, 0.0, 0.0, 0.0, 0.0, 0.0, 0.0, 0.0, 0.0, 0.0, 0.0, 0.0, 0.0], [0.0, 0.0, 0.0, 0.0, 0.0, 0.0, 0.0, 0.0, 0.0, 0.0, 0.0, 0.0, 0.0, 0.0, 0.0, 0.0, 0.0, 0.0, 0.0, 0.0, 0.0, 0.0, 0.0, 0.0, 0.0, 0.0, 0.0, 0.0, 0.0, 0.0, 0.0, 0.0, 0.0, 0.0, 0.0, 0.0, 0.0, 0.0, 0.0, 0.0], [0.0, 0.0, 0.0, 0.0, 0.0, 0.0, 0.0, 0.0, 0.0, 0.0, 0.0, 0.0, 0.0, 0.0, 0.0, 0.0, 0.0, 0.0, 0.0, 0.0, 0.0, 0.0, 0.0, 0.0, 0.0, 0.0, 0.0, 0.0, 0.0, 0.0, 0.0, 0.0, 0.0, 0.0, 0.0, 0.0, 0.0, 0.0, 0.0, 0.0]]}}
bs_hinuma_efermi: -1.20288302