material_id: mp-557686
band_gap: 2.407299999999999
efermi: 0.16013165000000001
dos_magnetic_ordering: FM
dos_total_task_id: mp-2283940
dos_total_band_gap: 2.4993
dos_total_cbm: 2.5108
dos_total_vbm: 0.0115
dos_total_efermi: 0.02018671
bs_setyawan_curtarolo_task_id: mp-1596785
bs_setyawan_curtarolo_band_gap: 2.407299999999999
bs_setyawan_curtarolo_cbm: {'band_index': {'-1': [31, 32, 33], '1': []}, 'kpoint_index': [0, 50, 51], 'kpoint': <pymatgen.electronic_structure.bandstructure.Kpoint object at 0x7fc699d63930>, 'energy': 2.4147, 'projections': {'-1': [[0.0, 0.0, 0.0, 0.0, 0.0, 0.0, 0.0, 0.0], [0.0, 0.0, 0.0, 0.0, 0.0, 0.019700000000000002, 0.019700000000000002, 0.0], [0.0, 0.0, 0.0, 0.0, 0.0, 0.0, 0.0, 0.0], [0.0, 0.0, 0.0, 0.019700000000000002, 0.0, 0.0, 0.0, 0.019700000000000002], [0.7086, 0.0451, 0.0, 0.0, 0.0, 0.0, 0.0, 0.0], [0.0017000000000000001, 0.0001, 0.0, 0.0, 0.0, 0.0, 0.0, 0.0], [0.0, 0.0, 0.0, 0.0, 0.0, 0.0, 0.0, 0.0], [0.0015, 0.0001, 0.0, 0.0, 0.0, 0.0, 0.0, 0.0], [0.0, 0.0, 0.0, 0.0, 0.0, 0.0, 0.0, 0.0]]}}
bs_setyawan_curtarolo_vbm: {'band_index': {'1': [32, 33], '-1': []}, 'kpoint_index': [16, 17, 113], 'kpoint': <pymatgen.electronic_structure.bandstructure.Kpoint object at 0x7fc5d4b59e80>, 'energy': 0.0074, 'projections': {'1': [[0.0, 0.0, 0.0, 0.0, 0.0, 0.0, 0.0, 0.0], [0.0, 0.0, 0.0, 0.0, 0.0, 0.0204, 0.0204, 0.0], [0.0, 0.0, 0.0, 0.0, 0.0, 0.0, 0.0, 0.0], [0.0, 0.0, 0.0, 0.0212, 0.0, 0.0, 0.0, 0.0212], [0.0, 0.8582000000000001, 0.0, 0.0, 0.0, 0.0, 0.0, 0.0], [0.0, 0.0, 0.0, 0.0, 0.0, 0.0, 0.0, 0.0], [0.0, 0.0, 0.0, 0.0, 0.0, 0.0, 0.0, 0.0], [0.0, 0.0, 0.0, 0.0, 0.0, 0.0, 0.0, 0.0], [0.0, 0.0, 0.0, 0.0, 0.0, 0.0, 0.0, 0.0]]}}
bs_setyawan_curtarolo_efermi: 0.16013165000000001
bs_hinuma_task_id: mp-2063147
bs_hinuma_band_gap: 2.407299999999999
bs_hinuma_cbm: {'band_index': {'-1': [31, 32, 33], '1': []}, 'kpoint_index': [0, 41, 42], 'kpoint': <pymatgen.electronic_structure.bandstructure.Kpoint object at 0x7fc5d4b59be0>, 'energy': 2.4147, 'projections': {'-1': [[0.0, 0.0, 0.0, 0.0, 0.0, 0.0, 0.0, 0.0], [0.0, 0.0, 0.0, 0.0, 0.0, 0.019700000000000002, 0.019700000000000002, 0.0], [0.0, 0.0, 0.0, 0.0, 0.0, 0.0, 0.0, 0.0], [0.0, 0.0, 0.0, 0.019700000000000002, 0.0, 0.0, 0.0, 0.019700000000000002], [0.7086, 0.0451, 0.0, 0.0, 0.0, 0.0, 0.0, 0.0], [0.0017000000000000001, 0.0001, 0.0, 0.0, 0.0, 0.0, 0.0, 0.0], [0.0, 0.0, 0.0, 0.0, 0.0, 0.0, 0.0, 0.0], [0.0015, 0.0001, 0.0, 0.0, 0.0, 0.0, 0.0, 0.0], [0.0, 0.0, 0.0, 0.0, 0.0, 0.0, 0.0, 0.0]]}}
bs_hinuma_vbm: {'band_index': {'1': [32, 33], '-1': []}, 'kpoint_index': [16, 17, 77], 'kpoint': <pymatgen.electronic_structure.bandstructure.Kpoint object at 0x7fc5d4b59c50>, 'energy': 0.0074, 'projections': {'1': [[0.0, 0.0, 0.0, 0.0, 0.0, 0.0, 0.0, 0.0], [0.0, 0.0, 0.0, 0.0, 0.0, 0.0204, 0.0204, 0.0], [0.0, 0.0, 0.0, 0.0, 0.0, 0.0, 0.0, 0.0], [0.0, 0.0, 0.0, 0.0212, 0.0, 0.0, 0.0, 0.0212], [0.0, 0.8582000000000001, 0.0, 0.0, 0.0, 0.0, 0.0, 0.0], [0.0, 0.0, 0.0, 0.0, 0.0, 0.0, 0.0, 0.0], [0.0, 0.0, 0.0, 0.0, 0.0, 0.0, 0.0, 0.0], [0.0, 0.0, 0.0, 0.0, 0.0, 0.0, 0.0, 0.0], [0.0, 0.0, 0.0, 0.0, 0.0, 0.0, 0.0, 0.0]]}}
bs_hinuma_efermi: 0.16612214
bs_latimer_munro_task_id: mp-2694170
bs_latimer_munro_band_gap: 2.4071
bs_latimer_munro_cbm: {'band_index': {'-1': [31, 32, 33], '1': []}, 'kpoint_index': [24, 25, 43, 116, 117], 'kpoint': <pymatgen.electronic_structure.bandstructure.Kpoint object at 0x7fc5d4b59d30>, 'energy': 2.4147, 'projections': {'-1': [[0.0, 0.0, 0.0, 0.0, 0.0, 0.0, 0.0, 0.0], [0.0, 0.0, 0.0, 0.0, 0.0, 0.019700000000000002, 0.019700000000000002, 0.0], [0.0, 0.0, 0.0, 0.0, 0.0, 0.0, 0.0, 0.0], [0.0, 0.0, 0.0, 0.019700000000000002, 0.0, 0.0, 0.0, 0.019700000000000002], [0.7086, 0.0451, 0.0, 0.0, 0.0, 0.0, 0.0, 0.0], [0.0017000000000000001, 0.0001, 0.0, 0.0, 0.0, 0.0, 0.0, 0.0], [0.0, 0.0, 0.0, 0.0, 0.0, 0.0, 0.0, 0.0], [0.0015, 0.0001, 0.0, 0.0, 0.0, 0.0, 0.0, 0.0], [0.0, 0.0, 0.0, 0.0, 0.0, 0.0, 0.0, 0.0]]}}
bs_latimer_munro_vbm: {'band_index': {'1': [32, 33], '-1': []}, 'kpoint_index': [92, 93, 100], 'kpoint': <pymatgen.electronic_structure.bandstructure.Kpoint object at 0x7fc5d4b5a350>, 'energy': 0.0076, 'projections': {'1': [[0.0, 0.0, 0.0, 0.0, 0.0, 0.0, 0.0, 0.0], [0.0, 0.0, 0.0212, 0.0, 0.0212, 0.0, 0.0, 0.0], [0.0, 0.0, 0.0, 0.0204, 0.0, 0.0, 0.0, 0.0204], [0.0, 0.0, 0.0, 0.0, 0.0, 0.0, 0.0, 0.0], [0.0, 0.0, 0.0, 0.0, 0.0, 0.0, 0.0, 0.0], [0.0, 0.8583000000000001, 0.0, 0.0, 0.0, 0.0, 0.0, 0.0], [0.0, 0.0, 0.0, 0.0, 0.0, 0.0, 0.0, 0.0], [0.0, 0.0, 0.0, 0.0, 0.0, 0.0, 0.0, 0.0], [0.0, 0.0, 0.0, 0.0, 0.0, 0.0, 0.0, 0.0]]}}
bs_latimer_munro_efermi: 0.16175533