material_id: mp-570173
band_gap: 2.4614000000000003
efermi: -0.42570426
dos_magnetic_ordering: NM
dos_total_task_id: mp-1670948
dos_total_band_gap: 2.4641
dos_total_cbm: 1.9958
dos_total_vbm: -0.46830000000000005
dos_total_efermi: -0.46548065
bs_setyawan_curtarolo_task_id: mp-750689
bs_setyawan_curtarolo_band_gap: 2.4614000000000003
bs_setyawan_curtarolo_cbm: {'band_index': {'1': [74]}, 'kpoint_index': [0, 33, 34], 'kpoint': <pymatgen.electronic_structure.bandstructure.Kpoint object at 0x7fc699d63930>, 'energy': 1.9866000000000001, 'projections': {'1': [[0.0, 0.0, 0.0, 0.0, 0.16090000000000002, 0.16090000000000002, 0.004, 0.0038, 0.0038, 0.004, 0.0038, 0.0038, 0.0038, 0.0038, 0.004, 0.0038, 0.004, 0.0038], [0.0, 0.0, 0.0, 0.0, 0.0, 0.0, 0.0, 0.0091, 0.016900000000000002, 0.0, 0.0091, 0.016900000000000002, 0.016900000000000002, 0.0091, 0.0, 0.0091, 0.0, 0.016900000000000002], [0.0, 0.0, 0.0, 0.0, 0.0, 0.0, 0.024900000000000002, 0.0, 0.0, 0.024900000000000002, 0.0, 0.0, 0.0, 0.0, 0.024900000000000002, 0.0, 0.024900000000000002, 0.0], [0.0, 0.0, 0.0, 0.0, 0.0, 0.0, 0.0, 0.016900000000000002, 0.0091, 0.0, 0.016900000000000002, 0.0091, 0.0091, 0.016900000000000002, 0.0, 0.016900000000000002, 0.0, 0.0091], [0.0, 0.0, 0.0, 0.0, 0.0, 0.0, 0.0, 0.0, 0.0, 0.0, 0.0, 0.0, 0.0, 0.0, 0.0, 0.0, 0.0, 0.0], [0.0, 0.0, 0.0, 0.0, 0.0, 0.0, 0.0, 0.0, 0.0, 0.0, 0.0, 0.0, 0.0, 0.0, 0.0, 0.0, 0.0, 0.0], [0.0, 0.0, 0.0, 0.0, 0.0, 0.0, 0.0, 0.0, 0.0, 0.0, 0.0, 0.0, 0.0, 0.0, 0.0, 0.0, 0.0, 0.0], [0.0, 0.0, 0.0, 0.0, 0.0, 0.0, 0.0, 0.0, 0.0, 0.0, 0.0, 0.0, 0.0, 0.0, 0.0, 0.0, 0.0, 0.0], [0.0, 0.0, 0.0, 0.0, 0.0, 0.0, 0.0, 0.0, 0.0, 0.0, 0.0, 0.0, 0.0, 0.0, 0.0, 0.0, 0.0, 0.0]]}}
bs_setyawan_curtarolo_vbm: {'band_index': {'1': [72, 73]}, 'kpoint_index': [0, 33, 34], 'kpoint': <pymatgen.electronic_structure.bandstructure.Kpoint object at 0x7fc5d4b5a430>, 'energy': -0.4748, 'projections': {'1': [[0.0, 0.0, 0.0, 0.0, 0.0, 0.0, 0.0, 0.0, 0.0, 0.0, 0.0, 0.0, 0.0, 0.0, 0.0, 0.0, 0.0, 0.0], [0.0, 0.0, 0.0, 0.0, 0.0, 0.0, 0.08320000000000001, 0.0, 0.0, 0.0751, 0.0, 0.0, 0.0, 0.0, 0.08320000000000001, 0.0, 0.0751, 0.0], [0.0, 0.0, 0.0, 0.0, 0.0, 0.0, 0.0, 0.07200000000000001, 0.014700000000000001, 0.0, 0.07200000000000001, 0.0724, 0.0724, 0.0143, 0.0, 0.0143, 0.0, 0.014700000000000001], [0.0, 0.0, 0.0, 0.0, 0.0, 0.0, 0.0083, 0.0, 0.0, 0.0165, 0.0, 0.0, 0.0, 0.0, 0.0083, 0.0, 0.0165, 0.0], [0.0, 0.0, 0.0, 0.0, 0.0, 0.0, 0.0, 0.0, 0.0, 0.0, 0.0, 0.0, 0.0, 0.0, 0.0, 0.0, 0.0, 0.0], [0.0, 0.0, 0.0, 0.0, 0.0, 0.0, 0.0, 0.0, 0.0, 0.0, 0.0, 0.0, 0.0, 0.0, 0.0, 0.0, 0.0, 0.0], [0.0, 0.0, 0.0, 0.0, 0.0, 0.0, 0.0, 0.0, 0.0, 0.0, 0.0, 0.0, 0.0, 0.0, 0.0, 0.0, 0.0, 0.0], [0.0, 0.0, 0.0, 0.0, 0.0, 0.0, 0.0, 0.0, 0.0, 0.0, 0.0, 0.0, 0.0, 0.0, 0.0, 0.0, 0.0, 0.0], [0.0, 0.0, 0.0, 0.0, 0.0, 0.0, 0.0, 0.0, 0.0, 0.0, 0.0, 0.0, 0.0, 0.0, 0.0, 0.0, 0.0, 0.0]]}}
bs_setyawan_curtarolo_efermi: -0.42570426
bs_hinuma_task_id: mp-2138178
bs_hinuma_band_gap: 2.4713
bs_hinuma_cbm: {'band_index': {'1': [74]}, 'kpoint_index': [0, 33, 34], 'kpoint': <pymatgen.electronic_structure.bandstructure.Kpoint object at 0x7fc5d4b5a200>, 'energy': 1.9915, 'projections': {'1': [[0.0, 0.0, 0.0, 0.0, 0.1608, 0.1608, 0.004, 0.0038, 0.0038, 0.004, 0.0038, 0.0038, 0.0038, 0.0038, 0.004, 0.0038, 0.004, 0.0038], [0.0, 0.0, 0.0, 0.0, 0.0, 0.0, 0.0, 0.0091, 0.016900000000000002, 0.0, 0.0091, 0.016900000000000002, 0.016900000000000002, 0.0091, 0.0, 0.0091, 0.0, 0.016900000000000002], [0.0, 0.0, 0.0, 0.0, 0.0, 0.0, 0.024800000000000003, 0.0, 0.0, 0.024800000000000003, 0.0, 0.0, 0.0, 0.0, 0.024800000000000003, 0.0, 0.024800000000000003, 0.0], [0.0, 0.0, 0.0, 0.0, 0.0, 0.0, 0.0, 0.016900000000000002, 0.0091, 0.0, 0.016900000000000002, 0.0091, 0.0091, 0.016900000000000002, 0.0, 0.016900000000000002, 0.0, 0.0091], [0.0, 0.0, 0.0, 0.0, 0.0, 0.0, 0.0, 0.0, 0.0, 0.0, 0.0, 0.0, 0.0, 0.0, 0.0, 0.0, 0.0, 0.0], [0.0, 0.0, 0.0, 0.0, 0.0, 0.0, 0.0, 0.0, 0.0, 0.0, 0.0, 0.0, 0.0, 0.0, 0.0, 0.0, 0.0, 0.0], [0.0, 0.0, 0.0, 0.0, 0.0, 0.0, 0.0, 0.0, 0.0, 0.0, 0.0, 0.0, 0.0, 0.0, 0.0, 0.0, 0.0, 0.0], [0.0, 0.0, 0.0, 0.0, 0.0, 0.0, 0.0, 0.0, 0.0, 0.0, 0.0, 0.0, 0.0, 0.0, 0.0, 0.0, 0.0, 0.0], [0.0, 0.0, 0.0, 0.0, 0.0, 0.0, 0.0, 0.0, 0.0, 0.0, 0.0, 0.0, 0.0, 0.0, 0.0, 0.0, 0.0, 0.0]]}}
bs_hinuma_vbm: {'band_index': {'1': [72, 73]}, 'kpoint_index': [0, 33, 34], 'kpoint': <pymatgen.electronic_structure.bandstructure.Kpoint object at 0x7fc5d4b59e80>, 'energy': -0.4798, 'projections': {'1': [[0.0, 0.0, 0.0, 0.0, 0.0, 0.0, 0.0, 0.0, 0.0, 0.0, 0.0, 0.0, 0.0, 0.0, 0.0, 0.0, 0.0, 0.0], [0.0, 0.0, 0.0, 0.0, 0.0, 0.0, 0.011300000000000001, 0.0, 0.0, 0.0047, 0.0, 0.0, 0.0, 0.0, 0.011300000000000001, 0.0, 0.0047, 0.0], [0.0, 0.0, 0.0, 0.0, 0.0, 0.0, 0.0, 0.0669, 0.0198, 0.0, 0.0669, 0.0664, 0.0664, 0.020300000000000002, 0.0, 0.020300000000000002, 0.0, 0.0198], [0.0, 0.0, 0.0, 0.0, 0.0, 0.0, 0.08030000000000001, 0.0, 0.0, 0.0868, 0.0, 0.0, 0.0, 0.0, 0.08030000000000001, 0.0, 0.0868, 0.0], [0.0, 0.0, 0.0, 0.0, 0.0, 0.0, 0.0, 0.0, 0.0, 0.0, 0.0, 0.0, 0.0, 0.0, 0.0, 0.0, 0.0, 0.0], [0.0, 0.0, 0.0, 0.0, 0.0, 0.0, 0.0, 0.0, 0.0, 0.0, 0.0, 0.0, 0.0, 0.0, 0.0, 0.0, 0.0, 0.0], [0.0, 0.0, 0.0, 0.0, 0.0, 0.0, 0.0, 0.0, 0.0, 0.0, 0.0, 0.0, 0.0, 0.0, 0.0, 0.0, 0.0, 0.0], [0.0, 0.0, 0.0, 0.0, 0.0, 0.0, 0.0, 0.0, 0.0, 0.0, 0.0, 0.0, 0.0, 0.0, 0.0, 0.0, 0.0, 0.0], [0.0, 0.0, 0.0, 0.0, 0.0, 0.0, 0.0, 0.0, 0.0, 0.0, 0.0, 0.0, 0.0, 0.0, 0.0, 0.0, 0.0, 0.0]]}}
bs_hinuma_efermi: -0.37118147
bs_latimer_munro_task_id: mp-2327229
bs_latimer_munro_band_gap: 2.4713
bs_latimer_munro_cbm: {'band_index': {'1': [74]}, 'kpoint_index': [21, 22, 102, 103, 111], 'kpoint': <pymatgen.electronic_structure.bandstructure.Kpoint object at 0x7fc5d4b59c50>, 'energy': 1.9915, 'projections': {'1': [[0.0, 0.0, 0.0, 0.0, 0.1608, 0.1608, 0.004, 0.0038, 0.0038, 0.004, 0.0038, 0.0038, 0.0038, 0.0038, 0.004, 0.0038, 0.004, 0.0038], [0.0, 0.0, 0.0, 0.0, 0.0, 0.0, 0.0, 0.0091, 0.016900000000000002, 0.0, 0.0091, 0.016900000000000002, 0.016900000000000002, 0.0091, 0.0, 0.0091, 0.0, 0.016900000000000002], [0.0, 0.0, 0.0, 0.0, 0.0, 0.0, 0.024800000000000003, 0.0, 0.0, 0.024800000000000003, 0.0, 0.0, 0.0, 0.0, 0.024800000000000003, 0.0, 0.024800000000000003, 0.0], [0.0, 0.0, 0.0, 0.0, 0.0, 0.0, 0.0, 0.016900000000000002, 0.0091, 0.0, 0.016900000000000002, 0.0091, 0.0091, 0.016900000000000002, 0.0, 0.016900000000000002, 0.0, 0.0091], [0.0, 0.0, 0.0, 0.0, 0.0, 0.0, 0.0, 0.0, 0.0, 0.0, 0.0, 0.0, 0.0, 0.0, 0.0, 0.0, 0.0, 0.0], [0.0, 0.0, 0.0, 0.0, 0.0, 0.0, 0.0, 0.0, 0.0, 0.0, 0.0, 0.0, 0.0, 0.0, 0.0, 0.0, 0.0, 0.0], [0.0, 0.0, 0.0, 0.0, 0.0, 0.0, 0.0, 0.0, 0.0, 0.0, 0.0, 0.0, 0.0, 0.0, 0.0, 0.0, 0.0, 0.0], [0.0, 0.0, 0.0, 0.0, 0.0, 0.0, 0.0, 0.0, 0.0, 0.0, 0.0, 0.0, 0.0, 0.0, 0.0, 0.0, 0.0, 0.0], [0.0, 0.0, 0.0, 0.0, 0.0, 0.0, 0.0, 0.0, 0.0, 0.0, 0.0, 0.0, 0.0, 0.0, 0.0, 0.0, 0.0, 0.0]]}}
bs_latimer_munro_vbm: {'band_index': {'1': [72, 73]}, 'kpoint_index': [21, 22, 102, 103, 111], 'kpoint': <pymatgen.electronic_structure.bandstructure.Kpoint object at 0x7fc5d4b59d30>, 'energy': -0.4798, 'projections': {'1': [[0.0, 0.0, 0.0, 0.0, 0.0, 0.0, 0.0, 0.0, 0.0, 0.0, 0.0, 0.0, 0.0, 0.0, 0.0, 0.0, 0.0, 0.0], [0.0, 0.0, 0.0, 0.0, 0.0, 0.0, 0.0818, 0.0, 0.0, 0.088, 0.0, 0.0, 0.0, 0.0, 0.0818, 0.0, 0.088, 0.0], [0.0, 0.0, 0.0, 0.0, 0.0, 0.0, 0.0, 0.0213, 0.0655, 0.0, 0.0213, 0.0217, 0.0217, 0.065, 0.0, 0.065, 0.0, 0.0655], [0.0, 0.0, 0.0, 0.0, 0.0, 0.0, 0.0097, 0.0, 0.0, 0.0035, 0.0, 0.0, 0.0, 0.0, 0.0097, 0.0, 0.0035, 0.0], [0.0, 0.0, 0.0, 0.0, 0.0, 0.0, 0.0, 0.0, 0.0, 0.0, 0.0, 0.0, 0.0, 0.0, 0.0, 0.0, 0.0, 0.0], [0.0, 0.0, 0.0, 0.0, 0.0, 0.0, 0.0, 0.0, 0.0, 0.0, 0.0, 0.0, 0.0, 0.0, 0.0, 0.0, 0.0, 0.0], [0.0, 0.0, 0.0, 0.0, 0.0, 0.0, 0.0, 0.0, 0.0, 0.0, 0.0, 0.0, 0.0, 0.0, 0.0, 0.0, 0.0, 0.0], [0.0, 0.0, 0.0, 0.0, 0.0, 0.0, 0.0, 0.0, 0.0, 0.0, 0.0, 0.0, 0.0, 0.0, 0.0, 0.0, 0.0, 0.0], [0.0, 0.0, 0.0, 0.0, 0.0, 0.0, 0.0, 0.0, 0.0, 0.0, 0.0, 0.0, 0.0, 0.0, 0.0, 0.0, 0.0, 0.0]]}}
bs_latimer_munro_efermi: -0.33881598