material_id: mp-573037
band_gap: 1.8813
efermi: 3.51356342
dos_magnetic_ordering: FiM
dos_total_task_id: mp-1670614
dos_total_band_gap: 2.0485
dos_total_cbm: 5.1592
dos_total_vbm: 3.1107
dos_total_efermi: 3.26553087
bs_setyawan_curtarolo_task_id: mp-1603923
bs_setyawan_curtarolo_band_gap: 1.8813
bs_setyawan_curtarolo_cbm: {'band_index': {'1': [84, 85], '-1': []}, 'kpoint_index': [45, 46], 'kpoint': <pymatgen.electronic_structure.bandstructure.Kpoint object at 0x7fc699d63930>, 'energy': 5.1744, 'projections': {'1': [[0.00030000000000000003, 0.00030000000000000003, 0.00030000000000000003, 0.00030000000000000003, 0.0, 0.0, 0.0055000000000000005, 0.017400000000000002, 0.0077, 0.0012000000000000001, 0.0023, 0.0017000000000000001, 0.0077, 0.0017000000000000001, 0.0015, 0.0023, 0.0035, 0.0012000000000000001, 0.0015, 0.0035], [0.0021000000000000003, 0.0008, 0.0008, 0.0022, 0.0, 0.0, 0.0, 0.0, 0.0017000000000000001, 0.0031000000000000003, 0.0012000000000000001, 0.0064, 0.0017000000000000001, 0.0064, 0.0054, 0.0012000000000000001, 0.0159, 0.0031000000000000003, 0.0054, 0.0159], [0.0013000000000000002, 0.0008, 0.0008, 0.0013000000000000002, 0.0, 0.0, 0.0, 0.0, 0.0125, 0.0036000000000000003, 0.0036000000000000003, 0.0022, 0.0125, 0.0022, 0.0058000000000000005, 0.0036000000000000003, 0.01, 0.0036000000000000003, 0.0058000000000000005, 0.01], [0.0002, 0.0005, 0.0005, 0.0002, 0.0, 0.0, 0.0, 0.0, 0.0378, 0.0005, 0.0118, 0.001, 0.0378, 0.001, 0.0002, 0.0118, 0.0002, 0.0005, 0.0002, 0.0002], [0.0053, 0.0016, 0.0016, 0.0053, 0.07590000000000001, 0.259, 0.005200000000000001, 0.0055000000000000005, 0.0, 0.0, 0.0, 0.0, 0.0, 0.0, 0.0, 0.0, 0.0, 0.0, 0.0, 0.0], [0.0028, 0.0008, 0.0008, 0.0028, 0.006, 0.007200000000000001, 0.0002, 0.00030000000000000003, 0.0, 0.0, 0.0, 0.0, 0.0, 0.0, 0.0, 0.0, 0.0, 0.0, 0.0, 0.0], [0.0004, 0.0002, 0.0002, 0.0004, 0.048600000000000004, 0.0431, 0.009000000000000001, 0.0148, 0.0, 0.0, 0.0, 0.0, 0.0, 0.0, 0.0, 0.0, 0.0, 0.0, 0.0, 0.0], [0.004, 0.0035, 0.0035, 0.004, 0.008400000000000001, 0.0257, 0.0, 0.0, 0.0, 0.0, 0.0, 0.0, 0.0, 0.0, 0.0, 0.0, 0.0, 0.0, 0.0, 0.0], [0.0004, 0.00030000000000000003, 0.00030000000000000003, 0.0004, 0.0108, 0.0371, 0.0002, 0.0004, 0.0, 0.0, 0.0, 0.0, 0.0, 0.0, 0.0, 0.0, 0.0, 0.0, 0.0, 0.0]]}}
bs_setyawan_curtarolo_vbm: {'band_index': {'-1': [81], '1': []}, 'kpoint_index': [70, 71], 'kpoint': <pymatgen.electronic_structure.bandstructure.Kpoint object at 0x7fc5d4b5a190>, 'energy': 3.2931, 'projections': {'-1': [[0.0008, 0.0008, 0.0008, 0.0008, 0.0, 0.0, 0.0002, 0.0002, 0.0, 0.0011, 0.0, 0.0011, 0.0, 0.0011, 0.0001, 0.0, 0.0001, 0.0011, 0.0001, 0.0001], [0.0012000000000000001, 0.0012000000000000001, 0.0012000000000000001, 0.0012000000000000001, 0.0014, 0.0014, 0.0, 0.0, 0.025500000000000002, 0.026600000000000002, 0.025500000000000002, 0.026600000000000002, 0.025500000000000002, 0.026600000000000002, 0.0103, 0.025500000000000002, 0.0103, 0.026600000000000002, 0.0103, 0.0103], [0.0012000000000000001, 0.0012000000000000001, 0.0012000000000000001, 0.0012000000000000001, 0.0056, 0.0056, 0.0, 0.0, 0.0073, 0.0533, 0.0073, 0.0533, 0.0073, 0.0533, 0.0118, 0.0073, 0.0118, 0.0533, 0.0118, 0.0118], [0.0005, 0.0005, 0.0005, 0.0005, 0.0, 0.0, 0.0, 0.0, 0.0036000000000000003, 0.0083, 0.0036000000000000003, 0.0083, 0.0036000000000000003, 0.0083, 0.0126, 0.0036000000000000003, 0.0126, 0.0083, 0.0126, 0.0126], [0.0016, 0.0016, 0.0016, 0.0016, 0.0, 0.0, 0.0006000000000000001, 0.0006000000000000001, 0.0, 0.0, 0.0, 0.0, 0.0, 0.0, 0.0, 0.0, 0.0, 0.0, 0.0, 0.0], [0.0006000000000000001, 0.0006000000000000001, 0.0006000000000000001, 0.0006000000000000001, 0.0, 0.0, 0.023200000000000002, 0.023200000000000002, 0.0, 0.0, 0.0, 0.0, 0.0, 0.0, 0.0, 0.0, 0.0, 0.0, 0.0, 0.0], [0.0027, 0.0027, 0.0027, 0.0027, 0.0, 0.0, 0.05, 0.05, 0.0, 0.0, 0.0, 0.0, 0.0, 0.0, 0.0, 0.0, 0.0, 0.0, 0.0, 0.0], [0.0006000000000000001, 0.0006000000000000001, 0.0006000000000000001, 0.0006000000000000001, 0.0, 0.0, 0.0016, 0.0016, 0.0, 0.0, 0.0, 0.0, 0.0, 0.0, 0.0, 0.0, 0.0, 0.0, 0.0, 0.0], [0.0, 0.0, 0.0, 0.0, 0.0, 0.0, 0.0007, 0.0007, 0.0, 0.0, 0.0, 0.0, 0.0, 0.0, 0.0, 0.0, 0.0, 0.0, 0.0, 0.0]]}}
bs_setyawan_curtarolo_efermi: 3.51356342
bs_latimer_munro_task_id: mp-2338622
bs_latimer_munro_band_gap: 1.8813
bs_latimer_munro_cbm: {'band_index': {'1': [84, 85], '-1': []}, 'kpoint_index': [48, 49, 163], 'kpoint': <pymatgen.electronic_structure.bandstructure.Kpoint object at 0x7fc5d4b5a200>, 'energy': 5.1744, 'projections': {'1': [[0.0, 0.0005, 0.0005, 0.0, 0.0001, 0.0, 0.015300000000000001, 0.007500000000000001, 0.0059, 0.0029000000000000002, 0.0041, 0.0001, 0.0059, 0.0001, 0.004200000000000001, 0.0041, 0.0008, 0.0029000000000000002, 0.004200000000000001, 0.0008], [0.0006000000000000001, 0.0024000000000000002, 0.0024000000000000002, 0.0006000000000000001, 0.0, 0.0, 0.0, 0.0, 0.0027, 0.0085, 0.0001, 0.0011, 0.0027, 0.0011, 0.015700000000000002, 0.0001, 0.0056, 0.0085, 0.015700000000000002, 0.0056], [0.002, 0.0001, 0.0001, 0.002, 0.0, 0.0, 0.0, 0.0, 0.0076, 0.0054, 0.0085, 0.0004, 0.0076, 0.0004, 0.0148, 0.0085, 0.001, 0.0054, 0.0148, 0.001], [0.00030000000000000003, 0.0004, 0.0004, 0.00030000000000000003, 0.0, 0.0, 0.0, 0.0, 0.0307, 0.0014, 0.0189, 0.0001, 0.0307, 0.0001, 0.0004, 0.0189, 0.0, 0.0014, 0.0004, 0.0], [0.0025, 0.0044, 0.0044, 0.0025, 0.18760000000000002, 0.14730000000000001, 0.0002, 0.0105, 0.0, 0.0, 0.0, 0.0, 0.0, 0.0, 0.0, 0.0, 0.0, 0.0, 0.0, 0.0], [0.0017000000000000001, 0.0018000000000000002, 0.0018000000000000002, 0.0017000000000000001, 0.0004, 0.0128, 0.0001, 0.0004, 0.0, 0.0, 0.0, 0.0, 0.0, 0.0, 0.0, 0.0, 0.0, 0.0, 0.0, 0.0], [0.0001, 0.0006000000000000001, 0.0006000000000000001, 0.0001, 0.0015, 0.0902, 0.0018000000000000002, 0.0219, 0.0, 0.0, 0.0, 0.0, 0.0, 0.0, 0.0, 0.0, 0.0, 0.0, 0.0, 0.0], [0.0073, 0.0002, 0.0002, 0.0073, 0.0114, 0.0227, 0.0, 0.0, 0.0, 0.0, 0.0, 0.0, 0.0, 0.0, 0.0, 0.0, 0.0, 0.0, 0.0, 0.0], [0.0006000000000000001, 0.0, 0.0, 0.0006000000000000001, 0.0256, 0.0223, 0.0004, 0.0002, 0.0, 0.0, 0.0, 0.0, 0.0, 0.0, 0.0, 0.0, 0.0, 0.0, 0.0, 0.0]]}}
bs_latimer_munro_vbm: {'band_index': {'-1': [81], '1': []}, 'kpoint_index': [210, 211, 224], 'kpoint': <pymatgen.electronic_structure.bandstructure.Kpoint object at 0x7fc5d4b59d30>, 'energy': 3.2931, 'projections': {'-1': [[0.0008, 0.0008, 0.0008, 0.0008, 0.0, 0.0, 0.0002, 0.0002, 0.0, 0.0011, 0.0, 0.0011, 0.0, 0.0011, 0.0001, 0.0, 0.0001, 0.0011, 0.0001, 0.0001], [0.0012000000000000001, 0.0012000000000000001, 0.0012000000000000001, 0.0012000000000000001, 0.0014, 0.0014, 0.0, 0.0, 0.025500000000000002, 0.026600000000000002, 0.025500000000000002, 0.026600000000000002, 0.025500000000000002, 0.026600000000000002, 0.0103, 0.025500000000000002, 0.0103, 0.026600000000000002, 0.0103, 0.0103], [0.0012000000000000001, 0.0012000000000000001, 0.0012000000000000001, 0.0012000000000000001, 0.0056, 0.0056, 0.0, 0.0, 0.0073, 0.0533, 0.0073, 0.0533, 0.0073, 0.0533, 0.0118, 0.0073, 0.0118, 0.0533, 0.0118, 0.0118], [0.0005, 0.0005, 0.0005, 0.0005, 0.0, 0.0, 0.0, 0.0, 0.0036000000000000003, 0.0083, 0.0036000000000000003, 0.0083, 0.0036000000000000003, 0.0083, 0.0126, 0.0036000000000000003, 0.0126, 0.0083, 0.0126, 0.0126], [0.0016, 0.0016, 0.0016, 0.0016, 0.0, 0.0, 0.0006000000000000001, 0.0006000000000000001, 0.0, 0.0, 0.0, 0.0, 0.0, 0.0, 0.0, 0.0, 0.0, 0.0, 0.0, 0.0], [0.0006000000000000001, 0.0006000000000000001, 0.0006000000000000001, 0.0006000000000000001, 0.0, 0.0, 0.023200000000000002, 0.023200000000000002, 0.0, 0.0, 0.0, 0.0, 0.0, 0.0, 0.0, 0.0, 0.0, 0.0, 0.0, 0.0], [0.0027, 0.0027, 0.0027, 0.0027, 0.0, 0.0, 0.05, 0.05, 0.0, 0.0, 0.0, 0.0, 0.0, 0.0, 0.0, 0.0, 0.0, 0.0, 0.0, 0.0], [0.0006000000000000001, 0.0006000000000000001, 0.0006000000000000001, 0.0006000000000000001, 0.0, 0.0, 0.0016, 0.0016, 0.0, 0.0, 0.0, 0.0, 0.0, 0.0, 0.0, 0.0, 0.0, 0.0, 0.0, 0.0], [0.0, 0.0, 0.0, 0.0, 0.0, 0.0, 0.0007, 0.0007, 0.0, 0.0, 0.0, 0.0, 0.0, 0.0, 0.0, 0.0, 0.0, 0.0, 0.0, 0.0]]}}
bs_latimer_munro_efermi: 3.533732569999999