material_id: mp-558930
band_gap: 4.7071000000000005
efermi: -0.18868975000000002
dos_magnetic_ordering: NM
dos_total_task_id: mp-1742158
dos_total_band_gap: 4.6934000000000005
dos_total_cbm: 4.4974
dos_total_vbm: -0.196
dos_total_efermi: -0.19082033
bs_setyawan_curtarolo_task_id: mp-748763
bs_setyawan_curtarolo_band_gap: 4.7071000000000005
bs_setyawan_curtarolo_cbm: {'band_index': {'1': [116]}, 'kpoint_index': [0, 82, 83, 108], 'kpoint': <pymatgen.electronic_structure.bandstructure.Kpoint object at 0x7fc699d63930>, 'energy': 4.5138, 'projections': {'1': [[0.036000000000000004, 0.0366, 0.036000000000000004, 0.0366, 0.012, 0.0131, 0.012, 0.0122, 0.0137, 0.0137, 0.0131, 0.0122, 0.0099, 0.0088, 0.0099, 0.0095, 0.0108, 0.0085, 0.0085, 0.0082, 0.0082, 0.0081, 0.0106, 0.0085, 0.009000000000000001, 0.0095, 0.0085, 0.0106, 0.0079, 0.009000000000000001, 0.0085, 0.0079, 0.0108, 0.0081, 0.0085, 0.0088], [0.0001, 0.0, 0.0001, 0.0, 0.0001, 0.0, 0.0001, 0.0, 0.0, 0.0, 0.0, 0.0, 0.0001, 0.0, 0.0001, 0.0002, 0.0, 0.0001, 0.0001, 0.0, 0.0, 0.0011, 0.0001, 0.0, 0.0009000000000000001, 0.0002, 0.002, 0.0001, 0.0004, 0.0009000000000000001, 0.002, 0.0004, 0.0, 0.0011, 0.0, 0.0], [0.0001, 0.0001, 0.0001, 0.0001, 0.0, 0.0, 0.0, 0.0, 0.0, 0.0, 0.0, 0.0, 0.0005, 0.0002, 0.0005, 0.0005, 0.0012000000000000001, 0.0018000000000000002, 0.0018000000000000002, 0.0013000000000000002, 0.0013000000000000002, 0.0001, 0.001, 0.0001, 0.0007, 0.0005, 0.00030000000000000003, 0.001, 0.0011, 0.0007, 0.00030000000000000003, 0.0011, 0.0012000000000000001, 0.0001, 0.0001, 0.0002], [0.0, 0.0, 0.0, 0.0, 0.0, 0.0001, 0.0, 0.00030000000000000003, 0.0, 0.0, 0.0001, 0.00030000000000000003, 0.0001, 0.0008, 0.0001, 0.0002, 0.0002, 0.0, 0.0, 0.0, 0.0, 0.0, 0.0002, 0.0025, 0.00030000000000000003, 0.0002, 0.0002, 0.0002, 0.0009000000000000001, 0.00030000000000000003, 0.0002, 0.0009000000000000001, 0.0002, 0.0, 0.0025, 0.0008], [0.0, 0.0, 0.0, 0.0, 0.0, 0.0, 0.0, 0.0, 0.0, 0.0, 0.0, 0.0, 0.0, 0.0, 0.0, 0.0, 0.0, 0.0, 0.0, 0.0, 0.0, 0.0, 0.0, 0.0, 0.0, 0.0, 0.0, 0.0, 0.0, 0.0, 0.0, 0.0, 0.0, 0.0, 0.0, 0.0], [0.0001, 0.0, 0.0001, 0.0, 0.0, 0.0, 0.0, 0.0, 0.0, 0.0, 0.0, 0.0, 0.0, 0.0, 0.0, 0.0, 0.0, 0.0, 0.0, 0.0, 0.0, 0.0, 0.0, 0.0, 0.0, 0.0, 0.0, 0.0, 0.0, 0.0, 0.0, 0.0, 0.0, 0.0, 0.0, 0.0], [0.0002, 0.0001, 0.0002, 0.0001, 0.0, 0.0, 0.0, 0.0, 0.0, 0.0, 0.0, 0.0, 0.0, 0.0, 0.0, 0.0, 0.0, 0.0, 0.0, 0.0, 0.0, 0.0, 0.0, 0.0, 0.0, 0.0, 0.0, 0.0, 0.0, 0.0, 0.0, 0.0, 0.0, 0.0, 0.0, 0.0], [0.0, 0.0001, 0.0, 0.0001, 0.0, 0.0, 0.0, 0.0, 0.0, 0.0, 0.0, 0.0, 0.0, 0.0, 0.0, 0.0, 0.0, 0.0, 0.0, 0.0, 0.0, 0.0, 0.0, 0.0, 0.0, 0.0, 0.0, 0.0, 0.0, 0.0, 0.0, 0.0, 0.0, 0.0, 0.0, 0.0], [0.0, 0.0, 0.0, 0.0, 0.0, 0.0, 0.0, 0.0, 0.0, 0.0, 0.0, 0.0, 0.0, 0.0, 0.0, 0.0, 0.0, 0.0, 0.0, 0.0, 0.0, 0.0, 0.0, 0.0, 0.0, 0.0, 0.0, 0.0, 0.0, 0.0, 0.0, 0.0, 0.0, 0.0, 0.0, 0.0]]}}
bs_setyawan_curtarolo_vbm: {'band_index': {'1': [115]}, 'kpoint_index': [0, 82, 83, 108], 'kpoint': <pymatgen.electronic_structure.bandstructure.Kpoint object at 0x7fc5d4b5a3c0>, 'energy': -0.1933, 'projections': {'1': [[0.0001, 0.0004, 0.0001, 0.0004, 0.0001, 0.0002, 0.0001, 0.0002, 0.0, 0.0, 0.0002, 0.0002, 0.0, 0.0, 0.0, 0.0004, 0.0001, 0.0001, 0.0001, 0.0001, 0.0001, 0.0, 0.0, 0.0001, 0.0005, 0.0004, 0.0, 0.0, 0.0001, 0.0005, 0.0, 0.0001, 0.0001, 0.0, 0.0001, 0.0], [0.0, 0.0, 0.0, 0.0, 0.0, 0.0001, 0.0, 0.0, 0.0, 0.0, 0.0001, 0.0, 0.0071, 0.0013000000000000002, 0.0071, 0.028, 0.038400000000000004, 0.0112, 0.0112, 0.0002, 0.0002, 0.014100000000000001, 0.003, 0.0217, 0.0053, 0.028, 0.0021000000000000003, 0.003, 0.001, 0.0053, 0.0021000000000000003, 0.001, 0.038400000000000004, 0.014100000000000001, 0.0217, 0.0013000000000000002], [0.00030000000000000003, 0.00030000000000000003, 0.00030000000000000003, 0.00030000000000000003, 0.0001, 0.0004, 0.0001, 0.0, 0.0001, 0.0001, 0.0004, 0.0, 0.0188, 0.0025, 0.0188, 0.0118, 0.0026000000000000003, 0.0035, 0.0035, 0.0055000000000000005, 0.0055000000000000005, 0.0074, 0.016800000000000002, 0.014700000000000001, 0.007500000000000001, 0.0118, 0.008400000000000001, 0.016800000000000002, 0.0004, 0.007500000000000001, 0.008400000000000001, 0.0004, 0.0026000000000000003, 0.0074, 0.014700000000000001, 0.0025], [0.0, 0.0001, 0.0, 0.0001, 0.0001, 0.0, 0.0001, 0.0002, 0.0002, 0.0002, 0.0, 0.0002, 0.019200000000000002, 0.0275, 0.019200000000000002, 0.004200000000000001, 0.0024000000000000002, 0.0016, 0.0016, 0.0195, 0.0195, 0.0031000000000000003, 0.031900000000000005, 0.0002, 0.0057, 0.004200000000000001, 0.0149, 0.031900000000000005, 0.0028, 0.0057, 0.0149, 0.0028, 0.0024000000000000002, 0.0031000000000000003, 0.0002, 0.0275], [0.0016, 0.0001, 0.0016, 0.0001, 0.0, 0.0, 0.0, 0.0, 0.0, 0.0, 0.0, 0.0, 0.0, 0.0, 0.0, 0.0, 0.0, 0.0, 0.0, 0.0, 0.0, 0.0, 0.0, 0.0, 0.0, 0.0, 0.0, 0.0, 0.0, 0.0, 0.0, 0.0, 0.0, 0.0, 0.0, 0.0], [0.006, 0.0001, 0.006, 0.0001, 0.0, 0.0, 0.0, 0.0, 0.0, 0.0, 0.0, 0.0, 0.0, 0.0, 0.0, 0.0, 0.0, 0.0, 0.0, 0.0, 0.0, 0.0, 0.0, 0.0, 0.0, 0.0, 0.0, 0.0, 0.0, 0.0, 0.0, 0.0, 0.0, 0.0, 0.0, 0.0], [0.0001, 0.0001, 0.0001, 0.0001, 0.0, 0.0, 0.0, 0.0, 0.0, 0.0, 0.0, 0.0, 0.0, 0.0, 0.0, 0.0, 0.0, 0.0, 0.0, 0.0, 0.0, 0.0, 0.0, 0.0, 0.0, 0.0, 0.0, 0.0, 0.0, 0.0, 0.0, 0.0, 0.0, 0.0, 0.0, 0.0], [0.0, 0.0022, 0.0, 0.0022, 0.0, 0.0, 0.0, 0.0, 0.0, 0.0, 0.0, 0.0, 0.0, 0.0, 0.0, 0.0, 0.0, 0.0, 0.0, 0.0, 0.0, 0.0, 0.0, 0.0, 0.0, 0.0, 0.0, 0.0, 0.0, 0.0, 0.0, 0.0, 0.0, 0.0, 0.0, 0.0], [0.0053, 0.0014, 0.0053, 0.0014, 0.0, 0.0, 0.0, 0.0, 0.0, 0.0, 0.0, 0.0, 0.0, 0.0, 0.0, 0.0, 0.0, 0.0, 0.0, 0.0, 0.0, 0.0, 0.0, 0.0, 0.0, 0.0, 0.0, 0.0, 0.0, 0.0, 0.0, 0.0, 0.0, 0.0, 0.0, 0.0]]}}
bs_setyawan_curtarolo_efermi: -0.18868975000000002