material_id: mp-504603
band_gap: 2.9057
efermi: 0.27985477000000003
dos_magnetic_ordering: FM
dos_total_task_id: mp-2287313
dos_total_band_gap: 4.8351
dos_total_cbm: 4.91
dos_total_vbm: 0.07490000000000001
dos_total_efermi: 0.08476965
bs_setyawan_curtarolo_task_id: mp-1599791
bs_setyawan_curtarolo_band_gap: 2.9057
bs_setyawan_curtarolo_cbm: {'band_index': {'-1': [41], '1': []}, 'kpoint_index': [57, 58, 84, 85], 'kpoint': <pymatgen.electronic_structure.bandstructure.Kpoint object at 0x7fc699d63930>, 'energy': 2.9917, 'projections': {'-1': [[0.00030000000000000003, 0.00030000000000000003, 0.0, 0.0004, 0.0001, 0.0001, 0.0001, 0.0001, 0.0001, 0.0001], [0.0002, 0.0002, 0.0014, 0.0, 0.0001, 0.0044, 0.0044, 0.0044, 0.0044, 0.0001], [0.0002, 0.0002, 0.0014, 0.0, 0.0044, 0.0044, 0.0044, 0.0001, 0.0001, 0.0044], [0.0002, 0.0002, 0.0014, 0.0, 0.0044, 0.0001, 0.0001, 0.0044, 0.0044, 0.0045000000000000005], [0.0, 0.0, 0.0, 0.2862, 0.0, 0.0, 0.0, 0.0, 0.0, 0.0], [0.0, 0.0, 0.0, 0.2853, 0.0, 0.0, 0.0, 0.0, 0.0, 0.0], [0.0, 0.0, 0.0, 0.0, 0.0, 0.0, 0.0, 0.0, 0.0, 0.0], [0.0, 0.0, 0.0, 0.2854, 0.0, 0.0, 0.0, 0.0, 0.0, 0.0], [0.0, 0.0, 0.0, 0.0, 0.0, 0.0, 0.0, 0.0, 0.0, 0.0]]}}
bs_setyawan_curtarolo_vbm: {'band_index': {'1': [45], '-1': []}, 'kpoint_index': [14, 15, 100], 'kpoint': <pymatgen.electronic_structure.bandstructure.Kpoint object at 0x7fc5d4b5a3c0>, 'energy': 0.08600000000000001, 'projections': {'1': [[0.0, 0.0, 0.2549, 0.0019, 0.0001, 0.0006000000000000001, 0.0006000000000000001, 0.0006000000000000001, 0.0006000000000000001, 0.0001], [0.0009000000000000001, 0.0009000000000000001, 0.0, 0.0, 0.1504, 0.0, 0.0, 0.0, 0.0, 0.1504], [0.0, 0.0, 0.0, 0.0, 0.0, 0.0, 0.0, 0.0541, 0.0541, 0.0], [0.0, 0.0, 0.0, 0.0, 0.0, 0.0541, 0.0541, 0.0, 0.0, 0.0], [0.0, 0.0, 0.0, 0.0, 0.0, 0.0, 0.0, 0.0, 0.0, 0.0], [0.0, 0.0, 0.0, 0.0, 0.0, 0.0, 0.0, 0.0, 0.0, 0.0], [0.0, 0.0, 0.0002, 0.0284, 0.0, 0.0, 0.0, 0.0, 0.0, 0.0], [0.0001, 0.0001, 0.0, 0.0, 0.0, 0.0, 0.0, 0.0, 0.0, 0.0], [0.0, 0.0, 0.0005, 0.0853, 0.0, 0.0, 0.0, 0.0, 0.0, 0.0]]}}
bs_setyawan_curtarolo_efermi: 0.27985477000000003
bs_hinuma_task_id: mp-2067139
bs_hinuma_band_gap: 2.9057
bs_hinuma_cbm: {'band_index': {'-1': [41], '1': []}, 'kpoint_index': [49, 50], 'kpoint': <pymatgen.electronic_structure.bandstructure.Kpoint object at 0x7fc5d4b5a350>, 'energy': 2.9917, 'projections': {'-1': [[0.00030000000000000003, 0.00030000000000000003, 0.0, 0.0004, 0.0001, 0.0001, 0.0001, 0.0001, 0.0001, 0.0001], [0.0002, 0.0002, 0.0014, 0.0, 0.0001, 0.0044, 0.0044, 0.0044, 0.0044, 0.0001], [0.0002, 0.0002, 0.0014, 0.0, 0.0044, 0.0044, 0.0044, 0.0001, 0.0001, 0.0044], [0.0002, 0.0002, 0.0014, 0.0, 0.0045000000000000005, 0.0001, 0.0001, 0.0044, 0.0044, 0.0044], [0.0, 0.0, 0.0, 0.2862, 0.0, 0.0, 0.0, 0.0, 0.0, 0.0], [0.0, 0.0, 0.0, 0.2853, 0.0, 0.0, 0.0, 0.0, 0.0, 0.0], [0.0, 0.0, 0.0, 0.0, 0.0, 0.0, 0.0, 0.0, 0.0, 0.0], [0.0, 0.0, 0.0, 0.2854, 0.0, 0.0, 0.0, 0.0, 0.0, 0.0], [0.0, 0.0, 0.0, 0.0, 0.0, 0.0, 0.0, 0.0, 0.0, 0.0]]}}
bs_hinuma_vbm: {'band_index': {'1': [45], '-1': []}, 'kpoint_index': [14, 15, 68], 'kpoint': <pymatgen.electronic_structure.bandstructure.Kpoint object at 0x7fc5d4b59e80>, 'energy': 0.08600000000000001, 'projections': {'1': [[0.0, 0.0, 0.2549, 0.0019, 0.0001, 0.0006000000000000001, 0.0006000000000000001, 0.0006000000000000001, 0.0006000000000000001, 0.0001], [0.0009000000000000001, 0.0009000000000000001, 0.0, 0.0, 0.1504, 0.0, 0.0, 0.0, 0.0, 0.1504], [0.0, 0.0, 0.0, 0.0, 0.0, 0.0, 0.0, 0.0541, 0.0541, 0.0], [0.0, 0.0, 0.0, 0.0, 0.0, 0.0541, 0.0541, 0.0, 0.0, 0.0], [0.0, 0.0, 0.0, 0.0, 0.0, 0.0, 0.0, 0.0, 0.0, 0.0], [0.0, 0.0, 0.0, 0.0, 0.0, 0.0, 0.0, 0.0, 0.0, 0.0], [0.0, 0.0, 0.0002, 0.0284, 0.0, 0.0, 0.0, 0.0, 0.0, 0.0], [0.0001, 0.0001, 0.0, 0.0, 0.0, 0.0, 0.0, 0.0, 0.0, 0.0], [0.0, 0.0, 0.0005, 0.0853, 0.0, 0.0, 0.0, 0.0, 0.0, 0.0]]}}
bs_hinuma_efermi: 0.28499918
bs_latimer_munro_task_id: mp-2688724
bs_latimer_munro_band_gap: 2.9057
bs_latimer_munro_cbm: {'band_index': {'-1': [41], '1': []}, 'kpoint_index': [63, 64, 116], 'kpoint': <pymatgen.electronic_structure.bandstructure.Kpoint object at 0x7fc5d4b59d30>, 'energy': 2.9917, 'projections': {'-1': [[0.00030000000000000003, 0.00030000000000000003, 0.0, 0.0004, 0.0001, 0.0001, 0.0001, 0.0001, 0.0001, 0.0001], [0.0002, 0.0002, 0.0014, 0.0, 0.0001, 0.0044, 0.0045000000000000005, 0.0044, 0.0044, 0.0001], [0.0002, 0.0002, 0.0014, 0.0, 0.0044, 0.0044, 0.0044, 0.0001, 0.0001, 0.0044], [0.0002, 0.0002, 0.0014, 0.0, 0.0044, 0.0001, 0.0001, 0.0044, 0.0044, 0.0044], [0.0, 0.0, 0.0, 0.2862, 0.0, 0.0, 0.0, 0.0, 0.0, 0.0], [0.0, 0.0, 0.0, 0.2853, 0.0, 0.0, 0.0, 0.0, 0.0, 0.0], [0.0, 0.0, 0.0, 0.0, 0.0, 0.0, 0.0, 0.0, 0.0, 0.0], [0.0, 0.0, 0.0, 0.2854, 0.0, 0.0, 0.0, 0.0, 0.0, 0.0], [0.0, 0.0, 0.0, 0.0, 0.0, 0.0, 0.0, 0.0, 0.0, 0.0]]}}
bs_latimer_munro_vbm: {'band_index': {'1': [45], '-1': []}, 'kpoint_index': [82, 83, 89], 'kpoint': <pymatgen.electronic_structure.bandstructure.Kpoint object at 0x7fc5d4b5a190>, 'energy': 0.08600000000000001, 'projections': {'1': [[0.0, 0.0, 0.2549, 0.0019, 0.0006000000000000001, 0.0006000000000000001, 0.0006000000000000001, 0.0001, 0.0001, 0.0006000000000000001], [0.0, 0.0, 0.0, 0.0, 0.0541, 0.0, 0.0, 0.0, 0.0, 0.0541], [0.0009000000000000001, 0.0009000000000000001, 0.0, 0.0, 0.0, 0.0, 0.0, 0.1504, 0.1504, 0.0], [0.0, 0.0, 0.0, 0.0, 0.0, 0.0541, 0.0541, 0.0, 0.0, 0.0], [0.0001, 0.0001, 0.0, 0.0, 0.0, 0.0, 0.0, 0.0, 0.0, 0.0], [0.0, 0.0, 0.0, 0.0, 0.0, 0.0, 0.0, 0.0, 0.0, 0.0], [0.0, 0.0, 0.0007, 0.11370000000000001, 0.0, 0.0, 0.0, 0.0, 0.0, 0.0], [0.0, 0.0, 0.0, 0.0, 0.0, 0.0, 0.0, 0.0, 0.0, 0.0], [0.0, 0.0, 0.0, 0.0, 0.0, 0.0, 0.0, 0.0, 0.0, 0.0]]}}
bs_latimer_munro_efermi: 0.27410252