material_id: mp-556439
band_gap: 0.5788
efermi: 0.71965513
dos_magnetic_ordering: NM
dos_total_task_id: mp-1672317
dos_total_band_gap: 0.6198
dos_total_cbm: 1.2551
dos_total_vbm: 0.6353
dos_total_efermi: 0.63769158
bs_setyawan_curtarolo_task_id: mp-1598298
bs_setyawan_curtarolo_band_gap: 0.5788
bs_setyawan_curtarolo_cbm: {'band_index': {'1': [40]}, 'kpoint_index': [71], 'kpoint': <pymatgen.electronic_structure.bandstructure.Kpoint object at 0x7fc699d63930>, 'energy': 1.2095, 'projections': {'1': [[0.0, 0.0, 0.0, 0.0, 0.0, 0.0, 0.0002, 0.0002, 0.0002, 0.0002, 0.0002, 0.0002, 0.0002, 0.0002], [0.0019, 0.0, 0.0, 0.0019, 0.0019, 0.0019, 0.0029000000000000002, 0.0029000000000000002, 0.0029000000000000002, 0.0029000000000000002, 0.0016, 0.0016, 0.0016, 0.0016], [0.041100000000000005, 0.0, 0.0, 0.041100000000000005, 0.041100000000000005, 0.041100000000000005, 0.07060000000000001, 0.07060000000000001, 0.07060000000000001, 0.07060000000000001, 0.0146, 0.0146, 0.0146, 0.0146], [0.0002, 0.0004, 0.0004, 0.0002, 0.0002, 0.0002, 0.0, 0.0, 0.0, 0.0, 0.0002, 0.0002, 0.0002, 0.0002], [0.0, 0.0, 0.0, 0.0, 0.0, 0.0, 0.0, 0.0, 0.0, 0.0, 0.0, 0.0, 0.0, 0.0], [0.0, 0.0, 0.0, 0.0, 0.0, 0.0, 0.0, 0.0, 0.0, 0.0, 0.0, 0.0, 0.0, 0.0], [0.0, 0.0, 0.0, 0.0, 0.0, 0.0, 0.0, 0.0, 0.0, 0.0, 0.0, 0.0, 0.0, 0.0], [0.0, 0.0, 0.0, 0.0, 0.0, 0.0, 0.0, 0.0, 0.0, 0.0, 0.0, 0.0, 0.0, 0.0], [0.0, 0.0, 0.0, 0.0, 0.0, 0.0, 0.0, 0.0, 0.0, 0.0, 0.0, 0.0, 0.0, 0.0]]}}
bs_setyawan_curtarolo_vbm: {'band_index': {'1': [39]}, 'kpoint_index': [8, 9, 58], 'kpoint': <pymatgen.electronic_structure.bandstructure.Kpoint object at 0x7fc5d4b5a430>, 'energy': 0.6307, 'projections': {'1': [[0.0001, 0.0, 0.0, 0.0001, 0.0001, 0.0001, 0.0001, 0.0001, 0.0001, 0.0001, 0.0, 0.0, 0.0, 0.0], [0.0001, 0.0199, 0.0199, 0.0001, 0.0001, 0.0001, 0.0028, 0.0028, 0.0028, 0.0028, 0.0016, 0.0016, 0.0016, 0.0016], [0.006500000000000001, 0.1406, 0.1406, 0.006500000000000001, 0.006500000000000001, 0.006500000000000001, 0.0258, 0.0258, 0.0258, 0.0258, 0.038, 0.038, 0.038, 0.038], [0.0, 0.0, 0.0, 0.0, 0.0, 0.0, 0.0001, 0.0001, 0.0001, 0.0001, 0.0001, 0.0001, 0.0001, 0.0001], [0.0, 0.0, 0.0, 0.0, 0.0, 0.0, 0.0, 0.0, 0.0, 0.0, 0.0, 0.0, 0.0, 0.0], [0.0, 0.0, 0.0, 0.0, 0.0, 0.0, 0.0, 0.0, 0.0, 0.0, 0.0, 0.0, 0.0, 0.0], [0.0, 0.0, 0.0, 0.0, 0.0, 0.0, 0.0, 0.0, 0.0, 0.0, 0.0, 0.0, 0.0, 0.0], [0.0, 0.0, 0.0, 0.0, 0.0, 0.0, 0.0, 0.0, 0.0, 0.0, 0.0, 0.0, 0.0, 0.0], [0.0, 0.0, 0.0, 0.0, 0.0, 0.0, 0.0, 0.0, 0.0, 0.0, 0.0, 0.0, 0.0, 0.0]]}}
bs_setyawan_curtarolo_efermi: 0.71965513
bs_latimer_munro_task_id: mp-2322341
bs_latimer_munro_band_gap: 0.5788
bs_latimer_munro_cbm: {'band_index': {'1': [40]}, 'kpoint_index': [129], 'kpoint': <pymatgen.electronic_structure.bandstructure.Kpoint object at 0x7fc5d4b5a3c0>, 'energy': 1.2095, 'projections': {'1': [[0.0, 0.0, 0.0, 0.0, 0.0, 0.0, 0.0002, 0.0002, 0.0002, 0.0002, 0.0002, 0.0002, 0.0002, 0.0002], [0.0019, 0.0, 0.0, 0.0019, 0.0019, 0.0019, 0.0029000000000000002, 0.0029000000000000002, 0.0029000000000000002, 0.0029000000000000002, 0.0016, 0.0016, 0.0016, 0.0016], [0.041100000000000005, 0.0, 0.0, 0.041100000000000005, 0.041100000000000005, 0.041100000000000005, 0.07060000000000001, 0.07060000000000001, 0.07060000000000001, 0.07060000000000001, 0.0146, 0.0146, 0.0146, 0.0146], [0.0002, 0.0004, 0.0004, 0.0002, 0.0002, 0.0002, 0.0, 0.0, 0.0, 0.0, 0.0002, 0.0002, 0.0002, 0.0002], [0.0, 0.0, 0.0, 0.0, 0.0, 0.0, 0.0, 0.0, 0.0, 0.0, 0.0, 0.0, 0.0, 0.0], [0.0, 0.0, 0.0, 0.0, 0.0, 0.0, 0.0, 0.0, 0.0, 0.0, 0.0, 0.0, 0.0, 0.0], [0.0, 0.0, 0.0, 0.0, 0.0, 0.0, 0.0, 0.0, 0.0, 0.0, 0.0, 0.0, 0.0, 0.0], [0.0, 0.0, 0.0, 0.0, 0.0, 0.0, 0.0, 0.0, 0.0, 0.0, 0.0, 0.0, 0.0, 0.0], [0.0, 0.0, 0.0, 0.0, 0.0, 0.0, 0.0, 0.0, 0.0, 0.0, 0.0, 0.0, 0.0, 0.0]]}}
bs_latimer_munro_vbm: {'band_index': {'1': [39]}, 'kpoint_index': [106, 107, 116], 'kpoint': <pymatgen.electronic_structure.bandstructure.Kpoint object at 0x7fc5d4b59e80>, 'energy': 0.6307, 'projections': {'1': [[0.0001, 0.0, 0.0, 0.0001, 0.0001, 0.0001, 0.0001, 0.0001, 0.0001, 0.0001, 0.0, 0.0, 0.0, 0.0], [0.0001, 0.0199, 0.0199, 0.0001, 0.0001, 0.0001, 0.0028, 0.0028, 0.0028, 0.0028, 0.0016, 0.0016, 0.0016, 0.0016], [0.006500000000000001, 0.1406, 0.1406, 0.006500000000000001, 0.006500000000000001, 0.006500000000000001, 0.0258, 0.0258, 0.0258, 0.0258, 0.038, 0.038, 0.038, 0.038], [0.0, 0.0, 0.0, 0.0, 0.0, 0.0, 0.0001, 0.0001, 0.0001, 0.0001, 0.0001, 0.0001, 0.0001, 0.0001], [0.0, 0.0, 0.0, 0.0, 0.0, 0.0, 0.0, 0.0, 0.0, 0.0, 0.0, 0.0, 0.0, 0.0], [0.0, 0.0, 0.0, 0.0, 0.0, 0.0, 0.0, 0.0, 0.0, 0.0, 0.0, 0.0, 0.0, 0.0], [0.0, 0.0, 0.0, 0.0, 0.0, 0.0, 0.0, 0.0, 0.0, 0.0, 0.0, 0.0, 0.0, 0.0], [0.0, 0.0, 0.0, 0.0, 0.0, 0.0, 0.0, 0.0, 0.0, 0.0, 0.0, 0.0, 0.0, 0.0], [0.0, 0.0, 0.0, 0.0, 0.0, 0.0, 0.0, 0.0, 0.0, 0.0, 0.0, 0.0, 0.0, 0.0]]}}
bs_latimer_munro_efermi: 0.71782128