material_id: mp-554979
band_gap: 1.4988000000000001
efermi: 1.9933771
dos_magnetic_ordering: FiM
dos_total_task_id: mp-1670826
dos_total_band_gap: 2.3988
dos_total_cbm: 4.0971
dos_total_vbm: 1.6983000000000001
dos_total_efermi: 1.99813976
bs_setyawan_curtarolo_task_id: mp-710662
bs_setyawan_curtarolo_band_gap: 1.4988000000000001
bs_setyawan_curtarolo_cbm: {'band_index': {'1': [92], '-1': []}, 'kpoint_index': ['93'], 'kpoint': <pymatgen.electronic_structure.bandstructure.Kpoint object at 0x7fc699d63930>, 'energy': 3.3623, 'projections': {'1': [[0.0014, 0.0014, 0.0014, 0.0014, 0.0, 0.0, 0.0, 0.0, 0.0, 0.0, 0.0006000000000000001, 0.0006000000000000001, 0.0033, 0.0033, 0.0033, 0.0033, 0.0006000000000000001, 0.0006000000000000001, 0.0033, 0.0033, 0.0033, 0.0033], [0.0, 0.0, 0.0, 0.0, 0.0007, 0.0007, 0.0007, 0.0007, 0.0, 0.0, 0.0, 0.0, 0.0032, 0.0032, 0.0032, 0.0032, 0.0, 0.0, 0.0032, 0.0032, 0.0032, 0.0032], [0.0, 0.0, 0.0, 0.0, 0.0, 0.0, 0.0, 0.0, 0.0, 0.0, 0.0108, 0.0108, 0.0198, 0.0198, 0.0198, 0.0198, 0.0108, 0.0108, 0.0198, 0.0198, 0.0198, 0.0198], [0.0036000000000000003, 0.0036000000000000003, 0.0036000000000000003, 0.0036000000000000003, 0.0, 0.0, 0.0, 0.0, 0.0, 0.0, 0.0053, 0.0053, 0.0071, 0.0071, 0.0071, 0.0071, 0.0053, 0.0053, 0.0071, 0.0071, 0.0071, 0.0071], [0.0, 0.0, 0.0, 0.0, 0.0048000000000000004, 0.0048000000000000004, 0.0048000000000000004, 0.0048000000000000004, 0.0, 0.0, 0.0, 0.0, 0.0, 0.0, 0.0, 0.0, 0.0, 0.0, 0.0, 0.0, 0.0, 0.0], [0.0, 0.0, 0.0, 0.0, 0.0024000000000000002, 0.0024000000000000002, 0.0024000000000000002, 0.0024000000000000002, 0.0, 0.0, 0.0, 0.0, 0.0, 0.0, 0.0, 0.0, 0.0, 0.0, 0.0, 0.0, 0.0, 0.0], [0.0, 0.0, 0.0, 0.0, 0.0011, 0.0011, 0.0011, 0.0011, 0.0011, 0.0011, 0.0, 0.0, 0.0, 0.0, 0.0, 0.0, 0.0, 0.0, 0.0, 0.0, 0.0, 0.0], [0.0, 0.0, 0.0, 0.0, 0.0736, 0.0736, 0.0736, 0.0736, 0.0007, 0.0007, 0.0, 0.0, 0.0, 0.0, 0.0, 0.0, 0.0, 0.0, 0.0, 0.0, 0.0, 0.0], [0.0, 0.0, 0.0, 0.0, 0.048100000000000004, 0.048100000000000004, 0.048100000000000004, 0.048100000000000004, 0.0, 0.0, 0.0, 0.0, 0.0, 0.0, 0.0, 0.0, 0.0, 0.0, 0.0, 0.0, 0.0, 0.0]]}}
bs_setyawan_curtarolo_vbm: {'band_index': {'1': [91], '-1': []}, 'kpoint_index': [17, 18], 'kpoint': <pymatgen.electronic_structure.bandstructure.Kpoint object at 0x7fc5d4b5a350>, 'energy': 1.8635000000000002, 'projections': {'1': [[0.0, 0.0, 0.0, 0.0, 0.0, 0.0, 0.0, 0.0, 0.0004, 0.0004, 0.0005, 0.0005, 0.0002, 0.0002, 0.0002, 0.0002, 0.0005, 0.0005, 0.0002, 0.0002, 0.0002, 0.0002], [0.0005, 0.0005, 0.0005, 0.0005, 0.0001, 0.0001, 0.0001, 0.0001, 0.0, 0.0, 0.0, 0.0, 0.0131, 0.0131, 0.0131, 0.0131, 0.0, 0.0, 0.0131, 0.0131, 0.0131, 0.0131], [0.00030000000000000003, 0.00030000000000000003, 0.00030000000000000003, 0.00030000000000000003, 0.0001, 0.0001, 0.0001, 0.0001, 0.0, 0.0, 0.0565, 0.0565, 0.011600000000000001, 0.011600000000000001, 0.011600000000000001, 0.011600000000000001, 0.0565, 0.0565, 0.011600000000000001, 0.011600000000000001, 0.011600000000000001, 0.011600000000000001], [0.0, 0.0, 0.0, 0.0, 0.0, 0.0, 0.0, 0.0, 0.0, 0.0, 0.037, 0.037, 0.0024000000000000002, 0.0025, 0.0024000000000000002, 0.0025, 0.037, 0.037, 0.0025, 0.0025, 0.0025, 0.0025], [0.0, 0.0, 0.0, 0.0, 0.010100000000000001, 0.010100000000000001, 0.010100000000000001, 0.010100000000000001, 0.0, 0.0, 0.0, 0.0, 0.0, 0.0, 0.0, 0.0, 0.0, 0.0, 0.0, 0.0, 0.0, 0.0], [0.0, 0.0, 0.0, 0.0, 0.0001, 0.0001, 0.0001, 0.0001, 0.0, 0.0, 0.0, 0.0, 0.0, 0.0, 0.0, 0.0, 0.0, 0.0, 0.0, 0.0, 0.0, 0.0], [0.0, 0.0, 0.0, 0.0, 0.0079, 0.0079, 0.0079, 0.0079, 0.0004, 0.0004, 0.0, 0.0, 0.0, 0.0, 0.0, 0.0, 0.0, 0.0, 0.0, 0.0, 0.0, 0.0], [0.0, 0.0, 0.0, 0.0, 0.0006000000000000001, 0.0006000000000000001, 0.0006000000000000001, 0.0006000000000000001, 0.038400000000000004, 0.038400000000000004, 0.0, 0.0, 0.0, 0.0, 0.0, 0.0, 0.0, 0.0, 0.0, 0.0, 0.0, 0.0], [0.0, 0.0, 0.0, 0.0, 0.0022, 0.0022, 0.0022, 0.0022, 0.028800000000000003, 0.028800000000000003, 0.0, 0.0, 0.0, 0.0, 0.0, 0.0, 0.0, 0.0, 0.0, 0.0, 0.0, 0.0]]}}
bs_setyawan_curtarolo_efermi: 1.9933771