material_id: mp-555678
band_gap: 2.4744
efermi: 2.07021066
dos_magnetic_ordering: NM
dos_total_task_id: mp-1670625
dos_total_band_gap: 2.4603
dos_total_cbm: 4.5232
dos_total_vbm: 2.0629
dos_total_efermi: 2.04938142
bs_setyawan_curtarolo_task_id: mp-1609378
bs_setyawan_curtarolo_band_gap: 2.4744
bs_setyawan_curtarolo_cbm: {'band_index': {'1': [75, 76]}, 'kpoint_index': [48, 49, 89], 'kpoint': <pymatgen.electronic_structure.bandstructure.Kpoint object at 0x7fc699d63930>, 'energy': 4.4465, 'projections': {'1': [[0.0, 0.0, 0.0, 0.0, 0.0, 0.0, 0.0, 0.0, 0.0, 0.0, 0.0, 0.0, 0.0, 0.0, 0.0, 0.0001, 0.0, 0.0, 0.0001, 0.0, 0.0], [0.0, 0.0, 0.0001, 0.0001, 0.0005, 0.0, 0.0004, 0.0005, 0.0004, 0.0001, 0.001, 0.0005, 0.0008, 0.0002, 0.0005, 0.0001, 0.0002, 0.0001, 0.0001, 0.001, 0.0008], [0.0, 0.0, 0.0, 0.0, 0.0, 0.0, 0.0, 0.0, 0.0, 0.0004, 0.0001, 0.0001, 0.0004, 0.0004, 0.0001, 0.0, 0.0004, 0.0004, 0.0, 0.0001, 0.0004], [0.0, 0.0, 0.0, 0.0, 0.0004, 0.0, 0.0, 0.0004, 0.0, 0.0, 0.0001, 0.0012000000000000001, 0.0004, 0.0014, 0.0012000000000000001, 0.0001, 0.0014, 0.0, 0.0001, 0.0001, 0.0004], [0.0, 0.0, 0.0, 0.0, 0.0009000000000000001, 0.0134, 0.0843, 0.0009000000000000001, 0.0843, 0.0, 0.0, 0.0, 0.0, 0.0, 0.0, 0.0, 0.0, 0.0, 0.0, 0.0, 0.0], [0.0, 0.0, 0.0, 0.0, 0.0007, 0.0352, 0.067, 0.0007, 0.067, 0.0, 0.0, 0.0, 0.0, 0.0, 0.0, 0.0, 0.0, 0.0, 0.0, 0.0, 0.0], [0.0, 0.0, 0.0, 0.0, 0.0, 0.0, 0.0, 0.0, 0.0, 0.0, 0.0, 0.0, 0.0, 0.0, 0.0, 0.0, 0.0, 0.0, 0.0, 0.0, 0.0], [0.0, 0.0, 0.0, 0.0, 0.007200000000000001, 0.0937, 0.0005, 0.007200000000000001, 0.0005, 0.0, 0.0, 0.0, 0.0, 0.0, 0.0, 0.0, 0.0, 0.0, 0.0, 0.0, 0.0], [0.0, 0.0, 0.0, 0.0, 0.0045000000000000005, 0.34990000000000004, 0.025, 0.0045000000000000005, 0.025, 0.0, 0.0, 0.0, 0.0, 0.0, 0.0, 0.0, 0.0, 0.0, 0.0, 0.0, 0.0]]}}
bs_setyawan_curtarolo_vbm: {'band_index': {'1': [74]}, 'kpoint_index': [14, 15, 97], 'kpoint': <pymatgen.electronic_structure.bandstructure.Kpoint object at 0x7fc5d4b5a190>, 'energy': 1.9721000000000002, 'projections': {'1': [[0.0, 0.0, 0.0001, 0.0001, 0.0007, 0.0005, 0.0001, 0.0007, 0.0001, 0.0001, 0.0, 0.0001, 0.0, 0.0, 0.0001, 0.0, 0.0, 0.0001, 0.0, 0.0, 0.0], [0.0002, 0.0002, 0.00030000000000000003, 0.00030000000000000003, 0.0001, 0.0, 0.0, 0.0001, 0.0, 0.029300000000000003, 0.0024000000000000002, 0.001, 0.027600000000000003, 0.0766, 0.001, 0.0, 0.0766, 0.029300000000000003, 0.0, 0.0024000000000000002, 0.027600000000000003], [0.0001, 0.0001, 0.0, 0.0, 0.0011, 0.0, 0.0011, 0.0011, 0.0011, 0.0024000000000000002, 0.0579, 0.0002, 0.029900000000000003, 0.0458, 0.0002, 0.005200000000000001, 0.0458, 0.0024000000000000002, 0.005200000000000001, 0.0579, 0.029900000000000003], [0.0012000000000000001, 0.0012000000000000001, 0.0002, 0.0002, 0.0015, 0.0, 0.0001, 0.0015, 0.0001, 0.0027, 0.0279, 0.0002, 0.0592, 0.0, 0.0002, 0.0012000000000000001, 0.0, 0.0027, 0.0012000000000000001, 0.0279, 0.0592], [0.0, 0.0, 0.0, 0.0, 0.00030000000000000003, 0.0, 0.0001, 0.00030000000000000003, 0.0001, 0.0, 0.0, 0.0, 0.0, 0.0, 0.0, 0.0, 0.0, 0.0, 0.0, 0.0, 0.0], [0.0, 0.0, 0.0, 0.0, 0.0036000000000000003, 0.0001, 0.0015, 0.0036000000000000003, 0.0015, 0.0, 0.0, 0.0, 0.0, 0.0, 0.0, 0.0, 0.0, 0.0, 0.0, 0.0, 0.0], [0.0, 0.0, 0.0, 0.0, 0.0015, 0.0001, 0.0007, 0.0015, 0.0007, 0.0, 0.0, 0.0, 0.0, 0.0, 0.0, 0.0, 0.0, 0.0, 0.0, 0.0, 0.0], [0.0, 0.0, 0.0, 0.0, 0.0, 0.0, 0.0, 0.0, 0.0, 0.0, 0.0, 0.0, 0.0, 0.0, 0.0, 0.0, 0.0, 0.0, 0.0, 0.0, 0.0], [0.0, 0.0, 0.0, 0.0, 0.0016, 0.0001, 0.0001, 0.0016, 0.0001, 0.0, 0.0, 0.0, 0.0, 0.0, 0.0, 0.0, 0.0, 0.0, 0.0, 0.0, 0.0]]}}
bs_setyawan_curtarolo_efermi: 2.07021066
bs_hinuma_task_id: mp-2140848
bs_hinuma_band_gap: 2.4744
bs_hinuma_cbm: {'band_index': {'1': [75, 76]}, 'kpoint_index': [48, 49, 89], 'kpoint': <pymatgen.electronic_structure.bandstructure.Kpoint object at 0x7fc5d4b59d30>, 'energy': 4.4465, 'projections': {'1': [[0.0, 0.0, 0.0, 0.0, 0.0, 0.0, 0.0, 0.0, 0.0, 0.0, 0.0, 0.0, 0.0, 0.0, 0.0, 0.0001, 0.0, 0.0, 0.0001, 0.0, 0.0], [0.0, 0.0, 0.0001, 0.0001, 0.0005, 0.0, 0.0004, 0.0005, 0.0004, 0.0001, 0.001, 0.0005, 0.0008, 0.0002, 0.0005, 0.0001, 0.0002, 0.0001, 0.0001, 0.001, 0.0008], [0.0, 0.0, 0.0, 0.0, 0.0, 0.0, 0.0, 0.0, 0.0, 0.0004, 0.0001, 0.0001, 0.0004, 0.0004, 0.0001, 0.0, 0.0004, 0.0004, 0.0, 0.0001, 0.0004], [0.0, 0.0, 0.0, 0.0, 0.0004, 0.0, 0.0, 0.0004, 0.0, 0.0, 0.0001, 0.0012000000000000001, 0.0004, 0.0014, 0.0012000000000000001, 0.0001, 0.0014, 0.0, 0.0001, 0.0001, 0.0004], [0.0, 0.0, 0.0, 0.0, 0.0009000000000000001, 0.0134, 0.0843, 0.0009000000000000001, 0.0843, 0.0, 0.0, 0.0, 0.0, 0.0, 0.0, 0.0, 0.0, 0.0, 0.0, 0.0, 0.0], [0.0, 0.0, 0.0, 0.0, 0.0007, 0.0352, 0.067, 0.0007, 0.067, 0.0, 0.0, 0.0, 0.0, 0.0, 0.0, 0.0, 0.0, 0.0, 0.0, 0.0, 0.0], [0.0, 0.0, 0.0, 0.0, 0.0, 0.0, 0.0, 0.0, 0.0, 0.0, 0.0, 0.0, 0.0, 0.0, 0.0, 0.0, 0.0, 0.0, 0.0, 0.0, 0.0], [0.0, 0.0, 0.0, 0.0, 0.007200000000000001, 0.0937, 0.0005, 0.007200000000000001, 0.0005, 0.0, 0.0, 0.0, 0.0, 0.0, 0.0, 0.0, 0.0, 0.0, 0.0, 0.0, 0.0], [0.0, 0.0, 0.0, 0.0, 0.0045000000000000005, 0.34990000000000004, 0.025, 0.0045000000000000005, 0.025, 0.0, 0.0, 0.0, 0.0, 0.0, 0.0, 0.0, 0.0, 0.0, 0.0, 0.0, 0.0]]}}
bs_hinuma_vbm: {'band_index': {'1': [74]}, 'kpoint_index': [14, 15, 97], 'kpoint': <pymatgen.electronic_structure.bandstructure.Kpoint object at 0x7fc5d4b59c50>, 'energy': 1.9721000000000002, 'projections': {'1': [[0.0, 0.0, 0.0001, 0.0001, 0.0007, 0.0005, 0.0001, 0.0007, 0.0001, 0.0001, 0.0, 0.0001, 0.0, 0.0, 0.0001, 0.0, 0.0, 0.0001, 0.0, 0.0, 0.0], [0.0002, 0.0002, 0.00030000000000000003, 0.00030000000000000003, 0.0001, 0.0, 0.0, 0.0001, 0.0, 0.029300000000000003, 0.0024000000000000002, 0.001, 0.027600000000000003, 0.0766, 0.001, 0.0, 0.0766, 0.029300000000000003, 0.0, 0.0024000000000000002, 0.027600000000000003], [0.0001, 0.0001, 0.0, 0.0, 0.0011, 0.0, 0.0011, 0.0011, 0.0011, 0.0024000000000000002, 0.0579, 0.0002, 0.029900000000000003, 0.0458, 0.0002, 0.005200000000000001, 0.0458, 0.0024000000000000002, 0.005200000000000001, 0.0579, 0.029900000000000003], [0.0012000000000000001, 0.0012000000000000001, 0.0002, 0.0002, 0.0015, 0.0, 0.0001, 0.0015, 0.0001, 0.0027, 0.0279, 0.0002, 0.0592, 0.0, 0.0002, 0.0012000000000000001, 0.0, 0.0027, 0.0012000000000000001, 0.0279, 0.0592], [0.0, 0.0, 0.0, 0.0, 0.00030000000000000003, 0.0, 0.0001, 0.00030000000000000003, 0.0001, 0.0, 0.0, 0.0, 0.0, 0.0, 0.0, 0.0, 0.0, 0.0, 0.0, 0.0, 0.0], [0.0, 0.0, 0.0, 0.0, 0.0036000000000000003, 0.0001, 0.0015, 0.0036000000000000003, 0.0015, 0.0, 0.0, 0.0, 0.0, 0.0, 0.0, 0.0, 0.0, 0.0, 0.0, 0.0, 0.0], [0.0, 0.0, 0.0, 0.0, 0.0015, 0.0001, 0.0007, 0.0015, 0.0007, 0.0, 0.0, 0.0, 0.0, 0.0, 0.0, 0.0, 0.0, 0.0, 0.0, 0.0, 0.0], [0.0, 0.0, 0.0, 0.0, 0.0, 0.0, 0.0, 0.0, 0.0, 0.0, 0.0, 0.0, 0.0, 0.0, 0.0, 0.0, 0.0, 0.0, 0.0, 0.0, 0.0], [0.0, 0.0, 0.0, 0.0, 0.0016, 0.0001, 0.0001, 0.0016, 0.0001, 0.0, 0.0, 0.0, 0.0, 0.0, 0.0, 0.0, 0.0, 0.0, 0.0, 0.0, 0.0]]}}
bs_hinuma_efermi: 2.07021066
bs_latimer_munro_task_id: mp-2324066
bs_latimer_munro_band_gap: 2.4745
bs_latimer_munro_cbm: {'band_index': {'1': [75, 76]}, 'kpoint_index': [16], 'kpoint': <pymatgen.electronic_structure.bandstructure.Kpoint object at 0x7fc5d4b5a350>, 'energy': 4.4465, 'projections': {'1': [[0.0, 0.0, 0.0, 0.0, 0.0, 0.0, 0.0, 0.0, 0.0, 0.0, 0.0, 0.0, 0.0, 0.0, 0.0, 0.0001, 0.0, 0.0, 0.0001, 0.0, 0.0], [0.0, 0.0, 0.0001, 0.0001, 0.0005, 0.0, 0.0004, 0.0005, 0.0004, 0.0001, 0.001, 0.0004, 0.0008, 0.0002, 0.0004, 0.0001, 0.0002, 0.0001, 0.0001, 0.001, 0.0008], [0.0, 0.0, 0.0, 0.0, 0.0, 0.0, 0.0, 0.0, 0.0, 0.00030000000000000003, 0.0001, 0.0001, 0.00030000000000000003, 0.0004, 0.0001, 0.0, 0.0004, 0.00030000000000000003, 0.0, 0.0001, 0.00030000000000000003], [0.0, 0.0, 0.0, 0.0, 0.0004, 0.0, 0.0, 0.0004, 0.0, 0.0001, 0.0001, 0.0012000000000000001, 0.0004, 0.0014, 0.0012000000000000001, 0.0001, 0.0014, 0.0001, 0.0001, 0.0001, 0.0004], [0.0, 0.0, 0.0, 0.0, 0.0009000000000000001, 0.016800000000000002, 0.0804, 0.0009000000000000001, 0.0804, 0.0, 0.0, 0.0, 0.0, 0.0, 0.0, 0.0, 0.0, 0.0, 0.0, 0.0, 0.0], [0.0, 0.0, 0.0, 0.0, 0.0008, 0.0398, 0.06570000000000001, 0.0008, 0.06570000000000001, 0.0, 0.0, 0.0, 0.0, 0.0, 0.0, 0.0, 0.0, 0.0, 0.0, 0.0, 0.0], [0.0, 0.0, 0.0, 0.0, 0.0, 0.0, 0.0, 0.0, 0.0, 0.0, 0.0, 0.0, 0.0, 0.0, 0.0, 0.0, 0.0, 0.0, 0.0, 0.0, 0.0], [0.0, 0.0, 0.0, 0.0, 0.007200000000000001, 0.0891, 0.0018000000000000002, 0.007200000000000001, 0.0018000000000000002, 0.0, 0.0, 0.0, 0.0, 0.0, 0.0, 0.0, 0.0, 0.0, 0.0, 0.0, 0.0], [0.0, 0.0, 0.0, 0.0, 0.0045000000000000005, 0.34650000000000003, 0.028900000000000002, 0.0045000000000000005, 0.028900000000000002, 0.0, 0.0, 0.0, 0.0, 0.0, 0.0, 0.0, 0.0, 0.0, 0.0, 0.0, 0.0]]}}
bs_latimer_munro_vbm: {'band_index': {'1': [74]}, 'kpoint_index': [54], 'kpoint': <pymatgen.electronic_structure.bandstructure.Kpoint object at 0x7fc5d4b59e80>, 'energy': 1.972, 'projections': {'1': [[0.0, 0.0, 0.0001, 0.0001, 0.0007, 0.0005, 0.0001, 0.0007, 0.0001, 0.0, 0.0001, 0.0001, 0.0, 0.0, 0.0001, 0.0, 0.0, 0.0, 0.0, 0.0001, 0.0], [0.0014, 0.0014, 0.0005, 0.0005, 0.0009000000000000001, 0.0, 0.0001, 0.0009000000000000001, 0.0001, 0.014400000000000001, 0.0, 0.0017000000000000001, 0.0009000000000000001, 0.016300000000000002, 0.0017000000000000001, 0.020800000000000003, 0.016300000000000002, 0.014400000000000001, 0.020800000000000003, 0.0, 0.0009000000000000001], [0.0001, 0.0001, 0.0, 0.0, 0.0011, 0.0, 0.0011, 0.0011, 0.0011, 0.0579, 0.0002, 0.0024000000000000002, 0.005200000000000001, 0.029900000000000003, 0.0024000000000000002, 0.0458, 0.029900000000000003, 0.0579, 0.0458, 0.0002, 0.005200000000000001], [0.0, 0.0, 0.0001, 0.0001, 0.0007, 0.0, 0.0, 0.0007, 0.0, 0.0158, 0.0012000000000000001, 0.0303, 0.00030000000000000003, 0.07060000000000001, 0.0303, 0.055900000000000005, 0.07060000000000001, 0.0158, 0.055900000000000005, 0.0012000000000000001, 0.00030000000000000003], [0.0, 0.0, 0.0, 0.0, 0.0018000000000000002, 0.0, 0.0, 0.0018000000000000002, 0.0, 0.0, 0.0, 0.0, 0.0, 0.0, 0.0, 0.0, 0.0, 0.0, 0.0, 0.0, 0.0], [0.0, 0.0, 0.0, 0.0, 0.0006000000000000001, 0.0001, 0.0004, 0.0006000000000000001, 0.0004, 0.0, 0.0, 0.0, 0.0, 0.0, 0.0, 0.0, 0.0, 0.0, 0.0, 0.0, 0.0], [0.0, 0.0, 0.0, 0.0, 0.0015, 0.0001, 0.0007, 0.0015, 0.0007, 0.0, 0.0, 0.0, 0.0, 0.0, 0.0, 0.0, 0.0, 0.0, 0.0, 0.0, 0.0], [0.0, 0.0, 0.0, 0.0, 0.003, 0.0, 0.0011, 0.003, 0.0011, 0.0, 0.0, 0.0, 0.0, 0.0, 0.0, 0.0, 0.0, 0.0, 0.0, 0.0, 0.0], [0.0, 0.0, 0.0, 0.0, 0.0, 0.0001, 0.0002, 0.0, 0.0002, 0.0, 0.0, 0.0, 0.0, 0.0, 0.0, 0.0, 0.0, 0.0, 0.0, 0.0, 0.0]]}}
bs_latimer_munro_efermi: 2.05068713