material_id: mp-555891
band_gap: 5.3872
efermi: -0.7682684200000001
dos_magnetic_ordering: NM
dos_total_task_id: mp-1696473
dos_total_band_gap: 5.3713
dos_total_cbm: 4.6078
dos_total_vbm: -0.7635000000000001
dos_total_efermi: -0.76060342
bs_setyawan_curtarolo_task_id: mp-669096
bs_setyawan_curtarolo_band_gap: 5.3872
bs_setyawan_curtarolo_cbm: {'band_index': {'1': [32]}, 'kpoint_index': [0], 'kpoint': <pymatgen.electronic_structure.bandstructure.Kpoint object at 0x7fc699d63930>, 'energy': 4.6041, 'projections': {'1': [[0.020200000000000003, 0.020200000000000003, 0.020200000000000003, 0.020200000000000003, 0.0212, 0.020900000000000002, 0.021, 0.021500000000000002, 0.021500000000000002, 0.020900000000000002, 0.0212, 0.021], [0.0, 0.0, 0.0, 0.0, 0.0, 0.0, 0.0, 0.0, 0.0, 0.0, 0.0, 0.0], [0.0, 0.0, 0.0, 0.0, 0.0, 0.0, 0.0, 0.0, 0.0, 0.0, 0.0, 0.0], [0.0, 0.0, 0.0, 0.0, 0.0, 0.0004, 0.0002, 0.0, 0.0, 0.00030000000000000003, 0.0, 0.0002], [0.0, 0.0, 0.0, 0.0, 0.0, 0.0, 0.0, 0.0, 0.0, 0.0, 0.0, 0.0], [0.0, 0.0, 0.0, 0.0, 0.0, 0.0, 0.0, 0.0, 0.0, 0.0, 0.0, 0.0], [0.0, 0.0, 0.0, 0.0, 0.0, 0.0, 0.0, 0.0, 0.0, 0.0, 0.0, 0.0], [0.0, 0.0, 0.0, 0.0, 0.0, 0.0, 0.0, 0.0, 0.0, 0.0, 0.0, 0.0], [0.0, 0.0, 0.0, 0.0, 0.0, 0.0, 0.0, 0.0, 0.0, 0.0, 0.0, 0.0]]}}
bs_setyawan_curtarolo_vbm: {'band_index': {'1': [30, 31]}, 'kpoint_index': [105], 'kpoint': <pymatgen.electronic_structure.bandstructure.Kpoint object at 0x7fc5d4b59c50>, 'energy': -0.7831, 'projections': {'1': [[0.0, 0.0, 0.0, 0.0, 0.0, 0.0, 0.0, 0.0, 0.0, 0.0, 0.0, 0.0], [0.0, 0.0, 0.0, 0.0, 0.1346, 0.0313, 0.0313, 0.0013000000000000002, 0.0004, 0.032100000000000004, 0.11030000000000001, 0.031], [0.0001, 0.0, 0.0, 0.0, 0.00030000000000000003, 0.0961, 0.11, 0.016900000000000002, 0.0006000000000000001, 0.0855, 0.0006000000000000001, 0.07390000000000001], [0.0, 0.0, 0.0, 0.0, 0.0043, 0.0005, 0.0029000000000000002, 0.0, 0.0, 0.0002, 0.0036000000000000003, 0.0015], [0.0, 0.0, 0.0, 0.0, 0.0, 0.0, 0.0, 0.0, 0.0, 0.0, 0.0, 0.0], [0.0, 0.0, 0.0, 0.0, 0.0, 0.0, 0.0, 0.0, 0.0, 0.0, 0.0, 0.0], [0.0, 0.0, 0.0, 0.0, 0.0, 0.0, 0.0, 0.0, 0.0, 0.0, 0.0, 0.0], [0.0, 0.0, 0.0, 0.0, 0.0, 0.0, 0.0, 0.0, 0.0, 0.0, 0.0, 0.0], [0.0, 0.0, 0.0, 0.0, 0.0, 0.0, 0.0, 0.0, 0.0, 0.0, 0.0, 0.0]]}}
bs_setyawan_curtarolo_efermi: -0.7682684200000001
bs_latimer_munro_task_id: mp-2322226
bs_latimer_munro_band_gap: 5.3963
bs_latimer_munro_cbm: {'band_index': {'1': [32]}, 'kpoint_index': [44, 45, 171, 172, 187, 205, 220], 'kpoint': <pymatgen.electronic_structure.bandstructure.Kpoint object at 0x7fc5d4b59e80>, 'energy': 4.6167, 'projections': {'1': [[0.02, 0.02, 0.02, 0.02, 0.021, 0.021, 0.0212, 0.020900000000000002, 0.021400000000000002, 0.0212, 0.020900000000000002, 0.021400000000000002], [0.0, 0.0, 0.0, 0.0, 0.0, 0.0, 0.0, 0.0, 0.0, 0.0, 0.0, 0.0], [0.0, 0.0, 0.0, 0.0, 0.0, 0.0, 0.0, 0.0, 0.0, 0.0, 0.0, 0.0], [0.0, 0.0, 0.0, 0.0, 0.0002, 0.0002, 0.0, 0.00030000000000000003, 0.0, 0.0, 0.00030000000000000003, 0.0], [0.0, 0.0, 0.0, 0.0, 0.0, 0.0, 0.0, 0.0, 0.0, 0.0, 0.0, 0.0], [0.0, 0.0, 0.0, 0.0, 0.0, 0.0, 0.0, 0.0, 0.0, 0.0, 0.0, 0.0], [0.0, 0.0, 0.0, 0.0, 0.0, 0.0, 0.0, 0.0, 0.0, 0.0, 0.0, 0.0], [0.0, 0.0, 0.0, 0.0, 0.0, 0.0, 0.0, 0.0, 0.0, 0.0, 0.0, 0.0], [0.0, 0.0, 0.0, 0.0, 0.0, 0.0, 0.0, 0.0, 0.0, 0.0, 0.0, 0.0]]}}
bs_latimer_munro_vbm: {'band_index': {'1': [30, 31]}, 'kpoint_index': [109, 110, 228, 229, 244, 262, 277], 'kpoint': <pymatgen.electronic_structure.bandstructure.Kpoint object at 0x7fc5d4b59d30>, 'energy': -0.7796000000000001, 'projections': {'1': [[0.0, 0.0, 0.0, 0.0, 0.0, 0.0, 0.0, 0.0, 0.0, 0.0, 0.0, 0.0], [0.0, 0.0, 0.0, 0.0, 0.0178, 0.0414, 0.067, 0.0425, 0.0004, 0.1826, 0.0179, 0.0017000000000000001], [0.0, 0.0, 0.0, 0.0, 0.0461, 0.1423, 0.0006000000000000001, 0.12290000000000001, 0.0032, 0.0002, 0.056600000000000004, 0.0132], [0.0, 0.0, 0.0, 0.0, 0.0026000000000000003, 0.0023, 0.0049, 0.0001, 0.0, 0.0026000000000000003, 0.0004, 0.0], [0.0, 0.0, 0.0, 0.0, 0.0, 0.0, 0.0, 0.0, 0.0, 0.0, 0.0, 0.0], [0.0, 0.0, 0.0, 0.0, 0.0, 0.0, 0.0, 0.0, 0.0, 0.0, 0.0, 0.0], [0.0, 0.0, 0.0, 0.0, 0.0, 0.0, 0.0, 0.0, 0.0, 0.0, 0.0, 0.0], [0.0, 0.0, 0.0, 0.0, 0.0, 0.0, 0.0, 0.0, 0.0, 0.0, 0.0, 0.0], [0.0, 0.0, 0.0, 0.0, 0.0, 0.0, 0.0, 0.0, 0.0, 0.0, 0.0, 0.0]]}}
bs_latimer_munro_efermi: -0.64353061