material_id: mp-510240
band_gap: 0.1922
efermi: 2.21040973
dos_magnetic_ordering: NM
dos_total_task_id: mp-1670820
dos_total_band_gap: 0.18450000000000003
dos_total_cbm: 2.3448
dos_total_vbm: 2.1603
dos_total_efermi: 2.16101913
bs_setyawan_curtarolo_task_id: mp-1630134
bs_setyawan_curtarolo_band_gap: 0.1922
bs_setyawan_curtarolo_cbm: {'band_index': {'1': [80]}, 'kpoint_index': [0, 394, 395, 549], 'kpoint': <pymatgen.electronic_structure.bandstructure.Kpoint object at 0x7fc699d63930>, 'energy': 2.338, 'projections': {'1': [[0.0058000000000000005, 0.0058000000000000005, 0.0055000000000000005, 0.0055000000000000005, 0.0074, 0.0074, 0.019200000000000002, 0.019200000000000002, 0.0188, 0.0188, 0.006, 0.006, 0.0207, 0.0207, 0.0131, 0.0131, 0.0125, 0.0125], [0.0001, 0.0001, 0.0006000000000000001, 0.0006000000000000001, 0.0009000000000000001, 0.0009000000000000001, 0.0009000000000000001, 0.0009000000000000001, 0.003, 0.003, 0.001, 0.001, 0.0002, 0.0002, 0.0368, 0.0368, 0.031, 0.031], [0.0, 0.0, 0.00030000000000000003, 0.00030000000000000003, 0.0002, 0.0002, 0.0023, 0.0023, 0.0, 0.0, 0.00030000000000000003, 0.00030000000000000003, 0.0013000000000000002, 0.0013000000000000002, 0.0001, 0.0001, 0.006, 0.006], [0.0, 0.0, 0.0, 0.0, 0.0, 0.0, 0.0, 0.0, 0.0, 0.0, 0.0, 0.0, 0.0, 0.0, 0.0, 0.0, 0.0, 0.0], [0.0, 0.0, 0.0, 0.0, 0.0, 0.0, 0.0, 0.0, 0.0, 0.0, 0.0, 0.0, 0.0, 0.0, 0.0, 0.0, 0.0, 0.0], [0.0001, 0.0001, 0.0, 0.0, 0.0001, 0.0001, 0.0051, 0.0051, 0.0004, 0.0004, 0.0014, 0.0014, 0.0, 0.0, 0.0, 0.0, 0.0, 0.0], [0.0001, 0.0001, 0.0, 0.0, 0.0007, 0.0007, 0.001, 0.001, 0.009000000000000001, 0.009000000000000001, 0.0028, 0.0028, 0.0, 0.0, 0.0, 0.0, 0.0, 0.0], [0.0, 0.0, 0.0, 0.0, 0.0, 0.0, 0.0, 0.0, 0.0, 0.0, 0.0, 0.0, 0.0, 0.0, 0.0, 0.0, 0.0, 0.0], [0.0, 0.0, 0.0, 0.0, 0.0132, 0.0132, 0.0005, 0.0005, 0.0039000000000000003, 0.0039000000000000003, 0.0159, 0.0159, 0.0, 0.0, 0.0, 0.0, 0.0, 0.0]]}}
bs_setyawan_curtarolo_vbm: {'band_index': {'1': [79]}, 'kpoint_index': [0, 394, 395, 549], 'kpoint': <pymatgen.electronic_structure.bandstructure.Kpoint object at 0x7fc5d4b5a430>, 'energy': 2.1458, 'projections': {'1': [[0.0, 0.0, 0.0, 0.0, 0.0, 0.0, 0.0, 0.0, 0.0, 0.0, 0.0, 0.0, 0.0, 0.0, 0.0, 0.0, 0.0, 0.0], [0.0, 0.0, 0.0, 0.0, 0.0, 0.0, 0.0, 0.0, 0.0, 0.0, 0.0, 0.0, 0.0, 0.0, 0.0, 0.0, 0.0, 0.0], [0.0, 0.0, 0.0, 0.0, 0.0, 0.0, 0.0, 0.0, 0.0, 0.0, 0.0, 0.0, 0.0, 0.0, 0.0, 0.0, 0.0, 0.0], [0.0004, 0.0004, 0.0004, 0.0004, 0.0022, 0.0022, 0.0006000000000000001, 0.0006000000000000001, 0.0012000000000000001, 0.0012000000000000001, 0.0038, 0.0038, 0.09330000000000001, 0.09330000000000001, 0.0476, 0.0476, 0.054, 0.054], [0.0, 0.0, 0.0, 0.0, 0.0166, 0.0166, 0.0, 0.0, 0.019200000000000002, 0.019200000000000002, 0.0376, 0.0376, 0.0, 0.0, 0.0, 0.0, 0.0, 0.0], [0.0, 0.0, 0.0, 0.0, 0.0, 0.0, 0.0, 0.0, 0.0, 0.0, 0.0, 0.0, 0.0, 0.0, 0.0, 0.0, 0.0, 0.0], [0.0, 0.0, 0.0, 0.0, 0.0, 0.0, 0.0, 0.0, 0.0, 0.0, 0.0, 0.0, 0.0, 0.0, 0.0, 0.0, 0.0, 0.0], [0.0, 0.0, 0.0, 0.0, 0.027800000000000002, 0.027800000000000002, 0.037, 0.037, 0.018000000000000002, 0.018000000000000002, 0.0068000000000000005, 0.0068000000000000005, 0.0, 0.0, 0.0, 0.0, 0.0, 0.0], [0.0, 0.0, 0.0, 0.0, 0.0, 0.0, 0.0, 0.0, 0.0, 0.0, 0.0, 0.0, 0.0, 0.0, 0.0, 0.0, 0.0, 0.0]]}}
bs_setyawan_curtarolo_efermi: 2.21040973
bs_latimer_munro_task_id: mp-2686405
bs_latimer_munro_band_gap: 0.1922
bs_latimer_munro_cbm: {'band_index': {'1': [80]}, 'kpoint_index': [41, 42, 219, 220, 386, 387, 465, 589, 668], 'kpoint': <pymatgen.electronic_structure.bandstructure.Kpoint object at 0x7fc5d4b59be0>, 'energy': 2.338, 'projections': {'1': [[0.0058000000000000005, 0.0058000000000000005, 0.0055000000000000005, 0.0055000000000000005, 0.0074, 0.0074, 0.019200000000000002, 0.019200000000000002, 0.0188, 0.0188, 0.006, 0.006, 0.0207, 0.0207, 0.0131, 0.0131, 0.0125, 0.0125], [0.0001, 0.0001, 0.0006000000000000001, 0.0006000000000000001, 0.0009000000000000001, 0.0009000000000000001, 0.0009000000000000001, 0.0009000000000000001, 0.003, 0.003, 0.001, 0.001, 0.0002, 0.0002, 0.0368, 0.0368, 0.031, 0.031], [0.0, 0.0, 0.00030000000000000003, 0.00030000000000000003, 0.0002, 0.0002, 0.0023, 0.0023, 0.0, 0.0, 0.00030000000000000003, 0.00030000000000000003, 0.0013000000000000002, 0.0013000000000000002, 0.0001, 0.0001, 0.006, 0.006], [0.0, 0.0, 0.0, 0.0, 0.0, 0.0, 0.0, 0.0, 0.0, 0.0, 0.0, 0.0, 0.0, 0.0, 0.0, 0.0, 0.0, 0.0], [0.0, 0.0, 0.0, 0.0, 0.0, 0.0, 0.0, 0.0, 0.0, 0.0, 0.0, 0.0, 0.0, 0.0, 0.0, 0.0, 0.0, 0.0], [0.0001, 0.0001, 0.0, 0.0, 0.0001, 0.0001, 0.0051, 0.0051, 0.0004, 0.0004, 0.0014, 0.0014, 0.0, 0.0, 0.0, 0.0, 0.0, 0.0], [0.0001, 0.0001, 0.0, 0.0, 0.0007, 0.0007, 0.001, 0.001, 0.009000000000000001, 0.009000000000000001, 0.0028, 0.0028, 0.0, 0.0, 0.0, 0.0, 0.0, 0.0], [0.0, 0.0, 0.0, 0.0, 0.0, 0.0, 0.0, 0.0, 0.0, 0.0, 0.0, 0.0, 0.0, 0.0, 0.0, 0.0, 0.0, 0.0], [0.0, 0.0, 0.0, 0.0, 0.0132, 0.0132, 0.0005, 0.0005, 0.0039000000000000003, 0.0039000000000000003, 0.0159, 0.0159, 0.0, 0.0, 0.0, 0.0, 0.0, 0.0]]}}
bs_latimer_munro_vbm: {'band_index': {'1': [79]}, 'kpoint_index': [41, 42, 219, 220, 386, 387, 465, 589, 668], 'kpoint': <pymatgen.electronic_structure.bandstructure.Kpoint object at 0x7fc5d4b5a200>, 'energy': 2.1458, 'projections': {'1': [[0.0, 0.0, 0.0, 0.0, 0.0, 0.0, 0.0, 0.0, 0.0, 0.0, 0.0, 0.0, 0.0, 0.0, 0.0, 0.0, 0.0, 0.0], [0.0, 0.0, 0.0, 0.0, 0.0, 0.0, 0.0, 0.0, 0.0, 0.0, 0.0, 0.0, 0.0, 0.0, 0.0, 0.0, 0.0, 0.0], [0.0, 0.0, 0.0, 0.0, 0.0, 0.0, 0.0, 0.0, 0.0, 0.0, 0.0, 0.0, 0.0, 0.0, 0.0, 0.0, 0.0, 0.0], [0.0004, 0.0004, 0.0004, 0.0004, 0.0022, 0.0022, 0.0006000000000000001, 0.0006000000000000001, 0.0012000000000000001, 0.0012000000000000001, 0.0038, 0.0038, 0.09330000000000001, 0.09330000000000001, 0.0476, 0.0476, 0.054, 0.054], [0.0, 0.0, 0.0, 0.0, 0.0166, 0.0166, 0.0, 0.0, 0.019200000000000002, 0.019200000000000002, 0.0376, 0.0376, 0.0, 0.0, 0.0, 0.0, 0.0, 0.0], [0.0, 0.0, 0.0, 0.0, 0.0, 0.0, 0.0, 0.0, 0.0, 0.0, 0.0, 0.0, 0.0, 0.0, 0.0, 0.0, 0.0, 0.0], [0.0, 0.0, 0.0, 0.0, 0.0, 0.0, 0.0, 0.0, 0.0, 0.0, 0.0, 0.0, 0.0, 0.0, 0.0, 0.0, 0.0, 0.0], [0.0, 0.0, 0.0, 0.0, 0.027800000000000002, 0.027800000000000002, 0.037, 0.037, 0.018000000000000002, 0.018000000000000002, 0.0068000000000000005, 0.0068000000000000005, 0.0, 0.0, 0.0, 0.0, 0.0, 0.0], [0.0, 0.0, 0.0, 0.0, 0.0, 0.0, 0.0, 0.0, 0.0, 0.0, 0.0, 0.0, 0.0, 0.0, 0.0, 0.0, 0.0, 0.0]]}}
bs_latimer_munro_efermi: 2.21939791