material_id: mp-571592
band_gap: 2.386
efermi: 0.90860907
dos_magnetic_ordering: NM
dos_total_task_id: mp-1737971
dos_total_band_gap: 2.429999999999999
dos_total_cbm: 3.2998
dos_total_vbm: 0.8698
dos_total_efermi: 0.8634236200000001
bs_setyawan_curtarolo_task_id: mp-702593
bs_setyawan_curtarolo_band_gap: 2.386
bs_setyawan_curtarolo_cbm: {'band_index': {'1': [104]}, 'kpoint_index': [17, 18, 105], 'kpoint': <pymatgen.electronic_structure.bandstructure.Kpoint object at 0x7fc699d63930>, 'energy': 3.2494, 'projections': {'1': [[0.0167, 0.003, 0.0055000000000000005, 0.0651, 0.09860000000000001, 0.0733, 0.0015, 0.027800000000000002, 0.0001, 0.0014, 0.0001, 0.0007, 0.001, 0.0023, 0.0011, 0.0005, 0.0031000000000000003, 0.0001, 0.0019, 0.0007, 0.0001, 0.00030000000000000003, 0.0, 0.00030000000000000003], [0.0, 0.0, 0.0, 0.0, 0.0, 0.0, 0.0, 0.0, 0.0002, 0.0051, 0.0004, 0.0037, 0.0018000000000000002, 0.0047, 0.006, 0.002, 0.0059, 0.0001, 0.004, 0.0011, 0.0002, 0.0012000000000000001, 0.0001, 0.0004], [0.0, 0.0, 0.0, 0.0, 0.0, 0.0, 0.0, 0.0, 0.0, 0.0017000000000000001, 0.0001, 0.0039000000000000003, 0.0002, 0.001, 0.0054, 0.0006000000000000001, 0.0033, 0.0, 0.0029000000000000002, 0.0, 0.0, 0.00030000000000000003, 0.0, 0.0], [0.0, 0.0, 0.0, 0.0001, 0.0001, 0.0, 0.0, 0.0, 0.0006000000000000001, 0.0152, 0.0012000000000000001, 0.0111, 0.0055000000000000005, 0.0142, 0.0179, 0.0059, 0.0178, 0.00030000000000000003, 0.0119, 0.0034000000000000002, 0.0007, 0.0037, 0.00030000000000000003, 0.0011], [0.0001, 0.0, 0.0, 0.0008, 0.0012000000000000001, 0.0006000000000000001, 0.0, 0.0002, 0.0001, 0.0013000000000000002, 0.0001, 0.0011, 0.0006000000000000001, 0.0015, 0.0016, 0.0005, 0.0021000000000000003, 0.0, 0.0013000000000000002, 0.0004, 0.0, 0.00030000000000000003, 0.0, 0.0001], [0.0, 0.0, 0.0, 0.0, 0.0001, 0.0001, 0.0, 0.0, 0.0, 0.0005, 0.0, 0.0006000000000000001, 0.0002, 0.0005, 0.0008, 0.0002, 0.0006000000000000001, 0.0, 0.0004, 0.0001, 0.0, 0.0001, 0.0, 0.0], [0.0, 0.0, 0.0, 0.0, 0.0, 0.0001, 0.0, 0.0, 0.0, 0.0, 0.0, 0.0001, 0.0, 0.0, 0.0002, 0.0, 0.0, 0.0, 0.0, 0.0, 0.0, 0.0, 0.0, 0.0], [0.0001, 0.0, 0.0, 0.0001, 0.00030000000000000003, 0.00030000000000000003, 0.0, 0.0001, 0.0001, 0.0016, 0.0001, 0.0018000000000000002, 0.0006000000000000001, 0.0016, 0.0025, 0.0006000000000000001, 0.0019, 0.0, 0.0012000000000000001, 0.00030000000000000003, 0.0001, 0.0004, 0.0, 0.0001], [0.0, 0.0, 0.0, 0.00030000000000000003, 0.0004, 0.0002, 0.0, 0.0001, 0.0, 0.0004, 0.0, 0.0004, 0.0002, 0.0005, 0.0005, 0.0002, 0.0007, 0.0, 0.0004, 0.0001, 0.0, 0.0001, 0.0, 0.0]]}}
bs_setyawan_curtarolo_vbm: {'band_index': {'1': [103]}, 'kpoint_index': ['4'], 'kpoint': <pymatgen.electronic_structure.bandstructure.Kpoint object at 0x7fc5d4b5a430>, 'energy': 0.8634000000000001, 'projections': {'1': [[0.0, 0.0, 0.0, 0.0, 0.0, 0.0, 0.0, 0.0, 0.0, 0.0, 0.0, 0.0, 0.0, 0.0, 0.0, 0.0, 0.0, 0.0, 0.0, 0.0, 0.0, 0.0, 0.0, 0.0], [0.0, 0.0001, 0.0001, 0.0001, 0.0001, 0.0001, 0.0001, 0.0001, 0.020800000000000003, 0.0182, 0.0347, 0.0358, 0.0388, 0.018600000000000002, 0.025400000000000002, 0.0385, 0.026500000000000003, 0.0285, 0.0363, 0.0175, 0.021500000000000002, 0.0178, 0.0274, 0.035500000000000004], [0.0, 0.0, 0.0, 0.0, 0.0, 0.0, 0.0, 0.0, 0.0, 0.0, 0.0, 0.0, 0.0, 0.0, 0.0, 0.0, 0.0, 0.0, 0.0, 0.0, 0.0, 0.0, 0.0, 0.0], [0.0, 0.0, 0.0, 0.0, 0.0, 0.0, 0.0, 0.0, 0.006900000000000001, 0.0061, 0.011600000000000001, 0.0119, 0.0129, 0.006200000000000001, 0.0085, 0.0128, 0.0088, 0.0095, 0.012100000000000001, 0.0058000000000000005, 0.007200000000000001, 0.0059, 0.0092, 0.0118], [0.00030000000000000003, 0.0004, 0.0007, 0.0007, 0.0005, 0.0004, 0.0005, 0.0008, 0.0, 0.0, 0.0, 0.0, 0.0, 0.0, 0.0, 0.0, 0.0, 0.0, 0.0, 0.0, 0.0, 0.0, 0.0, 0.0], [0.0011, 0.0013000000000000002, 0.0021000000000000003, 0.0022, 0.0016, 0.0011, 0.0017000000000000001, 0.0024000000000000002, 0.0, 0.0, 0.0, 0.0, 0.0, 0.0, 0.0, 0.0, 0.0, 0.0, 0.0, 0.0, 0.0, 0.0, 0.0, 0.0], [0.0, 0.0, 0.0, 0.0, 0.0, 0.0, 0.0, 0.0, 0.0, 0.0, 0.0, 0.0, 0.0, 0.0, 0.0, 0.0, 0.0, 0.0, 0.0, 0.0, 0.0, 0.0, 0.0, 0.0], [0.0004, 0.0004, 0.0007, 0.0007, 0.0005, 0.0004, 0.0006000000000000001, 0.0008, 0.0, 0.0, 0.0, 0.0, 0.0, 0.0, 0.0, 0.0, 0.0, 0.0, 0.0, 0.0, 0.0, 0.0, 0.0, 0.0], [0.001, 0.0012000000000000001, 0.0021000000000000003, 0.0021000000000000003, 0.0016, 0.0011, 0.0016, 0.0023, 0.0, 0.0, 0.0, 0.0, 0.0, 0.0, 0.0, 0.0, 0.0, 0.0, 0.0, 0.0, 0.0, 0.0, 0.0, 0.0]]}}
bs_setyawan_curtarolo_efermi: 0.90860907