material_id: mp-556880
band_gap: 5.0612
efermi: 0.18842452
dos_magnetic_ordering: NM
dos_total_task_id: mp-1742159
dos_total_band_gap: 5.0465
dos_total_cbm: 5.1443
dos_total_vbm: 0.0978
dos_total_efermi: 0.0821329
bs_setyawan_curtarolo_task_id: mp-1586738
bs_setyawan_curtarolo_band_gap: 5.0612
bs_setyawan_curtarolo_cbm: {'band_index': {'1': [32]}, 'kpoint_index': [13, 14, 45, 46, 82, 83, 108], 'kpoint': <pymatgen.electronic_structure.bandstructure.Kpoint object at 0x7fc699d63930>, 'energy': 5.1402, 'projections': {'1': [[0.034300000000000004, 0.0316, 0.032600000000000004, 0.0358, 0.0229, 0.022500000000000003, 0.024800000000000003, 0.026600000000000002, 0.0264, 0.023100000000000002, 0.0257, 0.0269], [0.00030000000000000003, 0.0002, 0.0, 0.0002, 0.0015, 0.0, 0.0014, 0.0005, 0.0002, 0.0016, 0.0006000000000000001, 0.0001], [0.0, 0.0001, 0.0002, 0.0002, 0.0004, 0.0019, 0.0006000000000000001, 0.0, 0.0, 0.0001, 0.0002, 0.00030000000000000003], [0.0, 0.0, 0.0, 0.0, 0.0002, 0.0, 0.0001, 0.0, 0.0, 0.0009000000000000001, 0.0007, 0.0001], [0.0, 0.0, 0.0, 0.0, 0.0, 0.0, 0.0, 0.0, 0.0, 0.0, 0.0, 0.0], [0.0, 0.0, 0.0, 0.0, 0.0, 0.0, 0.0, 0.0, 0.0, 0.0, 0.0, 0.0], [0.0, 0.0, 0.0, 0.0, 0.0, 0.0, 0.0, 0.0, 0.0, 0.0, 0.0, 0.0], [0.0, 0.0, 0.0, 0.0, 0.0, 0.0, 0.0, 0.0, 0.0, 0.0, 0.0, 0.0], [0.0, 0.0, 0.0, 0.0, 0.0, 0.0, 0.0, 0.0, 0.0, 0.0, 0.0, 0.0]]}}
bs_setyawan_curtarolo_vbm: {'band_index': {'1': [31]}, 'kpoint_index': [94], 'kpoint': <pymatgen.electronic_structure.bandstructure.Kpoint object at 0x7fc5d4b5a190>, 'energy': 0.079, 'projections': {'1': [[0.00030000000000000003, 0.0001, 0.0, 0.0004, 0.00030000000000000003, 0.0001, 0.00030000000000000003, 0.0, 0.0001, 0.001, 0.0, 0.0002], [0.0001, 0.0002, 0.0009000000000000001, 0.0006000000000000001, 0.0016, 0.0005, 0.0021000000000000003, 0.0016, 0.010700000000000001, 0.11460000000000001, 0.20220000000000002, 0.0041], [0.0002, 0.0011, 0.0, 0.0001, 0.0, 0.007500000000000001, 0.0, 0.0325, 0.0142, 0.0806, 0.0393, 0.0002], [0.0007, 0.0011, 0.0, 0.0007, 0.0206, 0.134, 0.0044, 0.013600000000000001, 0.0145, 0.009300000000000001, 0.0187, 0.024300000000000002], [0.0, 0.0, 0.0, 0.0, 0.0, 0.0, 0.0, 0.0, 0.0, 0.0, 0.0, 0.0], [0.0, 0.0, 0.0, 0.0, 0.0, 0.0, 0.0, 0.0, 0.0, 0.0, 0.0, 0.0], [0.0, 0.0, 0.0, 0.0, 0.0, 0.0, 0.0, 0.0, 0.0, 0.0, 0.0, 0.0], [0.0, 0.0, 0.0, 0.0, 0.0, 0.0, 0.0, 0.0, 0.0, 0.0, 0.0, 0.0], [0.0, 0.0, 0.0, 0.0, 0.0, 0.0, 0.0, 0.0, 0.0, 0.0, 0.0, 0.0]]}}
bs_setyawan_curtarolo_efermi: 0.18842452
bs_hinuma_task_id: mp-2053696
bs_hinuma_band_gap: 5.0612
bs_hinuma_cbm: {'band_index': {'1': [32]}, 'kpoint_index': [0, 27, 28, 59, 60, 90, 91], 'kpoint': <pymatgen.electronic_structure.bandstructure.Kpoint object at 0x7fc5d4b59d30>, 'energy': 5.1402, 'projections': {'1': [[0.034300000000000004, 0.0316, 0.032600000000000004, 0.0358, 0.0229, 0.022500000000000003, 0.024800000000000003, 0.026600000000000002, 0.0264, 0.023100000000000002, 0.0257, 0.0269], [0.00030000000000000003, 0.0002, 0.0, 0.0002, 0.0015, 0.0, 0.0014, 0.0005, 0.0002, 0.0016, 0.0006000000000000001, 0.0001], [0.0, 0.0001, 0.0002, 0.0002, 0.0004, 0.0019, 0.0006000000000000001, 0.0, 0.0, 0.0001, 0.0002, 0.00030000000000000003], [0.0, 0.0, 0.0, 0.0, 0.0002, 0.0, 0.0001, 0.0, 0.0, 0.0009000000000000001, 0.0007, 0.0001], [0.0, 0.0, 0.0, 0.0, 0.0, 0.0, 0.0, 0.0, 0.0, 0.0, 0.0, 0.0], [0.0, 0.0, 0.0, 0.0, 0.0, 0.0, 0.0, 0.0, 0.0, 0.0, 0.0, 0.0], [0.0, 0.0, 0.0, 0.0, 0.0, 0.0, 0.0, 0.0, 0.0, 0.0, 0.0, 0.0], [0.0, 0.0, 0.0, 0.0, 0.0, 0.0, 0.0, 0.0, 0.0, 0.0, 0.0, 0.0], [0.0, 0.0, 0.0, 0.0, 0.0, 0.0, 0.0, 0.0, 0.0, 0.0, 0.0, 0.0]]}}
bs_hinuma_vbm: {'band_index': {'1': [31]}, 'kpoint_index': [39], 'kpoint': <pymatgen.electronic_structure.bandstructure.Kpoint object at 0x7fc5d4b59e80>, 'energy': 0.079, 'projections': {'1': [[0.00030000000000000003, 0.0001, 0.0, 0.0004, 0.00030000000000000003, 0.0001, 0.00030000000000000003, 0.0, 0.0001, 0.001, 0.0, 0.0002], [0.0001, 0.0002, 0.0009000000000000001, 0.0006000000000000001, 0.0016, 0.0005, 0.0021000000000000003, 0.0016, 0.010700000000000001, 0.11460000000000001, 0.20220000000000002, 0.0041], [0.0002, 0.0011, 0.0, 0.0001, 0.0, 0.007500000000000001, 0.0, 0.0325, 0.0142, 0.0806, 0.0393, 0.0002], [0.0007, 0.0011, 0.0, 0.0007, 0.0206, 0.134, 0.0044, 0.013600000000000001, 0.0145, 0.009300000000000001, 0.0187, 0.024300000000000002], [0.0, 0.0, 0.0, 0.0, 0.0, 0.0, 0.0, 0.0, 0.0, 0.0, 0.0, 0.0], [0.0, 0.0, 0.0, 0.0, 0.0, 0.0, 0.0, 0.0, 0.0, 0.0, 0.0, 0.0], [0.0, 0.0, 0.0, 0.0, 0.0, 0.0, 0.0, 0.0, 0.0, 0.0, 0.0, 0.0], [0.0, 0.0, 0.0, 0.0, 0.0, 0.0, 0.0, 0.0, 0.0, 0.0, 0.0, 0.0], [0.0, 0.0, 0.0, 0.0, 0.0, 0.0, 0.0, 0.0, 0.0, 0.0, 0.0, 0.0]]}}
bs_hinuma_efermi: 0.21068697