material_id: mp-567998
band_gap: 1.852199999999999
efermi: -0.32176573
dos_magnetic_ordering: NM
dos_total_task_id: mp-1767927
dos_total_band_gap: 1.8529
dos_total_cbm: 1.4754
dos_total_vbm: -0.3775
dos_total_efermi: -0.37580479
bs_setyawan_curtarolo_task_id: mp-1611455
bs_setyawan_curtarolo_band_gap: 1.852199999999999
bs_setyawan_curtarolo_cbm: {'band_index': {'1': [56]}, 'kpoint_index': ['15'], 'kpoint': <pymatgen.electronic_structure.bandstructure.Kpoint object at 0x7fc699d63930>, 'energy': 1.4683000000000002, 'projections': {'1': [[0.0034000000000000002, 0.0034000000000000002, 0.00030000000000000003, 0.0034000000000000002, 0.00030000000000000003, 0.0034000000000000002, 0.00030000000000000003, 0.00030000000000000003, 0.0008, 0.0008, 0.0008, 0.005, 0.005, 0.005, 0.0008, 0.005], [0.0286, 0.0286, 0.0381, 0.0286, 0.0381, 0.0286, 0.0381, 0.0381, 0.0044, 0.0044, 0.0044, 0.006900000000000001, 0.006900000000000001, 0.006900000000000001, 0.0044, 0.006900000000000001], [0.008, 0.008, 0.006900000000000001, 0.008, 0.006900000000000001, 0.008, 0.006900000000000001, 0.006900000000000001, 0.0105, 0.0105, 0.0105, 0.013900000000000001, 0.013900000000000001, 0.013900000000000001, 0.0105, 0.013900000000000001], [0.0095, 0.0095, 0.015, 0.0095, 0.015, 0.0095, 0.015, 0.015, 0.0045000000000000005, 0.0045000000000000005, 0.0045000000000000005, 0.0014, 0.0014, 0.0014, 0.0045000000000000005, 0.0014], [0.0005, 0.0005, 0.0001, 0.0005, 0.0001, 0.0005, 0.0001, 0.0001, 0.0, 0.0, 0.0, 0.0, 0.0, 0.0, 0.0, 0.0], [0.0004, 0.0004, 0.0001, 0.0004, 0.0001, 0.0004, 0.0001, 0.0001, 0.0, 0.0, 0.0, 0.0, 0.0, 0.0, 0.0, 0.0], [0.0004, 0.0004, 0.0, 0.0004, 0.0, 0.0004, 0.0, 0.0, 0.0, 0.0, 0.0, 0.0, 0.0, 0.0, 0.0, 0.0], [0.0004, 0.0004, 0.0, 0.0004, 0.0, 0.0004, 0.0, 0.0, 0.0, 0.0, 0.0, 0.0, 0.0, 0.0, 0.0, 0.0], [0.00030000000000000003, 0.00030000000000000003, 0.0001, 0.00030000000000000003, 0.0001, 0.00030000000000000003, 0.0001, 0.0001, 0.0, 0.0, 0.0, 0.0, 0.0, 0.0, 0.0, 0.0]]}}
bs_setyawan_curtarolo_vbm: {'band_index': {'1': [55]}, 'kpoint_index': ['4'], 'kpoint': <pymatgen.electronic_structure.bandstructure.Kpoint object at 0x7fc5d4b59d30>, 'energy': -0.3839, 'projections': {'1': [[0.0001, 0.0001, 0.0001, 0.0001, 0.0001, 0.0001, 0.0001, 0.0001, 0.0001, 0.0001, 0.0001, 0.0, 0.0, 0.0, 0.0001, 0.0], [0.0026000000000000003, 0.0026000000000000003, 0.0012000000000000001, 0.0026000000000000003, 0.0012000000000000001, 0.0026000000000000003, 0.0012000000000000001, 0.0012000000000000001, 0.0012000000000000001, 0.0012000000000000001, 0.0012000000000000001, 0.0008, 0.0008, 0.0008, 0.0012000000000000001, 0.0008], [0.0137, 0.0137, 0.0235, 0.0137, 0.0235, 0.0137, 0.0235, 0.0235, 0.0178, 0.0178, 0.0178, 0.0004, 0.0004, 0.0004, 0.0178, 0.0004], [0.0307, 0.0307, 0.044700000000000004, 0.0307, 0.044700000000000004, 0.0307, 0.044700000000000004, 0.044700000000000004, 0.0134, 0.0134, 0.0134, 0.006200000000000001, 0.006200000000000001, 0.006200000000000001, 0.0134, 0.006200000000000001], [0.0001, 0.0001, 0.0, 0.0001, 0.0, 0.0001, 0.0, 0.0, 0.0, 0.0, 0.0, 0.0, 0.0, 0.0, 0.0, 0.0], [0.0, 0.0, 0.0, 0.0, 0.0, 0.0, 0.0, 0.0, 0.0, 0.0, 0.0, 0.0, 0.0, 0.0, 0.0, 0.0], [0.0, 0.0, 0.0, 0.0, 0.0, 0.0, 0.0, 0.0, 0.0, 0.0, 0.0, 0.0, 0.0, 0.0, 0.0, 0.0], [0.0001, 0.0001, 0.0, 0.0001, 0.0, 0.0001, 0.0, 0.0, 0.0, 0.0, 0.0, 0.0, 0.0, 0.0, 0.0, 0.0], [0.0, 0.0, 0.0, 0.0, 0.0, 0.0, 0.0, 0.0, 0.0, 0.0, 0.0, 0.0, 0.0, 0.0, 0.0, 0.0]]}}
bs_setyawan_curtarolo_efermi: -0.32176573
bs_latimer_munro_task_id: mp-2437903
bs_latimer_munro_band_gap: 1.8372000000000002
bs_latimer_munro_cbm: {'band_index': {'1': [56]}, 'kpoint_index': ['18'], 'kpoint': <pymatgen.electronic_structure.bandstructure.Kpoint object at 0x7fc5d4b5a350>, 'energy': 1.4683000000000002, 'projections': {'1': [[0.0034000000000000002, 0.0034000000000000002, 0.00030000000000000003, 0.0034000000000000002, 0.00030000000000000003, 0.0034000000000000002, 0.00030000000000000003, 0.00030000000000000003, 0.0008, 0.0008, 0.0008, 0.005, 0.005, 0.005, 0.0008, 0.005], [0.0286, 0.0286, 0.0381, 0.0286, 0.0381, 0.0286, 0.0381, 0.0381, 0.0044, 0.0044, 0.0044, 0.006900000000000001, 0.006900000000000001, 0.006900000000000001, 0.0044, 0.006900000000000001], [0.008, 0.008, 0.006900000000000001, 0.008, 0.006900000000000001, 0.008, 0.006900000000000001, 0.006900000000000001, 0.0105, 0.0105, 0.0105, 0.013900000000000001, 0.013900000000000001, 0.013900000000000001, 0.0105, 0.013900000000000001], [0.0095, 0.0095, 0.015, 0.0095, 0.015, 0.0095, 0.015, 0.015, 0.0045000000000000005, 0.0045000000000000005, 0.0045000000000000005, 0.0014, 0.0014, 0.0014, 0.0045000000000000005, 0.0014], [0.0005, 0.0005, 0.0001, 0.0005, 0.0001, 0.0005, 0.0001, 0.0001, 0.0, 0.0, 0.0, 0.0, 0.0, 0.0, 0.0, 0.0], [0.0004, 0.0004, 0.0001, 0.0004, 0.0001, 0.0004, 0.0001, 0.0001, 0.0, 0.0, 0.0, 0.0, 0.0, 0.0, 0.0, 0.0], [0.0004, 0.0004, 0.0, 0.0004, 0.0, 0.0004, 0.0, 0.0, 0.0, 0.0, 0.0, 0.0, 0.0, 0.0, 0.0, 0.0], [0.0004, 0.0004, 0.0, 0.0004, 0.0, 0.0004, 0.0, 0.0, 0.0, 0.0, 0.0, 0.0, 0.0, 0.0, 0.0, 0.0], [0.00030000000000000003, 0.00030000000000000003, 0.0001, 0.00030000000000000003, 0.0001, 0.00030000000000000003, 0.0001, 0.0001, 0.0, 0.0, 0.0, 0.0, 0.0, 0.0, 0.0, 0.0]]}}
bs_latimer_munro_vbm: {'band_index': {'1': [55]}, 'kpoint_index': ['136'], 'kpoint': <pymatgen.electronic_structure.bandstructure.Kpoint object at 0x7fc5d4b59e80>, 'energy': -0.3689, 'projections': {'1': [[0.0002, 0.0002, 0.0, 0.0002, 0.0, 0.0002, 0.0, 0.0, 0.0, 0.0, 0.0, 0.0, 0.0, 0.0, 0.0, 0.0], [0.0018000000000000002, 0.0018000000000000002, 0.001, 0.0018000000000000002, 0.001, 0.0018000000000000002, 0.001, 0.001, 0.0014, 0.0014, 0.0014, 0.0009000000000000001, 0.0009000000000000001, 0.0009000000000000001, 0.0014, 0.0009000000000000001], [0.0137, 0.0137, 0.0292, 0.0137, 0.0292, 0.0137, 0.0292, 0.0292, 0.016800000000000002, 0.016800000000000002, 0.016800000000000002, 0.0016, 0.0016, 0.0016, 0.016800000000000002, 0.0016], [0.028, 0.028, 0.043000000000000003, 0.028, 0.043000000000000003, 0.028, 0.043000000000000003, 0.043000000000000003, 0.0126, 0.0126, 0.0126, 0.006500000000000001, 0.006500000000000001, 0.006500000000000001, 0.0126, 0.006500000000000001], [0.0001, 0.0001, 0.0, 0.0001, 0.0, 0.0001, 0.0, 0.0, 0.0, 0.0, 0.0, 0.0, 0.0, 0.0, 0.0, 0.0], [0.0, 0.0, 0.0, 0.0, 0.0, 0.0, 0.0, 0.0, 0.0, 0.0, 0.0, 0.0, 0.0, 0.0, 0.0, 0.0], [0.0, 0.0, 0.0, 0.0, 0.0, 0.0, 0.0, 0.0, 0.0, 0.0, 0.0, 0.0, 0.0, 0.0, 0.0, 0.0], [0.0001, 0.0001, 0.0, 0.0001, 0.0, 0.0001, 0.0, 0.0, 0.0, 0.0, 0.0, 0.0, 0.0, 0.0, 0.0, 0.0], [0.0, 0.0, 0.0, 0.0, 0.0, 0.0, 0.0, 0.0, 0.0, 0.0, 0.0, 0.0, 0.0, 0.0, 0.0, 0.0]]}}
bs_latimer_munro_efermi: -0.32673233