material_id: mp-554605
band_gap: 3.0086
efermi: 0.36196078
dos_magnetic_ordering: NM
dos_total_task_id: mp-1753877
dos_total_band_gap: 2.9824
dos_total_cbm: 3.3167
dos_total_vbm: 0.33430000000000004
dos_total_efermi: 0.32441389
bs_setyawan_curtarolo_task_id: mp-1618754
bs_setyawan_curtarolo_band_gap: 3.0086
bs_setyawan_curtarolo_cbm: {'band_index': {'1': [87]}, 'kpoint_index': [22], 'kpoint': <pymatgen.electronic_structure.bandstructure.Kpoint object at 0x7fc699d63930>, 'energy': 3.306499999999999, 'projections': {'1': [[0.0, 0.0, 0.0, 0.0, 0.0, 0.0, 0.0031000000000000003, 0.0031000000000000003, 0.0, 0.0, 0.0026000000000000003, 0.0026000000000000003, 0.0, 0.0, 0.0, 0.0152, 0.0, 0.0, 0.0026000000000000003, 0.0023, 0.0019, 0.0019, 0.0023, 0.0026000000000000003], [0.0, 0.0004, 0.00030000000000000003, 0.0, 0.0004, 0.00030000000000000003, 0.0882, 0.0882, 0.0, 0.0, 0.004200000000000001, 0.004200000000000001, 0.0001, 0.0002, 0.0, 0.0, 0.0002, 0.0001, 0.0057, 0.0005, 0.0007, 0.0007, 0.0005, 0.0057], [0.0, 0.0002, 0.0001, 0.0, 0.0002, 0.0001, 0.0039000000000000003, 0.0039000000000000003, 0.0006000000000000001, 0.0001, 0.0, 0.0, 0.0, 0.0, 0.0001, 0.0, 0.0, 0.0, 0.0111, 0.0099, 0.019100000000000002, 0.019100000000000002, 0.0099, 0.0111], [0.0, 0.0, 0.0002, 0.0, 0.0, 0.0002, 0.0342, 0.0342, 0.0004, 0.0001, 0.0154, 0.0154, 0.0001, 0.0, 0.0001, 0.0, 0.0, 0.0001, 0.0045000000000000005, 0.010100000000000001, 0.0002, 0.0002, 0.010100000000000001, 0.0045000000000000005], [0.0, 0.0002, 0.0002, 0.0, 0.0002, 0.0002, 0.0004, 0.0004, 0.0, 0.0, 0.0, 0.0, 0.0, 0.0, 0.0, 0.0, 0.0, 0.0, 0.0, 0.0, 0.0, 0.0, 0.0, 0.0], [0.0001, 0.0, 0.0001, 0.0001, 0.0, 0.0001, 0.0074, 0.0074, 0.0, 0.0, 0.0, 0.0, 0.0, 0.0, 0.0, 0.0, 0.0, 0.0, 0.0, 0.0, 0.0, 0.0, 0.0, 0.0], [0.0, 0.0002, 0.0002, 0.0, 0.0002, 0.0002, 0.0007, 0.0007, 0.0, 0.0, 0.0, 0.0, 0.0, 0.0, 0.0, 0.0, 0.0, 0.0, 0.0, 0.0, 0.0, 0.0, 0.0, 0.0], [0.0, 0.0001, 0.0, 0.0, 0.0001, 0.0, 0.0029000000000000002, 0.0029000000000000002, 0.0, 0.0, 0.0, 0.0, 0.0, 0.0, 0.0, 0.0, 0.0, 0.0, 0.0, 0.0, 0.0, 0.0, 0.0, 0.0], [0.0, 0.0, 0.0001, 0.0, 0.0, 0.0001, 0.0001, 0.0001, 0.0, 0.0, 0.0, 0.0, 0.0, 0.0, 0.0, 0.0, 0.0, 0.0, 0.0, 0.0, 0.0, 0.0, 0.0, 0.0]]}}
bs_setyawan_curtarolo_vbm: {'band_index': {'1': [86]}, 'kpoint_index': [39], 'kpoint': <pymatgen.electronic_structure.bandstructure.Kpoint object at 0x7fc5d4b59d30>, 'energy': 0.2979, 'projections': {'1': [[0.0, 0.0001, 0.0, 0.0, 0.0001, 0.0, 0.0, 0.0, 0.17, 0.0005, 0.0, 0.0, 0.0008, 0.0011, 0.0005, 0.0, 0.0011, 0.0008, 0.0, 0.0, 0.0, 0.0, 0.0, 0.0], [0.0, 0.0001, 0.0, 0.0, 0.0001, 0.0, 0.0, 0.0, 0.0, 0.025, 0.0, 0.0, 0.061, 0.0029000000000000002, 0.025, 0.0, 0.0029000000000000002, 0.061, 0.0001, 0.0, 0.0, 0.0, 0.0, 0.0001], [0.0, 0.00030000000000000003, 0.0001, 0.0, 0.00030000000000000003, 0.0001, 0.0, 0.0, 0.0, 0.027600000000000003, 0.0, 0.0, 0.0236, 0.0273, 0.027600000000000003, 0.0, 0.0273, 0.0236, 0.0, 0.0, 0.0001, 0.0001, 0.0, 0.0], [0.0, 0.0011, 0.0, 0.0, 0.0011, 0.0, 0.0, 0.0, 0.0, 0.052500000000000005, 0.0001, 0.0001, 0.0004, 0.0546, 0.052500000000000005, 0.0, 0.0546, 0.0004, 0.0, 0.0002, 0.0, 0.0, 0.0002, 0.0], [0.0, 0.0, 0.0, 0.0, 0.0, 0.0, 0.0, 0.0, 0.0, 0.0, 0.0, 0.0, 0.0, 0.0, 0.0, 0.0, 0.0, 0.0, 0.0, 0.0, 0.0, 0.0, 0.0, 0.0], [0.0, 0.0, 0.0, 0.0, 0.0, 0.0, 0.0, 0.0, 0.0, 0.0, 0.0, 0.0, 0.0, 0.0, 0.0, 0.0, 0.0, 0.0, 0.0, 0.0, 0.0, 0.0, 0.0, 0.0], [0.0, 0.0, 0.0001, 0.0, 0.0, 0.0001, 0.0, 0.0, 0.0, 0.0, 0.0, 0.0, 0.0, 0.0, 0.0, 0.0, 0.0, 0.0, 0.0, 0.0, 0.0, 0.0, 0.0, 0.0], [0.0, 0.0006000000000000001, 0.0, 0.0, 0.0006000000000000001, 0.0, 0.0, 0.0, 0.0, 0.0, 0.0, 0.0, 0.0, 0.0, 0.0, 0.0, 0.0, 0.0, 0.0, 0.0, 0.0, 0.0, 0.0, 0.0], [0.0001, 0.0001, 0.0, 0.0001, 0.0001, 0.0, 0.0, 0.0, 0.0, 0.0, 0.0, 0.0, 0.0, 0.0, 0.0, 0.0, 0.0, 0.0, 0.0, 0.0, 0.0, 0.0, 0.0, 0.0]]}}
bs_setyawan_curtarolo_efermi: 0.36196078
bs_hinuma_task_id: mp-2106000
bs_hinuma_band_gap: 3.0086
bs_hinuma_cbm: {'band_index': {'1': [87]}, 'kpoint_index': [73], 'kpoint': <pymatgen.electronic_structure.bandstructure.Kpoint object at 0x7fc5d4b5a350>, 'energy': 3.306499999999999, 'projections': {'1': [[0.0, 0.0, 0.0, 0.0, 0.0, 0.0, 0.0031000000000000003, 0.0031000000000000003, 0.0, 0.0, 0.0026000000000000003, 0.0026000000000000003, 0.0, 0.0, 0.0, 0.0152, 0.0, 0.0, 0.0026000000000000003, 0.0023, 0.0019, 0.0019, 0.0023, 0.0026000000000000003], [0.0, 0.0004, 0.00030000000000000003, 0.0, 0.0004, 0.00030000000000000003, 0.0882, 0.0882, 0.0, 0.0, 0.004200000000000001, 0.004200000000000001, 0.0001, 0.0002, 0.0, 0.0, 0.0002, 0.0001, 0.0057, 0.0005, 0.0007, 0.0007, 0.0005, 0.0057], [0.0, 0.0002, 0.0001, 0.0, 0.0002, 0.0001, 0.0039000000000000003, 0.0039000000000000003, 0.0006000000000000001, 0.0001, 0.0, 0.0, 0.0, 0.0, 0.0001, 0.0, 0.0, 0.0, 0.0111, 0.0099, 0.019100000000000002, 0.019100000000000002, 0.0099, 0.0111], [0.0, 0.0, 0.0002, 0.0, 0.0, 0.0002, 0.0342, 0.0342, 0.0004, 0.0001, 0.0154, 0.0154, 0.0001, 0.0, 0.0001, 0.0, 0.0, 0.0001, 0.0045000000000000005, 0.010100000000000001, 0.0002, 0.0002, 0.010100000000000001, 0.0045000000000000005], [0.0, 0.0002, 0.0002, 0.0, 0.0002, 0.0002, 0.0004, 0.0004, 0.0, 0.0, 0.0, 0.0, 0.0, 0.0, 0.0, 0.0, 0.0, 0.0, 0.0, 0.0, 0.0, 0.0, 0.0, 0.0], [0.0001, 0.0, 0.0001, 0.0001, 0.0, 0.0001, 0.0074, 0.0074, 0.0, 0.0, 0.0, 0.0, 0.0, 0.0, 0.0, 0.0, 0.0, 0.0, 0.0, 0.0, 0.0, 0.0, 0.0, 0.0], [0.0, 0.0002, 0.0002, 0.0, 0.0002, 0.0002, 0.0007, 0.0007, 0.0, 0.0, 0.0, 0.0, 0.0, 0.0, 0.0, 0.0, 0.0, 0.0, 0.0, 0.0, 0.0, 0.0, 0.0, 0.0], [0.0, 0.0001, 0.0, 0.0, 0.0001, 0.0, 0.0029000000000000002, 0.0029000000000000002, 0.0, 0.0, 0.0, 0.0, 0.0, 0.0, 0.0, 0.0, 0.0, 0.0, 0.0, 0.0, 0.0, 0.0, 0.0, 0.0], [0.0, 0.0, 0.0001, 0.0, 0.0, 0.0001, 0.0001, 0.0001, 0.0, 0.0, 0.0, 0.0, 0.0, 0.0, 0.0, 0.0, 0.0, 0.0, 0.0, 0.0, 0.0, 0.0, 0.0, 0.0]]}}
bs_hinuma_vbm: {'band_index': {'1': [86]}, 'kpoint_index': [52], 'kpoint': <pymatgen.electronic_structure.bandstructure.Kpoint object at 0x7fc5d4b5a190>, 'energy': 0.2979, 'projections': {'1': [[0.0, 0.0001, 0.0, 0.0, 0.0001, 0.0, 0.0, 0.0, 0.17, 0.0005, 0.0, 0.0, 0.0008, 0.0011, 0.0005, 0.0, 0.0011, 0.0008, 0.0, 0.0, 0.0, 0.0, 0.0, 0.0], [0.0, 0.0001, 0.0, 0.0, 0.0001, 0.0, 0.0, 0.0, 0.0, 0.025, 0.0, 0.0, 0.061, 0.0029000000000000002, 0.025, 0.0, 0.0029000000000000002, 0.061, 0.0001, 0.0, 0.0, 0.0, 0.0, 0.0001], [0.0, 0.00030000000000000003, 0.0001, 0.0, 0.00030000000000000003, 0.0001, 0.0, 0.0, 0.0, 0.027600000000000003, 0.0, 0.0, 0.0236, 0.0273, 0.027600000000000003, 0.0, 0.0273, 0.0236, 0.0, 0.0, 0.0001, 0.0001, 0.0, 0.0], [0.0, 0.0011, 0.0, 0.0, 0.0011, 0.0, 0.0, 0.0, 0.0, 0.052500000000000005, 0.0001, 0.0001, 0.0004, 0.0546, 0.052500000000000005, 0.0, 0.0546, 0.0004, 0.0, 0.0002, 0.0, 0.0, 0.0002, 0.0], [0.0, 0.0, 0.0, 0.0, 0.0, 0.0, 0.0, 0.0, 0.0, 0.0, 0.0, 0.0, 0.0, 0.0, 0.0, 0.0, 0.0, 0.0, 0.0, 0.0, 0.0, 0.0, 0.0, 0.0], [0.0, 0.0, 0.0, 0.0, 0.0, 0.0, 0.0, 0.0, 0.0, 0.0, 0.0, 0.0, 0.0, 0.0, 0.0, 0.0, 0.0, 0.0, 0.0, 0.0, 0.0, 0.0, 0.0, 0.0], [0.0, 0.0, 0.0001, 0.0, 0.0, 0.0001, 0.0, 0.0, 0.0, 0.0, 0.0, 0.0, 0.0, 0.0, 0.0, 0.0, 0.0, 0.0, 0.0, 0.0, 0.0, 0.0, 0.0, 0.0], [0.0, 0.0006000000000000001, 0.0, 0.0, 0.0006000000000000001, 0.0, 0.0, 0.0, 0.0, 0.0, 0.0, 0.0, 0.0, 0.0, 0.0, 0.0, 0.0, 0.0, 0.0, 0.0, 0.0, 0.0, 0.0, 0.0], [0.0001, 0.0001, 0.0, 0.0001, 0.0001, 0.0, 0.0, 0.0, 0.0, 0.0, 0.0, 0.0, 0.0, 0.0, 0.0, 0.0, 0.0, 0.0, 0.0, 0.0, 0.0, 0.0, 0.0, 0.0]]}}
bs_hinuma_efermi: 0.35256816
bs_latimer_munro_task_id: mp-2304186
bs_latimer_munro_band_gap: 3.0086
bs_latimer_munro_cbm: {'band_index': {'1': [87]}, 'kpoint_index': [22], 'kpoint': <pymatgen.electronic_structure.bandstructure.Kpoint object at 0x7fc5d4b5a430>, 'energy': 3.306499999999999, 'projections': {'1': [[0.0, 0.0, 0.0, 0.0, 0.0, 0.0, 0.0031000000000000003, 0.0031000000000000003, 0.0, 0.0, 0.0026000000000000003, 0.0026000000000000003, 0.0, 0.0, 0.0, 0.0152, 0.0, 0.0, 0.0026000000000000003, 0.0023, 0.0019, 0.0019, 0.0023, 0.0026000000000000003], [0.0, 0.0004, 0.00030000000000000003, 0.0, 0.0004, 0.00030000000000000003, 0.0882, 0.0882, 0.0, 0.0, 0.004200000000000001, 0.004200000000000001, 0.0001, 0.0002, 0.0, 0.0, 0.0002, 0.0001, 0.0057, 0.0005, 0.0007, 0.0007, 0.0005, 0.0057], [0.0, 0.0002, 0.0001, 0.0, 0.0002, 0.0001, 0.0039000000000000003, 0.0039000000000000003, 0.0006000000000000001, 0.0001, 0.0, 0.0, 0.0, 0.0, 0.0001, 0.0, 0.0, 0.0, 0.0111, 0.0099, 0.019100000000000002, 0.019100000000000002, 0.0099, 0.0111], [0.0, 0.0, 0.0002, 0.0, 0.0, 0.0002, 0.0342, 0.0342, 0.0004, 0.0001, 0.0154, 0.0154, 0.0001, 0.0, 0.0001, 0.0, 0.0, 0.0001, 0.0045000000000000005, 0.010100000000000001, 0.0002, 0.0002, 0.010100000000000001, 0.0045000000000000005], [0.0, 0.0002, 0.0002, 0.0, 0.0002, 0.0002, 0.0004, 0.0004, 0.0, 0.0, 0.0, 0.0, 0.0, 0.0, 0.0, 0.0, 0.0, 0.0, 0.0, 0.0, 0.0, 0.0, 0.0, 0.0], [0.0001, 0.0, 0.0001, 0.0001, 0.0, 0.0001, 0.0074, 0.0074, 0.0, 0.0, 0.0, 0.0, 0.0, 0.0, 0.0, 0.0, 0.0, 0.0, 0.0, 0.0, 0.0, 0.0, 0.0, 0.0], [0.0, 0.0002, 0.0002, 0.0, 0.0002, 0.0002, 0.0007, 0.0007, 0.0, 0.0, 0.0, 0.0, 0.0, 0.0, 0.0, 0.0, 0.0, 0.0, 0.0, 0.0, 0.0, 0.0, 0.0, 0.0], [0.0, 0.0001, 0.0, 0.0, 0.0001, 0.0, 0.0029000000000000002, 0.0029000000000000002, 0.0, 0.0, 0.0, 0.0, 0.0, 0.0, 0.0, 0.0, 0.0, 0.0, 0.0, 0.0, 0.0, 0.0, 0.0, 0.0], [0.0, 0.0, 0.0001, 0.0, 0.0, 0.0001, 0.0001, 0.0001, 0.0, 0.0, 0.0, 0.0, 0.0, 0.0, 0.0, 0.0, 0.0, 0.0, 0.0, 0.0, 0.0, 0.0, 0.0, 0.0]]}}
bs_latimer_munro_vbm: {'band_index': {'1': [86]}, 'kpoint_index': [73], 'kpoint': <pymatgen.electronic_structure.bandstructure.Kpoint object at 0x7fc5d4b5a3c0>, 'energy': 0.2979, 'projections': {'1': [[0.0, 0.0001, 0.0, 0.0, 0.0001, 0.0, 0.0, 0.0, 0.17, 0.0005, 0.0, 0.0, 0.0008, 0.0011, 0.0005, 0.0, 0.0011, 0.0008, 0.0, 0.0, 0.0, 0.0, 0.0, 0.0], [0.0, 0.0001, 0.0, 0.0, 0.0001, 0.0, 0.0, 0.0, 0.0, 0.025, 0.0, 0.0, 0.061, 0.0029000000000000002, 0.025, 0.0, 0.0029000000000000002, 0.061, 0.0001, 0.0, 0.0, 0.0, 0.0, 0.0001], [0.0, 0.00030000000000000003, 0.0001, 0.0, 0.00030000000000000003, 0.0001, 0.0, 0.0, 0.0, 0.027600000000000003, 0.0, 0.0, 0.0236, 0.0273, 0.027600000000000003, 0.0, 0.0273, 0.0236, 0.0, 0.0, 0.0001, 0.0001, 0.0, 0.0], [0.0, 0.0011, 0.0, 0.0, 0.0011, 0.0, 0.0, 0.0, 0.0, 0.052500000000000005, 0.0001, 0.0001, 0.0004, 0.0546, 0.052500000000000005, 0.0, 0.0546, 0.0004, 0.0, 0.0002, 0.0, 0.0, 0.0002, 0.0], [0.0, 0.0, 0.0, 0.0, 0.0, 0.0, 0.0, 0.0, 0.0, 0.0, 0.0, 0.0, 0.0, 0.0, 0.0, 0.0, 0.0, 0.0, 0.0, 0.0, 0.0, 0.0, 0.0, 0.0], [0.0, 0.0, 0.0, 0.0, 0.0, 0.0, 0.0, 0.0, 0.0, 0.0, 0.0, 0.0, 0.0, 0.0, 0.0, 0.0, 0.0, 0.0, 0.0, 0.0, 0.0, 0.0, 0.0, 0.0], [0.0, 0.0, 0.0001, 0.0, 0.0, 0.0001, 0.0, 0.0, 0.0, 0.0, 0.0, 0.0, 0.0, 0.0, 0.0, 0.0, 0.0, 0.0, 0.0, 0.0, 0.0, 0.0, 0.0, 0.0], [0.0, 0.0006000000000000001, 0.0, 0.0, 0.0006000000000000001, 0.0, 0.0, 0.0, 0.0, 0.0, 0.0, 0.0, 0.0, 0.0, 0.0, 0.0, 0.0, 0.0, 0.0, 0.0, 0.0, 0.0, 0.0, 0.0], [0.0001, 0.0001, 0.0, 0.0001, 0.0001, 0.0, 0.0, 0.0, 0.0, 0.0, 0.0, 0.0, 0.0, 0.0, 0.0, 0.0, 0.0, 0.0, 0.0, 0.0, 0.0, 0.0, 0.0, 0.0]]}}
bs_latimer_munro_efermi: 0.36320444