material_id: mp-558022
band_gap: 5.3882
efermi: 2.22825232
dos_magnetic_ordering: NM
dos_total_task_id: mp-1711545
dos_total_band_gap: 5.381
dos_total_cbm: 7.5348
dos_total_vbm: 2.1538
dos_total_efermi: 2.15545839
bs_setyawan_curtarolo_task_id: mp-1605854
bs_setyawan_curtarolo_band_gap: 5.3882
bs_setyawan_curtarolo_cbm: {'band_index': {'1': [72]}, 'kpoint_index': [0, 33, 34], 'kpoint': <pymatgen.electronic_structure.bandstructure.Kpoint object at 0x7fc699d63930>, 'energy': 7.5327, 'projections': {'1': [[0.0211, 0.0211, 0.0211, 0.0043, 0.0043, 0.0043, 0.0158, 0.0158, 0.0158, 0.0064, 0.0152, 0.0064, 0.0155, 0.0155, 0.0155, 0.0152, 0.0152, 0.0155, 0.0155, 0.0152, 0.0152, 0.0064, 0.0152, 0.0155], [0.0, 0.0, 0.0, 0.0, 0.0017000000000000001, 0.0017000000000000001, 0.0, 0.0, 0.0, 0.0001, 0.0012000000000000001, 0.0, 0.0008, 0.0001, 0.0013000000000000002, 0.0008, 0.0, 0.0008, 0.0001, 0.0008, 0.0012000000000000001, 0.0001, 0.0, 0.0013000000000000002], [0.0, 0.0, 0.0, 0.0, 0.0, 0.0, 0.0, 0.0, 0.0, 0.0, 0.0016, 0.0, 0.0004, 0.0004, 0.0004, 0.0016, 0.0016, 0.0004, 0.0004, 0.0016, 0.0016, 0.0, 0.0016, 0.0004], [0.0, 0.0, 0.0, 0.0023, 0.0006000000000000001, 0.0006000000000000001, 0.0, 0.0, 0.0, 0.0, 0.0002, 0.0001, 0.0007, 0.0014, 0.0001, 0.0005, 0.0013000000000000002, 0.0007, 0.0014, 0.0005, 0.0002, 0.0, 0.0013000000000000002, 0.0001], [0.0, 0.0, 0.0, 0.0, 0.0, 0.0, 0.0, 0.0, 0.0, 0.0, 0.0, 0.0, 0.0, 0.0, 0.0, 0.0, 0.0, 0.0, 0.0, 0.0, 0.0, 0.0, 0.0, 0.0], [0.0004, 0.0004, 0.0017000000000000001, 0.0, 0.0, 0.0, 0.0, 0.0, 0.0, 0.0, 0.0, 0.0, 0.0, 0.0, 0.0, 0.0, 0.0, 0.0, 0.0, 0.0, 0.0, 0.0, 0.0, 0.0], [0.0006000000000000001, 0.0006000000000000001, 0.0006000000000000001, 0.0, 0.0, 0.0, 0.0, 0.0, 0.0, 0.0, 0.0, 0.0, 0.0, 0.0, 0.0, 0.0, 0.0, 0.0, 0.0, 0.0, 0.0, 0.0, 0.0, 0.0], [0.0013000000000000002, 0.0013000000000000002, 0.0, 0.0, 0.0, 0.0, 0.0, 0.0, 0.0, 0.0, 0.0, 0.0, 0.0, 0.0, 0.0, 0.0, 0.0, 0.0, 0.0, 0.0, 0.0, 0.0, 0.0, 0.0], [0.0, 0.0, 0.0, 0.0, 0.0, 0.0, 0.0, 0.0, 0.0, 0.0, 0.0, 0.0, 0.0, 0.0, 0.0, 0.0, 0.0, 0.0, 0.0, 0.0, 0.0, 0.0, 0.0, 0.0]]}}
bs_setyawan_curtarolo_vbm: {'band_index': {'1': [71]}, 'kpoint_index': [0, 33, 34], 'kpoint': <pymatgen.electronic_structure.bandstructure.Kpoint object at 0x7fc5d4b59c50>, 'energy': 2.1445, 'projections': {'1': [[0.0, 0.0, 0.0, 0.0, 0.0, 0.0, 0.0, 0.0, 0.0, 0.0, 0.0, 0.0, 0.0, 0.0, 0.0, 0.0, 0.0, 0.0, 0.0, 0.0, 0.0, 0.0, 0.0, 0.0], [0.0, 0.0, 0.0001, 0.0, 0.0, 0.0, 0.0, 0.0, 0.0, 0.0246, 0.0085, 0.0985, 0.0012000000000000001, 0.0071, 0.0025, 0.0004, 0.012400000000000001, 0.0012000000000000001, 0.0071, 0.0004, 0.0085, 0.0246, 0.012400000000000001, 0.0025], [0.0005, 0.0005, 0.0005, 0.0017000000000000001, 0.0017000000000000001, 0.0017000000000000001, 0.0, 0.0, 0.0, 0.0975, 0.0034000000000000002, 0.0975, 0.0077, 0.0077, 0.0077, 0.0034000000000000002, 0.0034000000000000002, 0.0077, 0.0077, 0.0034000000000000002, 0.0034000000000000002, 0.0975, 0.0034000000000000002, 0.0077], [0.0001, 0.0001, 0.0, 0.0, 0.0, 0.0, 0.0, 0.0, 0.0, 0.07390000000000001, 0.0057, 0.0, 0.006, 0.0001, 0.0047, 0.013800000000000002, 0.0018000000000000002, 0.006, 0.0001, 0.013800000000000002, 0.0057, 0.07390000000000001, 0.0018000000000000002, 0.0047], [0.0, 0.0, 0.0, 0.0, 0.0, 0.0, 0.0, 0.0, 0.0, 0.0, 0.0, 0.0, 0.0, 0.0, 0.0, 0.0, 0.0, 0.0, 0.0, 0.0, 0.0, 0.0, 0.0, 0.0], [0.0004, 0.0004, 0.0, 0.0, 0.0, 0.0, 0.0, 0.0, 0.0, 0.0, 0.0, 0.0, 0.0, 0.0, 0.0, 0.0, 0.0, 0.0, 0.0, 0.0, 0.0, 0.0, 0.0, 0.0], [0.0, 0.0, 0.0, 0.0, 0.0, 0.0, 0.0, 0.0, 0.0, 0.0, 0.0, 0.0, 0.0, 0.0, 0.0, 0.0, 0.0, 0.0, 0.0, 0.0, 0.0, 0.0, 0.0, 0.0], [0.0001, 0.0001, 0.0005, 0.0, 0.0, 0.0, 0.0, 0.0, 0.0, 0.0, 0.0, 0.0, 0.0, 0.0, 0.0, 0.0, 0.0, 0.0, 0.0, 0.0, 0.0, 0.0, 0.0, 0.0], [0.0, 0.0, 0.0, 0.0, 0.0, 0.0, 0.0, 0.0, 0.0, 0.0, 0.0, 0.0, 0.0, 0.0, 0.0, 0.0, 0.0, 0.0, 0.0, 0.0, 0.0, 0.0, 0.0, 0.0]]}}
bs_setyawan_curtarolo_efermi: 2.22825232
bs_hinuma_task_id: mp-2170758
bs_hinuma_band_gap: 5.3882
bs_hinuma_cbm: {'band_index': {'1': [72]}, 'kpoint_index': [0, 33, 34], 'kpoint': <pymatgen.electronic_structure.bandstructure.Kpoint object at 0x7fc5d4b59d30>, 'energy': 7.5327, 'projections': {'1': [[0.0211, 0.0211, 0.0211, 0.0043, 0.0043, 0.0043, 0.0158, 0.0158, 0.0158, 0.0064, 0.0152, 0.0064, 0.0155, 0.0155, 0.0155, 0.0152, 0.0152, 0.0155, 0.0155, 0.0152, 0.0152, 0.0064, 0.0152, 0.0155], [0.0, 0.0, 0.0, 0.0, 0.0017000000000000001, 0.0017000000000000001, 0.0, 0.0, 0.0, 0.0001, 0.0012000000000000001, 0.0, 0.0008, 0.0001, 0.0013000000000000002, 0.0008, 0.0, 0.0008, 0.0001, 0.0008, 0.0012000000000000001, 0.0001, 0.0, 0.0013000000000000002], [0.0, 0.0, 0.0, 0.0, 0.0, 0.0, 0.0, 0.0, 0.0, 0.0, 0.0016, 0.0, 0.0004, 0.0004, 0.0004, 0.0016, 0.0016, 0.0004, 0.0004, 0.0016, 0.0016, 0.0, 0.0016, 0.0004], [0.0, 0.0, 0.0, 0.0023, 0.0006000000000000001, 0.0006000000000000001, 0.0, 0.0, 0.0, 0.0, 0.0002, 0.0001, 0.0007, 0.0014, 0.0001, 0.0005, 0.0013000000000000002, 0.0007, 0.0014, 0.0005, 0.0002, 0.0, 0.0013000000000000002, 0.0001], [0.0, 0.0, 0.0, 0.0, 0.0, 0.0, 0.0, 0.0, 0.0, 0.0, 0.0, 0.0, 0.0, 0.0, 0.0, 0.0, 0.0, 0.0, 0.0, 0.0, 0.0, 0.0, 0.0, 0.0], [0.0004, 0.0004, 0.0017000000000000001, 0.0, 0.0, 0.0, 0.0, 0.0, 0.0, 0.0, 0.0, 0.0, 0.0, 0.0, 0.0, 0.0, 0.0, 0.0, 0.0, 0.0, 0.0, 0.0, 0.0, 0.0], [0.0006000000000000001, 0.0006000000000000001, 0.0006000000000000001, 0.0, 0.0, 0.0, 0.0, 0.0, 0.0, 0.0, 0.0, 0.0, 0.0, 0.0, 0.0, 0.0, 0.0, 0.0, 0.0, 0.0, 0.0, 0.0, 0.0, 0.0], [0.0013000000000000002, 0.0013000000000000002, 0.0, 0.0, 0.0, 0.0, 0.0, 0.0, 0.0, 0.0, 0.0, 0.0, 0.0, 0.0, 0.0, 0.0, 0.0, 0.0, 0.0, 0.0, 0.0, 0.0, 0.0, 0.0], [0.0, 0.0, 0.0, 0.0, 0.0, 0.0, 0.0, 0.0, 0.0, 0.0, 0.0, 0.0, 0.0, 0.0, 0.0, 0.0, 0.0, 0.0, 0.0, 0.0, 0.0, 0.0, 0.0, 0.0]]}}
bs_hinuma_vbm: {'band_index': {'1': [71]}, 'kpoint_index': [0, 33, 34], 'kpoint': <pymatgen.electronic_structure.bandstructure.Kpoint object at 0x7fc5d4b5a200>, 'energy': 2.1445, 'projections': {'1': [[0.0, 0.0, 0.0, 0.0, 0.0, 0.0, 0.0, 0.0, 0.0, 0.0, 0.0, 0.0, 0.0, 0.0, 0.0, 0.0, 0.0, 0.0, 0.0, 0.0, 0.0, 0.0, 0.0, 0.0], [0.0, 0.0, 0.0001, 0.0, 0.0, 0.0, 0.0, 0.0, 0.0, 0.0246, 0.0085, 0.0985, 0.0012000000000000001, 0.0071, 0.0025, 0.0004, 0.012400000000000001, 0.0012000000000000001, 0.0071, 0.0004, 0.0085, 0.0246, 0.012400000000000001, 0.0025], [0.0005, 0.0005, 0.0005, 0.0017000000000000001, 0.0017000000000000001, 0.0017000000000000001, 0.0, 0.0, 0.0, 0.0975, 0.0034000000000000002, 0.0975, 0.0077, 0.0077, 0.0077, 0.0034000000000000002, 0.0034000000000000002, 0.0077, 0.0077, 0.0034000000000000002, 0.0034000000000000002, 0.0975, 0.0034000000000000002, 0.0077], [0.0001, 0.0001, 0.0, 0.0, 0.0, 0.0, 0.0, 0.0, 0.0, 0.07390000000000001, 0.0057, 0.0, 0.006, 0.0001, 0.0047, 0.013800000000000002, 0.0018000000000000002, 0.006, 0.0001, 0.013800000000000002, 0.0057, 0.07390000000000001, 0.0018000000000000002, 0.0047], [0.0, 0.0, 0.0, 0.0, 0.0, 0.0, 0.0, 0.0, 0.0, 0.0, 0.0, 0.0, 0.0, 0.0, 0.0, 0.0, 0.0, 0.0, 0.0, 0.0, 0.0, 0.0, 0.0, 0.0], [0.0004, 0.0004, 0.0, 0.0, 0.0, 0.0, 0.0, 0.0, 0.0, 0.0, 0.0, 0.0, 0.0, 0.0, 0.0, 0.0, 0.0, 0.0, 0.0, 0.0, 0.0, 0.0, 0.0, 0.0], [0.0, 0.0, 0.0, 0.0, 0.0, 0.0, 0.0, 0.0, 0.0, 0.0, 0.0, 0.0, 0.0, 0.0, 0.0, 0.0, 0.0, 0.0, 0.0, 0.0, 0.0, 0.0, 0.0, 0.0], [0.0001, 0.0001, 0.0005, 0.0, 0.0, 0.0, 0.0, 0.0, 0.0, 0.0, 0.0, 0.0, 0.0, 0.0, 0.0, 0.0, 0.0, 0.0, 0.0, 0.0, 0.0, 0.0, 0.0, 0.0], [0.0, 0.0, 0.0, 0.0, 0.0, 0.0, 0.0, 0.0, 0.0, 0.0, 0.0, 0.0, 0.0, 0.0, 0.0, 0.0, 0.0, 0.0, 0.0, 0.0, 0.0, 0.0, 0.0, 0.0]]}}
bs_hinuma_efermi: 2.22825232
bs_latimer_munro_task_id: mp-2600695
bs_latimer_munro_band_gap: 5.3882
bs_latimer_munro_cbm: {'band_index': {'1': [72]}, 'kpoint_index': [22, 23, 38, 87, 88], 'kpoint': <pymatgen.electronic_structure.bandstructure.Kpoint object at 0x7fc5d4b5a190>, 'energy': 7.5327, 'projections': {'1': [[0.0211, 0.0211, 0.0211, 0.0043, 0.0043, 0.0043, 0.0158, 0.0158, 0.0158, 0.0064, 0.0152, 0.0064, 0.0155, 0.0155, 0.0155, 0.0152, 0.0152, 0.0155, 0.0155, 0.0152, 0.0152, 0.0064, 0.0152, 0.0155], [0.0, 0.0, 0.0, 0.0, 0.0017000000000000001, 0.0017000000000000001, 0.0, 0.0, 0.0, 0.0001, 0.0012000000000000001, 0.0, 0.0008, 0.0001, 0.0013000000000000002, 0.0008, 0.0, 0.0008, 0.0001, 0.0008, 0.0012000000000000001, 0.0001, 0.0, 0.0013000000000000002], [0.0, 0.0, 0.0, 0.0, 0.0, 0.0, 0.0, 0.0, 0.0, 0.0, 0.0016, 0.0, 0.0004, 0.0004, 0.0004, 0.0016, 0.0016, 0.0004, 0.0004, 0.0016, 0.0016, 0.0, 0.0016, 0.0004], [0.0, 0.0, 0.0, 0.0023, 0.0006000000000000001, 0.0006000000000000001, 0.0, 0.0, 0.0, 0.0, 0.0002, 0.0001, 0.0007, 0.0014, 0.0001, 0.0005, 0.0013000000000000002, 0.0007, 0.0014, 0.0005, 0.0002, 0.0, 0.0013000000000000002, 0.0001], [0.0, 0.0, 0.0, 0.0, 0.0, 0.0, 0.0, 0.0, 0.0, 0.0, 0.0, 0.0, 0.0, 0.0, 0.0, 0.0, 0.0, 0.0, 0.0, 0.0, 0.0, 0.0, 0.0, 0.0], [0.0004, 0.0004, 0.0017000000000000001, 0.0, 0.0, 0.0, 0.0, 0.0, 0.0, 0.0, 0.0, 0.0, 0.0, 0.0, 0.0, 0.0, 0.0, 0.0, 0.0, 0.0, 0.0, 0.0, 0.0, 0.0], [0.0006000000000000001, 0.0006000000000000001, 0.0006000000000000001, 0.0, 0.0, 0.0, 0.0, 0.0, 0.0, 0.0, 0.0, 0.0, 0.0, 0.0, 0.0, 0.0, 0.0, 0.0, 0.0, 0.0, 0.0, 0.0, 0.0, 0.0], [0.0013000000000000002, 0.0013000000000000002, 0.0, 0.0, 0.0, 0.0, 0.0, 0.0, 0.0, 0.0, 0.0, 0.0, 0.0, 0.0, 0.0, 0.0, 0.0, 0.0, 0.0, 0.0, 0.0, 0.0, 0.0, 0.0], [0.0, 0.0, 0.0, 0.0, 0.0, 0.0, 0.0, 0.0, 0.0, 0.0, 0.0, 0.0, 0.0, 0.0, 0.0, 0.0, 0.0, 0.0, 0.0, 0.0, 0.0, 0.0, 0.0, 0.0]]}}
bs_latimer_munro_vbm: {'band_index': {'1': [71]}, 'kpoint_index': [22, 23, 38, 87, 88], 'kpoint': <pymatgen.electronic_structure.bandstructure.Kpoint object at 0x7fc5d4b5a430>, 'energy': 2.1445, 'projections': {'1': [[0.0, 0.0, 0.0, 0.0, 0.0, 0.0, 0.0, 0.0, 0.0, 0.0, 0.0, 0.0, 0.0, 0.0, 0.0, 0.0, 0.0, 0.0, 0.0, 0.0, 0.0, 0.0, 0.0, 0.0], [0.0, 0.0, 0.0001, 0.0, 0.0, 0.0, 0.0, 0.0, 0.0, 0.0246, 0.0085, 0.0985, 0.0012000000000000001, 0.0071, 0.0025, 0.0004, 0.012400000000000001, 0.0012000000000000001, 0.0071, 0.0004, 0.0085, 0.0246, 0.012400000000000001, 0.0025], [0.0005, 0.0005, 0.0005, 0.0017000000000000001, 0.0017000000000000001, 0.0017000000000000001, 0.0, 0.0, 0.0, 0.0975, 0.0034000000000000002, 0.0975, 0.0077, 0.0077, 0.0077, 0.0034000000000000002, 0.0034000000000000002, 0.0077, 0.0077, 0.0034000000000000002, 0.0034000000000000002, 0.0975, 0.0034000000000000002, 0.0077], [0.0001, 0.0001, 0.0, 0.0, 0.0, 0.0, 0.0, 0.0, 0.0, 0.07390000000000001, 0.0057, 0.0, 0.006, 0.0001, 0.0047, 0.013800000000000002, 0.0018000000000000002, 0.006, 0.0001, 0.013800000000000002, 0.0057, 0.07390000000000001, 0.0018000000000000002, 0.0047], [0.0, 0.0, 0.0, 0.0, 0.0, 0.0, 0.0, 0.0, 0.0, 0.0, 0.0, 0.0, 0.0, 0.0, 0.0, 0.0, 0.0, 0.0, 0.0, 0.0, 0.0, 0.0, 0.0, 0.0], [0.0004, 0.0004, 0.0, 0.0, 0.0, 0.0, 0.0, 0.0, 0.0, 0.0, 0.0, 0.0, 0.0, 0.0, 0.0, 0.0, 0.0, 0.0, 0.0, 0.0, 0.0, 0.0, 0.0, 0.0], [0.0, 0.0, 0.0, 0.0, 0.0, 0.0, 0.0, 0.0, 0.0, 0.0, 0.0, 0.0, 0.0, 0.0, 0.0, 0.0, 0.0, 0.0, 0.0, 0.0, 0.0, 0.0, 0.0, 0.0], [0.0001, 0.0001, 0.0005, 0.0, 0.0, 0.0, 0.0, 0.0, 0.0, 0.0, 0.0, 0.0, 0.0, 0.0, 0.0, 0.0, 0.0, 0.0, 0.0, 0.0, 0.0, 0.0, 0.0, 0.0], [0.0, 0.0, 0.0, 0.0, 0.0, 0.0, 0.0, 0.0, 0.0, 0.0, 0.0, 0.0, 0.0, 0.0, 0.0, 0.0, 0.0, 0.0, 0.0, 0.0, 0.0, 0.0, 0.0, 0.0]]}}
bs_latimer_munro_efermi: 2.26298623