material_id: mp-556185
band_gap: 3.462499999999999
efermi: 0.82837269
dos_magnetic_ordering: NM
dos_total_task_id: mp-2275353
dos_total_band_gap: 3.441099999999999
dos_total_cbm: 4.2261
dos_total_vbm: 0.785
dos_total_efermi: 0.78785965
bs_setyawan_curtarolo_task_id: mp-1597868
bs_setyawan_curtarolo_band_gap: 3.462499999999999
bs_setyawan_curtarolo_cbm: {'band_index': {'1': [44]}, 'kpoint_index': [0, 100, 101, 131], 'kpoint': <pymatgen.electronic_structure.bandstructure.Kpoint object at 0x7fc699d63930>, 'energy': 4.188, 'projections': {'1': [[0.0013000000000000002, 0.0014, 0.0098, 0.0098, 0.0051, 0.0051, 0.0001, 0.0001, 0.001, 0.0001, 0.0001, 0.001], [0.0, 0.0, 0.0, 0.0, 0.0, 0.0, 0.013900000000000001, 0.013900000000000001, 0.0, 0.013900000000000001, 0.013900000000000001, 0.0], [0.0, 0.0, 0.0, 0.0, 0.0, 0.0, 0.0002, 0.0002, 0.0, 0.0002, 0.0002, 0.0], [0.0002, 0.0002, 0.0, 0.0, 0.0008, 0.0008, 0.0001, 0.0001, 0.0015, 0.0001, 0.0001, 0.0015], [0.0, 0.0, 0.0, 0.0, 0.0, 0.0, 0.0, 0.0, 0.0, 0.0, 0.0, 0.0], [0.0, 0.0, 0.0, 0.0, 0.0006000000000000001, 0.0006000000000000001, 0.0, 0.0, 0.0, 0.0, 0.0, 0.0], [0.00030000000000000003, 0.00030000000000000003, 0.0, 0.0, 0.1569, 0.1569, 0.0, 0.0, 0.0, 0.0, 0.0, 0.0], [0.0, 0.0, 0.0, 0.0, 0.0, 0.0, 0.0, 0.0, 0.0, 0.0, 0.0, 0.0], [0.0013000000000000002, 0.0013000000000000002, 0.0, 0.0, 0.20470000000000002, 0.20470000000000002, 0.0, 0.0, 0.0, 0.0, 0.0, 0.0]]}}
bs_setyawan_curtarolo_vbm: {'band_index': {'1': [43]}, 'kpoint_index': [87, 88], 'kpoint': <pymatgen.electronic_structure.bandstructure.Kpoint object at 0x7fc5d4b5a190>, 'energy': 0.7255, 'projections': {'1': [[0.0, 0.0, 0.0, 0.0, 0.0, 0.0, 0.0, 0.0, 0.0, 0.0, 0.0, 0.0], [0.0, 0.0, 0.0007, 0.0007, 0.0032, 0.0032, 0.0332, 0.0332, 0.0061, 0.0332, 0.0332, 0.0061], [0.0043, 0.0043, 0.0008, 0.0008, 0.007, 0.007, 0.0648, 0.0648, 0.11130000000000001, 0.0648, 0.0648, 0.11130000000000001], [0.0, 0.0, 0.0, 0.0, 0.0, 0.0, 0.0221, 0.0221, 0.0, 0.0221, 0.0221, 0.0], [0.0, 0.0, 0.0, 0.0, 0.0005, 0.0005, 0.0, 0.0, 0.0, 0.0, 0.0, 0.0], [0.0, 0.0, 0.0, 0.0, 0.0, 0.0, 0.0, 0.0, 0.0, 0.0, 0.0, 0.0], [0.0, 0.0, 0.0, 0.0, 0.0, 0.0, 0.0, 0.0, 0.0, 0.0, 0.0, 0.0], [0.00030000000000000003, 0.00030000000000000003, 0.0, 0.0, 0.0021000000000000003, 0.0021000000000000003, 0.0, 0.0, 0.0, 0.0, 0.0, 0.0], [0.0, 0.0, 0.0, 0.0, 0.0, 0.0, 0.0, 0.0, 0.0, 0.0, 0.0, 0.0]]}}
bs_setyawan_curtarolo_efermi: 0.82837269
bs_latimer_munro_task_id: mp-2330571
bs_latimer_munro_band_gap: 3.462499999999999
bs_latimer_munro_cbm: {'band_index': {'1': [44]}, 'kpoint_index': [30, 31, 185, 186, 201, 220, 233, 252, 265], 'kpoint': <pymatgen.electronic_structure.bandstructure.Kpoint object at 0x7fc5d4b5a3c0>, 'energy': 4.188, 'projections': {'1': [[0.0014, 0.0014, 0.0098, 0.0098, 0.0051, 0.0051, 0.0001, 0.0001, 0.001, 0.0001, 0.0001, 0.001], [0.0, 0.0, 0.0, 0.0, 0.0, 0.0, 0.013900000000000001, 0.013900000000000001, 0.0, 0.013900000000000001, 0.013900000000000001, 0.0], [0.0, 0.0, 0.0, 0.0, 0.0, 0.0, 0.0002, 0.0002, 0.0, 0.0002, 0.0002, 0.0], [0.0002, 0.0002, 0.0, 0.0, 0.0008, 0.0008, 0.0001, 0.0001, 0.0015, 0.0001, 0.0001, 0.0015], [0.0, 0.0, 0.0, 0.0, 0.0, 0.0, 0.0, 0.0, 0.0, 0.0, 0.0, 0.0], [0.0, 0.0, 0.0, 0.0, 0.0006000000000000001, 0.0006000000000000001, 0.0, 0.0, 0.0, 0.0, 0.0, 0.0], [0.00030000000000000003, 0.00030000000000000003, 0.0, 0.0, 0.1569, 0.1569, 0.0, 0.0, 0.0, 0.0, 0.0, 0.0], [0.0, 0.0, 0.0, 0.0, 0.0, 0.0, 0.0, 0.0, 0.0, 0.0, 0.0, 0.0], [0.0013000000000000002, 0.0013000000000000002, 0.0, 0.0, 0.20470000000000002, 0.20470000000000002, 0.0, 0.0, 0.0, 0.0, 0.0, 0.0]]}}
bs_latimer_munro_vbm: {'band_index': {'1': [43]}, 'kpoint_index': [101, 102, 135, 136, 149, 158, 173], 'kpoint': <pymatgen.electronic_structure.bandstructure.Kpoint object at 0x7fc5d4b59d30>, 'energy': 0.7255, 'projections': {'1': [[0.0, 0.0, 0.0, 0.0, 0.0, 0.0, 0.0, 0.0, 0.0, 0.0, 0.0, 0.0], [0.0, 0.0, 0.0007, 0.0007, 0.0032, 0.0032, 0.0332, 0.0332, 0.0061, 0.0332, 0.0332, 0.0061], [0.0043, 0.0043, 0.0008, 0.0008, 0.007, 0.007, 0.0648, 0.0648, 0.11130000000000001, 0.0648, 0.0648, 0.11130000000000001], [0.0, 0.0, 0.0, 0.0, 0.0, 0.0, 0.0221, 0.0221, 0.0, 0.0221, 0.0221, 0.0], [0.0, 0.0, 0.0, 0.0, 0.0005, 0.0006000000000000001, 0.0, 0.0, 0.0, 0.0, 0.0, 0.0], [0.0, 0.0, 0.0, 0.0, 0.0, 0.0, 0.0, 0.0, 0.0, 0.0, 0.0, 0.0], [0.0, 0.0, 0.0, 0.0, 0.0, 0.0, 0.0, 0.0, 0.0, 0.0, 0.0, 0.0], [0.00030000000000000003, 0.00030000000000000003, 0.0, 0.0, 0.0021000000000000003, 0.0021000000000000003, 0.0, 0.0, 0.0, 0.0, 0.0, 0.0], [0.0, 0.0, 0.0, 0.0, 0.0, 0.0, 0.0, 0.0, 0.0, 0.0, 0.0, 0.0]]}}
bs_latimer_munro_efermi: 0.8696530100000001