material_id: mp-5924
band_gap: 5.7928
efermi: 4.80188568
dos_magnetic_ordering: NM
dos_total_task_id: mp-1678627
dos_total_band_gap: 5.862
dos_total_cbm: 10.0472
dos_total_vbm: 4.1852
dos_total_efermi: 4.19535503
bs_setyawan_curtarolo_task_id: mp-842855
bs_setyawan_curtarolo_band_gap: 5.7928
bs_setyawan_curtarolo_cbm: {'band_index': {'1': [30]}, 'kpoint_index': [0, 60, 61], 'kpoint': <pymatgen.electronic_structure.bandstructure.Kpoint object at 0x7fc699d63930>, 'energy': 10.552, 'projections': {}}
bs_setyawan_curtarolo_vbm: {'band_index': {'1': [29]}, 'kpoint_index': ['69'], 'kpoint': <pymatgen.electronic_structure.bandstructure.Kpoint object at 0x7fc5d4b5a3c0>, 'energy': 4.7592, 'projections': {}}
bs_setyawan_curtarolo_efermi: 4.80188568
bs_hinuma_task_id: mp-2184801
bs_hinuma_band_gap: 5.774
bs_hinuma_cbm: {'band_index': {'1': [30]}, 'kpoint_index': [0, 60, 61, 109], 'kpoint': <pymatgen.electronic_structure.bandstructure.Kpoint object at 0x7fc5d4b59be0>, 'energy': 9.9536, 'projections': {'1': [[0.057800000000000004, 0.057800000000000004, 0.0781, 0.0781, 0.049600000000000005, 0.049600000000000005, 0.049600000000000005, 0.049600000000000005, 0.049600000000000005, 0.049600000000000005], [0.0, 0.0, 0.0, 0.0, 0.00030000000000000003, 0.0002, 0.0, 0.00030000000000000003, 0.0, 0.0002], [0.0, 0.0, 0.0, 0.0, 0.0, 0.0001, 0.0005, 0.0, 0.0005, 0.0001], [0.0001, 0.0001, 0.0, 0.0, 0.0002, 0.00030000000000000003, 0.0, 0.0002, 0.0, 0.00030000000000000003], [0.0, 0.0, 0.0, 0.0, 0.0, 0.0, 0.0, 0.0, 0.0, 0.0], [0.0, 0.0, 0.0, 0.0, 0.0, 0.0, 0.0, 0.0, 0.0, 0.0], [0.0, 0.0, 0.0, 0.0, 0.0, 0.0, 0.0, 0.0, 0.0, 0.0], [0.0, 0.0, 0.0, 0.0, 0.0, 0.0, 0.0, 0.0, 0.0, 0.0], [0.0, 0.0, 0.0, 0.0, 0.0, 0.0, 0.0, 0.0, 0.0, 0.0]]}}
bs_hinuma_vbm: {'band_index': {'1': [29]}, 'kpoint_index': ['69'], 'kpoint': <pymatgen.electronic_structure.bandstructure.Kpoint object at 0x7fc5d4b59d30>, 'energy': 4.1796, 'projections': {'1': [[0.0022, 0.0022, 0.0002, 0.0002, 0.0001, 0.0001, 0.0001, 0.0001, 0.0001, 0.0001], [0.0004, 0.0004, 0.0004, 0.0004, 0.0198, 0.0047, 0.0245, 0.0198, 0.0245, 0.0047], [0.0001, 0.0001, 0.0012000000000000001, 0.0012000000000000001, 0.0315, 0.06760000000000001, 0.0103, 0.0315, 0.0103, 0.06760000000000001], [0.00030000000000000003, 0.00030000000000000003, 0.0028, 0.0028, 0.0655, 0.0786, 0.0745, 0.0655, 0.0745, 0.0786], [0.0007, 0.0007, 0.0, 0.0, 0.0, 0.0, 0.0, 0.0, 0.0, 0.0], [0.0005, 0.0005, 0.0, 0.0, 0.0, 0.0, 0.0, 0.0, 0.0, 0.0], [0.0007, 0.0007, 0.0, 0.0, 0.0, 0.0, 0.0, 0.0, 0.0, 0.0], [0.0002, 0.0002, 0.0, 0.0, 0.0, 0.0, 0.0, 0.0, 0.0, 0.0], [0.0006000000000000001, 0.0006000000000000001, 0.0, 0.0, 0.0, 0.0, 0.0, 0.0, 0.0, 0.0]]}}
bs_hinuma_efermi: 4.31158678
bs_latimer_munro_task_id: mp-2447518
bs_latimer_munro_band_gap: 5.7959
bs_latimer_munro_cbm: {'band_index': {'1': [30]}, 'kpoint_index': [14, 15, 32], 'kpoint': <pymatgen.electronic_structure.bandstructure.Kpoint object at 0x7fc5d4b59e80>, 'energy': 9.9536, 'projections': {'1': [[0.057800000000000004, 0.057800000000000004, 0.0781, 0.0781, 0.049600000000000005, 0.049600000000000005, 0.049600000000000005, 0.049600000000000005, 0.049600000000000005, 0.049600000000000005], [0.0, 0.0, 0.0, 0.0, 0.00030000000000000003, 0.0002, 0.0, 0.00030000000000000003, 0.0, 0.0002], [0.0, 0.0, 0.0, 0.0, 0.0, 0.0001, 0.0005, 0.0, 0.0005, 0.0001], [0.0001, 0.0001, 0.0, 0.0, 0.0002, 0.00030000000000000003, 0.0, 0.0002, 0.0, 0.00030000000000000003], [0.0, 0.0, 0.0, 0.0, 0.0, 0.0, 0.0, 0.0, 0.0, 0.0], [0.0, 0.0, 0.0, 0.0, 0.0, 0.0, 0.0, 0.0, 0.0, 0.0], [0.0, 0.0, 0.0, 0.0, 0.0, 0.0, 0.0, 0.0, 0.0, 0.0], [0.0, 0.0, 0.0, 0.0, 0.0, 0.0, 0.0, 0.0, 0.0, 0.0], [0.0, 0.0, 0.0, 0.0, 0.0, 0.0, 0.0, 0.0, 0.0, 0.0]]}}
bs_latimer_munro_vbm: {'band_index': {'1': [29]}, 'kpoint_index': [31], 'kpoint': <pymatgen.electronic_structure.bandstructure.Kpoint object at 0x7fc5d4b5a190>, 'energy': 4.1577, 'projections': {'1': [[0.0006000000000000001, 0.0006000000000000001, 0.0002, 0.0002, 0.0001, 0.0001, 0.0002, 0.0001, 0.0002, 0.0001], [0.0017000000000000001, 0.0017000000000000001, 0.0021000000000000003, 0.0021000000000000003, 0.11170000000000001, 0.0129, 0.0004, 0.11170000000000001, 0.0004, 0.0129], [0.0002, 0.0002, 0.0006000000000000001, 0.0006000000000000001, 0.0036000000000000003, 0.0318, 0.0193, 0.0036000000000000003, 0.0193, 0.0318], [0.0013000000000000002, 0.0013000000000000002, 0.0007, 0.0007, 0.06770000000000001, 0.0012000000000000001, 0.1268, 0.06770000000000001, 0.1268, 0.0012000000000000001], [0.0004, 0.0004, 0.0, 0.0, 0.0, 0.0, 0.0, 0.0, 0.0, 0.0], [0.0002, 0.0002, 0.0, 0.0, 0.0, 0.0, 0.0, 0.0, 0.0, 0.0], [0.0001, 0.0001, 0.0, 0.0, 0.0, 0.0, 0.0, 0.0, 0.0, 0.0], [0.0002, 0.0002, 0.0, 0.0, 0.0, 0.0, 0.0, 0.0, 0.0, 0.0], [0.0002, 0.0002, 0.0, 0.0, 0.0, 0.0, 0.0, 0.0, 0.0, 0.0]]}}
bs_latimer_munro_efermi: 4.30196806