material_id: mp-555514
band_gap: 0.8055000000000001
efermi: -2.15172043
dos_magnetic_ordering: FM
dos_total_task_id: mp-1761456
dos_total_band_gap: 0.925
dos_total_cbm: -1.3453
dos_total_vbm: -2.2703
dos_total_efermi: -2.26102589
bs_setyawan_curtarolo_task_id: mp-704321
bs_setyawan_curtarolo_band_gap: 0.8055000000000001
bs_setyawan_curtarolo_cbm: {'band_index': {'-1': [108], '1': []}, 'kpoint_index': [0, 45, 46], 'kpoint': <pymatgen.electronic_structure.bandstructure.Kpoint object at 0x7fc699d63930>, 'energy': -1.4807000000000001, 'projections': {'-1': [[0.0, 0.0, 0.0, 0.0, 0.0, 0.0, 0.0, 0.0, 0.0, 0.0, 0.0, 0.0, 0.0, 0.0, 0.0, 0.0, 0.0, 0.0, 0.0, 0.0, 0.0, 0.0, 0.0, 0.0, 0.0, 0.0, 0.0, 0.0], [0.0, 0.0, 0.0, 0.0, 0.0001, 0.0001, 0.0001, 0.0001, 0.0061, 0.0, 0.0001, 0.0, 0.0061, 0.0001, 0.0061, 0.0001, 0.0001, 0.0001, 0.0056, 0.0001, 0.0001, 0.0061, 0.0056, 0.0, 0.0056, 0.0, 0.0001, 0.0056], [0.0, 0.0, 0.0, 0.0, 0.0026000000000000003, 0.0026000000000000003, 0.0026000000000000003, 0.0026000000000000003, 0.0068000000000000005, 0.006900000000000001, 0.0063, 0.006900000000000001, 0.0068000000000000005, 0.0002, 0.0068000000000000005, 0.0002, 0.0002, 0.0002, 0.0092, 0.0063, 0.0063, 0.0068000000000000005, 0.0092, 0.006900000000000001, 0.0092, 0.006900000000000001, 0.0063, 0.0092], [0.0, 0.0, 0.0, 0.0, 0.0016, 0.0016, 0.0016, 0.0016, 0.006500000000000001, 0.009600000000000001, 0.0123, 0.009600000000000001, 0.006500000000000001, 0.0007, 0.006500000000000001, 0.0007, 0.0007, 0.0007, 0.003, 0.0123, 0.0123, 0.006500000000000001, 0.003, 0.009600000000000001, 0.003, 0.009600000000000001, 0.0123, 0.003], [0.0198, 0.0198, 0.0198, 0.0198, 0.0, 0.0, 0.0, 0.0, 0.0, 0.0, 0.0, 0.0, 0.0, 0.0, 0.0, 0.0, 0.0, 0.0, 0.0, 0.0, 0.0, 0.0, 0.0, 0.0, 0.0, 0.0, 0.0, 0.0], [0.010100000000000001, 0.010100000000000001, 0.010100000000000001, 0.010100000000000001, 0.0, 0.0, 0.0, 0.0, 0.0, 0.0, 0.0, 0.0, 0.0, 0.0, 0.0, 0.0, 0.0, 0.0, 0.0, 0.0, 0.0, 0.0, 0.0, 0.0, 0.0, 0.0, 0.0, 0.0], [0.0896, 0.0896, 0.0896, 0.0896, 0.0, 0.0, 0.0, 0.0, 0.0, 0.0, 0.0, 0.0, 0.0, 0.0, 0.0, 0.0, 0.0, 0.0, 0.0, 0.0, 0.0, 0.0, 0.0, 0.0, 0.0, 0.0, 0.0, 0.0], [0.0081, 0.0081, 0.0081, 0.0081, 0.0, 0.0, 0.0, 0.0, 0.0, 0.0, 0.0, 0.0, 0.0, 0.0, 0.0, 0.0, 0.0, 0.0, 0.0, 0.0, 0.0, 0.0, 0.0, 0.0, 0.0, 0.0, 0.0, 0.0], [0.02, 0.02, 0.02, 0.02, 0.0, 0.0, 0.0, 0.0, 0.0, 0.0, 0.0, 0.0, 0.0, 0.0, 0.0, 0.0, 0.0, 0.0, 0.0, 0.0, 0.0, 0.0, 0.0, 0.0, 0.0, 0.0, 0.0, 0.0]]}}
bs_setyawan_curtarolo_vbm: {'band_index': {'1': [111], '-1': []}, 'kpoint_index': ['6'], 'kpoint': <pymatgen.electronic_structure.bandstructure.Kpoint object at 0x7fc5d4b59be0>, 'energy': -2.2862, 'projections': {'1': [[0.0, 0.0, 0.0, 0.0, 0.0, 0.0, 0.0, 0.0, 0.0, 0.0, 0.0, 0.0, 0.0, 0.0, 0.0, 0.0, 0.0, 0.0, 0.0, 0.0, 0.0, 0.0, 0.0, 0.0, 0.0, 0.0, 0.0, 0.0], [0.0, 0.0, 0.0, 0.0, 0.0, 0.0, 0.0, 0.0, 0.0126, 0.0001, 0.0001, 0.0001, 0.0126, 0.0001, 0.0126, 0.0001, 0.0001, 0.0001, 0.0119, 0.0001, 0.0001, 0.0126, 0.0119, 0.0001, 0.0119, 0.0001, 0.0001, 0.0119], [0.0, 0.0, 0.0, 0.0, 0.0001, 0.0001, 0.0001, 0.0001, 0.0076, 0.0097, 0.009000000000000001, 0.0097, 0.0076, 0.0001, 0.0076, 0.0001, 0.0001, 0.0001, 0.006900000000000001, 0.009000000000000001, 0.009000000000000001, 0.0076, 0.006900000000000001, 0.0097, 0.006900000000000001, 0.0097, 0.009000000000000001, 0.006900000000000001], [0.0, 0.0, 0.0, 0.0, 0.0001, 0.0001, 0.0001, 0.0001, 0.0043, 0.0167, 0.016300000000000002, 0.0167, 0.0043, 0.0002, 0.0043, 0.0002, 0.0002, 0.0002, 0.0038, 0.016300000000000002, 0.016300000000000002, 0.0043, 0.0038, 0.0167, 0.0038, 0.0167, 0.016300000000000002, 0.0038], [0.0392, 0.0392, 0.0392, 0.0392, 0.0, 0.0, 0.0, 0.0, 0.0, 0.0, 0.0, 0.0, 0.0, 0.0, 0.0, 0.0, 0.0, 0.0, 0.0, 0.0, 0.0, 0.0, 0.0, 0.0, 0.0, 0.0, 0.0, 0.0], [0.0236, 0.0236, 0.0236, 0.0236, 0.0, 0.0, 0.0, 0.0, 0.0, 0.0, 0.0, 0.0, 0.0, 0.0, 0.0, 0.0, 0.0, 0.0, 0.0, 0.0, 0.0, 0.0, 0.0, 0.0, 0.0, 0.0, 0.0, 0.0], [0.045700000000000005, 0.045700000000000005, 0.045700000000000005, 0.045700000000000005, 0.0, 0.0, 0.0, 0.0, 0.0, 0.0, 0.0, 0.0, 0.0, 0.0, 0.0, 0.0, 0.0, 0.0, 0.0, 0.0, 0.0, 0.0, 0.0, 0.0, 0.0, 0.0, 0.0, 0.0], [0.0053, 0.0053, 0.0053, 0.0053, 0.0, 0.0, 0.0, 0.0, 0.0, 0.0, 0.0, 0.0, 0.0, 0.0, 0.0, 0.0, 0.0, 0.0, 0.0, 0.0, 0.0, 0.0, 0.0, 0.0, 0.0, 0.0, 0.0, 0.0], [0.014400000000000001, 0.014400000000000001, 0.014400000000000001, 0.014400000000000001, 0.0, 0.0, 0.0, 0.0, 0.0, 0.0, 0.0, 0.0, 0.0, 0.0, 0.0, 0.0, 0.0, 0.0, 0.0, 0.0, 0.0, 0.0, 0.0, 0.0, 0.0, 0.0, 0.0, 0.0]]}}
bs_setyawan_curtarolo_efermi: -2.15172043
bs_hinuma_task_id: mp-2100658
bs_hinuma_band_gap: 0.8102
bs_hinuma_cbm: {'band_index': {'-1': [108], '1': []}, 'kpoint_index': [0, 45, 46], 'kpoint': <pymatgen.electronic_structure.bandstructure.Kpoint object at 0x7fc5d4b59e80>, 'energy': -1.4779, 'projections': {'-1': [[0.0, 0.0, 0.0, 0.0, 0.0, 0.0, 0.0, 0.0, 0.0, 0.0, 0.0, 0.0, 0.0, 0.0, 0.0, 0.0, 0.0, 0.0, 0.0, 0.0, 0.0, 0.0, 0.0, 0.0, 0.0, 0.0, 0.0, 0.0], [0.0, 0.0, 0.0, 0.0, 0.0001, 0.0001, 0.0001, 0.0001, 0.0061, 0.0, 0.0001, 0.0, 0.0061, 0.0001, 0.0061, 0.0001, 0.0001, 0.0001, 0.0056, 0.0001, 0.0001, 0.0061, 0.0056, 0.0, 0.0056, 0.0, 0.0001, 0.0056], [0.0, 0.0, 0.0, 0.0, 0.0026000000000000003, 0.0026000000000000003, 0.0026000000000000003, 0.0026000000000000003, 0.0068000000000000005, 0.006900000000000001, 0.0063, 0.006900000000000001, 0.0068000000000000005, 0.0002, 0.0068000000000000005, 0.0002, 0.0002, 0.0002, 0.0092, 0.0063, 0.0063, 0.0068000000000000005, 0.0092, 0.006900000000000001, 0.0092, 0.006900000000000001, 0.0063, 0.0092], [0.0, 0.0, 0.0, 0.0, 0.0015, 0.0015, 0.0015, 0.0015, 0.006500000000000001, 0.0097, 0.0123, 0.0097, 0.006500000000000001, 0.0007, 0.006500000000000001, 0.0007, 0.0007, 0.0007, 0.003, 0.0123, 0.0123, 0.006500000000000001, 0.003, 0.0097, 0.003, 0.0097, 0.0123, 0.003], [0.02, 0.02, 0.02, 0.02, 0.0, 0.0, 0.0, 0.0, 0.0, 0.0, 0.0, 0.0, 0.0, 0.0, 0.0, 0.0, 0.0, 0.0, 0.0, 0.0, 0.0, 0.0, 0.0, 0.0, 0.0, 0.0, 0.0, 0.0], [0.0102, 0.0102, 0.0102, 0.0102, 0.0, 0.0, 0.0, 0.0, 0.0, 0.0, 0.0, 0.0, 0.0, 0.0, 0.0, 0.0, 0.0, 0.0, 0.0, 0.0, 0.0, 0.0, 0.0, 0.0, 0.0, 0.0, 0.0, 0.0], [0.0893, 0.0893, 0.0893, 0.0893, 0.0, 0.0, 0.0, 0.0, 0.0, 0.0, 0.0, 0.0, 0.0, 0.0, 0.0, 0.0, 0.0, 0.0, 0.0, 0.0, 0.0, 0.0, 0.0, 0.0, 0.0, 0.0, 0.0, 0.0], [0.0081, 0.0081, 0.0081, 0.0081, 0.0, 0.0, 0.0, 0.0, 0.0, 0.0, 0.0, 0.0, 0.0, 0.0, 0.0, 0.0, 0.0, 0.0, 0.0, 0.0, 0.0, 0.0, 0.0, 0.0, 0.0, 0.0, 0.0, 0.0], [0.0201, 0.0201, 0.0201, 0.0201, 0.0, 0.0, 0.0, 0.0, 0.0, 0.0, 0.0, 0.0, 0.0, 0.0, 0.0, 0.0, 0.0, 0.0, 0.0, 0.0, 0.0, 0.0, 0.0, 0.0, 0.0, 0.0, 0.0, 0.0]]}}
bs_hinuma_vbm: {'band_index': {'1': [111], '-1': []}, 'kpoint_index': ['6'], 'kpoint': <pymatgen.electronic_structure.bandstructure.Kpoint object at 0x7fc5d4b5a200>, 'energy': -2.2881, 'projections': {'1': [[0.0, 0.0, 0.0, 0.0, 0.0, 0.0, 0.0, 0.0, 0.0, 0.0, 0.0, 0.0, 0.0, 0.0, 0.0, 0.0, 0.0, 0.0, 0.0, 0.0, 0.0, 0.0, 0.0, 0.0, 0.0, 0.0, 0.0, 0.0], [0.0, 0.0, 0.0, 0.0, 0.0, 0.0, 0.0, 0.0, 0.0125, 0.0001, 0.0001, 0.0001, 0.0125, 0.0001, 0.0125, 0.0001, 0.0001, 0.0001, 0.0119, 0.0001, 0.0001, 0.0125, 0.0119, 0.0001, 0.0119, 0.0001, 0.0001, 0.0119], [0.0, 0.0, 0.0, 0.0, 0.0001, 0.0001, 0.0001, 0.0001, 0.0076, 0.0097, 0.009000000000000001, 0.0097, 0.0076, 0.0001, 0.0076, 0.0001, 0.0001, 0.0001, 0.006900000000000001, 0.009000000000000001, 0.009000000000000001, 0.0076, 0.006900000000000001, 0.0097, 0.006900000000000001, 0.0097, 0.009000000000000001, 0.006900000000000001], [0.0, 0.0, 0.0, 0.0, 0.0001, 0.0001, 0.0001, 0.0001, 0.0043, 0.0167, 0.0162, 0.0167, 0.0043, 0.0002, 0.0043, 0.0002, 0.0002, 0.0002, 0.0038, 0.0162, 0.0162, 0.0043, 0.0038, 0.0167, 0.0038, 0.0167, 0.0162, 0.0038], [0.039400000000000004, 0.039400000000000004, 0.039400000000000004, 0.039400000000000004, 0.0, 0.0, 0.0, 0.0, 0.0, 0.0, 0.0, 0.0, 0.0, 0.0, 0.0, 0.0, 0.0, 0.0, 0.0, 0.0, 0.0, 0.0, 0.0, 0.0, 0.0, 0.0, 0.0, 0.0], [0.023700000000000002, 0.023700000000000002, 0.023700000000000002, 0.023700000000000002, 0.0, 0.0, 0.0, 0.0, 0.0, 0.0, 0.0, 0.0, 0.0, 0.0, 0.0, 0.0, 0.0, 0.0, 0.0, 0.0, 0.0, 0.0, 0.0, 0.0, 0.0, 0.0, 0.0, 0.0], [0.0459, 0.0459, 0.0459, 0.0459, 0.0, 0.0, 0.0, 0.0, 0.0, 0.0, 0.0, 0.0, 0.0, 0.0, 0.0, 0.0, 0.0, 0.0, 0.0, 0.0, 0.0, 0.0, 0.0, 0.0, 0.0, 0.0, 0.0, 0.0], [0.0054, 0.0054, 0.0054, 0.0054, 0.0, 0.0, 0.0, 0.0, 0.0, 0.0, 0.0, 0.0, 0.0, 0.0, 0.0, 0.0, 0.0, 0.0, 0.0, 0.0, 0.0, 0.0, 0.0, 0.0, 0.0, 0.0, 0.0, 0.0], [0.0145, 0.0145, 0.0145, 0.0145, 0.0, 0.0, 0.0, 0.0, 0.0, 0.0, 0.0, 0.0, 0.0, 0.0, 0.0, 0.0, 0.0, 0.0, 0.0, 0.0, 0.0, 0.0, 0.0, 0.0, 0.0, 0.0, 0.0, 0.0]]}}
bs_hinuma_efermi: -2.20423707
bs_latimer_munro_task_id: mp-2308383
bs_latimer_munro_band_gap: 0.8102
bs_latimer_munro_cbm: {'band_index': {'-1': [108], '1': []}, 'kpoint_index': [23, 24, 120, 121, 193, 194], 'kpoint': <pymatgen.electronic_structure.bandstructure.Kpoint object at 0x7fc5d4b5a430>, 'energy': -1.4779, 'projections': {'-1': [[0.0, 0.0, 0.0, 0.0, 0.0, 0.0, 0.0, 0.0, 0.0, 0.0, 0.0, 0.0, 0.0, 0.0, 0.0, 0.0, 0.0, 0.0, 0.0, 0.0, 0.0, 0.0, 0.0, 0.0, 0.0, 0.0, 0.0, 0.0], [0.0, 0.0, 0.0, 0.0, 0.0001, 0.0001, 0.0001, 0.0001, 0.0061, 0.0, 0.0001, 0.0, 0.0061, 0.0001, 0.0061, 0.0001, 0.0001, 0.0001, 0.0056, 0.0001, 0.0001, 0.0061, 0.0056, 0.0, 0.0056, 0.0, 0.0001, 0.0056], [0.0, 0.0, 0.0, 0.0, 0.0026000000000000003, 0.0026000000000000003, 0.0026000000000000003, 0.0026000000000000003, 0.0068000000000000005, 0.006900000000000001, 0.0063, 0.006900000000000001, 0.0068000000000000005, 0.0002, 0.0068000000000000005, 0.0002, 0.0002, 0.0002, 0.0092, 0.0063, 0.0063, 0.0068000000000000005, 0.0092, 0.006900000000000001, 0.0092, 0.006900000000000001, 0.0063, 0.0092], [0.0, 0.0, 0.0, 0.0, 0.0015, 0.0015, 0.0015, 0.0015, 0.006500000000000001, 0.0097, 0.0123, 0.0097, 0.006500000000000001, 0.0007, 0.006500000000000001, 0.0007, 0.0007, 0.0007, 0.003, 0.0123, 0.0123, 0.006500000000000001, 0.003, 0.0097, 0.003, 0.0097, 0.0123, 0.003], [0.02, 0.02, 0.02, 0.02, 0.0, 0.0, 0.0, 0.0, 0.0, 0.0, 0.0, 0.0, 0.0, 0.0, 0.0, 0.0, 0.0, 0.0, 0.0, 0.0, 0.0, 0.0, 0.0, 0.0, 0.0, 0.0, 0.0, 0.0], [0.0102, 0.0102, 0.0102, 0.0102, 0.0, 0.0, 0.0, 0.0, 0.0, 0.0, 0.0, 0.0, 0.0, 0.0, 0.0, 0.0, 0.0, 0.0, 0.0, 0.0, 0.0, 0.0, 0.0, 0.0, 0.0, 0.0, 0.0, 0.0], [0.0893, 0.0893, 0.0893, 0.0893, 0.0, 0.0, 0.0, 0.0, 0.0, 0.0, 0.0, 0.0, 0.0, 0.0, 0.0, 0.0, 0.0, 0.0, 0.0, 0.0, 0.0, 0.0, 0.0, 0.0, 0.0, 0.0, 0.0, 0.0], [0.0081, 0.0081, 0.0081, 0.0081, 0.0, 0.0, 0.0, 0.0, 0.0, 0.0, 0.0, 0.0, 0.0, 0.0, 0.0, 0.0, 0.0, 0.0, 0.0, 0.0, 0.0, 0.0, 0.0, 0.0, 0.0, 0.0, 0.0, 0.0], [0.0201, 0.0201, 0.0201, 0.0201, 0.0, 0.0, 0.0, 0.0, 0.0, 0.0, 0.0, 0.0, 0.0, 0.0, 0.0, 0.0, 0.0, 0.0, 0.0, 0.0, 0.0, 0.0, 0.0, 0.0, 0.0, 0.0, 0.0, 0.0]]}}
bs_latimer_munro_vbm: {'band_index': {'1': [111], '-1': []}, 'kpoint_index': ['200'], 'kpoint': <pymatgen.electronic_structure.bandstructure.Kpoint object at 0x7fc5d4b59c50>, 'energy': -2.2881, 'projections': {'1': [[0.0, 0.0, 0.0, 0.0, 0.0, 0.0, 0.0, 0.0, 0.0, 0.0, 0.0, 0.0, 0.0, 0.0, 0.0, 0.0, 0.0, 0.0, 0.0, 0.0, 0.0, 0.0, 0.0, 0.0, 0.0, 0.0, 0.0, 0.0], [0.0, 0.0, 0.0, 0.0, 0.0, 0.0, 0.0, 0.0, 0.0125, 0.0001, 0.0001, 0.0001, 0.0125, 0.0001, 0.0125, 0.0001, 0.0001, 0.0001, 0.0119, 0.0001, 0.0001, 0.0125, 0.0119, 0.0001, 0.0119, 0.0001, 0.0001, 0.0119], [0.0, 0.0, 0.0, 0.0, 0.0001, 0.0001, 0.0001, 0.0001, 0.0076, 0.0097, 0.009000000000000001, 0.0097, 0.0076, 0.0001, 0.0076, 0.0001, 0.0001, 0.0001, 0.006900000000000001, 0.009000000000000001, 0.009000000000000001, 0.0076, 0.006900000000000001, 0.0097, 0.006900000000000001, 0.0097, 0.009000000000000001, 0.006900000000000001], [0.0, 0.0, 0.0, 0.0, 0.0001, 0.0001, 0.0001, 0.0001, 0.0043, 0.0167, 0.0162, 0.0167, 0.0043, 0.0002, 0.0043, 0.0002, 0.0002, 0.0002, 0.0038, 0.0162, 0.0162, 0.0043, 0.0038, 0.0167, 0.0038, 0.0167, 0.0162, 0.0038], [0.039400000000000004, 0.039400000000000004, 0.039400000000000004, 0.039400000000000004, 0.0, 0.0, 0.0, 0.0, 0.0, 0.0, 0.0, 0.0, 0.0, 0.0, 0.0, 0.0, 0.0, 0.0, 0.0, 0.0, 0.0, 0.0, 0.0, 0.0, 0.0, 0.0, 0.0, 0.0], [0.023700000000000002, 0.023700000000000002, 0.023700000000000002, 0.023700000000000002, 0.0, 0.0, 0.0, 0.0, 0.0, 0.0, 0.0, 0.0, 0.0, 0.0, 0.0, 0.0, 0.0, 0.0, 0.0, 0.0, 0.0, 0.0, 0.0, 0.0, 0.0, 0.0, 0.0, 0.0], [0.0459, 0.0459, 0.0459, 0.0459, 0.0, 0.0, 0.0, 0.0, 0.0, 0.0, 0.0, 0.0, 0.0, 0.0, 0.0, 0.0, 0.0, 0.0, 0.0, 0.0, 0.0, 0.0, 0.0, 0.0, 0.0, 0.0, 0.0, 0.0], [0.0054, 0.0054, 0.0054, 0.0054, 0.0, 0.0, 0.0, 0.0, 0.0, 0.0, 0.0, 0.0, 0.0, 0.0, 0.0, 0.0, 0.0, 0.0, 0.0, 0.0, 0.0, 0.0, 0.0, 0.0, 0.0, 0.0, 0.0, 0.0], [0.0145, 0.0145, 0.0145, 0.0145, 0.0, 0.0, 0.0, 0.0, 0.0, 0.0, 0.0, 0.0, 0.0, 0.0, 0.0, 0.0, 0.0, 0.0, 0.0, 0.0, 0.0, 0.0, 0.0, 0.0, 0.0, 0.0, 0.0, 0.0]]}}
bs_latimer_munro_efermi: -2.16312955