material_id: mp-560699
band_gap: 2.9255
efermi: 2.58002343
dos_magnetic_ordering: NM
dos_total_task_id: mp-1671578
dos_total_band_gap: 2.8718
dos_total_cbm: 5.3612
dos_total_vbm: 2.4894
dos_total_efermi: 2.46083817
bs_setyawan_curtarolo_task_id: mp-1602786
bs_setyawan_curtarolo_band_gap: 2.9255
bs_setyawan_curtarolo_cbm: {'band_index': {'1': [60]}, 'kpoint_index': ['8'], 'kpoint': <pymatgen.electronic_structure.bandstructure.Kpoint object at 0x7fc699d63930>, 'energy': 5.3838, 'projections': {'1': [[0.0008, 0.0011, 0.0, 0.0, 0.0, 0.0, 0.0036000000000000003, 0.0006000000000000001, 0.0005, 0.001, 0.0043, 0.0006000000000000001, 0.0007, 0.0009000000000000001, 0.0006000000000000001, 0.0004], [0.0002, 0.0001, 0.0115, 0.015, 0.0026000000000000003, 0.0021000000000000003, 0.0004, 0.0053, 0.0007, 0.0023, 0.0006000000000000001, 0.0027, 0.0022, 0.0021000000000000003, 0.0055000000000000005, 0.0009000000000000001], [0.0001, 0.0, 0.0009000000000000001, 0.001, 0.0005, 0.0013000000000000002, 0.0004, 0.0081, 0.0001, 0.0009000000000000001, 0.0002, 0.0006000000000000001, 0.0165, 0.017400000000000002, 0.0078000000000000005, 0.0001], [0.0, 0.0, 0.052700000000000004, 0.0506, 0.0036000000000000003, 0.0043, 0.0012000000000000001, 0.00030000000000000003, 0.0036000000000000003, 0.0002, 0.0015, 0.0001, 0.0002, 0.0002, 0.00030000000000000003, 0.0035], [0.13570000000000002, 0.1313, 0.0004, 0.0005, 0.0001, 0.0001, 0.0, 0.0, 0.0, 0.0, 0.0, 0.0, 0.0, 0.0, 0.0, 0.0], [0.0045000000000000005, 0.0056, 0.0, 0.0, 0.0, 0.0, 0.0, 0.0, 0.0, 0.0, 0.0, 0.0, 0.0, 0.0, 0.0, 0.0], [0.0041, 0.0017000000000000001, 0.0, 0.0, 0.0, 0.0, 0.0, 0.0, 0.0, 0.0, 0.0, 0.0, 0.0, 0.0, 0.0, 0.0], [0.1322, 0.1496, 0.0005, 0.0004, 0.0002, 0.0002, 0.0, 0.0, 0.0, 0.0, 0.0, 0.0, 0.0, 0.0, 0.0, 0.0], [0.011300000000000001, 0.0131, 0.0008, 0.0007, 0.0, 0.0, 0.0, 0.0, 0.0, 0.0, 0.0, 0.0, 0.0, 0.0, 0.0, 0.0]]}}
bs_setyawan_curtarolo_vbm: {'band_index': {'1': [59]}, 'kpoint_index': ['84'], 'kpoint': <pymatgen.electronic_structure.bandstructure.Kpoint object at 0x7fc5d4b59be0>, 'energy': 2.4583, 'projections': {'1': [[0.0002, 0.0, 0.0143, 0.003, 0.0823, 0.033100000000000004, 0.0, 0.0001, 0.00030000000000000003, 0.0001, 0.0, 0.0002, 0.0008, 0.0004, 0.00030000000000000003, 0.0001], [0.0013000000000000002, 0.00030000000000000003, 0.0004, 0.0, 0.0054, 0.0018000000000000002, 0.0536, 0.026500000000000003, 0.0026000000000000003, 0.07390000000000001, 0.0604, 0.0213, 0.034800000000000005, 0.0239, 0.014100000000000001, 0.0045000000000000005], [0.0008, 0.0017000000000000001, 0.0035, 0.0007, 0.0, 0.0002, 0.0412, 0.033800000000000004, 0.0358, 0.0005, 0.028900000000000002, 0.00030000000000000003, 0.0128, 0.0227, 0.0188, 0.009600000000000001], [0.0016, 0.0005, 0.0002, 0.00030000000000000003, 0.00030000000000000003, 0.0001, 0.015300000000000001, 0.0114, 0.0134, 0.0022, 0.0034000000000000002, 0.0054, 0.009300000000000001, 0.0007, 0.0038, 0.0362], [0.0001, 0.0, 0.0004, 0.0001, 0.0001, 0.0001, 0.0, 0.0, 0.0, 0.0, 0.0, 0.0, 0.0, 0.0, 0.0, 0.0], [0.0024000000000000002, 0.0001, 0.0012000000000000001, 0.0011, 0.0, 0.0, 0.0, 0.0, 0.0, 0.0, 0.0, 0.0, 0.0, 0.0, 0.0, 0.0], [0.0024000000000000002, 0.0027, 0.0004, 0.0006000000000000001, 0.00030000000000000003, 0.0005, 0.0, 0.0, 0.0, 0.0, 0.0, 0.0, 0.0, 0.0, 0.0, 0.0], [0.0002, 0.0002, 0.0006000000000000001, 0.0002, 0.0, 0.0, 0.0, 0.0, 0.0, 0.0, 0.0, 0.0, 0.0, 0.0, 0.0, 0.0], [0.0005, 0.0008, 0.0001, 0.0002, 0.0, 0.0001, 0.0, 0.0, 0.0, 0.0, 0.0, 0.0, 0.0, 0.0, 0.0, 0.0]]}}
bs_setyawan_curtarolo_efermi: 2.58002343
bs_hinuma_task_id: mp-2183472
bs_hinuma_band_gap: 2.9255
bs_hinuma_cbm: {'band_index': {'1': [60]}, 'kpoint_index': ['22'], 'kpoint': <pymatgen.electronic_structure.bandstructure.Kpoint object at 0x7fc5d4b5a350>, 'energy': 5.3838, 'projections': {'1': [[0.0008, 0.0011, 0.0, 0.0, 0.0, 0.0, 0.0036000000000000003, 0.0006000000000000001, 0.0005, 0.001, 0.0043, 0.0006000000000000001, 0.0007, 0.0009000000000000001, 0.0006000000000000001, 0.0004], [0.0002, 0.0001, 0.0115, 0.015, 0.0026000000000000003, 0.0021000000000000003, 0.0004, 0.0053, 0.0007, 0.0023, 0.0006000000000000001, 0.0027, 0.0022, 0.0021000000000000003, 0.0055000000000000005, 0.0009000000000000001], [0.0001, 0.0, 0.0009000000000000001, 0.001, 0.0005, 0.0013000000000000002, 0.0004, 0.0081, 0.0001, 0.0009000000000000001, 0.0002, 0.0006000000000000001, 0.0165, 0.017400000000000002, 0.0078000000000000005, 0.0001], [0.0, 0.0, 0.052700000000000004, 0.0506, 0.0036000000000000003, 0.0043, 0.0012000000000000001, 0.00030000000000000003, 0.0036000000000000003, 0.0002, 0.0015, 0.0001, 0.0002, 0.0002, 0.00030000000000000003, 0.0035], [0.13570000000000002, 0.1313, 0.0004, 0.0005, 0.0001, 0.0001, 0.0, 0.0, 0.0, 0.0, 0.0, 0.0, 0.0, 0.0, 0.0, 0.0], [0.0045000000000000005, 0.0056, 0.0, 0.0, 0.0, 0.0, 0.0, 0.0, 0.0, 0.0, 0.0, 0.0, 0.0, 0.0, 0.0, 0.0], [0.0041, 0.0017000000000000001, 0.0, 0.0, 0.0, 0.0, 0.0, 0.0, 0.0, 0.0, 0.0, 0.0, 0.0, 0.0, 0.0, 0.0], [0.1322, 0.1496, 0.0005, 0.0004, 0.0002, 0.0002, 0.0, 0.0, 0.0, 0.0, 0.0, 0.0, 0.0, 0.0, 0.0, 0.0], [0.011300000000000001, 0.0131, 0.0008, 0.0007, 0.0, 0.0, 0.0, 0.0, 0.0, 0.0, 0.0, 0.0, 0.0, 0.0, 0.0, 0.0]]}}
bs_hinuma_vbm: {'band_index': {'1': [59]}, 'kpoint_index': ['65'], 'kpoint': <pymatgen.electronic_structure.bandstructure.Kpoint object at 0x7fc5d4b5a190>, 'energy': 2.4583, 'projections': {'1': [[0.0002, 0.0, 0.0143, 0.003, 0.0823, 0.033100000000000004, 0.0, 0.0001, 0.00030000000000000003, 0.0001, 0.0, 0.0002, 0.0008, 0.0004, 0.00030000000000000003, 0.0001], [0.0013000000000000002, 0.00030000000000000003, 0.0004, 0.0, 0.0054, 0.0018000000000000002, 0.0536, 0.026500000000000003, 0.0026000000000000003, 0.07390000000000001, 0.0604, 0.0213, 0.034800000000000005, 0.0239, 0.014100000000000001, 0.0045000000000000005], [0.0008, 0.0017000000000000001, 0.0035, 0.0007, 0.0, 0.0002, 0.0412, 0.033800000000000004, 0.0358, 0.0005, 0.028900000000000002, 0.00030000000000000003, 0.0128, 0.0227, 0.0188, 0.009600000000000001], [0.0016, 0.0005, 0.0002, 0.00030000000000000003, 0.00030000000000000003, 0.0001, 0.015300000000000001, 0.0114, 0.0134, 0.0022, 0.0034000000000000002, 0.0054, 0.009300000000000001, 0.0007, 0.0038, 0.0362], [0.0001, 0.0, 0.0004, 0.0001, 0.0001, 0.0001, 0.0, 0.0, 0.0, 0.0, 0.0, 0.0, 0.0, 0.0, 0.0, 0.0], [0.0024000000000000002, 0.0001, 0.0012000000000000001, 0.0011, 0.0, 0.0, 0.0, 0.0, 0.0, 0.0, 0.0, 0.0, 0.0, 0.0, 0.0, 0.0], [0.0024000000000000002, 0.0027, 0.0004, 0.0006000000000000001, 0.00030000000000000003, 0.0005, 0.0, 0.0, 0.0, 0.0, 0.0, 0.0, 0.0, 0.0, 0.0, 0.0], [0.0002, 0.0002, 0.0006000000000000001, 0.0002, 0.0, 0.0, 0.0, 0.0, 0.0, 0.0, 0.0, 0.0, 0.0, 0.0, 0.0, 0.0], [0.0005, 0.0008, 0.0001, 0.0002, 0.0, 0.0001, 0.0, 0.0, 0.0, 0.0, 0.0, 0.0, 0.0, 0.0, 0.0, 0.0]]}}
bs_hinuma_efermi: 2.56558393
bs_latimer_munro_task_id: mp-2434526
bs_latimer_munro_band_gap: 2.9255
bs_latimer_munro_cbm: {'band_index': {'1': [60]}, 'kpoint_index': ['8'], 'kpoint': <pymatgen.electronic_structure.bandstructure.Kpoint object at 0x7fc5d4b5a430>, 'energy': 5.3838, 'projections': {'1': [[0.0008, 0.0011, 0.0, 0.0, 0.0, 0.0, 0.0036000000000000003, 0.0006000000000000001, 0.0005, 0.001, 0.0043, 0.0006000000000000001, 0.0007, 0.0009000000000000001, 0.0006000000000000001, 0.0004], [0.0002, 0.0001, 0.0115, 0.015, 0.0026000000000000003, 0.0021000000000000003, 0.0004, 0.0053, 0.0007, 0.0023, 0.0006000000000000001, 0.0027, 0.0022, 0.0021000000000000003, 0.0055000000000000005, 0.0009000000000000001], [0.0001, 0.0, 0.0009000000000000001, 0.001, 0.0005, 0.0013000000000000002, 0.0004, 0.0081, 0.0001, 0.0009000000000000001, 0.0002, 0.0006000000000000001, 0.0165, 0.017400000000000002, 0.0078000000000000005, 0.0001], [0.0, 0.0, 0.052700000000000004, 0.0506, 0.0036000000000000003, 0.0043, 0.0012000000000000001, 0.00030000000000000003, 0.0036000000000000003, 0.0002, 0.0015, 0.0001, 0.0002, 0.0002, 0.00030000000000000003, 0.0035], [0.13570000000000002, 0.1313, 0.0004, 0.0005, 0.0001, 0.0001, 0.0, 0.0, 0.0, 0.0, 0.0, 0.0, 0.0, 0.0, 0.0, 0.0], [0.0045000000000000005, 0.0056, 0.0, 0.0, 0.0, 0.0, 0.0, 0.0, 0.0, 0.0, 0.0, 0.0, 0.0, 0.0, 0.0, 0.0], [0.0041, 0.0017000000000000001, 0.0, 0.0, 0.0, 0.0, 0.0, 0.0, 0.0, 0.0, 0.0, 0.0, 0.0, 0.0, 0.0, 0.0], [0.1322, 0.1496, 0.0005, 0.0004, 0.0002, 0.0002, 0.0, 0.0, 0.0, 0.0, 0.0, 0.0, 0.0, 0.0, 0.0, 0.0], [0.011300000000000001, 0.0131, 0.0008, 0.0007, 0.0, 0.0, 0.0, 0.0, 0.0, 0.0, 0.0, 0.0, 0.0, 0.0, 0.0, 0.0]]}}
bs_latimer_munro_vbm: {'band_index': {'1': [59]}, 'kpoint_index': ['77'], 'kpoint': <pymatgen.electronic_structure.bandstructure.Kpoint object at 0x7fc5d4b5a200>, 'energy': 2.4583, 'projections': {'1': [[0.0002, 0.0, 0.0143, 0.003, 0.0823, 0.033100000000000004, 0.0, 0.0001, 0.00030000000000000003, 0.0001, 0.0, 0.0002, 0.0008, 0.0004, 0.00030000000000000003, 0.0001], [0.0013000000000000002, 0.00030000000000000003, 0.0004, 0.0, 0.0054, 0.0018000000000000002, 0.0536, 0.026500000000000003, 0.0026000000000000003, 0.07390000000000001, 0.0604, 0.0213, 0.034800000000000005, 0.0239, 0.014100000000000001, 0.0045000000000000005], [0.0008, 0.0017000000000000001, 0.0035, 0.0007, 0.0, 0.0002, 0.0412, 0.033800000000000004, 0.0358, 0.0005, 0.028900000000000002, 0.00030000000000000003, 0.0128, 0.0227, 0.0188, 0.009600000000000001], [0.0016, 0.0005, 0.0002, 0.00030000000000000003, 0.00030000000000000003, 0.0001, 0.015300000000000001, 0.0114, 0.0134, 0.0022, 0.0034000000000000002, 0.0054, 0.009300000000000001, 0.0007, 0.0038, 0.0362], [0.0001, 0.0, 0.0004, 0.0001, 0.0001, 0.0001, 0.0, 0.0, 0.0, 0.0, 0.0, 0.0, 0.0, 0.0, 0.0, 0.0], [0.0024000000000000002, 0.0001, 0.0012000000000000001, 0.0011, 0.0, 0.0, 0.0, 0.0, 0.0, 0.0, 0.0, 0.0, 0.0, 0.0, 0.0, 0.0], [0.0024000000000000002, 0.0027, 0.0004, 0.0006000000000000001, 0.00030000000000000003, 0.0005, 0.0, 0.0, 0.0, 0.0, 0.0, 0.0, 0.0, 0.0, 0.0, 0.0], [0.0002, 0.0002, 0.0006000000000000001, 0.0002, 0.0, 0.0, 0.0, 0.0, 0.0, 0.0, 0.0, 0.0, 0.0, 0.0, 0.0, 0.0], [0.0005, 0.0008, 0.0001, 0.0002, 0.0, 0.0001, 0.0, 0.0, 0.0, 0.0, 0.0, 0.0, 0.0, 0.0, 0.0, 0.0]]}}
bs_latimer_munro_efermi: 2.55429005