material_id: mp-558760
band_gap: 0.551199999999999
efermi: 3.75582708
dos_magnetic_ordering: NM
dos_total_task_id: mp-1671820
dos_total_band_gap: 0.5392
dos_total_cbm: 4.1397
dos_total_vbm: 3.6005000000000003
dos_total_efermi: 3.601601
bs_setyawan_curtarolo_task_id: mp-1607743
bs_setyawan_curtarolo_band_gap: 0.551199999999999
bs_setyawan_curtarolo_cbm: {'band_index': {'1': [80]}, 'kpoint_index': [0, 53, 54], 'kpoint': <pymatgen.electronic_structure.bandstructure.Kpoint object at 0x7fc699d63930>, 'energy': 4.148, 'projections': {'1': [[0.0001, 0.0001, 0.0001, 0.0001, 0.0031000000000000003, 0.0031000000000000003, 0.0031000000000000003, 0.0031000000000000003, 0.001, 0.0, 0.0, 0.0, 0.001, 0.0, 0.001, 0.0, 0.0, 0.0, 0.001, 0.0], [0.0002, 0.0002, 0.0002, 0.0002, 0.0002, 0.0002, 0.0002, 0.0002, 0.0092, 0.0, 0.0006000000000000001, 0.0006000000000000001, 0.0092, 0.0006000000000000001, 0.0092, 0.0, 0.0, 0.0, 0.0092, 0.0006000000000000001], [0.0, 0.0, 0.0, 0.0, 0.00030000000000000003, 0.00030000000000000003, 0.00030000000000000003, 0.00030000000000000003, 0.0002, 0.0001, 0.0028, 0.0028, 0.0002, 0.0028, 0.0002, 0.0001, 0.0001, 0.0001, 0.0002, 0.0028], [0.0, 0.0, 0.0, 0.0, 0.0, 0.0, 0.0, 0.0, 0.0, 0.0, 0.0, 0.0, 0.0, 0.0, 0.0, 0.0, 0.0, 0.0, 0.0, 0.0], [0.0, 0.0, 0.0, 0.0, 0.0, 0.0, 0.0, 0.0, 0.0, 0.0, 0.0, 0.0, 0.0, 0.0, 0.0, 0.0, 0.0, 0.0, 0.0, 0.0], [0.0009000000000000001, 0.0009000000000000001, 0.0009000000000000001, 0.0009000000000000001, 0.0458, 0.0458, 0.0458, 0.0458, 0.0, 0.0, 0.0, 0.0, 0.0, 0.0, 0.0, 0.0, 0.0, 0.0, 0.0, 0.0], [0.0016, 0.0016, 0.0016, 0.0016, 0.0012000000000000001, 0.0012000000000000001, 0.0012000000000000001, 0.0012000000000000001, 0.0, 0.0, 0.0, 0.0, 0.0, 0.0, 0.0, 0.0, 0.0, 0.0, 0.0, 0.0], [0.0, 0.0, 0.0, 0.0, 0.0, 0.0, 0.0, 0.0, 0.0, 0.0, 0.0, 0.0, 0.0, 0.0, 0.0, 0.0, 0.0, 0.0, 0.0, 0.0], [0.0088, 0.0088, 0.0088, 0.0088, 0.0528, 0.0528, 0.0528, 0.0528, 0.0, 0.0, 0.0, 0.0, 0.0, 0.0, 0.0, 0.0, 0.0, 0.0, 0.0, 0.0]]}}
bs_setyawan_curtarolo_vbm: {'band_index': {'1': [79]}, 'kpoint_index': [0, 53, 54], 'kpoint': <pymatgen.electronic_structure.bandstructure.Kpoint object at 0x7fc5d4b59e80>, 'energy': 3.5968, 'projections': {'1': [[0.0001, 0.0001, 0.0001, 0.0001, 0.0, 0.0, 0.0, 0.0, 0.0001, 0.0, 0.0007, 0.0007, 0.0001, 0.0007, 0.0001, 0.0, 0.0, 0.0, 0.0001, 0.0007], [0.0002, 0.0002, 0.0002, 0.0002, 0.0038, 0.0038, 0.0038, 0.0038, 0.0746, 0.0057, 0.055400000000000005, 0.055400000000000005, 0.0746, 0.055400000000000005, 0.0746, 0.0057, 0.0057, 0.0057, 0.0746, 0.055400000000000005], [0.0, 0.0, 0.0, 0.0, 0.0, 0.0, 0.0, 0.0, 0.0009000000000000001, 0.0073, 0.0011, 0.0011, 0.0009000000000000001, 0.0011, 0.0009000000000000001, 0.0073, 0.0073, 0.0073, 0.0009000000000000001, 0.0011], [0.0, 0.0, 0.0, 0.0, 0.0, 0.0, 0.0, 0.0, 0.0, 0.0, 0.0, 0.0, 0.0, 0.0, 0.0, 0.0, 0.0, 0.0, 0.0, 0.0], [0.0, 0.0, 0.0, 0.0, 0.0, 0.0, 0.0, 0.0, 0.0, 0.0, 0.0, 0.0, 0.0, 0.0, 0.0, 0.0, 0.0, 0.0, 0.0, 0.0], [0.00030000000000000003, 0.00030000000000000003, 0.00030000000000000003, 0.00030000000000000003, 0.001, 0.001, 0.001, 0.001, 0.0, 0.0, 0.0, 0.0, 0.0, 0.0, 0.0, 0.0, 0.0, 0.0, 0.0, 0.0], [0.0, 0.0, 0.0, 0.0, 0.0031000000000000003, 0.0031000000000000003, 0.0031000000000000003, 0.0031000000000000003, 0.0, 0.0, 0.0, 0.0, 0.0, 0.0, 0.0, 0.0, 0.0, 0.0, 0.0, 0.0], [0.0, 0.0, 0.0, 0.0, 0.0, 0.0, 0.0, 0.0, 0.0, 0.0, 0.0, 0.0, 0.0, 0.0, 0.0, 0.0, 0.0, 0.0, 0.0, 0.0], [0.0, 0.0, 0.0, 0.0, 0.0029000000000000002, 0.0029000000000000002, 0.0029000000000000002, 0.0029000000000000002, 0.0, 0.0, 0.0, 0.0, 0.0, 0.0, 0.0, 0.0, 0.0, 0.0, 0.0, 0.0]]}}
bs_setyawan_curtarolo_efermi: 3.75582708
bs_hinuma_task_id: mp-2169215
bs_hinuma_band_gap: 0.551199999999999
bs_hinuma_cbm: {'band_index': {'1': [80]}, 'kpoint_index': [0, 53, 54], 'kpoint': <pymatgen.electronic_structure.bandstructure.Kpoint object at 0x7fc5d4b5a350>, 'energy': 4.148, 'projections': {'1': [[0.0001, 0.0001, 0.0001, 0.0001, 0.0031000000000000003, 0.0031000000000000003, 0.0031000000000000003, 0.0031000000000000003, 0.001, 0.0, 0.0, 0.0, 0.001, 0.0, 0.001, 0.0, 0.0, 0.0, 0.001, 0.0], [0.0002, 0.0002, 0.0002, 0.0002, 0.0002, 0.0002, 0.0002, 0.0002, 0.0092, 0.0, 0.0006000000000000001, 0.0006000000000000001, 0.0092, 0.0006000000000000001, 0.0092, 0.0, 0.0, 0.0, 0.0092, 0.0006000000000000001], [0.0, 0.0, 0.0, 0.0, 0.00030000000000000003, 0.00030000000000000003, 0.00030000000000000003, 0.00030000000000000003, 0.0002, 0.0001, 0.0028, 0.0028, 0.0002, 0.0028, 0.0002, 0.0001, 0.0001, 0.0001, 0.0002, 0.0028], [0.0, 0.0, 0.0, 0.0, 0.0, 0.0, 0.0, 0.0, 0.0, 0.0, 0.0, 0.0, 0.0, 0.0, 0.0, 0.0, 0.0, 0.0, 0.0, 0.0], [0.0, 0.0, 0.0, 0.0, 0.0, 0.0, 0.0, 0.0, 0.0, 0.0, 0.0, 0.0, 0.0, 0.0, 0.0, 0.0, 0.0, 0.0, 0.0, 0.0], [0.0009000000000000001, 0.0009000000000000001, 0.0009000000000000001, 0.0009000000000000001, 0.0458, 0.0458, 0.0458, 0.0458, 0.0, 0.0, 0.0, 0.0, 0.0, 0.0, 0.0, 0.0, 0.0, 0.0, 0.0, 0.0], [0.0016, 0.0016, 0.0016, 0.0016, 0.0012000000000000001, 0.0012000000000000001, 0.0012000000000000001, 0.0012000000000000001, 0.0, 0.0, 0.0, 0.0, 0.0, 0.0, 0.0, 0.0, 0.0, 0.0, 0.0, 0.0], [0.0, 0.0, 0.0, 0.0, 0.0, 0.0, 0.0, 0.0, 0.0, 0.0, 0.0, 0.0, 0.0, 0.0, 0.0, 0.0, 0.0, 0.0, 0.0, 0.0], [0.0088, 0.0088, 0.0088, 0.0088, 0.0528, 0.0528, 0.0528, 0.0528, 0.0, 0.0, 0.0, 0.0, 0.0, 0.0, 0.0, 0.0, 0.0, 0.0, 0.0, 0.0]]}}
bs_hinuma_vbm: {'band_index': {'1': [79]}, 'kpoint_index': [0, 53, 54], 'kpoint': <pymatgen.electronic_structure.bandstructure.Kpoint object at 0x7fc5d4b5a200>, 'energy': 3.5968, 'projections': {'1': [[0.0001, 0.0001, 0.0001, 0.0001, 0.0, 0.0, 0.0, 0.0, 0.0001, 0.0, 0.0007, 0.0007, 0.0001, 0.0007, 0.0001, 0.0, 0.0, 0.0, 0.0001, 0.0007], [0.0002, 0.0002, 0.0002, 0.0002, 0.0038, 0.0038, 0.0038, 0.0038, 0.0746, 0.0057, 0.055400000000000005, 0.055400000000000005, 0.0746, 0.055400000000000005, 0.0746, 0.0057, 0.0057, 0.0057, 0.0746, 0.055400000000000005], [0.0, 0.0, 0.0, 0.0, 0.0, 0.0, 0.0, 0.0, 0.0009000000000000001, 0.0073, 0.0011, 0.0011, 0.0009000000000000001, 0.0011, 0.0009000000000000001, 0.0073, 0.0073, 0.0073, 0.0009000000000000001, 0.0011], [0.0, 0.0, 0.0, 0.0, 0.0, 0.0, 0.0, 0.0, 0.0, 0.0, 0.0, 0.0, 0.0, 0.0, 0.0, 0.0, 0.0, 0.0, 0.0, 0.0], [0.0, 0.0, 0.0, 0.0, 0.0, 0.0, 0.0, 0.0, 0.0, 0.0, 0.0, 0.0, 0.0, 0.0, 0.0, 0.0, 0.0, 0.0, 0.0, 0.0], [0.00030000000000000003, 0.00030000000000000003, 0.00030000000000000003, 0.00030000000000000003, 0.001, 0.001, 0.001, 0.001, 0.0, 0.0, 0.0, 0.0, 0.0, 0.0, 0.0, 0.0, 0.0, 0.0, 0.0, 0.0], [0.0, 0.0, 0.0, 0.0, 0.0031000000000000003, 0.0031000000000000003, 0.0031000000000000003, 0.0031000000000000003, 0.0, 0.0, 0.0, 0.0, 0.0, 0.0, 0.0, 0.0, 0.0, 0.0, 0.0, 0.0], [0.0, 0.0, 0.0, 0.0, 0.0, 0.0, 0.0, 0.0, 0.0, 0.0, 0.0, 0.0, 0.0, 0.0, 0.0, 0.0, 0.0, 0.0, 0.0, 0.0], [0.0, 0.0, 0.0, 0.0, 0.0029000000000000002, 0.0029000000000000002, 0.0029000000000000002, 0.0029000000000000002, 0.0, 0.0, 0.0, 0.0, 0.0, 0.0, 0.0, 0.0, 0.0, 0.0, 0.0, 0.0]]}}
bs_hinuma_efermi: 3.75582708
bs_latimer_munro_task_id: mp-2600569
bs_latimer_munro_band_gap: 0.551199999999999
bs_latimer_munro_cbm: {'band_index': {'1': [80]}, 'kpoint_index': [26, 27, 131, 132, 207, 208], 'kpoint': <pymatgen.electronic_structure.bandstructure.Kpoint object at 0x7fc5d4b59c50>, 'energy': 4.148, 'projections': {'1': [[0.0001, 0.0001, 0.0001, 0.0001, 0.0031000000000000003, 0.0031000000000000003, 0.0031000000000000003, 0.0031000000000000003, 0.001, 0.0, 0.0, 0.0, 0.001, 0.0, 0.001, 0.0, 0.0, 0.0, 0.001, 0.0], [0.0002, 0.0002, 0.0002, 0.0002, 0.0002, 0.0002, 0.0002, 0.0002, 0.0092, 0.0, 0.0006000000000000001, 0.0006000000000000001, 0.0092, 0.0006000000000000001, 0.0092, 0.0, 0.0, 0.0, 0.0092, 0.0006000000000000001], [0.0, 0.0, 0.0, 0.0, 0.00030000000000000003, 0.00030000000000000003, 0.00030000000000000003, 0.00030000000000000003, 0.0002, 0.0001, 0.0028, 0.0028, 0.0002, 0.0028, 0.0002, 0.0001, 0.0001, 0.0001, 0.0002, 0.0028], [0.0, 0.0, 0.0, 0.0, 0.0, 0.0, 0.0, 0.0, 0.0, 0.0, 0.0, 0.0, 0.0, 0.0, 0.0, 0.0, 0.0, 0.0, 0.0, 0.0], [0.0, 0.0, 0.0, 0.0, 0.0, 0.0, 0.0, 0.0, 0.0, 0.0, 0.0, 0.0, 0.0, 0.0, 0.0, 0.0, 0.0, 0.0, 0.0, 0.0], [0.0009000000000000001, 0.0009000000000000001, 0.0009000000000000001, 0.0009000000000000001, 0.0458, 0.0458, 0.0458, 0.0458, 0.0, 0.0, 0.0, 0.0, 0.0, 0.0, 0.0, 0.0, 0.0, 0.0, 0.0, 0.0], [0.0016, 0.0016, 0.0016, 0.0016, 0.0012000000000000001, 0.0012000000000000001, 0.0012000000000000001, 0.0012000000000000001, 0.0, 0.0, 0.0, 0.0, 0.0, 0.0, 0.0, 0.0, 0.0, 0.0, 0.0, 0.0], [0.0, 0.0, 0.0, 0.0, 0.0, 0.0, 0.0, 0.0, 0.0, 0.0, 0.0, 0.0, 0.0, 0.0, 0.0, 0.0, 0.0, 0.0, 0.0, 0.0], [0.0088, 0.0088, 0.0088, 0.0088, 0.0528, 0.0528, 0.0528, 0.0528, 0.0, 0.0, 0.0, 0.0, 0.0, 0.0, 0.0, 0.0, 0.0, 0.0, 0.0, 0.0]]}}
bs_latimer_munro_vbm: {'band_index': {'1': [79]}, 'kpoint_index': [26, 27, 131, 132, 207, 208], 'kpoint': <pymatgen.electronic_structure.bandstructure.Kpoint object at 0x7fc5d4b5a430>, 'energy': 3.5968, 'projections': {'1': [[0.0001, 0.0001, 0.0001, 0.0001, 0.0, 0.0, 0.0, 0.0, 0.0001, 0.0, 0.0007, 0.0007, 0.0001, 0.0007, 0.0001, 0.0, 0.0, 0.0, 0.0001, 0.0007], [0.0002, 0.0002, 0.0002, 0.0002, 0.0038, 0.0038, 0.0038, 0.0038, 0.0746, 0.0057, 0.055400000000000005, 0.055400000000000005, 0.0746, 0.055400000000000005, 0.0746, 0.0057, 0.0057, 0.0057, 0.0746, 0.055400000000000005], [0.0, 0.0, 0.0, 0.0, 0.0, 0.0, 0.0, 0.0, 0.0009000000000000001, 0.0073, 0.0011, 0.0011, 0.0009000000000000001, 0.0011, 0.0009000000000000001, 0.0073, 0.0073, 0.0073, 0.0009000000000000001, 0.0011], [0.0, 0.0, 0.0, 0.0, 0.0, 0.0, 0.0, 0.0, 0.0, 0.0, 0.0, 0.0, 0.0, 0.0, 0.0, 0.0, 0.0, 0.0, 0.0, 0.0], [0.0, 0.0, 0.0, 0.0, 0.0, 0.0, 0.0, 0.0, 0.0, 0.0, 0.0, 0.0, 0.0, 0.0, 0.0, 0.0, 0.0, 0.0, 0.0, 0.0], [0.00030000000000000003, 0.00030000000000000003, 0.00030000000000000003, 0.00030000000000000003, 0.001, 0.001, 0.001, 0.001, 0.0, 0.0, 0.0, 0.0, 0.0, 0.0, 0.0, 0.0, 0.0, 0.0, 0.0, 0.0], [0.0, 0.0, 0.0, 0.0, 0.0031000000000000003, 0.0031000000000000003, 0.0031000000000000003, 0.0031000000000000003, 0.0, 0.0, 0.0, 0.0, 0.0, 0.0, 0.0, 0.0, 0.0, 0.0, 0.0, 0.0], [0.0, 0.0, 0.0, 0.0, 0.0, 0.0, 0.0, 0.0, 0.0, 0.0, 0.0, 0.0, 0.0, 0.0, 0.0, 0.0, 0.0, 0.0, 0.0, 0.0], [0.0, 0.0, 0.0, 0.0, 0.0029000000000000002, 0.0029000000000000002, 0.0029000000000000002, 0.0029000000000000002, 0.0, 0.0, 0.0, 0.0, 0.0, 0.0, 0.0, 0.0, 0.0, 0.0, 0.0, 0.0]]}}
bs_latimer_munro_efermi: 3.79437078