material_id: mp-556999
band_gap: 4.3039
efermi: 1.57802965
dos_magnetic_ordering: NM
dos_total_task_id: mp-1673989
dos_total_band_gap: 4.3505
dos_total_cbm: 5.8365
dos_total_vbm: 1.486
dos_total_efermi: 1.47388196
bs_setyawan_curtarolo_task_id: mp-1607071
bs_setyawan_curtarolo_band_gap: 4.3039
bs_setyawan_curtarolo_cbm: {'band_index': {'1': [80, 81]}, 'kpoint_index': [75, 76, 96], 'kpoint': <pymatgen.electronic_structure.bandstructure.Kpoint object at 0x7fc699d63930>, 'energy': 5.8021, 'projections': {'1': [[0.0, 0.0025, 0.0025, 0.0, 0.0001, 0.00030000000000000003, 0.00030000000000000003, 0.0001, 0.006200000000000001, 0.0088, 0.0001, 0.0, 0.0, 0.0115, 0.0, 0.0, 0.0088, 0.006200000000000001, 0.0001, 0.0115, 0.00030000000000000003, 0.0001, 0.00030000000000000003, 0.0001], [0.0004, 0.0012000000000000001, 0.0012000000000000001, 0.0004, 0.010700000000000001, 0.0006000000000000001, 0.0006000000000000001, 0.010700000000000001, 0.0135, 0.0094, 0.0001, 0.0, 0.0001, 0.0038, 0.0001, 0.0, 0.0094, 0.0135, 0.0001, 0.0038, 0.0015, 0.0012000000000000001, 0.0015, 0.0012000000000000001], [0.006200000000000001, 0.0014, 0.0014, 0.006200000000000001, 0.0078000000000000005, 0.019700000000000002, 0.019700000000000002, 0.0078000000000000005, 0.005, 0.0078000000000000005, 0.0033, 0.0031000000000000003, 0.0011, 0.0, 0.0011, 0.0031000000000000003, 0.0078000000000000005, 0.005, 0.0033, 0.0, 0.0, 0.0015, 0.0, 0.0015], [0.0004, 0.0001, 0.0001, 0.0004, 0.0023, 0.08940000000000001, 0.08940000000000001, 0.0023, 0.0028, 0.0026000000000000003, 0.0175, 0.0001, 0.0006000000000000001, 0.0011, 0.0006000000000000001, 0.0001, 0.0026000000000000003, 0.0028, 0.0175, 0.0011, 0.0004, 0.0001, 0.0004, 0.0001], [0.0258, 0.0016, 0.0016, 0.0258, 0.0007, 0.0115, 0.0115, 0.0007, 0.0, 0.0, 0.0, 0.0, 0.0, 0.0, 0.0, 0.0, 0.0, 0.0, 0.0, 0.0, 0.0, 0.0, 0.0, 0.0], [0.0253, 0.0039000000000000003, 0.0039000000000000003, 0.0253, 0.0019, 0.0023, 0.0023, 0.0019, 0.0, 0.0, 0.0, 0.0, 0.0, 0.0, 0.0, 0.0, 0.0, 0.0, 0.0, 0.0, 0.0, 0.0, 0.0, 0.0], [0.0005, 0.0009000000000000001, 0.0009000000000000001, 0.0005, 0.0004, 0.0025, 0.0025, 0.0004, 0.0, 0.0, 0.0, 0.0, 0.0, 0.0, 0.0, 0.0, 0.0, 0.0, 0.0, 0.0, 0.0, 0.0, 0.0, 0.0], [0.0008, 0.0004, 0.0004, 0.0008, 0.0011, 0.004200000000000001, 0.004200000000000001, 0.0011, 0.0, 0.0, 0.0, 0.0, 0.0, 0.0, 0.0, 0.0, 0.0, 0.0, 0.0, 0.0, 0.0, 0.0, 0.0, 0.0], [0.0, 0.0, 0.0, 0.0, 0.0001, 0.0005, 0.0005, 0.0001, 0.0, 0.0, 0.0, 0.0, 0.0, 0.0, 0.0, 0.0, 0.0, 0.0, 0.0, 0.0, 0.0, 0.0, 0.0, 0.0]]}}
bs_setyawan_curtarolo_vbm: {'band_index': {'1': [79]}, 'kpoint_index': ['62'], 'kpoint': <pymatgen.electronic_structure.bandstructure.Kpoint object at 0x7fc5d4b59c50>, 'energy': 1.4982, 'projections': {'1': [[0.00030000000000000003, 0.00030000000000000003, 0.00030000000000000003, 0.00030000000000000003, 0.014, 0.014, 0.014, 0.014, 0.0001, 0.0002, 0.0002, 0.0002, 0.0001, 0.0002, 0.0001, 0.0002, 0.0002, 0.0001, 0.0002, 0.0002, 0.0, 0.0, 0.0, 0.0], [0.0, 0.0, 0.0, 0.0, 0.0005, 0.0005, 0.0005, 0.0005, 0.005, 0.008700000000000001, 0.0015, 0.008700000000000001, 0.005, 0.0015, 0.005, 0.008700000000000001, 0.008700000000000001, 0.005, 0.0015, 0.0015, 0.006200000000000001, 0.006200000000000001, 0.006200000000000001, 0.006200000000000001], [0.0014, 0.0014, 0.0014, 0.0014, 0.0234, 0.0234, 0.0234, 0.0234, 0.016300000000000002, 0.0201, 0.0546, 0.0201, 0.016300000000000002, 0.0546, 0.016300000000000002, 0.0201, 0.0201, 0.016300000000000002, 0.0546, 0.0546, 0.0011, 0.0011, 0.0011, 0.0011], [0.0016, 0.0016, 0.0016, 0.0016, 0.004200000000000001, 0.004200000000000001, 0.004200000000000001, 0.004200000000000001, 0.010700000000000001, 0.0064, 0.013600000000000001, 0.0064, 0.010700000000000001, 0.013600000000000001, 0.010700000000000001, 0.0064, 0.0064, 0.010700000000000001, 0.013600000000000001, 0.013600000000000001, 0.001, 0.001, 0.001, 0.001], [0.00030000000000000003, 0.00030000000000000003, 0.00030000000000000003, 0.00030000000000000003, 0.0, 0.0, 0.0, 0.0, 0.0, 0.0, 0.0, 0.0, 0.0, 0.0, 0.0, 0.0, 0.0, 0.0, 0.0, 0.0, 0.0, 0.0, 0.0, 0.0], [0.0009000000000000001, 0.0009000000000000001, 0.0009000000000000001, 0.0009000000000000001, 0.00030000000000000003, 0.00030000000000000003, 0.00030000000000000003, 0.00030000000000000003, 0.0, 0.0, 0.0, 0.0, 0.0, 0.0, 0.0, 0.0, 0.0, 0.0, 0.0, 0.0, 0.0, 0.0, 0.0, 0.0], [0.0026000000000000003, 0.0025, 0.0026000000000000003, 0.0026000000000000003, 0.0017000000000000001, 0.0017000000000000001, 0.0017000000000000001, 0.0017000000000000001, 0.0, 0.0, 0.0, 0.0, 0.0, 0.0, 0.0, 0.0, 0.0, 0.0, 0.0, 0.0, 0.0, 0.0, 0.0, 0.0], [0.0011, 0.0011, 0.0011, 0.0011, 0.001, 0.001, 0.001, 0.001, 0.0, 0.0, 0.0, 0.0, 0.0, 0.0, 0.0, 0.0, 0.0, 0.0, 0.0, 0.0, 0.0, 0.0, 0.0, 0.0], [0.0016, 0.0016, 0.0016, 0.0016, 0.0006000000000000001, 0.0006000000000000001, 0.0006000000000000001, 0.0006000000000000001, 0.0, 0.0, 0.0, 0.0, 0.0, 0.0, 0.0, 0.0, 0.0, 0.0, 0.0, 0.0, 0.0, 0.0, 0.0, 0.0]]}}
bs_setyawan_curtarolo_efermi: 1.57802965
bs_latimer_munro_task_id: mp-2599909
bs_latimer_munro_band_gap: 4.3029
bs_latimer_munro_cbm: {'band_index': {'1': [80, 81]}, 'kpoint_index': [12, 13, 241], 'kpoint': <pymatgen.electronic_structure.bandstructure.Kpoint object at 0x7fc5d4b5a3c0>, 'energy': 5.8021, 'projections': {'1': [[0.0002, 0.0023, 0.0023, 0.0002, 0.0001, 0.00030000000000000003, 0.00030000000000000003, 0.0001, 0.0056, 0.0081, 0.0009000000000000001, 0.0007, 0.0006000000000000001, 0.0106, 0.0006000000000000001, 0.0007, 0.0081, 0.0056, 0.0009000000000000001, 0.0106, 0.00030000000000000003, 0.0001, 0.00030000000000000003, 0.0001], [0.0004, 0.0012000000000000001, 0.0012000000000000001, 0.0004, 0.010100000000000001, 0.0011, 0.0011, 0.010100000000000001, 0.0125, 0.008700000000000001, 0.00030000000000000003, 0.0008, 0.0011, 0.0035, 0.0011, 0.0008, 0.008700000000000001, 0.0125, 0.00030000000000000003, 0.0035, 0.0016, 0.001, 0.0016, 0.001], [0.0055000000000000005, 0.0021000000000000003, 0.0021000000000000003, 0.0055000000000000005, 0.0074, 0.0201, 0.0201, 0.0074, 0.0049, 0.0068000000000000005, 0.0031000000000000003, 0.0041, 0.0012000000000000001, 0.00030000000000000003, 0.0012000000000000001, 0.0041, 0.0068000000000000005, 0.0049, 0.0031000000000000003, 0.00030000000000000003, 0.0001, 0.0014, 0.0001, 0.0014], [0.0004, 0.0001, 0.0001, 0.0004, 0.011300000000000001, 0.0804, 0.0804, 0.011300000000000001, 0.0028, 0.0025, 0.015600000000000001, 0.0002, 0.0007, 0.003, 0.0007, 0.0002, 0.0025, 0.0028, 0.015600000000000001, 0.003, 0.00030000000000000003, 0.0001, 0.00030000000000000003, 0.0001], [0.0244, 0.0029000000000000002, 0.0029000000000000002, 0.0244, 0.0013000000000000002, 0.0109, 0.0109, 0.0013000000000000002, 0.0, 0.0, 0.0, 0.0, 0.0, 0.0, 0.0, 0.0, 0.0, 0.0, 0.0, 0.0, 0.0, 0.0, 0.0, 0.0], [0.0223, 0.006900000000000001, 0.006900000000000001, 0.0223, 0.0022, 0.002, 0.002, 0.0022, 0.0, 0.0, 0.0, 0.0, 0.0, 0.0, 0.0, 0.0, 0.0, 0.0, 0.0, 0.0, 0.0, 0.0, 0.0, 0.0], [0.0005, 0.0009000000000000001, 0.0009000000000000001, 0.0005, 0.0005, 0.0024000000000000002, 0.0024000000000000002, 0.0005, 0.0, 0.0, 0.0, 0.0, 0.0, 0.0, 0.0, 0.0, 0.0, 0.0, 0.0, 0.0, 0.0, 0.0, 0.0, 0.0], [0.0007, 0.0005, 0.0005, 0.0007, 0.0016, 0.0037, 0.0037, 0.0016, 0.0, 0.0, 0.0, 0.0, 0.0, 0.0, 0.0, 0.0, 0.0, 0.0, 0.0, 0.0, 0.0, 0.0, 0.0, 0.0], [0.0, 0.0, 0.0, 0.0, 0.0001, 0.0005, 0.0005, 0.0001, 0.0, 0.0, 0.0, 0.0, 0.0, 0.0, 0.0, 0.0, 0.0, 0.0, 0.0, 0.0, 0.0, 0.0, 0.0, 0.0]]}}
bs_latimer_munro_vbm: {'band_index': {'1': [79]}, 'kpoint_index': ['169'], 'kpoint': <pymatgen.electronic_structure.bandstructure.Kpoint object at 0x7fc5d4b5a190>, 'energy': 1.4992, 'projections': {'1': [[0.00030000000000000003, 0.00030000000000000003, 0.00030000000000000003, 0.00030000000000000003, 0.0125, 0.0125, 0.0125, 0.0125, 0.0, 0.0002, 0.0004, 0.0002, 0.0, 0.0004, 0.0, 0.0002, 0.0002, 0.0, 0.0004, 0.0004, 0.0, 0.0, 0.0, 0.0], [0.0015, 0.0015, 0.0015, 0.0015, 0.0005, 0.0005, 0.0005, 0.0005, 0.0078000000000000005, 0.0103, 0.0034000000000000002, 0.0103, 0.0078000000000000005, 0.0034000000000000002, 0.0078000000000000005, 0.0103, 0.0103, 0.0078000000000000005, 0.0034000000000000002, 0.0034000000000000002, 0.0048000000000000004, 0.0048000000000000004, 0.0048000000000000004, 0.0048000000000000004], [0.0014, 0.0014, 0.0014, 0.0014, 0.0224, 0.0224, 0.0224, 0.0224, 0.0183, 0.015, 0.0511, 0.015, 0.0183, 0.0511, 0.0183, 0.015, 0.015, 0.0183, 0.0511, 0.0511, 0.0009000000000000001, 0.0009000000000000001, 0.0009000000000000001, 0.0009000000000000001], [0.0016, 0.0016, 0.0016, 0.0016, 0.004200000000000001, 0.004200000000000001, 0.004200000000000001, 0.004200000000000001, 0.0095, 0.0063, 0.0187, 0.0063, 0.0095, 0.0187, 0.0095, 0.0063, 0.0063, 0.0095, 0.0187, 0.0187, 0.0012000000000000001, 0.0012000000000000001, 0.0012000000000000001, 0.0012000000000000001], [0.0001, 0.0001, 0.0001, 0.0001, 0.0, 0.0, 0.0, 0.0, 0.0, 0.0, 0.0, 0.0, 0.0, 0.0, 0.0, 0.0, 0.0, 0.0, 0.0, 0.0, 0.0, 0.0, 0.0, 0.0], [0.00030000000000000003, 0.00030000000000000003, 0.00030000000000000003, 0.00030000000000000003, 0.0002, 0.0002, 0.0002, 0.0002, 0.0, 0.0, 0.0, 0.0, 0.0, 0.0, 0.0, 0.0, 0.0, 0.0, 0.0, 0.0, 0.0, 0.0, 0.0, 0.0], [0.0018000000000000002, 0.0018000000000000002, 0.0018000000000000002, 0.0018000000000000002, 0.0016, 0.0016, 0.0016, 0.0016, 0.0, 0.0, 0.0, 0.0, 0.0, 0.0, 0.0, 0.0, 0.0, 0.0, 0.0, 0.0, 0.0, 0.0, 0.0, 0.0], [0.0011, 0.0011, 0.0011, 0.0011, 0.0013000000000000002, 0.0013000000000000002, 0.0013000000000000002, 0.0013000000000000002, 0.0, 0.0, 0.0, 0.0, 0.0, 0.0, 0.0, 0.0, 0.0, 0.0, 0.0, 0.0, 0.0, 0.0, 0.0, 0.0], [0.0014, 0.0014, 0.0014, 0.0014, 0.0005, 0.0005, 0.0005, 0.0005, 0.0, 0.0, 0.0, 0.0, 0.0, 0.0, 0.0, 0.0, 0.0, 0.0, 0.0, 0.0, 0.0, 0.0, 0.0, 0.0]]}}
bs_latimer_munro_efermi: 1.5571516600000002