material_id: mp-547898
band_gap: 0.9499000000000001
efermi: 0.8184086700000001
dos_magnetic_ordering: NM
dos_total_task_id: mp-1729942
dos_total_band_gap: 0.8458000000000001
dos_total_cbm: 1.722799999999999
dos_total_vbm: 0.877
dos_total_efermi: 0.92042913
bs_setyawan_curtarolo_task_id: mp-700431
bs_setyawan_curtarolo_band_gap: 0.9499000000000001
bs_setyawan_curtarolo_cbm: {'band_index': {'1': [32]}, 'kpoint_index': [0, 37, 38], 'kpoint': <pymatgen.electronic_structure.bandstructure.Kpoint object at 0x7fc699d63930>, 'energy': 1.6659000000000002, 'projections': {}}
bs_setyawan_curtarolo_vbm: {'band_index': {'1': [31]}, 'kpoint_index': [10, 11, 94], 'kpoint': <pymatgen.electronic_structure.bandstructure.Kpoint object at 0x7fc5d4b59be0>, 'energy': 0.716, 'projections': {}}
bs_setyawan_curtarolo_efermi: 0.8184086700000001
bs_hinuma_task_id: mp-2097688
bs_hinuma_band_gap: 0.9377000000000001
bs_hinuma_cbm: {'band_index': {'1': [32]}, 'kpoint_index': [0, 37, 38, 99], 'kpoint': <pymatgen.electronic_structure.bandstructure.Kpoint object at 0x7fc5d4b5a350>, 'energy': 1.6634, 'projections': {'1': [[0.0131, 0.0131, 0.0131, 0.0131, 0.0037, 0.0048000000000000004, 0.0048000000000000004, 0.0048000000000000004, 0.0048000000000000004], [0.0004, 0.0004, 0.0004, 0.0004, 0.0, 0.0008, 0.0008, 0.0008, 0.0008], [0.00030000000000000003, 0.00030000000000000003, 0.00030000000000000003, 0.00030000000000000003, 0.0, 0.0, 0.0, 0.0, 0.0], [0.0004, 0.0004, 0.0004, 0.0004, 0.0, 0.0008, 0.0008, 0.0008, 0.0008], [0.004200000000000001, 0.004200000000000001, 0.004200000000000001, 0.004200000000000001, 0.0, 0.0, 0.0, 0.0, 0.0], [0.0001, 0.0001, 0.0001, 0.0001, 0.0, 0.0, 0.0, 0.0, 0.0], [0.0006000000000000001, 0.0006000000000000001, 0.0006000000000000001, 0.0006000000000000001, 0.0, 0.0, 0.0, 0.0, 0.0], [0.0001, 0.0001, 0.0001, 0.0001, 0.0, 0.0, 0.0, 0.0, 0.0], [0.0, 0.0, 0.0, 0.0, 0.0, 0.0, 0.0, 0.0, 0.0]]}}
bs_hinuma_vbm: {'band_index': {'1': [31]}, 'kpoint_index': [10, 11, 63], 'kpoint': <pymatgen.electronic_structure.bandstructure.Kpoint object at 0x7fc5d4b5a200>, 'energy': 0.7257, 'projections': {'1': [[0.0, 0.0004, 0.0, 0.0004, 0.0, 0.0002, 0.0, 0.0002, 0.0], [0.0014, 0.0028, 0.0014, 0.0028, 0.0, 0.0395, 0.051800000000000006, 0.0395, 0.051800000000000006], [0.0, 0.0011, 0.0, 0.0011, 0.0, 0.1694, 0.0, 0.1694, 0.0], [0.0014, 0.0028, 0.0014, 0.0028, 0.0, 0.0395, 0.051800000000000006, 0.0395, 0.051800000000000006], [0.0, 0.0002, 0.0, 0.0002, 0.0, 0.0, 0.0, 0.0, 0.0], [0.0, 0.0001, 0.0, 0.0001, 0.0, 0.0, 0.0, 0.0, 0.0], [0.0, 0.0005, 0.0, 0.0005, 0.0, 0.0, 0.0, 0.0, 0.0], [0.0, 0.0001, 0.0, 0.0001, 0.0, 0.0, 0.0, 0.0, 0.0], [0.0011, 0.0, 0.0011, 0.0, 0.0, 0.0, 0.0, 0.0, 0.0]]}}
bs_hinuma_efermi: 0.84396648