material_id: mp-555885
band_gap: 2.0861
efermi: 0.2617136
dos_magnetic_ordering: NM
dos_total_task_id: mp-1729134
dos_total_band_gap: 2.1124
dos_total_cbm: 2.3334
dos_total_vbm: 0.221
dos_total_efermi: 0.22853511
bs_setyawan_curtarolo_task_id: mp-842831
bs_setyawan_curtarolo_band_gap: 2.0861
bs_setyawan_curtarolo_cbm: {'band_index': {'1': [148]}, 'kpoint_index': ['43'], 'kpoint': <pymatgen.electronic_structure.bandstructure.Kpoint object at 0x7fc699d63930>, 'energy': 2.326, 'projections': {'1': [[0.0, 0.0, 0.0005, 0.0001, 0.0005, 0.0001, 0.0005, 0.0005, 0.0001, 0.0001, 0.0001, 0.0001, 0.0001, 0.0001, 0.0001, 0.0001, 0.0001, 0.0001, 0.00030000000000000003, 0.0001, 0.00030000000000000003, 0.00030000000000000003, 0.0001, 0.00030000000000000003, 0.0001, 0.0001, 0.0001, 0.0001, 0.0001, 0.00030000000000000003, 0.00030000000000000003, 0.0001, 0.0001, 0.0001, 0.00030000000000000003, 0.00030000000000000003, 0.0001, 0.0001], [0.0, 0.0, 0.0019, 0.0004, 0.0019, 0.0004, 0.0019, 0.0019, 0.0004, 0.0004, 0.0007, 0.0007, 0.0007, 0.0007, 0.001, 0.0041, 0.0041, 0.001, 0.0017000000000000001, 0.001, 0.0017000000000000001, 0.0017000000000000001, 0.0041, 0.0017000000000000001, 0.001, 0.0041, 0.001, 0.001, 0.0041, 0.0017000000000000001, 0.0017000000000000001, 0.001, 0.0041, 0.0041, 0.0017000000000000001, 0.0017000000000000001, 0.001, 0.0041], [0.0001, 0.0001, 0.0, 0.0002, 0.0, 0.0002, 0.0, 0.0, 0.0002, 0.0002, 0.0, 0.0, 0.0, 0.0, 0.0015, 0.0001, 0.0001, 0.0015, 0.0, 0.0015, 0.0, 0.0, 0.0001, 0.0, 0.0015, 0.0001, 0.0015, 0.0015, 0.0001, 0.0, 0.0, 0.0015, 0.0001, 0.0001, 0.0, 0.0, 0.0015, 0.0001], [0.0001, 0.0001, 0.0, 0.0013000000000000002, 0.0, 0.0013000000000000002, 0.0, 0.0, 0.0013000000000000002, 0.0013000000000000002, 0.0007, 0.0007, 0.0007, 0.0007, 0.0019, 0.0012000000000000001, 0.0012000000000000001, 0.0019, 0.0014, 0.0019, 0.0014, 0.0014, 0.0012000000000000001, 0.0014, 0.0019, 0.0012000000000000001, 0.0019, 0.0019, 0.0012000000000000001, 0.0014, 0.0014, 0.0019, 0.0012000000000000001, 0.0012000000000000001, 0.0014, 0.0014, 0.0019, 0.0012000000000000001], [0.0002, 0.0002, 0.0, 0.007500000000000001, 0.0, 0.007500000000000001, 0.0, 0.0, 0.007500000000000001, 0.007500000000000001, 0.0, 0.0, 0.0, 0.0, 0.0, 0.0, 0.0, 0.0, 0.0, 0.0, 0.0, 0.0, 0.0, 0.0, 0.0, 0.0, 0.0, 0.0, 0.0, 0.0, 0.0, 0.0, 0.0, 0.0, 0.0, 0.0, 0.0, 0.0], [0.0009000000000000001, 0.0009000000000000001, 0.0, 0.00030000000000000003, 0.0, 0.00030000000000000003, 0.0, 0.0, 0.00030000000000000003, 0.00030000000000000003, 0.00030000000000000003, 0.00030000000000000003, 0.00030000000000000003, 0.00030000000000000003, 0.0, 0.0, 0.0, 0.0, 0.0, 0.0, 0.0, 0.0, 0.0, 0.0, 0.0, 0.0, 0.0, 0.0, 0.0, 0.0, 0.0, 0.0, 0.0, 0.0, 0.0, 0.0, 0.0, 0.0], [0.0, 0.0, 0.0027, 0.0007, 0.0027, 0.0007, 0.0027, 0.0027, 0.0007, 0.0007, 0.00030000000000000003, 0.00030000000000000003, 0.00030000000000000003, 0.00030000000000000003, 0.0, 0.0, 0.0, 0.0, 0.0, 0.0, 0.0, 0.0, 0.0, 0.0, 0.0, 0.0, 0.0, 0.0, 0.0, 0.0, 0.0, 0.0, 0.0, 0.0, 0.0, 0.0, 0.0, 0.0], [0.0, 0.0, 0.0145, 0.015300000000000001, 0.0145, 0.015300000000000001, 0.0145, 0.0145, 0.015300000000000001, 0.015300000000000001, 0.0, 0.0, 0.0, 0.0, 0.0, 0.0, 0.0, 0.0, 0.0, 0.0, 0.0, 0.0, 0.0, 0.0, 0.0, 0.0, 0.0, 0.0, 0.0, 0.0, 0.0, 0.0, 0.0, 0.0, 0.0, 0.0, 0.0, 0.0], [0.0, 0.0, 0.089, 0.0529, 0.089, 0.0529, 0.089, 0.089, 0.0529, 0.0529, 0.0, 0.0, 0.0, 0.0, 0.0, 0.0, 0.0, 0.0, 0.0, 0.0, 0.0, 0.0, 0.0, 0.0, 0.0, 0.0, 0.0, 0.0, 0.0, 0.0, 0.0, 0.0, 0.0, 0.0, 0.0, 0.0, 0.0, 0.0]]}}
bs_setyawan_curtarolo_vbm: {'band_index': {'1': [147]}, 'kpoint_index': [37, 38, 61], 'kpoint': <pymatgen.electronic_structure.bandstructure.Kpoint object at 0x7fc5d4b5a3c0>, 'energy': 0.2399, 'projections': {'1': [[0.0, 0.0, 0.0, 0.0, 0.0, 0.0, 0.0, 0.0, 0.0, 0.0, 0.0, 0.0, 0.0, 0.0, 0.0005, 0.0005, 0.0005, 0.0005, 0.0, 0.0005, 0.0, 0.0, 0.0005, 0.0, 0.0005, 0.0005, 0.0005, 0.0005, 0.0005, 0.0, 0.0, 0.0005, 0.0005, 0.0005, 0.0, 0.0, 0.0005, 0.0005], [0.0, 0.0, 0.0, 0.0011, 0.0, 0.0011, 0.0, 0.0, 0.0011, 0.0011, 0.0, 0.0, 0.0, 0.0, 0.009300000000000001, 0.0056, 0.0056, 0.009300000000000001, 0.0004, 0.009300000000000001, 0.0004, 0.0004, 0.0056, 0.0004, 0.009300000000000001, 0.0056, 0.009300000000000001, 0.009300000000000001, 0.0056, 0.0004, 0.0004, 0.009300000000000001, 0.0056, 0.0056, 0.0004, 0.0004, 0.009300000000000001, 0.0056], [0.0, 0.0, 0.0001, 0.0001, 0.0001, 0.0001, 0.0001, 0.0001, 0.0001, 0.0001, 0.0, 0.0, 0.0, 0.0, 0.0015, 0.0015, 0.0015, 0.0015, 0.0, 0.0015, 0.0, 0.0, 0.0015, 0.0, 0.0015, 0.0015, 0.0015, 0.0015, 0.0015, 0.0, 0.0, 0.0015, 0.0015, 0.0015, 0.0, 0.0, 0.0015, 0.0015], [0.0, 0.0, 0.0011, 0.0, 0.0011, 0.0, 0.0011, 0.0011, 0.0, 0.0, 0.0, 0.0, 0.0, 0.0, 0.0056, 0.009300000000000001, 0.009300000000000001, 0.0056, 0.0004, 0.0056, 0.0004, 0.0004, 0.009300000000000001, 0.0004, 0.0056, 0.009300000000000001, 0.0056, 0.0056, 0.009300000000000001, 0.0004, 0.0004, 0.0056, 0.009300000000000001, 0.009300000000000001, 0.0004, 0.0004, 0.0056, 0.009300000000000001], [0.0, 0.0, 0.002, 0.002, 0.002, 0.002, 0.002, 0.002, 0.002, 0.002, 0.0, 0.0, 0.0, 0.0, 0.0, 0.0, 0.0, 0.0, 0.0, 0.0, 0.0, 0.0, 0.0, 0.0, 0.0, 0.0, 0.0, 0.0, 0.0, 0.0, 0.0, 0.0, 0.0, 0.0, 0.0, 0.0, 0.0, 0.0], [0.0, 0.0, 0.0067, 0.0, 0.0067, 0.0, 0.0067, 0.0067, 0.0, 0.0, 0.0425, 0.0425, 0.0425, 0.0425, 0.0, 0.0, 0.0, 0.0, 0.0, 0.0, 0.0, 0.0, 0.0, 0.0, 0.0, 0.0, 0.0, 0.0, 0.0, 0.0, 0.0, 0.0, 0.0, 0.0, 0.0, 0.0, 0.0, 0.0], [0.0, 0.0, 0.0, 0.0, 0.0, 0.0, 0.0, 0.0, 0.0, 0.0, 0.0, 0.0, 0.0, 0.0, 0.0, 0.0, 0.0, 0.0, 0.0, 0.0, 0.0, 0.0, 0.0, 0.0, 0.0, 0.0, 0.0, 0.0, 0.0, 0.0, 0.0, 0.0, 0.0, 0.0, 0.0, 0.0, 0.0, 0.0], [0.0, 0.0, 0.0, 0.0067, 0.0, 0.0067, 0.0, 0.0, 0.0067, 0.0067, 0.0425, 0.0425, 0.0425, 0.0425, 0.0, 0.0, 0.0, 0.0, 0.0, 0.0, 0.0, 0.0, 0.0, 0.0, 0.0, 0.0, 0.0, 0.0, 0.0, 0.0, 0.0, 0.0, 0.0, 0.0, 0.0, 0.0, 0.0, 0.0], [0.0013000000000000002, 0.0013000000000000002, 0.0, 0.0, 0.0, 0.0, 0.0, 0.0, 0.0, 0.0, 0.0516, 0.0516, 0.0516, 0.0516, 0.0, 0.0, 0.0, 0.0, 0.0, 0.0, 0.0, 0.0, 0.0, 0.0, 0.0, 0.0, 0.0, 0.0, 0.0, 0.0, 0.0, 0.0, 0.0, 0.0, 0.0, 0.0, 0.0, 0.0]]}}
bs_setyawan_curtarolo_efermi: 0.2617136