material_id: mp-573567
band_gap: 2.3184
efermi: -1.07315469
dos_magnetic_ordering: NM
dos_total_task_id: mp-1670203
dos_total_band_gap: 2.3052
dos_total_cbm: 1.1837
dos_total_vbm: -1.1215
dos_total_efermi: -1.11524847
bs_setyawan_curtarolo_task_id: mp-1602911
bs_setyawan_curtarolo_band_gap: 2.3184
bs_setyawan_curtarolo_cbm: {'band_index': {'1': [46]}, 'kpoint_index': [10, 11, 36, 37, 68, 69, 92], 'kpoint': <pymatgen.electronic_structure.bandstructure.Kpoint object at 0x7fc699d63930>, 'energy': 1.1907, 'projections': {'1': [[0.00030000000000000003, 0.00030000000000000003, 0.0007, 0.0011, 0.0001, 0.0007, 0.0001, 0.0011, 0.0, 0.0, 0.0001, 0.0001, 0.0, 0.0], [0.0001, 0.0001, 0.0, 0.0008, 0.0005, 0.0, 0.0005, 0.0008, 0.00030000000000000003, 0.00030000000000000003, 0.0029000000000000002, 0.0029000000000000002, 0.0002, 0.0002], [0.0006000000000000001, 0.0006000000000000001, 0.0001, 0.00030000000000000003, 0.0, 0.0001, 0.0, 0.00030000000000000003, 0.0001, 0.0001, 0.0028, 0.0028, 0.0007, 0.0007], [0.0, 0.0, 0.0, 0.0001, 0.00030000000000000003, 0.0, 0.00030000000000000003, 0.0001, 0.0074, 0.0074, 0.002, 0.002, 0.020200000000000003, 0.020200000000000003], [0.0708, 0.0708, 0.0, 0.0, 0.0, 0.0, 0.0, 0.0, 0.0, 0.0, 0.0, 0.0, 0.0, 0.0], [0.0083, 0.0083, 0.0, 0.0, 0.0, 0.0, 0.0, 0.0, 0.0, 0.0, 0.0, 0.0, 0.0, 0.0], [0.060200000000000004, 0.060200000000000004, 0.0, 0.0, 0.0, 0.0, 0.0, 0.0, 0.0, 0.0, 0.0, 0.0, 0.0, 0.0], [0.0654, 0.0654, 0.0, 0.0, 0.0, 0.0, 0.0, 0.0, 0.0, 0.0, 0.0, 0.0, 0.0, 0.0], [0.18380000000000002, 0.18380000000000002, 0.0, 0.0, 0.0, 0.0, 0.0, 0.0, 0.0, 0.0, 0.0, 0.0, 0.0, 0.0]]}}
bs_setyawan_curtarolo_vbm: {'band_index': {'1': [45]}, 'kpoint_index': ['82'], 'kpoint': <pymatgen.electronic_structure.bandstructure.Kpoint object at 0x7fc5d4b5a350>, 'energy': -1.1277, 'projections': {'1': [[0.00030000000000000003, 0.00030000000000000003, 0.00030000000000000003, 0.0001, 0.0, 0.00030000000000000003, 0.0, 0.0001, 0.0, 0.0, 0.0, 0.0, 0.0, 0.0], [0.0002, 0.0002, 0.0708, 0.0002, 0.0449, 0.0708, 0.0449, 0.0002, 0.0108, 0.0108, 0.0189, 0.0189, 0.0017000000000000001, 0.0017000000000000001], [0.00030000000000000003, 0.00030000000000000003, 0.043300000000000005, 0.0, 0.031, 0.043300000000000005, 0.031, 0.0, 0.0318, 0.0318, 0.0056, 0.0056, 0.0017000000000000001, 0.0017000000000000001], [0.00030000000000000003, 0.00030000000000000003, 0.0292, 0.0, 0.024900000000000002, 0.0292, 0.024900000000000002, 0.0, 0.004200000000000001, 0.004200000000000001, 0.0033, 0.0033, 0.0068000000000000005, 0.0068000000000000005], [0.0008, 0.0008, 0.0, 0.0, 0.0, 0.0, 0.0, 0.0, 0.0, 0.0, 0.0, 0.0, 0.0, 0.0], [0.0002, 0.0002, 0.0, 0.0, 0.0, 0.0, 0.0, 0.0, 0.0, 0.0, 0.0, 0.0, 0.0, 0.0], [0.0, 0.0, 0.0, 0.0, 0.0, 0.0, 0.0, 0.0, 0.0, 0.0, 0.0, 0.0, 0.0, 0.0], [0.0009000000000000001, 0.0009000000000000001, 0.0, 0.0, 0.0, 0.0, 0.0, 0.0, 0.0, 0.0, 0.0, 0.0, 0.0, 0.0], [0.0006000000000000001, 0.0006000000000000001, 0.0, 0.0, 0.0, 0.0, 0.0, 0.0, 0.0, 0.0, 0.0, 0.0, 0.0, 0.0]]}}
bs_setyawan_curtarolo_efermi: -1.07315469
bs_hinuma_task_id: mp-2066761
bs_hinuma_band_gap: 2.3184
bs_hinuma_cbm: {'band_index': {'1': [46]}, 'kpoint_index': [0, 22, 23, 50, 51, 78, 79], 'kpoint': <pymatgen.electronic_structure.bandstructure.Kpoint object at 0x7fc5d4b5a200>, 'energy': 1.1907, 'projections': {'1': [[0.00030000000000000003, 0.00030000000000000003, 0.0007, 0.0011, 0.0001, 0.0007, 0.0001, 0.0011, 0.0, 0.0, 0.0001, 0.0001, 0.0, 0.0], [0.0001, 0.0001, 0.0, 0.0008, 0.0005, 0.0, 0.0005, 0.0008, 0.00030000000000000003, 0.00030000000000000003, 0.0029000000000000002, 0.0029000000000000002, 0.0002, 0.0002], [0.0006000000000000001, 0.0006000000000000001, 0.0001, 0.00030000000000000003, 0.0, 0.0001, 0.0, 0.00030000000000000003, 0.0001, 0.0001, 0.0028, 0.0028, 0.0007, 0.0007], [0.0, 0.0, 0.0, 0.0001, 0.00030000000000000003, 0.0, 0.00030000000000000003, 0.0001, 0.0074, 0.0074, 0.002, 0.002, 0.020200000000000003, 0.020200000000000003], [0.0708, 0.0708, 0.0, 0.0, 0.0, 0.0, 0.0, 0.0, 0.0, 0.0, 0.0, 0.0, 0.0, 0.0], [0.0083, 0.0083, 0.0, 0.0, 0.0, 0.0, 0.0, 0.0, 0.0, 0.0, 0.0, 0.0, 0.0, 0.0], [0.060200000000000004, 0.060200000000000004, 0.0, 0.0, 0.0, 0.0, 0.0, 0.0, 0.0, 0.0, 0.0, 0.0, 0.0, 0.0], [0.0654, 0.0654, 0.0, 0.0, 0.0, 0.0, 0.0, 0.0, 0.0, 0.0, 0.0, 0.0, 0.0, 0.0], [0.18380000000000002, 0.18380000000000002, 0.0, 0.0, 0.0, 0.0, 0.0, 0.0, 0.0, 0.0, 0.0, 0.0, 0.0, 0.0]]}}
bs_hinuma_vbm: {'band_index': {'1': [45]}, 'kpoint_index': ['61'], 'kpoint': <pymatgen.electronic_structure.bandstructure.Kpoint object at 0x7fc5d4b59c50>, 'energy': -1.1277, 'projections': {'1': [[0.00030000000000000003, 0.00030000000000000003, 0.00030000000000000003, 0.0001, 0.0, 0.00030000000000000003, 0.0, 0.0001, 0.0, 0.0, 0.0, 0.0, 0.0, 0.0], [0.0002, 0.0002, 0.0708, 0.0002, 0.0449, 0.0708, 0.0449, 0.0002, 0.0108, 0.0108, 0.0189, 0.0189, 0.0017000000000000001, 0.0017000000000000001], [0.00030000000000000003, 0.00030000000000000003, 0.043300000000000005, 0.0, 0.031, 0.043300000000000005, 0.031, 0.0, 0.0318, 0.0318, 0.0056, 0.0056, 0.0017000000000000001, 0.0017000000000000001], [0.00030000000000000003, 0.00030000000000000003, 0.0292, 0.0, 0.024900000000000002, 0.0292, 0.024900000000000002, 0.0, 0.004200000000000001, 0.004200000000000001, 0.0033, 0.0033, 0.0068000000000000005, 0.0068000000000000005], [0.0008, 0.0008, 0.0, 0.0, 0.0, 0.0, 0.0, 0.0, 0.0, 0.0, 0.0, 0.0, 0.0, 0.0], [0.0002, 0.0002, 0.0, 0.0, 0.0, 0.0, 0.0, 0.0, 0.0, 0.0, 0.0, 0.0, 0.0, 0.0], [0.0, 0.0, 0.0, 0.0, 0.0, 0.0, 0.0, 0.0, 0.0, 0.0, 0.0, 0.0, 0.0, 0.0], [0.0009000000000000001, 0.0009000000000000001, 0.0, 0.0, 0.0, 0.0, 0.0, 0.0, 0.0, 0.0, 0.0, 0.0, 0.0, 0.0], [0.0006000000000000001, 0.0006000000000000001, 0.0, 0.0, 0.0, 0.0, 0.0, 0.0, 0.0, 0.0, 0.0, 0.0, 0.0, 0.0]]}}
bs_hinuma_efermi: -1.03813571
bs_latimer_munro_task_id: mp-2434473
bs_latimer_munro_band_gap: 2.3184
bs_latimer_munro_cbm: {'band_index': {'1': [46]}, 'kpoint_index': [13, 14, 25, 35, 51, 65, 79], 'kpoint': <pymatgen.electronic_structure.bandstructure.Kpoint object at 0x7fc5d4b5a190>, 'energy': 1.1907, 'projections': {'1': [[0.00030000000000000003, 0.00030000000000000003, 0.0007, 0.0011, 0.0001, 0.0007, 0.0001, 0.0011, 0.0, 0.0, 0.0001, 0.0001, 0.0, 0.0], [0.0001, 0.0001, 0.0, 0.0008, 0.0005, 0.0, 0.0005, 0.0008, 0.00030000000000000003, 0.00030000000000000003, 0.0029000000000000002, 0.0029000000000000002, 0.0002, 0.0002], [0.0006000000000000001, 0.0006000000000000001, 0.0001, 0.00030000000000000003, 0.0, 0.0001, 0.0, 0.00030000000000000003, 0.0001, 0.0001, 0.0028, 0.0028, 0.0007, 0.0007], [0.0, 0.0, 0.0, 0.0001, 0.00030000000000000003, 0.0, 0.00030000000000000003, 0.0001, 0.0074, 0.0074, 0.002, 0.002, 0.020200000000000003, 0.020200000000000003], [0.0708, 0.0708, 0.0, 0.0, 0.0, 0.0, 0.0, 0.0, 0.0, 0.0, 0.0, 0.0, 0.0, 0.0], [0.0083, 0.0083, 0.0, 0.0, 0.0, 0.0, 0.0, 0.0, 0.0, 0.0, 0.0, 0.0, 0.0, 0.0], [0.060200000000000004, 0.060200000000000004, 0.0, 0.0, 0.0, 0.0, 0.0, 0.0, 0.0, 0.0, 0.0, 0.0, 0.0, 0.0], [0.0654, 0.0654, 0.0, 0.0, 0.0, 0.0, 0.0, 0.0, 0.0, 0.0, 0.0, 0.0, 0.0, 0.0], [0.18380000000000002, 0.18380000000000002, 0.0, 0.0, 0.0, 0.0, 0.0, 0.0, 0.0, 0.0, 0.0, 0.0, 0.0, 0.0]]}}
bs_latimer_munro_vbm: {'band_index': {'1': [45]}, 'kpoint_index': ['3'], 'kpoint': <pymatgen.electronic_structure.bandstructure.Kpoint object at 0x7fc5d4b5a430>, 'energy': -1.1277, 'projections': {'1': [[0.00030000000000000003, 0.00030000000000000003, 0.00030000000000000003, 0.0001, 0.0, 0.00030000000000000003, 0.0, 0.0001, 0.0, 0.0, 0.0, 0.0, 0.0, 0.0], [0.0002, 0.0002, 0.0708, 0.0002, 0.0449, 0.0708, 0.0449, 0.0002, 0.0108, 0.0108, 0.0189, 0.0189, 0.0017000000000000001, 0.0017000000000000001], [0.00030000000000000003, 0.00030000000000000003, 0.043300000000000005, 0.0, 0.031, 0.043300000000000005, 0.031, 0.0, 0.0318, 0.0318, 0.0056, 0.0056, 0.0017000000000000001, 0.0017000000000000001], [0.00030000000000000003, 0.00030000000000000003, 0.0292, 0.0, 0.024900000000000002, 0.0292, 0.024900000000000002, 0.0, 0.004200000000000001, 0.004200000000000001, 0.0033, 0.0033, 0.0068000000000000005, 0.0068000000000000005], [0.0008, 0.0008, 0.0, 0.0, 0.0, 0.0, 0.0, 0.0, 0.0, 0.0, 0.0, 0.0, 0.0, 0.0], [0.0002, 0.0002, 0.0, 0.0, 0.0, 0.0, 0.0, 0.0, 0.0, 0.0, 0.0, 0.0, 0.0, 0.0], [0.0, 0.0, 0.0, 0.0, 0.0, 0.0, 0.0, 0.0, 0.0, 0.0, 0.0, 0.0, 0.0, 0.0], [0.0009000000000000001, 0.0009000000000000001, 0.0, 0.0, 0.0, 0.0, 0.0, 0.0, 0.0, 0.0, 0.0, 0.0, 0.0, 0.0], [0.0006000000000000001, 0.0006000000000000001, 0.0, 0.0, 0.0, 0.0, 0.0, 0.0, 0.0, 0.0, 0.0, 0.0, 0.0, 0.0]]}}
bs_latimer_munro_efermi: -1.03714325