material_id: mp-554781
band_gap: 1.5553
efermi: 4.58206259
dos_magnetic_ordering: NM
dos_total_task_id: mp-1766980
dos_total_band_gap: 1.635799999999999
dos_total_cbm: 6.1187
dos_total_vbm: 4.4829
dos_total_efermi: 4.49368503
bs_setyawan_curtarolo_task_id: mp-700326
bs_setyawan_curtarolo_band_gap: 1.5553
bs_setyawan_curtarolo_cbm: {'band_index': {'1': [100]}, 'kpoint_index': ['33'], 'kpoint': <pymatgen.electronic_structure.bandstructure.Kpoint object at 0x7fc699d63930>, 'energy': 6.0503, 'projections': {}}
bs_setyawan_curtarolo_vbm: {'band_index': {'1': [99]}, 'kpoint_index': ['33'], 'kpoint': <pymatgen.electronic_structure.bandstructure.Kpoint object at 0x7fc5d4b5a200>, 'energy': 4.495, 'projections': {}}
bs_setyawan_curtarolo_efermi: 4.58206259
bs_hinuma_task_id: mp-2145690
bs_hinuma_band_gap: 1.5577
bs_hinuma_cbm: {'band_index': {'1': [100]}, 'kpoint_index': ['33'], 'kpoint': <pymatgen.electronic_structure.bandstructure.Kpoint object at 0x7fc5d4b59c50>, 'energy': 6.0529, 'projections': {'1': [[0.002, 0.002, 0.002, 0.002, 0.002, 0.002, 0.0008, 0.0008, 0.0988, 0.0988, 0.0031000000000000003, 0.0031000000000000003, 0.0031000000000000003, 0.0031000000000000003, 0.0004, 0.0031000000000000003, 0.0004, 0.0068000000000000005, 0.0004, 0.0031000000000000003, 0.0068000000000000005, 0.0004, 0.0004, 0.0004], [0.0, 0.001, 0.0008, 0.0, 0.0008, 0.001, 0.0, 0.0, 0.0, 0.0, 0.0045000000000000005, 0.0098, 0.001, 0.0098, 0.0001, 0.0045000000000000005, 0.0015, 0.0, 0.0009000000000000001, 0.001, 0.0, 0.0009000000000000001, 0.0001, 0.0015], [0.0005, 0.0005, 0.0005, 0.0005, 0.0005, 0.0005, 0.0, 0.0, 0.0086, 0.0086, 0.0118, 0.0118, 0.0118, 0.0118, 0.0007, 0.0118, 0.0007, 0.0359, 0.0007, 0.0118, 0.0359, 0.0007, 0.0007, 0.0007], [0.0012000000000000001, 0.0002, 0.0004, 0.0012000000000000001, 0.0004, 0.0002, 0.0, 0.0, 0.0, 0.0, 0.0057, 0.0004, 0.0092, 0.0004, 0.0016, 0.0057, 0.0002, 0.0, 0.0007, 0.0092, 0.0, 0.0007, 0.0016, 0.0002], [0.0094, 0.0, 0.0089, 0.0094, 0.0089, 0.0, 0.0, 0.0, 0.0, 0.0, 0.0, 0.0, 0.0, 0.0, 0.0, 0.0, 0.0, 0.0, 0.0, 0.0, 0.0, 0.0, 0.0, 0.0], [0.0006000000000000001, 0.0057, 0.0026000000000000003, 0.0006000000000000001, 0.0026000000000000003, 0.0057, 0.0, 0.0, 0.0, 0.0, 0.0, 0.0, 0.0, 0.0, 0.0, 0.0, 0.0, 0.0, 0.0, 0.0, 0.0, 0.0, 0.0, 0.0], [0.0015, 0.0015, 0.0015, 0.0015, 0.0015, 0.0015, 0.0004, 0.0004, 0.0028, 0.0028, 0.0, 0.0, 0.0, 0.0, 0.0, 0.0, 0.0, 0.0, 0.0, 0.0, 0.0, 0.0, 0.0, 0.0], [0.0054, 0.0002, 0.0033, 0.0054, 0.0033, 0.0002, 0.0, 0.0, 0.0, 0.0, 0.0, 0.0, 0.0, 0.0, 0.0, 0.0, 0.0, 0.0, 0.0, 0.0, 0.0, 0.0, 0.0, 0.0], [0.0028, 0.0122, 0.0033, 0.0028, 0.0033, 0.0122, 0.0, 0.0, 0.0, 0.0, 0.0, 0.0, 0.0, 0.0, 0.0, 0.0, 0.0, 0.0, 0.0, 0.0, 0.0, 0.0, 0.0, 0.0]]}}
bs_hinuma_vbm: {'band_index': {'1': [99]}, 'kpoint_index': ['33'], 'kpoint': <pymatgen.electronic_structure.bandstructure.Kpoint object at 0x7fc5d4b59be0>, 'energy': 4.4952, 'projections': {'1': [[0.00030000000000000003, 0.00030000000000000003, 0.00030000000000000003, 0.00030000000000000003, 0.00030000000000000003, 0.00030000000000000003, 0.0, 0.0, 0.0, 0.0, 0.0005, 0.0005, 0.0005, 0.0005, 0.0001, 0.0005, 0.0001, 0.0, 0.0001, 0.0005, 0.0, 0.0001, 0.0001, 0.0001], [0.0018000000000000002, 0.0007, 0.0025, 0.0018000000000000002, 0.0025, 0.0007, 0.0025, 0.0025, 0.001, 0.001, 0.0172, 0.0044, 0.008, 0.0044, 0.014, 0.0172, 0.023, 0.0041, 0.0187, 0.008, 0.0041, 0.0187, 0.014, 0.023], [0.001, 0.001, 0.001, 0.001, 0.001, 0.001, 0.0, 0.0, 0.0, 0.0, 0.0002, 0.0002, 0.0002, 0.0002, 0.0046, 0.0002, 0.0046, 0.0, 0.0046, 0.0002, 0.0, 0.0046, 0.0046, 0.0046], [0.0015, 0.0026000000000000003, 0.0009000000000000001, 0.0015, 0.0009000000000000001, 0.0026000000000000003, 0.0025, 0.0025, 0.001, 0.001, 0.0025, 0.015300000000000001, 0.0117, 0.015300000000000001, 0.023100000000000002, 0.0025, 0.014100000000000001, 0.0041, 0.0184, 0.0117, 0.0041, 0.0184, 0.023100000000000002, 0.014100000000000001], [0.0016, 0.0012000000000000001, 0.00030000000000000003, 0.0016, 0.00030000000000000003, 0.0012000000000000001, 0.0648, 0.0648, 0.00030000000000000003, 0.00030000000000000003, 0.0, 0.0, 0.0, 0.0, 0.0, 0.0, 0.0, 0.0, 0.0, 0.0, 0.0, 0.0, 0.0, 0.0], [0.0019, 0.00030000000000000003, 0.0018000000000000002, 0.0019, 0.0018000000000000002, 0.00030000000000000003, 0.00030000000000000003, 0.00030000000000000003, 0.0001, 0.0001, 0.0, 0.0, 0.0, 0.0, 0.0, 0.0, 0.0, 0.0, 0.0, 0.0, 0.0, 0.0, 0.0, 0.0], [0.0, 0.0, 0.0, 0.0, 0.0, 0.0, 0.0, 0.0, 0.0, 0.0, 0.0, 0.0, 0.0, 0.0, 0.0, 0.0, 0.0, 0.0, 0.0, 0.0, 0.0, 0.0, 0.0, 0.0], [0.0008, 0.0024000000000000002, 0.0008, 0.0008, 0.0008, 0.0024000000000000002, 0.00030000000000000003, 0.00030000000000000003, 0.0001, 0.0001, 0.0, 0.0, 0.0, 0.0, 0.0, 0.0, 0.0, 0.0, 0.0, 0.0, 0.0, 0.0, 0.0, 0.0], [0.0005, 0.0008, 0.0018000000000000002, 0.0005, 0.0018000000000000002, 0.0008, 0.0648, 0.0648, 0.00030000000000000003, 0.00030000000000000003, 0.0, 0.0, 0.0, 0.0, 0.0, 0.0, 0.0, 0.0, 0.0, 0.0, 0.0, 0.0, 0.0, 0.0]]}}
bs_hinuma_efermi: 4.73231806
bs_latimer_munro_task_id: mp-2442796
bs_latimer_munro_band_gap: 1.5577
bs_latimer_munro_cbm: {'band_index': {'1': [100]}, 'kpoint_index': ['28'], 'kpoint': <pymatgen.electronic_structure.bandstructure.Kpoint object at 0x7fc5d4b5a190>, 'energy': 6.0529, 'projections': {'1': [[0.002, 0.002, 0.002, 0.002, 0.002, 0.002, 0.0008, 0.0008, 0.0988, 0.0988, 0.0031000000000000003, 0.0031000000000000003, 0.0031000000000000003, 0.0031000000000000003, 0.0004, 0.0031000000000000003, 0.0004, 0.0068000000000000005, 0.0004, 0.0031000000000000003, 0.0067, 0.0004, 0.0004, 0.0004], [0.0, 0.001, 0.0008, 0.0, 0.0008, 0.001, 0.0, 0.0, 0.0, 0.0, 0.0045000000000000005, 0.0098, 0.001, 0.0098, 0.0001, 0.0045000000000000005, 0.0015, 0.0, 0.0009000000000000001, 0.001, 0.0, 0.0009000000000000001, 0.0001, 0.0015], [0.0005, 0.0005, 0.0005, 0.0005, 0.0005, 0.0005, 0.0, 0.0, 0.0086, 0.0086, 0.0118, 0.0118, 0.0118, 0.0118, 0.0007, 0.0118, 0.0007, 0.0359, 0.0007, 0.0118, 0.0359, 0.0007, 0.0007, 0.0007], [0.0012000000000000001, 0.0002, 0.0004, 0.0012000000000000001, 0.0004, 0.0002, 0.0, 0.0, 0.0, 0.0, 0.0057, 0.0004, 0.0092, 0.0004, 0.0016, 0.0057, 0.0002, 0.0, 0.0007, 0.0092, 0.0, 0.0007, 0.0016, 0.0002], [0.0094, 0.0, 0.0089, 0.0094, 0.0089, 0.0, 0.0, 0.0, 0.0, 0.0, 0.0, 0.0, 0.0, 0.0, 0.0, 0.0, 0.0, 0.0, 0.0, 0.0, 0.0, 0.0, 0.0, 0.0], [0.0006000000000000001, 0.0057, 0.0026000000000000003, 0.0006000000000000001, 0.0026000000000000003, 0.0057, 0.0, 0.0, 0.0, 0.0, 0.0, 0.0, 0.0, 0.0, 0.0, 0.0, 0.0, 0.0, 0.0, 0.0, 0.0, 0.0, 0.0, 0.0], [0.0015, 0.0015, 0.0015, 0.0015, 0.0015, 0.0015, 0.0004, 0.0004, 0.0028, 0.0028, 0.0, 0.0, 0.0, 0.0, 0.0, 0.0, 0.0, 0.0, 0.0, 0.0, 0.0, 0.0, 0.0, 0.0], [0.0054, 0.0002, 0.0033, 0.0054, 0.0033, 0.0002, 0.0, 0.0, 0.0, 0.0, 0.0, 0.0, 0.0, 0.0, 0.0, 0.0, 0.0, 0.0, 0.0, 0.0, 0.0, 0.0, 0.0, 0.0], [0.0028, 0.0122, 0.0033, 0.0028, 0.0033, 0.0122, 0.0, 0.0, 0.0, 0.0, 0.0, 0.0, 0.0, 0.0, 0.0, 0.0, 0.0, 0.0, 0.0, 0.0, 0.0, 0.0, 0.0, 0.0]]}}
bs_latimer_munro_vbm: {'band_index': {'1': [99]}, 'kpoint_index': ['28'], 'kpoint': <pymatgen.electronic_structure.bandstructure.Kpoint object at 0x7fc5d4b59d30>, 'energy': 4.4952, 'projections': {'1': [[0.00030000000000000003, 0.00030000000000000003, 0.00030000000000000003, 0.00030000000000000003, 0.00030000000000000003, 0.00030000000000000003, 0.0, 0.0, 0.0, 0.0, 0.0005, 0.0005, 0.0005, 0.0005, 0.0001, 0.0005, 0.0001, 0.0, 0.0001, 0.0005, 0.0, 0.0001, 0.0001, 0.0001], [0.0018000000000000002, 0.0007, 0.0025, 0.0018000000000000002, 0.0025, 0.0007, 0.0025, 0.0025, 0.001, 0.001, 0.0172, 0.0044, 0.008, 0.0044, 0.014, 0.0172, 0.023, 0.0041, 0.0187, 0.008, 0.0041, 0.0187, 0.014, 0.023], [0.001, 0.001, 0.001, 0.001, 0.001, 0.001, 0.0, 0.0, 0.0, 0.0, 0.0002, 0.0002, 0.0002, 0.0002, 0.0046, 0.0002, 0.0046, 0.0, 0.0046, 0.0002, 0.0, 0.0046, 0.0046, 0.0046], [0.0015, 0.0026000000000000003, 0.0009000000000000001, 0.0015, 0.0009000000000000001, 0.0026000000000000003, 0.0025, 0.0025, 0.001, 0.001, 0.0025, 0.015300000000000001, 0.0117, 0.015300000000000001, 0.023100000000000002, 0.0025, 0.014100000000000001, 0.0041, 0.0184, 0.0117, 0.0041, 0.0184, 0.023100000000000002, 0.014100000000000001], [0.0016, 0.0012000000000000001, 0.00030000000000000003, 0.0016, 0.00030000000000000003, 0.0012000000000000001, 0.0648, 0.0648, 0.00030000000000000003, 0.00030000000000000003, 0.0, 0.0, 0.0, 0.0, 0.0, 0.0, 0.0, 0.0, 0.0, 0.0, 0.0, 0.0, 0.0, 0.0], [0.0019, 0.00030000000000000003, 0.0018000000000000002, 0.0019, 0.0018000000000000002, 0.00030000000000000003, 0.00030000000000000003, 0.00030000000000000003, 0.0001, 0.0001, 0.0, 0.0, 0.0, 0.0, 0.0, 0.0, 0.0, 0.0, 0.0, 0.0, 0.0, 0.0, 0.0, 0.0], [0.0, 0.0, 0.0, 0.0, 0.0, 0.0, 0.0, 0.0, 0.0, 0.0, 0.0, 0.0, 0.0, 0.0, 0.0, 0.0, 0.0, 0.0, 0.0, 0.0, 0.0, 0.0, 0.0, 0.0], [0.0008, 0.0024000000000000002, 0.0008, 0.0008, 0.0008, 0.0024000000000000002, 0.00030000000000000003, 0.00030000000000000003, 0.0001, 0.0001, 0.0, 0.0, 0.0, 0.0, 0.0, 0.0, 0.0, 0.0, 0.0, 0.0, 0.0, 0.0, 0.0, 0.0], [0.0005, 0.0008, 0.0018000000000000002, 0.0005, 0.0018000000000000002, 0.0008, 0.0648, 0.0648, 0.00030000000000000003, 0.00030000000000000003, 0.0, 0.0, 0.0, 0.0, 0.0, 0.0, 0.0, 0.0, 0.0, 0.0, 0.0, 0.0, 0.0, 0.0]]}}
bs_latimer_munro_efermi: 4.53791968