material_id: mp-550300
band_gap: 0.28890000000000005
efermi: 1.52413388
dos_magnetic_ordering: FM
dos_total_task_id: mp-1676528
dos_total_band_gap: 1.2238
dos_total_cbm: 2.5572
dos_total_vbm: 1.3334000000000001
dos_total_efermi: 1.5392085500000001
bs_setyawan_curtarolo_task_id: mp-1600346
bs_setyawan_curtarolo_band_gap: 0.28890000000000005
bs_setyawan_curtarolo_cbm: {'band_index': {'-1': [55], '1': []}, 'kpoint_index': [0, 439, 440, 600], 'kpoint': <pymatgen.electronic_structure.bandstructure.Kpoint object at 0x7fc699d63930>, 'energy': 1.6889, 'projections': {'-1': [[0.0083, 0.012, 0.002, 0.016, 0.002, 0.012, 0.016, 0.016900000000000002, 0.0129, 0.0129, 0.0064, 0.0135, 0.0135, 0.0022, 0.0064, 0.0022], [0.0, 0.0004, 0.0001, 0.0, 0.0001, 0.0004, 0.0, 0.0, 0.0018000000000000002, 0.0018000000000000002, 0.0054, 0.0105, 0.0105, 0.008400000000000001, 0.0054, 0.008400000000000001], [0.0, 0.0001, 0.0002, 0.0007, 0.0002, 0.0001, 0.0007, 0.0, 0.0028, 0.0028, 0.0034000000000000002, 0.011, 0.011, 0.0086, 0.0034000000000000002, 0.0086], [0.0, 0.0, 0.0, 0.0, 0.0, 0.0, 0.0, 0.0, 0.0, 0.0, 0.0, 0.0, 0.0, 0.0, 0.0, 0.0], [0.0, 0.0, 0.0, 0.0, 0.0, 0.0, 0.0, 0.0, 0.0, 0.0, 0.0, 0.0, 0.0, 0.0, 0.0, 0.0], [0.0, 0.0, 0.0, 0.0, 0.0, 0.0, 0.0, 0.0, 0.0819, 0.0819, 0.0, 0.0, 0.0, 0.0, 0.0, 0.0], [0.0026000000000000003, 0.0, 0.0, 0.0, 0.0, 0.0, 0.0, 0.0, 0.020200000000000003, 0.020200000000000003, 0.0, 0.0, 0.0, 0.0, 0.0, 0.0], [0.0, 0.0, 0.0, 0.0, 0.0, 0.0, 0.0, 0.0, 0.0, 0.0, 0.0, 0.0, 0.0, 0.0, 0.0, 0.0], [0.0002, 0.0, 0.0, 0.0, 0.0, 0.0, 0.0, 0.0, 0.0013000000000000002, 0.0013000000000000002, 0.0, 0.0, 0.0, 0.0, 0.0, 0.0]]}}
bs_setyawan_curtarolo_vbm: {'band_index': {'-1': [54], '1': []}, 'kpoint_index': ['42'], 'kpoint': <pymatgen.electronic_structure.bandstructure.Kpoint object at 0x7fc5d4b5a350>, 'energy': 1.4, 'projections': {'-1': [[0.0, 0.0, 0.0, 0.0, 0.0, 0.0, 0.0, 0.0, 0.0, 0.0, 0.0, 0.0, 0.0, 0.0, 0.0, 0.0], [0.0, 0.0, 0.0, 0.0, 0.0, 0.0, 0.0, 0.0, 0.0, 0.0, 0.0, 0.0, 0.0, 0.0, 0.0, 0.0], [0.0, 0.0, 0.0, 0.0, 0.0, 0.0, 0.0, 0.0, 0.0, 0.0, 0.0, 0.0, 0.0, 0.0, 0.0, 0.0], [0.0001, 0.0018000000000000002, 0.0012000000000000001, 0.00030000000000000003, 0.0012000000000000001, 0.0018000000000000002, 0.00030000000000000003, 0.0, 0.0, 0.0, 0.0434, 0.0074, 0.0074, 0.1047, 0.043500000000000004, 0.1047], [0.0012000000000000001, 0.0, 0.0, 0.0, 0.0, 0.0, 0.0, 0.0, 0.1189, 0.1189, 0.0, 0.0, 0.0, 0.0, 0.0, 0.0], [0.0, 0.0, 0.0, 0.0, 0.0, 0.0, 0.0, 0.0, 0.0, 0.0, 0.0, 0.0, 0.0, 0.0, 0.0, 0.0], [0.0, 0.0, 0.0, 0.0, 0.0, 0.0, 0.0, 0.0, 0.0, 0.0, 0.0, 0.0, 0.0, 0.0, 0.0, 0.0], [0.0, 0.0, 0.0, 0.0, 0.0, 0.0, 0.0, 0.0, 0.1531, 0.1531, 0.0, 0.0, 0.0, 0.0, 0.0, 0.0], [0.0, 0.0, 0.0, 0.0, 0.0, 0.0, 0.0, 0.0, 0.0, 0.0, 0.0, 0.0, 0.0, 0.0, 0.0, 0.0]]}}
bs_setyawan_curtarolo_efermi: 1.52413388
bs_latimer_munro_task_id: mp-2340255
bs_latimer_munro_band_gap: 0.28890000000000005
bs_latimer_munro_cbm: {'band_index': {'-1': [55], '1': []}, 'kpoint_index': [83, 84, 279, 280, 346, 560, 561, 735, 818], 'kpoint': <pymatgen.electronic_structure.bandstructure.Kpoint object at 0x7fc5d4b5a200>, 'energy': 1.6889, 'projections': {'-1': [[0.0083, 0.012, 0.002, 0.016, 0.002, 0.012, 0.016, 0.016900000000000002, 0.0129, 0.0129, 0.0064, 0.0135, 0.0135, 0.0022, 0.0064, 0.0022], [0.0, 0.0004, 0.0001, 0.0, 0.0001, 0.0004, 0.0, 0.0, 0.0018000000000000002, 0.0018000000000000002, 0.0054, 0.0105, 0.0105, 0.008400000000000001, 0.0054, 0.008400000000000001], [0.0, 0.0001, 0.0002, 0.0007, 0.0002, 0.0001, 0.0007, 0.0, 0.0028, 0.0028, 0.0034000000000000002, 0.011, 0.011, 0.0086, 0.0034000000000000002, 0.0086], [0.0, 0.0, 0.0, 0.0, 0.0, 0.0, 0.0, 0.0, 0.0, 0.0, 0.0, 0.0, 0.0, 0.0, 0.0, 0.0], [0.0, 0.0, 0.0, 0.0, 0.0, 0.0, 0.0, 0.0, 0.0, 0.0, 0.0, 0.0, 0.0, 0.0, 0.0, 0.0], [0.0, 0.0, 0.0, 0.0, 0.0, 0.0, 0.0, 0.0, 0.0819, 0.0819, 0.0, 0.0, 0.0, 0.0, 0.0, 0.0], [0.0026000000000000003, 0.0, 0.0, 0.0, 0.0, 0.0, 0.0, 0.0, 0.020200000000000003, 0.020200000000000003, 0.0, 0.0, 0.0, 0.0, 0.0, 0.0], [0.0, 0.0, 0.0, 0.0, 0.0, 0.0, 0.0, 0.0, 0.0, 0.0, 0.0, 0.0, 0.0, 0.0, 0.0, 0.0], [0.0002, 0.0, 0.0, 0.0, 0.0, 0.0, 0.0, 0.0, 0.0013000000000000002, 0.0013000000000000002, 0.0, 0.0, 0.0, 0.0, 0.0, 0.0]]}}
bs_latimer_munro_vbm: {'band_index': {'-1': [54], '1': []}, 'kpoint_index': ['516'], 'kpoint': <pymatgen.electronic_structure.bandstructure.Kpoint object at 0x7fc5d4b5a3c0>, 'energy': 1.4, 'projections': {'-1': [[0.0, 0.0, 0.0, 0.0, 0.0, 0.0, 0.0, 0.0, 0.0, 0.0, 0.0, 0.0, 0.0, 0.0, 0.0, 0.0], [0.0, 0.0, 0.0, 0.0, 0.0, 0.0, 0.0, 0.0, 0.0, 0.0, 0.0, 0.0, 0.0, 0.0, 0.0, 0.0], [0.0, 0.0, 0.0, 0.0, 0.0, 0.0, 0.0, 0.0, 0.0, 0.0, 0.0, 0.0, 0.0, 0.0, 0.0, 0.0], [0.0001, 0.0018000000000000002, 0.0011, 0.00030000000000000003, 0.0011, 0.0018000000000000002, 0.00030000000000000003, 0.0, 0.0, 0.0, 0.0436, 0.007200000000000001, 0.007200000000000001, 0.1048, 0.0436, 0.1047], [0.0013000000000000002, 0.0, 0.0, 0.0, 0.0, 0.0, 0.0, 0.0, 0.1188, 0.1188, 0.0, 0.0, 0.0, 0.0, 0.0, 0.0], [0.0, 0.0, 0.0, 0.0, 0.0, 0.0, 0.0, 0.0, 0.0, 0.0, 0.0, 0.0, 0.0, 0.0, 0.0, 0.0], [0.0, 0.0, 0.0, 0.0, 0.0, 0.0, 0.0, 0.0, 0.0, 0.0, 0.0, 0.0, 0.0, 0.0, 0.0, 0.0], [0.0, 0.0, 0.0, 0.0, 0.0, 0.0, 0.0, 0.0, 0.1531, 0.1531, 0.0, 0.0, 0.0, 0.0, 0.0, 0.0], [0.0, 0.0, 0.0, 0.0, 0.0, 0.0, 0.0, 0.0, 0.0, 0.0, 0.0, 0.0, 0.0, 0.0, 0.0, 0.0]]}}
bs_latimer_munro_efermi: 1.5253473400000002