material_id: mp-560157
band_gap: 3.482599999999999
efermi: 1.03475734
dos_magnetic_ordering: NM
dos_total_task_id: mp-1701840
dos_total_band_gap: 3.4423
dos_total_cbm: 4.3818
dos_total_vbm: 0.9395
dos_total_efermi: 0.9141778700000001
bs_setyawan_curtarolo_task_id: mp-845594
bs_setyawan_curtarolo_band_gap: 3.482599999999999
bs_setyawan_curtarolo_cbm: {'band_index': {'1': [46]}, 'kpoint_index': [0, 75, 76], 'kpoint': <pymatgen.electronic_structure.bandstructure.Kpoint object at 0x7fc699d63930>, 'energy': 4.4167, 'projections': {'1': [[0.0053, 0.0053, 0.0, 0.0, 0.0008, 0.0008, 0.0, 0.0, 0.0, 0.0, 0.0, 0.0, 0.0, 0.0], [0.0004, 0.0004, 0.0025, 0.0025, 0.0009000000000000001, 0.0009000000000000001, 0.0029000000000000002, 0.0161, 0.0161, 0.0029000000000000002, 0.0029000000000000002, 0.0161, 0.0161, 0.0029000000000000002], [0.0, 0.0, 0.0005, 0.0005, 0.0, 0.0, 0.0051, 0.0, 0.0, 0.0051, 0.0051, 0.0, 0.0, 0.0051], [0.0, 0.0, 0.0, 0.0, 0.0, 0.0, 0.0, 0.0059, 0.0059, 0.0, 0.0, 0.0059, 0.0059, 0.0], [0.0, 0.0, 0.0, 0.0, 0.0, 0.0, 0.0, 0.0, 0.0, 0.0, 0.0, 0.0, 0.0, 0.0], [0.0, 0.0, 0.0, 0.0, 0.0, 0.0, 0.0, 0.0, 0.0, 0.0, 0.0, 0.0, 0.0, 0.0], [0.0, 0.0, 0.0, 0.0, 0.046900000000000004, 0.046900000000000004, 0.0, 0.0, 0.0, 0.0, 0.0, 0.0, 0.0, 0.0], [0.0, 0.0, 0.0, 0.0, 0.0, 0.0, 0.0, 0.0, 0.0, 0.0, 0.0, 0.0, 0.0, 0.0], [0.0, 0.0, 0.0, 0.0, 0.321, 0.321, 0.0, 0.0, 0.0, 0.0, 0.0, 0.0, 0.0, 0.0]]}}
bs_setyawan_curtarolo_vbm: {'band_index': {'1': [45]}, 'kpoint_index': [91, 92, 129], 'kpoint': <pymatgen.electronic_structure.bandstructure.Kpoint object at 0x7fc5d4b59e80>, 'energy': 0.9341, 'projections': {'1': [[0.0, 0.0, 0.0, 0.0, 0.0, 0.0, 0.0, 0.0, 0.0, 0.0, 0.0, 0.0, 0.0, 0.0], [0.0, 0.0, 0.0, 0.0, 0.0, 0.0, 0.0, 0.006, 0.006, 0.0, 0.0, 0.006, 0.006, 0.0], [0.0, 0.0, 0.0, 0.0, 0.0, 0.0, 0.0, 0.0, 0.0, 0.0, 0.0, 0.0, 0.0, 0.0], [0.0004, 0.0004, 0.0, 0.0, 0.0216, 0.0216, 0.1563, 0.0198, 0.0198, 0.1563, 0.1563, 0.0198, 0.0198, 0.1563], [0.0, 0.0, 0.0, 0.0, 0.0021000000000000003, 0.0021000000000000003, 0.0, 0.0, 0.0, 0.0, 0.0, 0.0, 0.0, 0.0], [0.0, 0.0, 0.0, 0.0, 0.0, 0.0, 0.0, 0.0, 0.0, 0.0, 0.0, 0.0, 0.0, 0.0], [0.0, 0.0, 0.0, 0.0, 0.0, 0.0, 0.0, 0.0, 0.0, 0.0, 0.0, 0.0, 0.0, 0.0], [0.0, 0.0, 0.0, 0.0, 0.0, 0.0, 0.0, 0.0, 0.0, 0.0, 0.0, 0.0, 0.0, 0.0], [0.0, 0.0, 0.0, 0.0, 0.0, 0.0, 0.0, 0.0, 0.0, 0.0, 0.0, 0.0, 0.0, 0.0]]}}
bs_setyawan_curtarolo_efermi: 1.03475734