material_id: mp-560333
band_gap: 1.0323
efermi: 0.18215442
dos_magnetic_ordering: NM
dos_total_task_id: mp-1674800
dos_total_band_gap: 1.025799999999999
dos_total_cbm: 1.146
dos_total_vbm: 0.1202
dos_total_efermi: 0.12349233
bs_setyawan_curtarolo_task_id: mp-1609469
bs_setyawan_curtarolo_band_gap: 1.0323
bs_setyawan_curtarolo_cbm: {'band_index': {'1': [61]}, 'kpoint_index': [8, 9, 29, 30, 56, 57, 75], 'kpoint': <pymatgen.electronic_structure.bandstructure.Kpoint object at 0x7fc699d63930>, 'energy': 1.1578, 'projections': {'1': [[0.0, 0.0, 0.0, 0.0, 0.0001, 0.0001, 0.0, 0.001, 0.0001, 0.0001, 0.0, 0.0, 0.0001, 0.0001, 0.001, 0.0, 0.0], [0.0002, 0.0002, 0.016800000000000002, 0.016800000000000002, 0.0222, 0.0222, 0.0006000000000000001, 0.002, 0.0008, 0.0017000000000000001, 0.0012000000000000001, 0.0012000000000000001, 0.0017000000000000001, 0.0008, 0.002, 0.0006000000000000001, 0.0002], [0.0001, 0.0001, 0.0616, 0.0616, 0.049, 0.049, 0.0048000000000000004, 0.0001, 0.0012000000000000001, 0.0007, 0.0001, 0.0001, 0.0007, 0.0012000000000000001, 0.0001, 0.0048000000000000004, 0.0004], [0.0, 0.0, 0.0376, 0.0376, 0.055600000000000004, 0.055600000000000004, 0.0, 0.0, 0.001, 0.0001, 0.0, 0.0, 0.0001, 0.001, 0.0, 0.0, 0.0022], [0.0006000000000000001, 0.0006000000000000001, 0.0001, 0.0001, 0.0001, 0.0001, 0.0, 0.0, 0.0, 0.0, 0.0, 0.0, 0.0, 0.0, 0.0, 0.0, 0.0], [0.0002, 0.0002, 0.0004, 0.0004, 0.0, 0.0, 0.0, 0.0, 0.0, 0.0001, 0.0, 0.0, 0.0001, 0.0, 0.0, 0.0, 0.0], [0.0004, 0.0004, 0.0, 0.0, 0.0007, 0.0007, 0.00030000000000000003, 0.0001, 0.0, 0.0001, 0.0, 0.0, 0.0001, 0.0, 0.0001, 0.00030000000000000003, 0.0], [0.0015, 0.0015, 0.00030000000000000003, 0.00030000000000000003, 0.0, 0.0, 0.0, 0.0, 0.0, 0.0, 0.0, 0.0, 0.0, 0.0, 0.0, 0.0, 0.0], [0.0009000000000000001, 0.0009000000000000001, 0.0002, 0.0002, 0.0, 0.0, 0.0, 0.0001, 0.0, 0.0, 0.0, 0.0, 0.0, 0.0, 0.0001, 0.0, 0.0]]}}
bs_setyawan_curtarolo_vbm: {'band_index': {'1': [60]}, 'kpoint_index': [65], 'kpoint': <pymatgen.electronic_structure.bandstructure.Kpoint object at 0x7fc5d4b5a3c0>, 'energy': 0.1255, 'projections': {'1': [[0.0001, 0.0001, 0.0002, 0.0002, 0.0001, 0.0001, 0.0002, 0.0, 0.0, 0.0, 0.0, 0.0, 0.0, 0.0, 0.0, 0.0002, 0.0], [0.0002, 0.0002, 0.001, 0.001, 0.0173, 0.0173, 0.0, 0.0102, 0.0023, 0.0079, 0.0001, 0.0001, 0.0079, 0.0023, 0.0102, 0.0, 0.0], [0.0, 0.0, 0.0009000000000000001, 0.0009000000000000001, 0.05, 0.05, 0.0106, 0.014400000000000001, 0.0048000000000000004, 0.0497, 0.0077, 0.0077, 0.0497, 0.0048000000000000004, 0.014400000000000001, 0.0106, 0.0], [0.0, 0.0, 0.0002, 0.0002, 0.0304, 0.0304, 0.019200000000000002, 0.0468, 0.0122, 0.0068000000000000005, 0.0155, 0.0155, 0.0068000000000000005, 0.0122, 0.0468, 0.019200000000000002, 0.0], [0.0001, 0.0001, 0.0002, 0.0002, 0.0002, 0.0002, 0.0, 0.0, 0.0, 0.0, 0.0, 0.0, 0.0, 0.0, 0.0, 0.0, 0.0], [0.0005, 0.0005, 0.0, 0.0, 0.0, 0.0, 0.0001, 0.0, 0.0, 0.0, 0.0, 0.0, 0.0, 0.0, 0.0, 0.0001, 0.0], [0.0007, 0.0007, 0.0008, 0.0008, 0.0001, 0.0001, 0.0, 0.0, 0.0, 0.0, 0.0, 0.0, 0.0, 0.0, 0.0, 0.0, 0.0], [0.0, 0.0, 0.0001, 0.0001, 0.0, 0.0, 0.0, 0.0, 0.0, 0.0, 0.0, 0.0, 0.0, 0.0, 0.0, 0.0, 0.0], [0.00030000000000000003, 0.00030000000000000003, 0.0, 0.0, 0.0, 0.0, 0.0, 0.0, 0.0, 0.0, 0.0, 0.0, 0.0, 0.0, 0.0, 0.0, 0.0]]}}
bs_setyawan_curtarolo_efermi: 0.18215442
bs_hinuma_task_id: mp-2170067
bs_hinuma_band_gap: 1.0323
bs_hinuma_cbm: {'band_index': {'1': [61]}, 'kpoint_index': [0, 18, 19, 41, 42, 64, 65], 'kpoint': <pymatgen.electronic_structure.bandstructure.Kpoint object at 0x7fc5d4b59e80>, 'energy': 1.1578, 'projections': {'1': [[0.0, 0.0, 0.0, 0.0, 0.0001, 0.0001, 0.0, 0.001, 0.0001, 0.0001, 0.0, 0.0, 0.0001, 0.0001, 0.001, 0.0, 0.0], [0.0002, 0.0002, 0.016800000000000002, 0.016800000000000002, 0.0222, 0.0222, 0.0006000000000000001, 0.002, 0.0008, 0.0017000000000000001, 0.0012000000000000001, 0.0012000000000000001, 0.0017000000000000001, 0.0008, 0.002, 0.0006000000000000001, 0.0002], [0.0001, 0.0001, 0.0616, 0.0616, 0.049, 0.049, 0.0048000000000000004, 0.0001, 0.0012000000000000001, 0.0007, 0.0001, 0.0001, 0.0007, 0.0012000000000000001, 0.0001, 0.0048000000000000004, 0.0004], [0.0, 0.0, 0.0376, 0.0376, 0.055600000000000004, 0.055600000000000004, 0.0, 0.0, 0.001, 0.0001, 0.0, 0.0, 0.0001, 0.001, 0.0, 0.0, 0.0022], [0.0006000000000000001, 0.0006000000000000001, 0.0001, 0.0001, 0.0001, 0.0001, 0.0, 0.0, 0.0, 0.0, 0.0, 0.0, 0.0, 0.0, 0.0, 0.0, 0.0], [0.0002, 0.0002, 0.0004, 0.0004, 0.0, 0.0, 0.0, 0.0, 0.0, 0.0001, 0.0, 0.0, 0.0001, 0.0, 0.0, 0.0, 0.0], [0.0004, 0.0004, 0.0, 0.0, 0.0007, 0.0007, 0.00030000000000000003, 0.0001, 0.0, 0.0001, 0.0, 0.0, 0.0001, 0.0, 0.0001, 0.00030000000000000003, 0.0], [0.0015, 0.0015, 0.00030000000000000003, 0.00030000000000000003, 0.0, 0.0, 0.0, 0.0, 0.0, 0.0, 0.0, 0.0, 0.0, 0.0, 0.0, 0.0, 0.0], [0.0009000000000000001, 0.0009000000000000001, 0.0002, 0.0002, 0.0, 0.0, 0.0, 0.0001, 0.0, 0.0, 0.0, 0.0, 0.0, 0.0, 0.0001, 0.0, 0.0]]}}
bs_hinuma_vbm: {'band_index': {'1': [60]}, 'kpoint_index': [52], 'kpoint': <pymatgen.electronic_structure.bandstructure.Kpoint object at 0x7fc5d4b59c50>, 'energy': 0.1255, 'projections': {'1': [[0.0001, 0.0001, 0.0002, 0.0002, 0.0001, 0.0001, 0.0002, 0.0, 0.0, 0.0, 0.0, 0.0, 0.0, 0.0, 0.0, 0.0002, 0.0], [0.0002, 0.0002, 0.001, 0.001, 0.0173, 0.0173, 0.0, 0.0102, 0.0023, 0.0079, 0.0001, 0.0001, 0.0079, 0.0023, 0.0102, 0.0, 0.0], [0.0, 0.0, 0.0009000000000000001, 0.0009000000000000001, 0.05, 0.05, 0.0106, 0.014400000000000001, 0.0048000000000000004, 0.0497, 0.0077, 0.0077, 0.0497, 0.0048000000000000004, 0.014400000000000001, 0.0106, 0.0], [0.0, 0.0, 0.0002, 0.0002, 0.0304, 0.0304, 0.019200000000000002, 0.0468, 0.0122, 0.0068000000000000005, 0.0155, 0.0155, 0.0068000000000000005, 0.0122, 0.0468, 0.019200000000000002, 0.0], [0.0001, 0.0001, 0.0002, 0.0002, 0.0002, 0.0002, 0.0, 0.0, 0.0, 0.0, 0.0, 0.0, 0.0, 0.0, 0.0, 0.0, 0.0], [0.0005, 0.0005, 0.0, 0.0, 0.0, 0.0, 0.0001, 0.0, 0.0, 0.0, 0.0, 0.0, 0.0, 0.0, 0.0, 0.0001, 0.0], [0.0007, 0.0007, 0.0008, 0.0008, 0.0001, 0.0001, 0.0, 0.0, 0.0, 0.0, 0.0, 0.0, 0.0, 0.0, 0.0, 0.0, 0.0], [0.0, 0.0, 0.0001, 0.0001, 0.0, 0.0, 0.0, 0.0, 0.0, 0.0, 0.0, 0.0, 0.0, 0.0, 0.0, 0.0, 0.0], [0.00030000000000000003, 0.00030000000000000003, 0.0, 0.0, 0.0, 0.0, 0.0, 0.0, 0.0, 0.0, 0.0, 0.0, 0.0, 0.0, 0.0, 0.0, 0.0]]}}
bs_hinuma_efermi: 0.18949891
bs_latimer_munro_task_id: mp-2315685
bs_latimer_munro_band_gap: 1.0323
bs_latimer_munro_cbm: {'band_index': {'1': [61]}, 'kpoint_index': [10, 11, 21, 34, 45, 54, 66], 'kpoint': <pymatgen.electronic_structure.bandstructure.Kpoint object at 0x7fc5d4b5a430>, 'energy': 1.1578, 'projections': {'1': [[0.0, 0.0, 0.0, 0.0, 0.0001, 0.0001, 0.0, 0.001, 0.0001, 0.0001, 0.0, 0.0, 0.0001, 0.0001, 0.001, 0.0, 0.0], [0.0002, 0.0002, 0.016800000000000002, 0.016800000000000002, 0.0222, 0.0222, 0.0006000000000000001, 0.002, 0.0008, 0.0017000000000000001, 0.0012000000000000001, 0.0012000000000000001, 0.0017000000000000001, 0.0008, 0.002, 0.0006000000000000001, 0.0002], [0.0001, 0.0001, 0.0616, 0.0616, 0.049, 0.049, 0.0048000000000000004, 0.0001, 0.0012000000000000001, 0.0007, 0.0001, 0.0001, 0.0007, 0.0012000000000000001, 0.0001, 0.0048000000000000004, 0.0004], [0.0, 0.0, 0.0376, 0.0376, 0.055600000000000004, 0.055600000000000004, 0.0, 0.0, 0.001, 0.0001, 0.0, 0.0, 0.0001, 0.001, 0.0, 0.0, 0.0022], [0.0006000000000000001, 0.0006000000000000001, 0.0001, 0.0001, 0.0001, 0.0001, 0.0, 0.0, 0.0, 0.0, 0.0, 0.0, 0.0, 0.0, 0.0, 0.0, 0.0], [0.0002, 0.0002, 0.0004, 0.0004, 0.0, 0.0, 0.0, 0.0, 0.0, 0.0001, 0.0, 0.0, 0.0001, 0.0, 0.0, 0.0, 0.0], [0.0004, 0.0004, 0.0, 0.0, 0.0007, 0.0007, 0.00030000000000000003, 0.0001, 0.0, 0.0001, 0.0, 0.0, 0.0001, 0.0, 0.0001, 0.00030000000000000003, 0.0], [0.0015, 0.0015, 0.00030000000000000003, 0.00030000000000000003, 0.0, 0.0, 0.0, 0.0, 0.0, 0.0, 0.0, 0.0, 0.0, 0.0, 0.0, 0.0, 0.0], [0.0009000000000000001, 0.0009000000000000001, 0.0002, 0.0002, 0.0, 0.0, 0.0, 0.0001, 0.0, 0.0, 0.0, 0.0, 0.0, 0.0, 0.0001, 0.0, 0.0]]}}
bs_latimer_munro_vbm: {'band_index': {'1': [60]}, 'kpoint_index': [0], 'kpoint': <pymatgen.electronic_structure.bandstructure.Kpoint object at 0x7fc5d4b5a190>, 'energy': 0.1255, 'projections': {'1': [[0.0001, 0.0001, 0.0002, 0.0002, 0.0001, 0.0001, 0.0002, 0.0, 0.0, 0.0, 0.0, 0.0, 0.0, 0.0, 0.0, 0.0002, 0.0], [0.0002, 0.0002, 0.001, 0.001, 0.0173, 0.0173, 0.0, 0.0102, 0.0023, 0.0079, 0.0001, 0.0001, 0.0079, 0.0023, 0.0102, 0.0, 0.0], [0.0, 0.0, 0.0009000000000000001, 0.0009000000000000001, 0.05, 0.05, 0.0106, 0.014400000000000001, 0.0048000000000000004, 0.0497, 0.0077, 0.0077, 0.0497, 0.0048000000000000004, 0.014400000000000001, 0.0106, 0.0], [0.0, 0.0, 0.0002, 0.0002, 0.0304, 0.0304, 0.019200000000000002, 0.0468, 0.0122, 0.0068000000000000005, 0.0155, 0.0155, 0.0068000000000000005, 0.0122, 0.0468, 0.019200000000000002, 0.0], [0.0001, 0.0001, 0.0002, 0.0002, 0.0002, 0.0002, 0.0, 0.0, 0.0, 0.0, 0.0, 0.0, 0.0, 0.0, 0.0, 0.0, 0.0], [0.0005, 0.0005, 0.0, 0.0, 0.0, 0.0, 0.0001, 0.0, 0.0, 0.0, 0.0, 0.0, 0.0, 0.0, 0.0, 0.0001, 0.0], [0.0007, 0.0007, 0.0008, 0.0008, 0.0001, 0.0001, 0.0, 0.0, 0.0, 0.0, 0.0, 0.0, 0.0, 0.0, 0.0, 0.0, 0.0], [0.0, 0.0, 0.0001, 0.0001, 0.0, 0.0, 0.0, 0.0, 0.0, 0.0, 0.0, 0.0, 0.0, 0.0, 0.0, 0.0, 0.0], [0.00030000000000000003, 0.00030000000000000003, 0.0, 0.0, 0.0, 0.0, 0.0, 0.0, 0.0, 0.0, 0.0, 0.0, 0.0, 0.0, 0.0, 0.0, 0.0]]}}
bs_latimer_munro_efermi: 0.18030372