material_id: mp-540635
band_gap: 2.7866
efermi: 1.37985654
dos_magnetic_ordering: NM
dos_total_task_id: mp-1759742
dos_total_band_gap: 2.7828
dos_total_cbm: 4.0669
dos_total_vbm: 1.2841
dos_total_efermi: 1.2726749800000001
bs_setyawan_curtarolo_task_id: mp-1624564
bs_setyawan_curtarolo_band_gap: 2.7866
bs_setyawan_curtarolo_cbm: {'band_index': {'1': [120]}, 'kpoint_index': [0, 31, 32], 'kpoint': <pymatgen.electronic_structure.bandstructure.Kpoint object at 0x7fc699d63930>, 'energy': 4.0616, 'projections': {'1': [[0.011, 0.011, 0.0587, 0.0587, 0.024800000000000003, 0.024800000000000003, 0.024800000000000003, 0.024800000000000003, 0.024800000000000003, 0.024800000000000003, 0.0099, 0.0099, 0.0099, 0.0099, 0.0099, 0.0099, 0.009600000000000001, 0.009600000000000001, 0.009600000000000001, 0.009600000000000001, 0.009600000000000001, 0.009600000000000001, 0.009600000000000001, 0.009600000000000001, 0.009600000000000001, 0.009600000000000001, 0.009600000000000001, 0.009600000000000001], [0.0, 0.0, 0.0, 0.0, 0.0, 0.0, 0.0, 0.0, 0.0, 0.0, 0.0, 0.0038, 0.0038, 0.0, 0.0038, 0.0038, 0.0028, 0.001, 0.0071, 0.0071, 0.001, 0.0028, 0.0071, 0.001, 0.0071, 0.001, 0.0028, 0.0028], [0.0, 0.0, 0.0, 0.0, 0.0, 0.0, 0.0, 0.0, 0.0, 0.0, 0.0, 0.0, 0.0, 0.0, 0.0, 0.0, 0.0017000000000000001, 0.0017000000000000001, 0.0017000000000000001, 0.0017000000000000001, 0.0017000000000000001, 0.0017000000000000001, 0.0017000000000000001, 0.0017000000000000001, 0.0017000000000000001, 0.0017000000000000001, 0.0017000000000000001, 0.0017000000000000001], [0.0, 0.0, 0.0, 0.0, 0.0, 0.0, 0.0, 0.0, 0.0, 0.0, 0.0051, 0.0012000000000000001, 0.0013000000000000002, 0.0051, 0.0013000000000000002, 0.0012000000000000001, 0.0045000000000000005, 0.0063, 0.0002, 0.0002, 0.0063, 0.0045000000000000005, 0.0002, 0.0063, 0.0002, 0.0063, 0.0045000000000000005, 0.0045000000000000005], [0.0, 0.0, 0.0, 0.0, 0.0004, 0.0, 0.00030000000000000003, 0.0004, 0.00030000000000000003, 0.0, 0.0, 0.0, 0.0, 0.0, 0.0, 0.0, 0.0, 0.0, 0.0, 0.0, 0.0, 0.0, 0.0, 0.0, 0.0, 0.0, 0.0, 0.0], [0.0, 0.0, 0.0, 0.0, 0.0, 0.0, 0.0, 0.0, 0.0, 0.0, 0.0, 0.0, 0.0, 0.0, 0.0, 0.0, 0.0, 0.0, 0.0, 0.0, 0.0, 0.0, 0.0, 0.0, 0.0, 0.0, 0.0, 0.0], [0.0007, 0.0007, 0.0005, 0.0005, 0.0001, 0.0001, 0.0001, 0.0001, 0.0001, 0.0001, 0.0, 0.0, 0.0, 0.0, 0.0, 0.0, 0.0, 0.0, 0.0, 0.0, 0.0, 0.0, 0.0, 0.0, 0.0, 0.0, 0.0, 0.0], [0.0, 0.0, 0.0, 0.0, 0.0, 0.0, 0.0, 0.0, 0.0, 0.0, 0.0, 0.0, 0.0, 0.0, 0.0, 0.0, 0.0, 0.0, 0.0, 0.0, 0.0, 0.0, 0.0, 0.0, 0.0, 0.0, 0.0, 0.0], [0.0, 0.0, 0.0, 0.0, 0.0001, 0.0005, 0.0002, 0.0001, 0.0002, 0.0005, 0.0, 0.0, 0.0, 0.0, 0.0, 0.0, 0.0, 0.0, 0.0, 0.0, 0.0, 0.0, 0.0, 0.0, 0.0, 0.0, 0.0, 0.0]]}}
bs_setyawan_curtarolo_vbm: {'band_index': {'1': [119]}, 'kpoint_index': [18, 19, 80], 'kpoint': <pymatgen.electronic_structure.bandstructure.Kpoint object at 0x7fc5d4b59be0>, 'energy': 1.275, 'projections': {'1': [[0.0, 0.0, 0.0, 0.0, 0.0, 0.0, 0.0, 0.0, 0.0, 0.0, 0.0, 0.0, 0.0, 0.0, 0.0, 0.0, 0.0, 0.0, 0.0, 0.0, 0.0, 0.0, 0.0, 0.0, 0.0, 0.0, 0.0, 0.0], [0.0002, 0.0002, 0.0, 0.0, 0.0, 0.0, 0.0, 0.0, 0.0, 0.0, 0.0, 0.0, 0.0, 0.0, 0.0, 0.0, 0.0234, 0.0286, 0.0036000000000000003, 0.0036000000000000003, 0.0286, 0.0234, 0.0036000000000000003, 0.0286, 0.0036000000000000003, 0.0286, 0.0234, 0.0234], [0.0, 0.0, 0.0, 0.0, 0.0001, 0.0001, 0.0001, 0.0001, 0.0001, 0.0001, 0.013800000000000002, 0.013800000000000002, 0.013800000000000002, 0.013800000000000002, 0.013800000000000002, 0.013800000000000002, 0.0172, 0.0172, 0.0172, 0.0172, 0.0172, 0.0172, 0.0172, 0.0172, 0.0172, 0.0172, 0.0172, 0.0172], [0.0002, 0.0002, 0.0, 0.0, 0.0, 0.0, 0.0, 0.0, 0.0, 0.0, 0.0, 0.0, 0.0, 0.0, 0.0, 0.0, 0.013600000000000001, 0.0085, 0.0335, 0.0335, 0.0085, 0.013600000000000001, 0.0335, 0.0085, 0.0335, 0.0085, 0.013600000000000001, 0.013600000000000001], [0.00030000000000000003, 0.00030000000000000003, 0.0001, 0.0001, 0.0, 0.0, 0.0, 0.0, 0.0, 0.0, 0.0, 0.0, 0.0, 0.0, 0.0, 0.0, 0.0, 0.0, 0.0, 0.0, 0.0, 0.0, 0.0, 0.0, 0.0, 0.0, 0.0, 0.0], [0.0001, 0.0001, 0.0001, 0.0001, 0.0002, 0.0001, 0.0001, 0.0002, 0.0001, 0.0001, 0.0, 0.0, 0.0, 0.0, 0.0, 0.0, 0.0, 0.0, 0.0, 0.0, 0.0, 0.0, 0.0, 0.0, 0.0, 0.0, 0.0, 0.0], [0.0, 0.0, 0.0, 0.0, 0.0, 0.0, 0.0, 0.0, 0.0, 0.0, 0.0, 0.0, 0.0, 0.0, 0.0, 0.0, 0.0, 0.0, 0.0, 0.0, 0.0, 0.0, 0.0, 0.0, 0.0, 0.0, 0.0, 0.0], [0.0001, 0.0001, 0.0001, 0.0001, 0.0001, 0.0002, 0.0002, 0.0001, 0.0002, 0.0002, 0.0, 0.0, 0.0, 0.0, 0.0, 0.0, 0.0, 0.0, 0.0, 0.0, 0.0, 0.0, 0.0, 0.0, 0.0, 0.0, 0.0, 0.0], [0.00030000000000000003, 0.00030000000000000003, 0.0001, 0.0001, 0.0, 0.0, 0.0, 0.0, 0.0, 0.0, 0.0, 0.0, 0.0, 0.0, 0.0, 0.0, 0.0, 0.0, 0.0, 0.0, 0.0, 0.0, 0.0, 0.0, 0.0, 0.0, 0.0, 0.0]]}}
bs_setyawan_curtarolo_efermi: 1.37985654
bs_hinuma_task_id: mp-2115725
bs_hinuma_band_gap: 2.7866
bs_hinuma_cbm: {'band_index': {'1': [120]}, 'kpoint_index': [0, 31, 32], 'kpoint': <pymatgen.electronic_structure.bandstructure.Kpoint object at 0x7fc5d4b59d30>, 'energy': 4.0616, 'projections': {'1': [[0.011, 0.011, 0.0587, 0.0587, 0.024800000000000003, 0.024800000000000003, 0.024800000000000003, 0.024800000000000003, 0.024800000000000003, 0.024800000000000003, 0.0099, 0.0099, 0.0099, 0.0099, 0.0099, 0.0099, 0.009600000000000001, 0.009600000000000001, 0.009600000000000001, 0.009600000000000001, 0.009600000000000001, 0.009600000000000001, 0.009600000000000001, 0.009600000000000001, 0.009600000000000001, 0.009600000000000001, 0.009600000000000001, 0.009600000000000001], [0.0, 0.0, 0.0, 0.0, 0.0, 0.0, 0.0, 0.0, 0.0, 0.0, 0.0, 0.0038, 0.0038, 0.0, 0.0038, 0.0038, 0.0028, 0.001, 0.0071, 0.0071, 0.001, 0.0028, 0.0071, 0.001, 0.0071, 0.001, 0.0028, 0.0028], [0.0, 0.0, 0.0, 0.0, 0.0, 0.0, 0.0, 0.0, 0.0, 0.0, 0.0, 0.0, 0.0, 0.0, 0.0, 0.0, 0.0017000000000000001, 0.0017000000000000001, 0.0017000000000000001, 0.0017000000000000001, 0.0017000000000000001, 0.0017000000000000001, 0.0017000000000000001, 0.0017000000000000001, 0.0017000000000000001, 0.0017000000000000001, 0.0017000000000000001, 0.0017000000000000001], [0.0, 0.0, 0.0, 0.0, 0.0, 0.0, 0.0, 0.0, 0.0, 0.0, 0.0051, 0.0012000000000000001, 0.0013000000000000002, 0.0051, 0.0013000000000000002, 0.0012000000000000001, 0.0045000000000000005, 0.0063, 0.0002, 0.0002, 0.0063, 0.0045000000000000005, 0.0002, 0.0063, 0.0002, 0.0063, 0.0045000000000000005, 0.0045000000000000005], [0.0, 0.0, 0.0, 0.0, 0.0004, 0.0, 0.00030000000000000003, 0.0004, 0.00030000000000000003, 0.0, 0.0, 0.0, 0.0, 0.0, 0.0, 0.0, 0.0, 0.0, 0.0, 0.0, 0.0, 0.0, 0.0, 0.0, 0.0, 0.0, 0.0, 0.0], [0.0, 0.0, 0.0, 0.0, 0.0, 0.0, 0.0, 0.0, 0.0, 0.0, 0.0, 0.0, 0.0, 0.0, 0.0, 0.0, 0.0, 0.0, 0.0, 0.0, 0.0, 0.0, 0.0, 0.0, 0.0, 0.0, 0.0, 0.0], [0.0007, 0.0007, 0.0005, 0.0005, 0.0001, 0.0001, 0.0001, 0.0001, 0.0001, 0.0001, 0.0, 0.0, 0.0, 0.0, 0.0, 0.0, 0.0, 0.0, 0.0, 0.0, 0.0, 0.0, 0.0, 0.0, 0.0, 0.0, 0.0, 0.0], [0.0, 0.0, 0.0, 0.0, 0.0, 0.0, 0.0, 0.0, 0.0, 0.0, 0.0, 0.0, 0.0, 0.0, 0.0, 0.0, 0.0, 0.0, 0.0, 0.0, 0.0, 0.0, 0.0, 0.0, 0.0, 0.0, 0.0, 0.0], [0.0, 0.0, 0.0, 0.0, 0.0001, 0.0005, 0.0002, 0.0001, 0.0002, 0.0005, 0.0, 0.0, 0.0, 0.0, 0.0, 0.0, 0.0, 0.0, 0.0, 0.0, 0.0, 0.0, 0.0, 0.0, 0.0, 0.0, 0.0, 0.0]]}}
bs_hinuma_vbm: {'band_index': {'1': [119]}, 'kpoint_index': [18, 19, 87], 'kpoint': <pymatgen.electronic_structure.bandstructure.Kpoint object at 0x7fc5d4b59c50>, 'energy': 1.275, 'projections': {'1': [[0.0, 0.0, 0.0, 0.0, 0.0, 0.0, 0.0, 0.0, 0.0, 0.0, 0.0, 0.0, 0.0, 0.0, 0.0, 0.0, 0.0, 0.0, 0.0, 0.0, 0.0, 0.0, 0.0, 0.0, 0.0, 0.0, 0.0, 0.0], [0.0002, 0.0002, 0.0, 0.0, 0.0, 0.0, 0.0, 0.0, 0.0, 0.0, 0.0, 0.0, 0.0, 0.0, 0.0, 0.0, 0.0234, 0.0286, 0.0036000000000000003, 0.0036000000000000003, 0.0286, 0.0234, 0.0036000000000000003, 0.0286, 0.0036000000000000003, 0.0286, 0.0234, 0.0234], [0.0, 0.0, 0.0, 0.0, 0.0001, 0.0001, 0.0001, 0.0001, 0.0001, 0.0001, 0.013800000000000002, 0.013800000000000002, 0.013800000000000002, 0.013800000000000002, 0.013800000000000002, 0.013800000000000002, 0.0172, 0.0172, 0.0172, 0.0172, 0.0172, 0.0172, 0.0172, 0.0172, 0.0172, 0.0172, 0.0172, 0.0172], [0.0002, 0.0002, 0.0, 0.0, 0.0, 0.0, 0.0, 0.0, 0.0, 0.0, 0.0, 0.0, 0.0, 0.0, 0.0, 0.0, 0.013600000000000001, 0.0085, 0.0335, 0.0335, 0.0085, 0.013600000000000001, 0.0335, 0.0085, 0.0335, 0.0085, 0.013600000000000001, 0.013600000000000001], [0.00030000000000000003, 0.00030000000000000003, 0.0001, 0.0001, 0.0, 0.0, 0.0, 0.0, 0.0, 0.0, 0.0, 0.0, 0.0, 0.0, 0.0, 0.0, 0.0, 0.0, 0.0, 0.0, 0.0, 0.0, 0.0, 0.0, 0.0, 0.0, 0.0, 0.0], [0.0001, 0.0001, 0.0001, 0.0001, 0.0002, 0.0001, 0.0001, 0.0002, 0.0001, 0.0001, 0.0, 0.0, 0.0, 0.0, 0.0, 0.0, 0.0, 0.0, 0.0, 0.0, 0.0, 0.0, 0.0, 0.0, 0.0, 0.0, 0.0, 0.0], [0.0, 0.0, 0.0, 0.0, 0.0, 0.0, 0.0, 0.0, 0.0, 0.0, 0.0, 0.0, 0.0, 0.0, 0.0, 0.0, 0.0, 0.0, 0.0, 0.0, 0.0, 0.0, 0.0, 0.0, 0.0, 0.0, 0.0, 0.0], [0.0001, 0.0001, 0.0001, 0.0001, 0.0001, 0.0002, 0.0002, 0.0001, 0.0002, 0.0002, 0.0, 0.0, 0.0, 0.0, 0.0, 0.0, 0.0, 0.0, 0.0, 0.0, 0.0, 0.0, 0.0, 0.0, 0.0, 0.0, 0.0, 0.0], [0.00030000000000000003, 0.00030000000000000003, 0.0001, 0.0001, 0.0, 0.0, 0.0, 0.0, 0.0, 0.0, 0.0, 0.0, 0.0, 0.0, 0.0, 0.0, 0.0, 0.0, 0.0, 0.0, 0.0, 0.0, 0.0, 0.0, 0.0, 0.0, 0.0, 0.0]]}}
bs_hinuma_efermi: 1.37985654
bs_latimer_munro_task_id: mp-2309286
bs_latimer_munro_band_gap: 2.7866
bs_latimer_munro_cbm: {'band_index': {'1': [120]}, 'kpoint_index': [19, 20, 98, 99, 107], 'kpoint': <pymatgen.electronic_structure.bandstructure.Kpoint object at 0x7fc5d4b5a190>, 'energy': 4.0616, 'projections': {'1': [[0.011, 0.011, 0.0587, 0.0587, 0.024800000000000003, 0.024800000000000003, 0.024800000000000003, 0.024800000000000003, 0.024800000000000003, 0.024800000000000003, 0.0099, 0.0099, 0.0099, 0.0099, 0.0099, 0.0099, 0.009600000000000001, 0.009600000000000001, 0.009600000000000001, 0.009600000000000001, 0.009600000000000001, 0.009600000000000001, 0.009600000000000001, 0.009600000000000001, 0.009600000000000001, 0.009600000000000001, 0.009600000000000001, 0.009600000000000001], [0.0, 0.0, 0.0, 0.0, 0.0, 0.0, 0.0, 0.0, 0.0, 0.0, 0.0, 0.0038, 0.0038, 0.0, 0.0038, 0.0038, 0.0028, 0.001, 0.0071, 0.0071, 0.001, 0.0028, 0.0071, 0.001, 0.0071, 0.001, 0.0028, 0.0028], [0.0, 0.0, 0.0, 0.0, 0.0, 0.0, 0.0, 0.0, 0.0, 0.0, 0.0, 0.0, 0.0, 0.0, 0.0, 0.0, 0.0017000000000000001, 0.0017000000000000001, 0.0017000000000000001, 0.0017000000000000001, 0.0017000000000000001, 0.0017000000000000001, 0.0017000000000000001, 0.0017000000000000001, 0.0017000000000000001, 0.0017000000000000001, 0.0017000000000000001, 0.0017000000000000001], [0.0, 0.0, 0.0, 0.0, 0.0, 0.0, 0.0, 0.0, 0.0, 0.0, 0.0051, 0.0012000000000000001, 0.0013000000000000002, 0.0051, 0.0013000000000000002, 0.0012000000000000001, 0.0045000000000000005, 0.0063, 0.0002, 0.0002, 0.0063, 0.0045000000000000005, 0.0002, 0.0063, 0.0002, 0.0063, 0.0045000000000000005, 0.0045000000000000005], [0.0, 0.0, 0.0, 0.0, 0.0004, 0.0, 0.00030000000000000003, 0.0004, 0.00030000000000000003, 0.0, 0.0, 0.0, 0.0, 0.0, 0.0, 0.0, 0.0, 0.0, 0.0, 0.0, 0.0, 0.0, 0.0, 0.0, 0.0, 0.0, 0.0, 0.0], [0.0, 0.0, 0.0, 0.0, 0.0, 0.0, 0.0, 0.0, 0.0, 0.0, 0.0, 0.0, 0.0, 0.0, 0.0, 0.0, 0.0, 0.0, 0.0, 0.0, 0.0, 0.0, 0.0, 0.0, 0.0, 0.0, 0.0, 0.0], [0.0007, 0.0007, 0.0005, 0.0005, 0.0001, 0.0001, 0.0001, 0.0001, 0.0001, 0.0001, 0.0, 0.0, 0.0, 0.0, 0.0, 0.0, 0.0, 0.0, 0.0, 0.0, 0.0, 0.0, 0.0, 0.0, 0.0, 0.0, 0.0, 0.0], [0.0, 0.0, 0.0, 0.0, 0.0, 0.0, 0.0, 0.0, 0.0, 0.0, 0.0, 0.0, 0.0, 0.0, 0.0, 0.0, 0.0, 0.0, 0.0, 0.0, 0.0, 0.0, 0.0, 0.0, 0.0, 0.0, 0.0, 0.0], [0.0, 0.0, 0.0, 0.0, 0.0001, 0.0005, 0.0002, 0.0001, 0.0002, 0.0005, 0.0, 0.0, 0.0, 0.0, 0.0, 0.0, 0.0, 0.0, 0.0, 0.0, 0.0, 0.0, 0.0, 0.0, 0.0, 0.0, 0.0, 0.0]]}}
bs_latimer_munro_vbm: {'band_index': {'1': [119]}, 'kpoint_index': [85, 86, 125], 'kpoint': <pymatgen.electronic_structure.bandstructure.Kpoint object at 0x7fc5d4b5a200>, 'energy': 1.275, 'projections': {'1': [[0.0, 0.0, 0.0, 0.0, 0.0, 0.0, 0.0, 0.0, 0.0, 0.0, 0.0, 0.0, 0.0, 0.0, 0.0, 0.0, 0.0, 0.0, 0.0, 0.0, 0.0, 0.0, 0.0, 0.0, 0.0, 0.0, 0.0, 0.0], [0.0002, 0.0002, 0.0, 0.0, 0.0, 0.0, 0.0, 0.0, 0.0, 0.0, 0.0, 0.0, 0.0, 0.0, 0.0, 0.0, 0.0234, 0.0286, 0.0036000000000000003, 0.0036000000000000003, 0.0286, 0.0234, 0.0036000000000000003, 0.0286, 0.0036000000000000003, 0.0286, 0.0234, 0.0234], [0.0, 0.0, 0.0, 0.0, 0.0001, 0.0001, 0.0001, 0.0001, 0.0001, 0.0001, 0.013800000000000002, 0.013800000000000002, 0.013800000000000002, 0.013800000000000002, 0.013800000000000002, 0.013800000000000002, 0.0172, 0.0172, 0.0172, 0.0172, 0.0172, 0.0172, 0.0172, 0.0172, 0.0172, 0.0172, 0.0172, 0.0172], [0.0002, 0.0002, 0.0, 0.0, 0.0, 0.0, 0.0, 0.0, 0.0, 0.0, 0.0, 0.0, 0.0, 0.0, 0.0, 0.0, 0.013600000000000001, 0.0085, 0.0335, 0.0335, 0.0085, 0.013600000000000001, 0.0335, 0.0085, 0.0335, 0.0085, 0.013600000000000001, 0.013600000000000001], [0.00030000000000000003, 0.00030000000000000003, 0.0001, 0.0001, 0.0, 0.0, 0.0, 0.0, 0.0, 0.0, 0.0, 0.0, 0.0, 0.0, 0.0, 0.0, 0.0, 0.0, 0.0, 0.0, 0.0, 0.0, 0.0, 0.0, 0.0, 0.0, 0.0, 0.0], [0.0001, 0.0001, 0.0001, 0.0001, 0.0002, 0.0001, 0.0001, 0.0002, 0.0001, 0.0001, 0.0, 0.0, 0.0, 0.0, 0.0, 0.0, 0.0, 0.0, 0.0, 0.0, 0.0, 0.0, 0.0, 0.0, 0.0, 0.0, 0.0, 0.0], [0.0, 0.0, 0.0, 0.0, 0.0, 0.0, 0.0, 0.0, 0.0, 0.0, 0.0, 0.0, 0.0, 0.0, 0.0, 0.0, 0.0, 0.0, 0.0, 0.0, 0.0, 0.0, 0.0, 0.0, 0.0, 0.0, 0.0, 0.0], [0.0001, 0.0001, 0.0001, 0.0001, 0.0001, 0.0002, 0.0002, 0.0001, 0.0002, 0.0002, 0.0, 0.0, 0.0, 0.0, 0.0, 0.0, 0.0, 0.0, 0.0, 0.0, 0.0, 0.0, 0.0, 0.0, 0.0, 0.0, 0.0, 0.0], [0.00030000000000000003, 0.00030000000000000003, 0.0001, 0.0001, 0.0, 0.0, 0.0, 0.0, 0.0, 0.0, 0.0, 0.0, 0.0, 0.0, 0.0, 0.0, 0.0, 0.0, 0.0, 0.0, 0.0, 0.0, 0.0, 0.0, 0.0, 0.0, 0.0, 0.0]]}}
bs_latimer_munro_efermi: 1.32552452