material_id: mp-555852
band_gap: 1.907
efermi: 1.17998598
dos_magnetic_ordering: NM
dos_total_task_id: mp-1671771
dos_total_band_gap: 1.9180000000000001
dos_total_cbm: 3.083
dos_total_vbm: 1.165
dos_total_efermi: 1.148101099999999
bs_setyawan_curtarolo_task_id: mp-750592
bs_setyawan_curtarolo_band_gap: 1.907
bs_setyawan_curtarolo_cbm: {'band_index': {'1': [78]}, 'kpoint_index': [0, 76, 77, 100], 'kpoint': <pymatgen.electronic_structure.bandstructure.Kpoint object at 0x7fc699d63930>, 'energy': 3.0745, 'projections': {'1': [[0.005, 0.0078000000000000005, 0.005, 0.0078000000000000005, 0.0049, 0.0115, 0.0115, 0.0048000000000000004, 0.0448, 0.0448, 0.017, 0.0158, 0.0158, 0.017, 0.0158, 0.017, 0.017, 0.0158], [0.0, 0.0, 0.0, 0.0, 0.0, 0.0, 0.0, 0.0, 0.0, 0.0, 0.0108, 0.0027, 0.0027, 0.0108, 0.0027, 0.0108, 0.0108, 0.0027], [0.0, 0.0, 0.0, 0.0, 0.0, 0.0, 0.0, 0.0, 0.0, 0.0, 0.0031000000000000003, 0.0088, 0.0088, 0.0031000000000000003, 0.0088, 0.0031000000000000003, 0.0031000000000000003, 0.0088], [0.0002, 0.0004, 0.0002, 0.0004, 0.0015, 0.0, 0.0, 0.0015, 0.0, 0.0, 0.0032, 0.001, 0.001, 0.0032, 0.001, 0.0032, 0.0032, 0.001], [0.0, 0.0, 0.0, 0.0, 0.0, 0.0, 0.0, 0.0, 0.0, 0.0, 0.0, 0.0, 0.0, 0.0, 0.0, 0.0, 0.0, 0.0], [0.0001, 0.0, 0.0001, 0.0, 0.0, 0.0045000000000000005, 0.0045000000000000005, 0.0, 0.0001, 0.0001, 0.0, 0.0, 0.0, 0.0, 0.0, 0.0, 0.0, 0.0], [0.00030000000000000003, 0.0002, 0.00030000000000000003, 0.0002, 0.0304, 0.0, 0.0, 0.0304, 0.0, 0.0, 0.0, 0.0, 0.0, 0.0, 0.0, 0.0, 0.0, 0.0], [0.0, 0.0, 0.0, 0.0, 0.0, 0.0, 0.0, 0.0, 0.0, 0.0, 0.0, 0.0, 0.0, 0.0, 0.0, 0.0, 0.0, 0.0], [0.0002, 0.0004, 0.0002, 0.0004, 0.0, 0.0016, 0.0016, 0.0, 0.0, 0.0, 0.0, 0.0, 0.0, 0.0, 0.0, 0.0, 0.0, 0.0]]}}
bs_setyawan_curtarolo_vbm: {'band_index': {'1': [77]}, 'kpoint_index': ['56'], 'kpoint': <pymatgen.electronic_structure.bandstructure.Kpoint object at 0x7fc5d4b59c50>, 'energy': 1.1675, 'projections': {'1': [[0.0, 0.0, 0.0, 0.0, 0.0041, 0.007200000000000001, 0.007200000000000001, 0.0041, 0.0, 0.0, 0.0001, 0.0005, 0.0005, 0.0001, 0.0005, 0.0001, 0.0001, 0.0005], [0.0007, 0.0001, 0.0007, 0.0001, 0.0, 0.0, 0.0, 0.0, 0.00030000000000000003, 0.00030000000000000003, 0.0011, 0.0223, 0.0223, 0.0011, 0.0223, 0.0011, 0.0011, 0.0223], [0.0002, 0.0002, 0.0002, 0.0002, 0.0004, 0.0001, 0.0001, 0.0004, 0.0006000000000000001, 0.0006000000000000001, 0.004, 0.0002, 0.0002, 0.004, 0.0002, 0.004, 0.004, 0.0002], [0.0, 0.0, 0.0, 0.0, 0.0002, 0.004, 0.004, 0.0002, 0.0, 0.0, 0.0051, 0.051500000000000004, 0.051500000000000004, 0.0051, 0.051500000000000004, 0.0051, 0.0051, 0.051500000000000004], [0.0008, 0.0, 0.0008, 0.0, 0.0001, 0.00030000000000000003, 0.00030000000000000003, 0.0001, 0.0002, 0.0002, 0.0, 0.0, 0.0, 0.0, 0.0, 0.0, 0.0, 0.0], [0.0, 0.0, 0.0, 0.0, 0.00030000000000000003, 0.0644, 0.0644, 0.00030000000000000003, 0.0021000000000000003, 0.0021000000000000003, 0.0, 0.0, 0.0, 0.0, 0.0, 0.0, 0.0, 0.0], [0.0, 0.0, 0.0, 0.0, 0.0036000000000000003, 0.0, 0.0, 0.0036000000000000003, 0.0017000000000000001, 0.0017000000000000001, 0.0, 0.0, 0.0, 0.0, 0.0, 0.0, 0.0, 0.0], [0.00030000000000000003, 0.0, 0.00030000000000000003, 0.0, 0.0014, 0.0012000000000000001, 0.0012000000000000001, 0.0014, 0.0001, 0.0001, 0.0, 0.0, 0.0, 0.0, 0.0, 0.0, 0.0, 0.0], [0.0, 0.0001, 0.0, 0.0001, 0.004, 0.0685, 0.0685, 0.004, 0.0004, 0.0004, 0.0, 0.0, 0.0, 0.0, 0.0, 0.0, 0.0, 0.0]]}}
bs_setyawan_curtarolo_efermi: 1.17998598
bs_latimer_munro_task_id: mp-2711548
bs_latimer_munro_band_gap: 1.9207
bs_latimer_munro_cbm: {'band_index': {'1': [78]}, 'kpoint_index': [130, 131, 145, 158, 169, 183, 190, 202, 215], 'kpoint': <pymatgen.electronic_structure.bandstructure.Kpoint object at 0x7fc5d4b5a190>, 'energy': 3.2682, 'projections': {'1': [[0.0051, 0.0078000000000000005, 0.0051, 0.0078000000000000005, 0.005, 0.011600000000000001, 0.011600000000000001, 0.005, 0.0444, 0.0444, 0.0171, 0.016, 0.016, 0.0171, 0.016, 0.0171, 0.0171, 0.016], [0.0, 0.0, 0.0, 0.0, 0.0, 0.0, 0.0, 0.0, 0.0, 0.0, 0.0106, 0.0028, 0.0028, 0.0106, 0.0028, 0.0106, 0.0106, 0.0028], [0.0, 0.0, 0.0, 0.0, 0.0, 0.0, 0.0, 0.0, 0.0, 0.0, 0.0031000000000000003, 0.0085, 0.0085, 0.0031000000000000003, 0.0085, 0.0031000000000000003, 0.0031000000000000003, 0.0085], [0.0002, 0.0004, 0.0002, 0.0004, 0.0015, 0.0, 0.0, 0.0015, 0.0, 0.0, 0.0031000000000000003, 0.001, 0.001, 0.0031000000000000003, 0.001, 0.0031000000000000003, 0.0031000000000000003, 0.001], [0.0, 0.0, 0.0, 0.0, 0.0, 0.0, 0.0, 0.0, 0.0, 0.0, 0.0, 0.0, 0.0, 0.0, 0.0, 0.0, 0.0, 0.0], [0.0001, 0.0, 0.0001, 0.0, 0.0, 0.0045000000000000005, 0.0045000000000000005, 0.0, 0.0001, 0.0001, 0.0, 0.0, 0.0, 0.0, 0.0, 0.0, 0.0, 0.0], [0.00030000000000000003, 0.0002, 0.00030000000000000003, 0.0002, 0.0304, 0.0, 0.0, 0.0304, 0.0, 0.0, 0.0, 0.0, 0.0, 0.0, 0.0, 0.0, 0.0, 0.0], [0.0, 0.0, 0.0, 0.0, 0.0, 0.0, 0.0, 0.0, 0.0, 0.0, 0.0, 0.0, 0.0, 0.0, 0.0, 0.0, 0.0, 0.0], [0.0002, 0.0004, 0.0002, 0.0004, 0.0, 0.0015, 0.0015, 0.0, 0.0, 0.0, 0.0, 0.0, 0.0, 0.0, 0.0, 0.0, 0.0, 0.0]]}}
bs_latimer_munro_vbm: {'band_index': {'1': [77]}, 'kpoint_index': ['44'], 'kpoint': <pymatgen.electronic_structure.bandstructure.Kpoint object at 0x7fc5d4b5a3c0>, 'energy': 1.3475000000000001, 'projections': {'1': [[0.0, 0.0, 0.0, 0.0, 0.0041, 0.007200000000000001, 0.007200000000000001, 0.0041, 0.0, 0.0, 0.0001, 0.0005, 0.0005, 0.0001, 0.0005, 0.0001, 0.0001, 0.0005], [0.0007, 0.0001, 0.0007, 0.0001, 0.0, 0.0, 0.0, 0.0, 0.00030000000000000003, 0.00030000000000000003, 0.0011, 0.0222, 0.0222, 0.0011, 0.0222, 0.0011, 0.0011, 0.0222], [0.0002, 0.0002, 0.0002, 0.0002, 0.0004, 0.0001, 0.0001, 0.0004, 0.0006000000000000001, 0.0006000000000000001, 0.004, 0.0002, 0.0002, 0.004, 0.0002, 0.004, 0.004, 0.0002], [0.0, 0.0, 0.0, 0.0, 0.0002, 0.004, 0.004, 0.0002, 0.0, 0.0, 0.0051, 0.0517, 0.0517, 0.0051, 0.0517, 0.0051, 0.0051, 0.0517], [0.0008, 0.0, 0.0008, 0.0, 0.0001, 0.00030000000000000003, 0.00030000000000000003, 0.0001, 0.0002, 0.0002, 0.0, 0.0, 0.0, 0.0, 0.0, 0.0, 0.0, 0.0], [0.0, 0.0, 0.0, 0.0, 0.00030000000000000003, 0.06420000000000001, 0.06420000000000001, 0.00030000000000000003, 0.0025, 0.0025, 0.0, 0.0, 0.0, 0.0, 0.0, 0.0, 0.0, 0.0], [0.0, 0.0, 0.0, 0.0, 0.0036000000000000003, 0.0, 0.0, 0.0036000000000000003, 0.002, 0.002, 0.0, 0.0, 0.0, 0.0, 0.0, 0.0, 0.0, 0.0], [0.00030000000000000003, 0.0, 0.00030000000000000003, 0.0, 0.0014, 0.0012000000000000001, 0.0012000000000000001, 0.0014, 0.0001, 0.0001, 0.0, 0.0, 0.0, 0.0, 0.0, 0.0, 0.0, 0.0], [0.0, 0.0001, 0.0, 0.0001, 0.004, 0.0684, 0.0684, 0.004, 0.0004, 0.0004, 0.0, 0.0, 0.0, 0.0, 0.0, 0.0, 0.0, 0.0]]}}
bs_latimer_munro_efermi: 1.42347684