material_id: mp-559702
band_gap: 3.0662
efermi: 2.11988998
dos_magnetic_ordering: NM
dos_total_task_id: mp-1703280
dos_total_band_gap: 3.0403000000000002
dos_total_cbm: 5.0663
dos_total_vbm: 2.026
dos_total_efermi: 2.00646238
bs_setyawan_curtarolo_task_id: mp-1602649
bs_setyawan_curtarolo_band_gap: 3.0662
bs_setyawan_curtarolo_cbm: {'band_index': {'1': [50]}, 'kpoint_index': [9, 10, 65], 'kpoint': <pymatgen.electronic_structure.bandstructure.Kpoint object at 0x7fc699d63930>, 'energy': 5.0771, 'projections': {'1': [[0.0, 0.0, 0.0, 0.0, 0.0, 0.0, 0.0, 0.0, 0.0, 0.0, 0.0, 0.0, 0.0], [0.0, 0.0, 0.0, 0.0, 0.0, 0.0, 0.0, 0.0, 0.0, 0.0, 0.0, 0.0, 0.0], [0.0, 0.0, 0.0, 0.0, 0.0, 0.0, 0.0, 0.0, 0.0, 0.0, 0.0, 0.0, 0.0], [0.0002, 0.0002, 0.006200000000000001, 0.006200000000000001, 0.0, 0.0, 0.0181, 0.0181, 0.0, 0.0, 0.0007, 0.0, 0.0007], [0.0025, 0.0025, 0.0979, 0.0979, 0.0, 0.0, 0.0, 0.0, 0.0, 0.0, 0.0, 0.0, 0.0], [0.0, 0.0, 0.0, 0.0, 0.0, 0.0, 0.0, 0.0, 0.0, 0.0, 0.0, 0.0, 0.0], [0.0, 0.0, 0.0, 0.0, 0.0, 0.0, 0.0, 0.0, 0.0, 0.0, 0.0, 0.0, 0.0], [0.004200000000000001, 0.004200000000000001, 0.2692, 0.2692, 0.0, 0.0, 0.0, 0.0, 0.0, 0.0, 0.0, 0.0, 0.0], [0.0, 0.0, 0.0, 0.0, 0.0, 0.0, 0.0, 0.0, 0.0, 0.0, 0.0, 0.0, 0.0]]}}
bs_setyawan_curtarolo_vbm: {'band_index': {'1': [49]}, 'kpoint_index': ['83'], 'kpoint': <pymatgen.electronic_structure.bandstructure.Kpoint object at 0x7fc5d4b59c50>, 'energy': 2.0109, 'projections': {'1': [[0.0, 0.0, 0.0, 0.0, 0.0, 0.0, 0.0, 0.0, 0.0, 0.0, 0.0, 0.0, 0.0], [0.003, 0.003, 0.0007, 0.0007, 0.0017000000000000001, 0.0017000000000000001, 0.12040000000000001, 0.12040000000000001, 0.0045000000000000005, 0.0, 0.0002, 0.0045000000000000005, 0.0002], [0.0008, 0.0008, 0.0, 0.0, 0.0006000000000000001, 0.0006000000000000001, 0.023700000000000002, 0.023700000000000002, 0.0005, 0.0, 0.0189, 0.0005, 0.0189], [0.0001, 0.0001, 0.0001, 0.0001, 0.0001, 0.0001, 0.0, 0.0, 0.1158, 0.021400000000000002, 0.07640000000000001, 0.1158, 0.07640000000000001], [0.0001, 0.0001, 0.0002, 0.0002, 0.0, 0.0, 0.0, 0.0, 0.0, 0.0, 0.0, 0.0, 0.0], [0.0009000000000000001, 0.0009000000000000001, 0.0, 0.0, 0.0, 0.0, 0.0, 0.0, 0.0, 0.0, 0.0, 0.0, 0.0], [0.0013000000000000002, 0.0013000000000000002, 0.0, 0.0, 0.0, 0.0, 0.0, 0.0, 0.0, 0.0, 0.0, 0.0, 0.0], [0.0002, 0.0002, 0.0001, 0.0001, 0.0, 0.0, 0.0, 0.0, 0.0, 0.0, 0.0, 0.0, 0.0], [0.0006000000000000001, 0.0006000000000000001, 0.0, 0.0, 0.0, 0.0, 0.0, 0.0, 0.0, 0.0, 0.0, 0.0, 0.0]]}}
bs_setyawan_curtarolo_efermi: 2.11988998
bs_latimer_munro_task_id: mp-2711707
bs_latimer_munro_band_gap: 3.0662
bs_latimer_munro_cbm: {'band_index': {'1': [50]}, 'kpoint_index': [81, 82, 98], 'kpoint': <pymatgen.electronic_structure.bandstructure.Kpoint object at 0x7fc5d4b5a200>, 'energy': 5.0771, 'projections': {'1': [[0.0, 0.0, 0.0, 0.0, 0.0, 0.0, 0.0, 0.0, 0.0, 0.0, 0.0, 0.0, 0.0], [0.0, 0.0, 0.0, 0.0, 0.0, 0.0, 0.0, 0.0, 0.0, 0.0, 0.0, 0.0, 0.0], [0.0, 0.0, 0.0, 0.0, 0.0, 0.0, 0.0, 0.0, 0.0, 0.0, 0.0, 0.0, 0.0], [0.0002, 0.0002, 0.006200000000000001, 0.006200000000000001, 0.0, 0.0, 0.0181, 0.0181, 0.0, 0.0, 0.0007, 0.0, 0.0007], [0.0025, 0.0025, 0.0979, 0.0979, 0.0, 0.0, 0.0, 0.0, 0.0, 0.0, 0.0, 0.0, 0.0], [0.0, 0.0, 0.0, 0.0, 0.0, 0.0, 0.0, 0.0, 0.0, 0.0, 0.0, 0.0, 0.0], [0.0, 0.0, 0.0, 0.0, 0.0, 0.0, 0.0, 0.0, 0.0, 0.0, 0.0, 0.0, 0.0], [0.004200000000000001, 0.004200000000000001, 0.2692, 0.2692, 0.0, 0.0, 0.0, 0.0, 0.0, 0.0, 0.0, 0.0, 0.0], [0.0, 0.0, 0.0, 0.0, 0.0, 0.0, 0.0, 0.0, 0.0, 0.0, 0.0, 0.0, 0.0]]}}
bs_latimer_munro_vbm: {'band_index': {'1': [49]}, 'kpoint_index': ['124'], 'kpoint': <pymatgen.electronic_structure.bandstructure.Kpoint object at 0x7fc5d4b59be0>, 'energy': 2.0109, 'projections': {'1': [[0.0, 0.0, 0.0, 0.0, 0.0, 0.0, 0.0, 0.0, 0.0, 0.0, 0.0, 0.0, 0.0], [0.003, 0.003, 0.0007, 0.0007, 0.0017000000000000001, 0.0017000000000000001, 0.12040000000000001, 0.12040000000000001, 0.0045000000000000005, 0.0, 0.0002, 0.0045000000000000005, 0.0002], [0.0008, 0.0008, 0.0, 0.0, 0.0006000000000000001, 0.0006000000000000001, 0.023700000000000002, 0.023700000000000002, 0.0005, 0.0, 0.0189, 0.0005, 0.0189], [0.0001, 0.0001, 0.0001, 0.0001, 0.0001, 0.0001, 0.0, 0.0, 0.1158, 0.021400000000000002, 0.07640000000000001, 0.1158, 0.07640000000000001], [0.0001, 0.0001, 0.0002, 0.0002, 0.0, 0.0, 0.0, 0.0, 0.0, 0.0, 0.0, 0.0, 0.0], [0.0009000000000000001, 0.0009000000000000001, 0.0, 0.0, 0.0, 0.0, 0.0, 0.0, 0.0, 0.0, 0.0, 0.0, 0.0], [0.0013000000000000002, 0.0013000000000000002, 0.0, 0.0, 0.0, 0.0, 0.0, 0.0, 0.0, 0.0, 0.0, 0.0, 0.0], [0.0002, 0.0002, 0.0001, 0.0001, 0.0, 0.0, 0.0, 0.0, 0.0, 0.0, 0.0, 0.0, 0.0], [0.0006000000000000001, 0.0006000000000000001, 0.0, 0.0, 0.0, 0.0, 0.0, 0.0, 0.0, 0.0, 0.0, 0.0, 0.0]]}}
bs_latimer_munro_efermi: 2.05218011