material_id: mp-561288
band_gap: 0.0
efermi: 1.92292809
dos_magnetic_ordering: FM
dos_total_task_id: mp-1670805
dos_total_band_gap: 0.0
dos_total_cbm: 1.8981
dos_total_vbm: 1.9308
dos_total_efermi: 1.92292809
bs_setyawan_curtarolo_task_id: mp-937174
bs_setyawan_curtarolo_band_gap: 0.398499999999999
bs_setyawan_curtarolo_cbm: {'band_index': {'-1': [60], '1': []}, 'kpoint_index': [0, 99, 100, 135], 'kpoint': <pymatgen.electronic_structure.bandstructure.Kpoint object at 0x7fc699d63930>, 'energy': 2.0359, 'projections': {'-1': [[0.0002, 0.0007, 0.0002, 0.0002, 0.0002, 0.0007, 0.0001, 0.0001, 0.0001, 0.0001, 0.0001, 0.0, 0.0001, 0.0, 0.0, 0.0, 0.0001, 0.0001], [0.0002, 0.0, 0.0002, 0.0002, 0.0002, 0.0, 0.0, 0.0, 0.0, 0.0, 0.0, 0.0057, 0.0, 0.0057, 0.0057, 0.0057, 0.0, 0.0], [0.0, 0.0, 0.0, 0.0, 0.0, 0.0, 0.0, 0.0, 0.0, 0.0, 0.0, 0.016300000000000002, 0.0, 0.016300000000000002, 0.016300000000000002, 0.016300000000000002, 0.0, 0.0], [0.0008, 0.0009000000000000001, 0.0008, 0.0008, 0.0008, 0.0009000000000000001, 0.0007, 0.0007, 0.0, 0.0, 0.0001, 0.046700000000000005, 0.0001, 0.046700000000000005, 0.046700000000000005, 0.046700000000000005, 0.0001, 0.0001], [0.0018000000000000002, 0.0, 0.0018000000000000002, 0.0018000000000000002, 0.0018000000000000002, 0.0, 0.0, 0.0, 0.0995, 0.0995, 0.0, 0.0, 0.0, 0.0, 0.0, 0.0, 0.0, 0.0], [0.0001, 0.0001, 0.0001, 0.0001, 0.0001, 0.0001, 0.0, 0.0, 0.0637, 0.0637, 0.0, 0.0, 0.0, 0.0, 0.0, 0.0, 0.0, 0.0], [0.0001, 0.0, 0.0001, 0.0001, 0.0001, 0.0, 0.0, 0.0, 0.00030000000000000003, 0.00030000000000000003, 0.0, 0.0, 0.0, 0.0, 0.0, 0.0, 0.0, 0.0], [0.0001, 0.0, 0.0001, 0.0001, 0.0001, 0.0, 0.0, 0.0, 0.0035, 0.0035, 0.0, 0.0, 0.0, 0.0, 0.0, 0.0, 0.0, 0.0], [0.0, 0.001, 0.0, 0.0, 0.0, 0.001, 0.0, 0.0, 0.083, 0.083, 0.0, 0.0, 0.0, 0.0, 0.0, 0.0, 0.0, 0.0]]}}
bs_setyawan_curtarolo_vbm: {'band_index': {'1': [65], '-1': []}, 'kpoint_index': [0, 99, 100, 135], 'kpoint': <pymatgen.electronic_structure.bandstructure.Kpoint object at 0x7fc5d4b59be0>, 'energy': 1.6374, 'projections': {'1': [[0.0002, 0.0, 0.0002, 0.0002, 0.0002, 0.0, 0.0, 0.0, 0.0001, 0.0001, 0.0, 0.0, 0.0, 0.0, 0.0, 0.0, 0.0, 0.0], [0.0002, 0.0, 0.0002, 0.0002, 0.0002, 0.0, 0.0057, 0.0057, 0.0, 0.0, 0.0395, 0.0037, 0.0395, 0.0037, 0.0037, 0.0037, 0.0395, 0.0395], [0.001, 0.0, 0.001, 0.001, 0.001, 0.0, 0.0038, 0.0038, 0.0, 0.0, 0.0001, 0.0302, 0.0001, 0.0302, 0.0302, 0.0302, 0.0001, 0.0001], [0.00030000000000000003, 0.0, 0.00030000000000000003, 0.00030000000000000003, 0.00030000000000000003, 0.0, 0.0, 0.0, 0.0, 0.0, 0.0092, 0.0108, 0.0092, 0.0108, 0.0108, 0.0108, 0.0092, 0.0092], [0.0, 0.0, 0.0, 0.0, 0.0, 0.0, 0.0, 0.0, 0.0344, 0.0344, 0.0, 0.0, 0.0, 0.0, 0.0, 0.0, 0.0, 0.0], [0.00030000000000000003, 0.0, 0.00030000000000000003, 0.00030000000000000003, 0.00030000000000000003, 0.0, 0.0, 0.0, 0.109, 0.109, 0.0, 0.0, 0.0, 0.0, 0.0, 0.0, 0.0, 0.0], [0.0002, 0.0, 0.0002, 0.0002, 0.0002, 0.0, 0.0, 0.0, 0.0027, 0.0027, 0.0, 0.0, 0.0, 0.0, 0.0, 0.0, 0.0, 0.0], [0.0, 0.0, 0.0, 0.0, 0.0, 0.0, 0.0, 0.0, 0.030500000000000003, 0.030500000000000003, 0.0, 0.0, 0.0, 0.0, 0.0, 0.0, 0.0, 0.0], [0.0002, 0.0, 0.0002, 0.0002, 0.0002, 0.0, 0.0, 0.0, 0.050800000000000005, 0.050800000000000005, 0.0, 0.0, 0.0, 0.0, 0.0, 0.0, 0.0, 0.0]]}}
bs_setyawan_curtarolo_efermi: 1.6526777300000002