material_id: mp-555447
band_gap: 4.923599999999999
efermi: 0.83891793
dos_magnetic_ordering: NM
dos_total_task_id: mp-1750965
dos_total_band_gap: 4.9057
dos_total_cbm: 5.5674
dos_total_vbm: 0.6617000000000001
dos_total_efermi: 0.64432886
bs_setyawan_curtarolo_task_id: mp-1623701
bs_setyawan_curtarolo_band_gap: 4.923599999999999
bs_setyawan_curtarolo_cbm: {'band_index': {'1': [108]}, 'kpoint_index': [0], 'kpoint': <pymatgen.electronic_structure.bandstructure.Kpoint object at 0x7fc699d63930>, 'energy': 5.5729, 'projections': {'1': [[0.006500000000000001, 0.006500000000000001, 0.006500000000000001, 0.006500000000000001, 0.0051, 0.0051, 0.0051, 0.0051, 0.0, 0.0, 0.0, 0.0, 0.0, 0.0, 0.0, 0.0, 0.0031000000000000003, 0.0024000000000000002, 0.0015, 0.0031000000000000003, 0.0006000000000000001, 0.0026000000000000003, 0.0006000000000000001, 0.0024000000000000002, 0.0031000000000000003, 0.0015, 0.0006000000000000001, 0.0026000000000000003, 0.0026000000000000003, 0.0024000000000000002, 0.0026000000000000003, 0.0015, 0.0015, 0.0024000000000000002, 0.0031000000000000003, 0.0006000000000000001], [0.0, 0.0, 0.0, 0.0, 0.0, 0.0, 0.0, 0.0, 0.0024000000000000002, 0.0024000000000000002, 0.0024000000000000002, 0.0009000000000000001, 0.0009000000000000001, 0.0024000000000000002, 0.0009000000000000001, 0.0009000000000000001, 0.0, 0.0, 0.00030000000000000003, 0.0, 0.0, 0.0001, 0.0, 0.0, 0.0, 0.00030000000000000003, 0.0, 0.0001, 0.0001, 0.0, 0.0001, 0.00030000000000000003, 0.00030000000000000003, 0.0, 0.0, 0.0], [0.0, 0.0, 0.0, 0.0, 0.0, 0.0, 0.0, 0.0, 0.0012000000000000001, 0.0012000000000000001, 0.0012000000000000001, 0.0009000000000000001, 0.0009000000000000001, 0.0012000000000000001, 0.0009000000000000001, 0.0009000000000000001, 0.0, 0.0, 0.0024000000000000002, 0.0, 0.0023, 0.0004, 0.0023, 0.0, 0.0, 0.0024000000000000002, 0.0023, 0.0004, 0.0004, 0.0, 0.0004, 0.0024000000000000002, 0.0024000000000000002, 0.0, 0.0, 0.0023], [0.0001, 0.0001, 0.0001, 0.0001, 0.00030000000000000003, 0.00030000000000000003, 0.00030000000000000003, 0.00030000000000000003, 0.0, 0.0, 0.0, 0.0004, 0.0004, 0.0, 0.0004, 0.0004, 0.0001, 0.0001, 0.0, 0.0001, 0.0, 0.0, 0.0, 0.0001, 0.0001, 0.0, 0.0, 0.0, 0.0, 0.0001, 0.0, 0.0, 0.0, 0.0001, 0.0001, 0.0], [0.0, 0.0, 0.0, 0.0, 0.0026000000000000003, 0.0026000000000000003, 0.0026000000000000003, 0.0026000000000000003, 0.0, 0.0, 0.0, 0.0, 0.0, 0.0, 0.0, 0.0, 0.0, 0.0, 0.0, 0.0, 0.0, 0.0, 0.0, 0.0, 0.0, 0.0, 0.0, 0.0, 0.0, 0.0, 0.0, 0.0, 0.0, 0.0, 0.0, 0.0], [0.0, 0.0, 0.0, 0.0, 0.045, 0.045, 0.045, 0.045, 0.0, 0.0, 0.0, 0.0, 0.0, 0.0, 0.0, 0.0, 0.0, 0.0, 0.0, 0.0, 0.0, 0.0, 0.0, 0.0, 0.0, 0.0, 0.0, 0.0, 0.0, 0.0, 0.0, 0.0, 0.0, 0.0, 0.0, 0.0], [0.0, 0.0, 0.0, 0.0, 0.06, 0.0601, 0.06, 0.0601, 0.0, 0.0, 0.0, 0.0, 0.0, 0.0, 0.0, 0.0, 0.0, 0.0, 0.0, 0.0, 0.0, 0.0, 0.0, 0.0, 0.0, 0.0, 0.0, 0.0, 0.0, 0.0, 0.0, 0.0, 0.0, 0.0, 0.0, 0.0], [0.0, 0.0, 0.0, 0.0, 0.0001, 0.0001, 0.0001, 0.0001, 0.0, 0.0, 0.0, 0.0, 0.0, 0.0, 0.0, 0.0, 0.0, 0.0, 0.0, 0.0, 0.0, 0.0, 0.0, 0.0, 0.0, 0.0, 0.0, 0.0, 0.0, 0.0, 0.0, 0.0, 0.0, 0.0, 0.0, 0.0], [0.0, 0.0, 0.0, 0.0, 0.0213, 0.0213, 0.0213, 0.0213, 0.0, 0.0, 0.0, 0.0, 0.0, 0.0, 0.0, 0.0, 0.0, 0.0, 0.0, 0.0, 0.0, 0.0, 0.0, 0.0, 0.0, 0.0, 0.0, 0.0, 0.0, 0.0, 0.0, 0.0, 0.0, 0.0, 0.0, 0.0]]}}
bs_setyawan_curtarolo_vbm: {'band_index': {'1': [107]}, 'kpoint_index': ['22'], 'kpoint': <pymatgen.electronic_structure.bandstructure.Kpoint object at 0x7fc5d4b5a190>, 'energy': 0.6493, 'projections': {'1': [[0.0002, 0.0002, 0.0002, 0.0002, 0.0002, 0.0002, 0.0002, 0.0002, 0.0001, 0.0001, 0.0001, 0.00030000000000000003, 0.00030000000000000003, 0.0001, 0.00030000000000000003, 0.00030000000000000003, 0.0002, 0.0002, 0.0001, 0.0002, 0.0, 0.0002, 0.0, 0.0002, 0.0002, 0.0001, 0.0, 0.0002, 0.0002, 0.0002, 0.0002, 0.0001, 0.0001, 0.0002, 0.0002, 0.0], [0.0001, 0.0001, 0.0001, 0.0001, 0.0009000000000000001, 0.0009000000000000001, 0.0009000000000000001, 0.0009000000000000001, 0.0001, 0.0001, 0.0001, 0.0001, 0.0001, 0.0001, 0.0001, 0.0001, 0.0047, 0.00030000000000000003, 0.0123, 0.0047, 0.0035, 0.0074, 0.0035, 0.00030000000000000003, 0.0047, 0.0123, 0.0035, 0.0074, 0.0074, 0.00030000000000000003, 0.0074, 0.0123, 0.0123, 0.00030000000000000003, 0.0047, 0.0035], [0.00030000000000000003, 0.00030000000000000003, 0.00030000000000000003, 0.00030000000000000003, 0.00030000000000000003, 0.00030000000000000003, 0.00030000000000000003, 0.00030000000000000003, 0.00030000000000000003, 0.00030000000000000003, 0.00030000000000000003, 0.0007, 0.0007, 0.00030000000000000003, 0.0007, 0.0007, 0.0009000000000000001, 0.03, 0.0106, 0.0009000000000000001, 0.0058000000000000005, 0.041600000000000005, 0.0058000000000000005, 0.03, 0.0009000000000000001, 0.0106, 0.0058000000000000005, 0.041600000000000005, 0.041600000000000005, 0.03, 0.041600000000000005, 0.0106, 0.0106, 0.03, 0.0009000000000000001, 0.0058000000000000005], [0.0001, 0.0001, 0.0001, 0.0001, 0.0014, 0.0014, 0.0014, 0.0014, 0.0001, 0.0001, 0.0001, 0.0001, 0.0001, 0.0001, 0.0001, 0.0001, 0.0155, 0.0008, 0.025500000000000002, 0.0155, 0.0221, 0.0001, 0.0221, 0.0008, 0.0155, 0.025500000000000002, 0.0221, 0.0001, 0.0001, 0.0008, 0.0001, 0.025500000000000002, 0.025500000000000002, 0.0008, 0.0155, 0.0221], [0.0, 0.0, 0.0, 0.0, 0.0007, 0.0007, 0.0007, 0.0007, 0.0, 0.0, 0.0, 0.0, 0.0, 0.0, 0.0, 0.0, 0.0, 0.0, 0.0, 0.0, 0.0, 0.0, 0.0, 0.0, 0.0, 0.0, 0.0, 0.0, 0.0, 0.0, 0.0, 0.0, 0.0, 0.0, 0.0, 0.0], [0.0, 0.0, 0.0, 0.0, 0.0005, 0.0005, 0.0005, 0.0005, 0.0, 0.0, 0.0, 0.0, 0.0, 0.0, 0.0, 0.0, 0.0, 0.0, 0.0, 0.0, 0.0, 0.0, 0.0, 0.0, 0.0, 0.0, 0.0, 0.0, 0.0, 0.0, 0.0, 0.0, 0.0, 0.0, 0.0, 0.0], [0.0, 0.0, 0.0, 0.0, 0.00030000000000000003, 0.00030000000000000003, 0.00030000000000000003, 0.00030000000000000003, 0.0, 0.0, 0.0, 0.0, 0.0, 0.0, 0.0, 0.0, 0.0, 0.0, 0.0, 0.0, 0.0, 0.0, 0.0, 0.0, 0.0, 0.0, 0.0, 0.0, 0.0, 0.0, 0.0, 0.0, 0.0, 0.0, 0.0, 0.0], [0.0, 0.0, 0.0, 0.0, 0.0009000000000000001, 0.0009000000000000001, 0.0009000000000000001, 0.0009000000000000001, 0.0, 0.0, 0.0, 0.0, 0.0, 0.0, 0.0, 0.0, 0.0, 0.0, 0.0, 0.0, 0.0, 0.0, 0.0, 0.0, 0.0, 0.0, 0.0, 0.0, 0.0, 0.0, 0.0, 0.0, 0.0, 0.0, 0.0, 0.0], [0.0, 0.0, 0.0, 0.0, 0.0008, 0.0008, 0.0008, 0.0008, 0.0, 0.0, 0.0, 0.0, 0.0, 0.0, 0.0, 0.0, 0.0, 0.0, 0.0, 0.0, 0.0, 0.0, 0.0, 0.0, 0.0, 0.0, 0.0, 0.0, 0.0, 0.0, 0.0, 0.0, 0.0, 0.0, 0.0, 0.0]]}}
bs_setyawan_curtarolo_efermi: 0.83891793
bs_latimer_munro_task_id: mp-2306091
bs_latimer_munro_band_gap: 4.9131
bs_latimer_munro_cbm: {'band_index': {'1': [108]}, 'kpoint_index': ['102'], 'kpoint': <pymatgen.electronic_structure.bandstructure.Kpoint object at 0x7fc5d4b59d30>, 'energy': 5.5635, 'projections': {'1': [[0.0002, 0.0002, 0.0002, 0.0002, 0.001, 0.001, 0.001, 0.001, 0.0007, 0.0007, 0.0007, 0.0011, 0.0011, 0.0007, 0.0011, 0.0011, 0.0002, 0.0001, 0.0, 0.0002, 0.0004, 0.0002, 0.0004, 0.0001, 0.0002, 0.0, 0.0004, 0.0002, 0.0002, 0.0001, 0.0002, 0.0, 0.0, 0.0001, 0.0002, 0.0004], [0.0, 0.0, 0.0, 0.0, 0.0001, 0.0001, 0.0001, 0.0001, 0.0029000000000000002, 0.0029000000000000002, 0.0029000000000000002, 0.009000000000000001, 0.009000000000000001, 0.0029000000000000002, 0.009000000000000001, 0.009000000000000001, 0.0, 0.0008, 0.0021000000000000003, 0.0, 0.0001, 0.0005, 0.0001, 0.0008, 0.0, 0.0021000000000000003, 0.0001, 0.0005, 0.0005, 0.0008, 0.0005, 0.0021000000000000003, 0.0021000000000000003, 0.0008, 0.0, 0.0001], [0.0, 0.0, 0.0, 0.0, 0.0001, 0.0001, 0.0001, 0.0001, 0.0009000000000000001, 0.0009000000000000001, 0.0009000000000000001, 0.0008, 0.0008, 0.0009000000000000001, 0.0008, 0.0008, 0.0, 0.0001, 0.0027, 0.0, 0.0025, 0.0013000000000000002, 0.0025, 0.0001, 0.0, 0.0028, 0.0025, 0.0013000000000000002, 0.0014, 0.0001, 0.0014, 0.0028, 0.0027, 0.0001, 0.0, 0.0025], [0.0001, 0.0001, 0.0001, 0.0001, 0.0002, 0.0002, 0.0002, 0.0002, 0.0008, 0.0008, 0.0008, 0.0004, 0.0004, 0.0008, 0.0004, 0.0004, 0.0001, 0.00030000000000000003, 0.0012000000000000001, 0.0001, 0.0016, 0.0001, 0.0016, 0.00030000000000000003, 0.0001, 0.0012000000000000001, 0.0016, 0.0001, 0.0001, 0.00030000000000000003, 0.0001, 0.0012000000000000001, 0.0012000000000000001, 0.00030000000000000003, 0.0001, 0.0016], [0.0, 0.0, 0.0, 0.0, 0.0285, 0.0285, 0.0285, 0.0285, 0.0, 0.0, 0.0, 0.0, 0.0, 0.0, 0.0, 0.0, 0.0, 0.0, 0.0, 0.0, 0.0, 0.0, 0.0, 0.0, 0.0, 0.0, 0.0, 0.0, 0.0, 0.0, 0.0, 0.0, 0.0, 0.0, 0.0, 0.0], [0.0, 0.0, 0.0, 0.0, 0.0172, 0.0172, 0.0172, 0.0172, 0.0, 0.0, 0.0, 0.0, 0.0, 0.0, 0.0, 0.0, 0.0, 0.0, 0.0, 0.0, 0.0, 0.0, 0.0, 0.0, 0.0, 0.0, 0.0, 0.0, 0.0, 0.0, 0.0, 0.0, 0.0, 0.0, 0.0, 0.0], [0.0, 0.0, 0.0, 0.0, 0.08420000000000001, 0.08410000000000001, 0.08420000000000001, 0.08420000000000001, 0.0, 0.0, 0.0, 0.0, 0.0, 0.0, 0.0, 0.0, 0.0, 0.0, 0.0, 0.0, 0.0, 0.0, 0.0, 0.0, 0.0, 0.0, 0.0, 0.0, 0.0, 0.0, 0.0, 0.0, 0.0, 0.0, 0.0, 0.0], [0.0, 0.0, 0.0, 0.0, 0.020300000000000002, 0.020300000000000002, 0.020300000000000002, 0.020300000000000002, 0.0, 0.0, 0.0, 0.0, 0.0, 0.0, 0.0, 0.0, 0.0, 0.0, 0.0, 0.0, 0.0, 0.0, 0.0, 0.0, 0.0, 0.0, 0.0, 0.0, 0.0, 0.0, 0.0, 0.0, 0.0, 0.0, 0.0, 0.0], [0.0, 0.0, 0.0, 0.0, 0.0188, 0.0188, 0.0188, 0.0188, 0.0, 0.0, 0.0, 0.0, 0.0, 0.0, 0.0, 0.0, 0.0, 0.0, 0.0, 0.0, 0.0, 0.0, 0.0, 0.0, 0.0, 0.0, 0.0, 0.0, 0.0, 0.0, 0.0, 0.0, 0.0, 0.0, 0.0, 0.0]]}}
bs_latimer_munro_vbm: {'band_index': {'1': [107]}, 'kpoint_index': ['194'], 'kpoint': <pymatgen.electronic_structure.bandstructure.Kpoint object at 0x7fc5d4b5a350>, 'energy': 0.6504, 'projections': {'1': [[0.0002, 0.0002, 0.0002, 0.0002, 0.0002, 0.0002, 0.0002, 0.0002, 0.0001, 0.0001, 0.0001, 0.0002, 0.0002, 0.0001, 0.0002, 0.0002, 0.00030000000000000003, 0.0002, 0.0001, 0.00030000000000000003, 0.0, 0.0002, 0.0, 0.0002, 0.00030000000000000003, 0.0001, 0.0, 0.0002, 0.0002, 0.0002, 0.0002, 0.0001, 0.0001, 0.0002, 0.00030000000000000003, 0.0], [0.0001, 0.0001, 0.0001, 0.0001, 0.001, 0.001, 0.001, 0.001, 0.0001, 0.0001, 0.0001, 0.0001, 0.0001, 0.0001, 0.0001, 0.0001, 0.0043, 0.0007, 0.0143, 0.0043, 0.004200000000000001, 0.0079, 0.004200000000000001, 0.0007, 0.0043, 0.0143, 0.004200000000000001, 0.0079, 0.0079, 0.0007, 0.0079, 0.0143, 0.0143, 0.0007, 0.0043, 0.004200000000000001], [0.0002, 0.0002, 0.0002, 0.0002, 0.0002, 0.0002, 0.0002, 0.0002, 0.00030000000000000003, 0.00030000000000000003, 0.00030000000000000003, 0.0007, 0.0007, 0.00030000000000000003, 0.0007, 0.0007, 0.0008, 0.028300000000000002, 0.011, 0.0008, 0.0051, 0.0425, 0.0051, 0.028300000000000002, 0.0008, 0.011, 0.0051, 0.0425, 0.0425, 0.028300000000000002, 0.0425, 0.011, 0.011, 0.028300000000000002, 0.0008, 0.0051], [0.0, 0.0, 0.0, 0.0, 0.0017000000000000001, 0.0017000000000000001, 0.0017000000000000001, 0.0017000000000000001, 0.0001, 0.0001, 0.0001, 0.0001, 0.0001, 0.0001, 0.0001, 0.0001, 0.016900000000000002, 0.0009000000000000001, 0.0239, 0.016900000000000002, 0.0204, 0.0002, 0.0204, 0.0009000000000000001, 0.016900000000000002, 0.0239, 0.0204, 0.0002, 0.0002, 0.0009000000000000001, 0.0002, 0.0239, 0.0239, 0.0009000000000000001, 0.016900000000000002, 0.0204], [0.0, 0.0, 0.0, 0.0, 0.0005, 0.0005, 0.0005, 0.0005, 0.0, 0.0, 0.0, 0.0, 0.0, 0.0, 0.0, 0.0, 0.0, 0.0, 0.0, 0.0, 0.0, 0.0, 0.0, 0.0, 0.0, 0.0, 0.0, 0.0, 0.0, 0.0, 0.0, 0.0, 0.0, 0.0, 0.0, 0.0], [0.0, 0.0, 0.0, 0.0, 0.0004, 0.0004, 0.0004, 0.0004, 0.0, 0.0, 0.0, 0.0, 0.0, 0.0, 0.0, 0.0, 0.0, 0.0, 0.0, 0.0, 0.0, 0.0, 0.0, 0.0, 0.0, 0.0, 0.0, 0.0, 0.0, 0.0, 0.0, 0.0, 0.0, 0.0, 0.0, 0.0], [0.0, 0.0, 0.0, 0.0, 0.0002, 0.0002, 0.0002, 0.0002, 0.0, 0.0, 0.0, 0.0, 0.0, 0.0, 0.0, 0.0, 0.0, 0.0, 0.0, 0.0, 0.0, 0.0, 0.0, 0.0, 0.0, 0.0, 0.0, 0.0, 0.0, 0.0, 0.0, 0.0, 0.0, 0.0, 0.0, 0.0], [0.0, 0.0, 0.0, 0.0, 0.0005, 0.0005, 0.0005, 0.0005, 0.0, 0.0, 0.0, 0.0, 0.0, 0.0, 0.0, 0.0, 0.0, 0.0, 0.0, 0.0, 0.0, 0.0, 0.0, 0.0, 0.0, 0.0, 0.0, 0.0, 0.0, 0.0, 0.0, 0.0, 0.0, 0.0, 0.0, 0.0], [0.0, 0.0, 0.0, 0.0, 0.0006000000000000001, 0.0006000000000000001, 0.0006000000000000001, 0.0006000000000000001, 0.0, 0.0, 0.0, 0.0, 0.0, 0.0, 0.0, 0.0, 0.0, 0.0, 0.0, 0.0, 0.0, 0.0, 0.0, 0.0, 0.0, 0.0, 0.0, 0.0, 0.0, 0.0, 0.0, 0.0, 0.0, 0.0, 0.0, 0.0]]}}
bs_latimer_munro_efermi: 0.70360078