material_id: mp-559470
band_gap: 0.18829999999999902
efermi: 1.66943469
dos_magnetic_ordering: NM
dos_total_task_id: mp-1677558
dos_total_band_gap: 0.18609999999999902
dos_total_cbm: 1.7872
dos_total_vbm: 1.6011000000000002
dos_total_efermi: 1.60322473
bs_setyawan_curtarolo_task_id: mp-1602739
bs_setyawan_curtarolo_band_gap: 0.18829999999999902
bs_setyawan_curtarolo_cbm: {'band_index': {'1': [38]}, 'kpoint_index': [0, 271, 272], 'kpoint': <pymatgen.electronic_structure.bandstructure.Kpoint object at 0x7fc699d63930>, 'energy': 1.7864, 'projections': {'1': [[0.12240000000000001, 0.12240000000000001, 0.0053, 0.0053, 0.050800000000000005, 0.050800000000000005, 0.002, 0.002], [0.0, 0.0, 0.0, 0.0, 0.0, 0.0, 0.0, 0.0], [0.0018000000000000002, 0.0018000000000000002, 0.0024000000000000002, 0.0024000000000000002, 0.0227, 0.0227, 0.0, 0.0], [0.0, 0.0, 0.0, 0.0, 0.0, 0.0, 0.0, 0.0], [0.0, 0.0, 0.0, 0.0, 0.0, 0.0, 0.0, 0.0], [0.0, 0.0, 0.0, 0.0, 0.0, 0.0, 0.0, 0.0], [0.0, 0.0, 0.0, 0.0, 0.0009000000000000001, 0.0009000000000000001, 0.0, 0.0], [0.0, 0.0, 0.0, 0.0, 0.0, 0.0, 0.0, 0.0], [0.0, 0.0, 0.0, 0.0, 0.0, 0.0, 0.0, 0.0]]}}
bs_setyawan_curtarolo_vbm: {'band_index': {'1': [37]}, 'kpoint_index': [0, 271, 272], 'kpoint': <pymatgen.electronic_structure.bandstructure.Kpoint object at 0x7fc5d4b59d30>, 'energy': 1.5981, 'projections': {'1': [[0.0001, 0.0001, 0.0509, 0.0509, 0.0004, 0.0004, 0.0, 0.0], [0.0, 0.0, 0.0, 0.0, 0.0, 0.0, 0.0, 0.0], [0.0002, 0.0002, 0.0245, 0.0245, 0.0092, 0.0092, 0.24730000000000002, 0.24730000000000002], [0.0, 0.0, 0.0, 0.0, 0.0, 0.0, 0.0, 0.0], [0.0, 0.0, 0.0, 0.0, 0.0, 0.0, 0.0, 0.0], [0.0, 0.0, 0.0, 0.0, 0.0, 0.0, 0.0, 0.0], [0.0006000000000000001, 0.0006000000000000001, 0.0089, 0.0089, 0.0, 0.0, 0.0, 0.0], [0.0, 0.0, 0.0, 0.0, 0.0, 0.0, 0.0, 0.0], [0.0, 0.0, 0.0, 0.0, 0.0, 0.0, 0.0, 0.0]]}}
bs_setyawan_curtarolo_efermi: 1.66943469
bs_hinuma_task_id: mp-2179989
bs_hinuma_band_gap: 0.18829999999999902
bs_hinuma_cbm: {'band_index': {'1': [38]}, 'kpoint_index': [0, 271, 272], 'kpoint': <pymatgen.electronic_structure.bandstructure.Kpoint object at 0x7fc5d4b5a3c0>, 'energy': 1.7864, 'projections': {'1': [[0.12240000000000001, 0.12240000000000001, 0.0053, 0.0053, 0.050800000000000005, 0.050800000000000005, 0.002, 0.002], [0.0, 0.0, 0.0, 0.0, 0.0, 0.0, 0.0, 0.0], [0.0018000000000000002, 0.0018000000000000002, 0.0024000000000000002, 0.0024000000000000002, 0.0227, 0.0227, 0.0, 0.0], [0.0, 0.0, 0.0, 0.0, 0.0, 0.0, 0.0, 0.0], [0.0, 0.0, 0.0, 0.0, 0.0, 0.0, 0.0, 0.0], [0.0, 0.0, 0.0, 0.0, 0.0, 0.0, 0.0, 0.0], [0.0, 0.0, 0.0, 0.0, 0.0009000000000000001, 0.0009000000000000001, 0.0, 0.0], [0.0, 0.0, 0.0, 0.0, 0.0, 0.0, 0.0, 0.0], [0.0, 0.0, 0.0, 0.0, 0.0, 0.0, 0.0, 0.0]]}}
bs_hinuma_vbm: {'band_index': {'1': [37]}, 'kpoint_index': [0, 271, 272], 'kpoint': <pymatgen.electronic_structure.bandstructure.Kpoint object at 0x7fc5d4b59e80>, 'energy': 1.5981, 'projections': {'1': [[0.0001, 0.0001, 0.0509, 0.0509, 0.0004, 0.0004, 0.0, 0.0], [0.0, 0.0, 0.0, 0.0, 0.0, 0.0, 0.0, 0.0], [0.0002, 0.0002, 0.0245, 0.0245, 0.0092, 0.0092, 0.24730000000000002, 0.24730000000000002], [0.0, 0.0, 0.0, 0.0, 0.0, 0.0, 0.0, 0.0], [0.0, 0.0, 0.0, 0.0, 0.0, 0.0, 0.0, 0.0], [0.0, 0.0, 0.0, 0.0, 0.0, 0.0, 0.0, 0.0], [0.0006000000000000001, 0.0006000000000000001, 0.0089, 0.0089, 0.0, 0.0, 0.0, 0.0], [0.0, 0.0, 0.0, 0.0, 0.0, 0.0, 0.0, 0.0], [0.0, 0.0, 0.0, 0.0, 0.0, 0.0, 0.0, 0.0]]}}
bs_hinuma_efermi: 1.66943469
bs_latimer_munro_task_id: mp-2441441
bs_latimer_munro_band_gap: 0.18829999999999902
bs_latimer_munro_cbm: {'band_index': {'1': [38]}, 'kpoint_index': [162, 163, 711, 712, 736], 'kpoint': <pymatgen.electronic_structure.bandstructure.Kpoint object at 0x7fc5d4b5a430>, 'energy': 1.7864, 'projections': {'1': [[0.12240000000000001, 0.12240000000000001, 0.0053, 0.0053, 0.050800000000000005, 0.050800000000000005, 0.002, 0.002], [0.0, 0.0, 0.0, 0.0, 0.0, 0.0, 0.0, 0.0], [0.0018000000000000002, 0.0018000000000000002, 0.0024000000000000002, 0.0024000000000000002, 0.0227, 0.0227, 0.0, 0.0], [0.0, 0.0, 0.0, 0.0, 0.0, 0.0, 0.0, 0.0], [0.0, 0.0, 0.0, 0.0, 0.0, 0.0, 0.0, 0.0], [0.0, 0.0, 0.0, 0.0, 0.0, 0.0, 0.0, 0.0], [0.0, 0.0, 0.0, 0.0, 0.0009000000000000001, 0.0009000000000000001, 0.0, 0.0], [0.0, 0.0, 0.0, 0.0, 0.0, 0.0, 0.0, 0.0], [0.0, 0.0, 0.0, 0.0, 0.0, 0.0, 0.0, 0.0]]}}
bs_latimer_munro_vbm: {'band_index': {'1': [37]}, 'kpoint_index': [162, 163, 711, 712, 736], 'kpoint': <pymatgen.electronic_structure.bandstructure.Kpoint object at 0x7fc5d4b5a190>, 'energy': 1.5981, 'projections': {'1': [[0.0001, 0.0001, 0.0509, 0.0509, 0.0004, 0.0004, 0.0, 0.0], [0.0, 0.0, 0.0, 0.0, 0.0, 0.0, 0.0, 0.0], [0.0002, 0.0002, 0.0245, 0.0245, 0.0092, 0.0092, 0.24730000000000002, 0.24730000000000002], [0.0, 0.0, 0.0, 0.0, 0.0, 0.0, 0.0, 0.0], [0.0, 0.0, 0.0, 0.0, 0.0, 0.0, 0.0, 0.0], [0.0, 0.0, 0.0, 0.0, 0.0, 0.0, 0.0, 0.0], [0.0006000000000000001, 0.0006000000000000001, 0.0089, 0.0089, 0.0, 0.0, 0.0, 0.0], [0.0, 0.0, 0.0, 0.0, 0.0, 0.0, 0.0, 0.0], [0.0, 0.0, 0.0, 0.0, 0.0, 0.0, 0.0, 0.0]]}}
bs_latimer_munro_efermi: 1.71483665