material_id: mp-551283
band_gap: 0.066399999999999
efermi: 3.63192045
dos_magnetic_ordering: AFM
dos_total_task_id: mp-2276899
dos_total_band_gap: 0.5616000000000001
dos_total_cbm: 3.8852
dos_total_vbm: 3.3236
dos_total_efermi: 3.30020991
bs_setyawan_curtarolo_task_id: mp-1599841
bs_setyawan_curtarolo_band_gap: 0.066399999999999
bs_setyawan_curtarolo_cbm: {'band_index': {'1': [45]}, 'kpoint_index': ['273'], 'kpoint': <pymatgen.electronic_structure.bandstructure.Kpoint object at 0x7fc699d63930>, 'energy': 3.6649000000000003, 'projections': {'1': [[0.0002, 0.0002, 0.0, 0.0, 0.0, 0.006900000000000001, 0.0004, 0.006900000000000001, 0.0004, 0.0004, 0.0004], [0.0, 0.0, 0.0002, 0.0002, 0.0058000000000000005, 0.0286, 0.0019, 0.0286, 0.0019, 0.0019, 0.0019], [0.0, 0.0, 0.0018000000000000002, 0.0018000000000000002, 0.0016, 0.0179, 0.024900000000000002, 0.0179, 0.024900000000000002, 0.024900000000000002, 0.024900000000000002], [0.0007, 0.0007, 0.0, 0.0, 0.0, 0.0002, 0.026500000000000003, 0.0002, 0.026500000000000003, 0.026500000000000003, 0.026500000000000003], [0.0, 0.0, 0.11710000000000001, 0.11710000000000001, 0.0, 0.0, 0.0, 0.0, 0.0, 0.0, 0.0], [0.0, 0.0, 0.0, 0.0, 0.0, 0.0, 0.0, 0.0, 0.0, 0.0, 0.0], [0.0, 0.0, 0.0, 0.0, 0.0, 0.0, 0.0, 0.0, 0.0, 0.0, 0.0], [0.0, 0.0, 0.16040000000000001, 0.16040000000000001, 0.0001, 0.0, 0.0, 0.0, 0.0, 0.0, 0.0], [0.0, 0.0, 0.0, 0.0, 0.0, 0.0, 0.0, 0.0, 0.0, 0.0, 0.0]]}}
bs_setyawan_curtarolo_vbm: {'band_index': {'1': [44]}, 'kpoint_index': ['461'], 'kpoint': <pymatgen.electronic_structure.bandstructure.Kpoint object at 0x7fc5d4b5a190>, 'energy': 3.5985, 'projections': {'1': [[0.0, 0.0, 0.0, 0.0, 0.0, 0.003, 0.0011, 0.003, 0.0011, 0.0011, 0.0011], [0.00030000000000000003, 0.00030000000000000003, 0.0006000000000000001, 0.0006000000000000001, 0.0051, 0.023100000000000002, 0.0028, 0.023100000000000002, 0.0028, 0.0028, 0.0028], [0.0001, 0.0001, 0.00030000000000000003, 0.00030000000000000003, 0.0002, 0.0171, 0.023, 0.0171, 0.023, 0.023, 0.023], [0.0, 0.0, 0.0, 0.0, 0.0, 0.0354, 0.014100000000000001, 0.0354, 0.014100000000000001, 0.014100000000000001, 0.014100000000000001], [0.0, 0.0, 0.12150000000000001, 0.12150000000000001, 0.001, 0.0, 0.0, 0.0, 0.0, 0.0, 0.0], [0.0, 0.0, 0.0, 0.0, 0.0, 0.0, 0.0, 0.0, 0.0, 0.0, 0.0], [0.0, 0.0, 0.0, 0.0, 0.0, 0.0, 0.0, 0.0, 0.0, 0.0, 0.0], [0.0, 0.0, 0.1554, 0.1554, 0.0, 0.0, 0.0, 0.0, 0.0, 0.0, 0.0], [0.0, 0.0, 0.0, 0.0, 0.0, 0.0, 0.0, 0.0, 0.0, 0.0, 0.0]]}}
bs_setyawan_curtarolo_efermi: 3.63192045
bs_latimer_munro_task_id: mp-2608366
bs_latimer_munro_band_gap: 0.066399999999999
bs_latimer_munro_cbm: {'band_index': {'1': [45]}, 'kpoint_index': ['893'], 'kpoint': <pymatgen.electronic_structure.bandstructure.Kpoint object at 0x7fc5d4b59e80>, 'energy': 3.6649000000000003, 'projections': {'1': [[0.0002, 0.0002, 0.0, 0.0, 0.0, 0.006900000000000001, 0.0004, 0.006900000000000001, 0.0004, 0.0004, 0.0004], [0.0, 0.0, 0.0002, 0.0002, 0.0058000000000000005, 0.0286, 0.0019, 0.0286, 0.0019, 0.0019, 0.0019], [0.0, 0.0, 0.0018000000000000002, 0.0018000000000000002, 0.0016, 0.0179, 0.024900000000000002, 0.0179, 0.024900000000000002, 0.024900000000000002, 0.024900000000000002], [0.0007, 0.0007, 0.0, 0.0, 0.0, 0.0002, 0.026500000000000003, 0.0002, 0.026500000000000003, 0.026500000000000003, 0.026500000000000003], [0.0, 0.0, 0.11710000000000001, 0.11710000000000001, 0.0, 0.0, 0.0, 0.0, 0.0, 0.0, 0.0], [0.0, 0.0, 0.0, 0.0, 0.0, 0.0, 0.0, 0.0, 0.0, 0.0, 0.0], [0.0, 0.0, 0.0, 0.0, 0.0, 0.0, 0.0, 0.0, 0.0, 0.0, 0.0], [0.0, 0.0, 0.16040000000000001, 0.16040000000000001, 0.0001, 0.0, 0.0, 0.0, 0.0, 0.0, 0.0], [0.0, 0.0, 0.0, 0.0, 0.0, 0.0, 0.0, 0.0, 0.0, 0.0, 0.0]]}}
bs_latimer_munro_vbm: {'band_index': {'1': [44]}, 'kpoint_index': ['438'], 'kpoint': <pymatgen.electronic_structure.bandstructure.Kpoint object at 0x7fc5d4b59c50>, 'energy': 3.5985, 'projections': {'1': [[0.0, 0.0, 0.0, 0.0, 0.0, 0.003, 0.0011, 0.003, 0.0011, 0.0011, 0.0011], [0.00030000000000000003, 0.00030000000000000003, 0.0006000000000000001, 0.0006000000000000001, 0.0051, 0.023100000000000002, 0.0028, 0.023100000000000002, 0.0028, 0.0028, 0.0028], [0.0001, 0.0001, 0.00030000000000000003, 0.00030000000000000003, 0.0002, 0.0171, 0.023, 0.0171, 0.023, 0.023, 0.023], [0.0, 0.0, 0.0, 0.0, 0.0, 0.0354, 0.014100000000000001, 0.0354, 0.014100000000000001, 0.014100000000000001, 0.014100000000000001], [0.0, 0.0, 0.12150000000000001, 0.12150000000000001, 0.001, 0.0, 0.0, 0.0, 0.0, 0.0, 0.0], [0.0, 0.0, 0.0, 0.0, 0.0, 0.0, 0.0, 0.0, 0.0, 0.0, 0.0], [0.0, 0.0, 0.0, 0.0, 0.0, 0.0, 0.0, 0.0, 0.0, 0.0, 0.0], [0.0, 0.0, 0.1554, 0.1554, 0.0, 0.0, 0.0, 0.0, 0.0, 0.0, 0.0], [0.0, 0.0, 0.0, 0.0, 0.0, 0.0, 0.0, 0.0, 0.0, 0.0, 0.0]]}}
bs_latimer_munro_efermi: 3.63191505