material_id: mp-546546
band_gap: 5.5604
efermi: -0.84572086
dos_magnetic_ordering: NM
dos_total_task_id: mp-1729669
dos_total_band_gap: 5.555
dos_total_cbm: 4.596
dos_total_vbm: -0.9590000000000001
dos_total_efermi: -0.95644998
bs_setyawan_curtarolo_task_id: mp-1618798
bs_setyawan_curtarolo_band_gap: 5.5604
bs_setyawan_curtarolo_cbm: {'band_index': {'1': [24]}, 'kpoint_index': [0, 65, 66], 'kpoint': <pymatgen.electronic_structure.bandstructure.Kpoint object at 0x7fc699d63930>, 'energy': 4.6009, 'projections': {'1': [[0.0318, 0.0318, 0.0318, 0.0281, 0.0281, 0.0281, 0.031, 0.031, 0.031], [0.0002, 0.0, 0.0, 0.0022, 0.0005, 0.0005, 0.0004, 0.0004, 0.0015], [0.0, 0.0001, 0.0001, 0.0, 0.0009000000000000001, 0.0009000000000000001, 0.0006000000000000001, 0.0006000000000000001, 0.0], [0.0, 0.0001, 0.0001, 0.0, 0.0007, 0.0007, 0.0005, 0.0005, 0.0], [0.0, 0.0, 0.0, 0.0, 0.0, 0.0, 0.0, 0.0, 0.0], [0.0, 0.0, 0.0, 0.0, 0.0, 0.0, 0.0, 0.0, 0.0], [0.0, 0.0, 0.0, 0.0, 0.0, 0.0, 0.0, 0.0, 0.0], [0.0, 0.0, 0.0, 0.0, 0.0, 0.0, 0.0, 0.0, 0.0], [0.0, 0.0, 0.0, 0.0, 0.0, 0.0, 0.0, 0.0, 0.0]]}}
bs_setyawan_curtarolo_vbm: {'band_index': {'1': [23]}, 'kpoint_index': [0, 65, 66], 'kpoint': <pymatgen.electronic_structure.bandstructure.Kpoint object at 0x7fc5d4b5a200>, 'energy': -0.9595, 'projections': {'1': [[0.0, 0.0, 0.0, 0.0, 0.0, 0.0, 0.0, 0.0, 0.0], [0.0, 0.0, 0.0, 0.0, 0.0053, 0.0053, 0.095, 0.095, 0.0], [0.0, 0.0002, 0.0002, 0.053500000000000006, 0.0187, 0.0187, 0.08020000000000001, 0.08020000000000001, 0.014], [0.00030000000000000003, 0.0001, 0.0001, 0.018600000000000002, 0.048100000000000004, 0.048100000000000004, 0.0028, 0.0028, 0.1641], [0.0, 0.0, 0.0, 0.0, 0.0, 0.0, 0.0, 0.0, 0.0], [0.0, 0.0, 0.0, 0.0, 0.0, 0.0, 0.0, 0.0, 0.0], [0.0, 0.0, 0.0, 0.0, 0.0, 0.0, 0.0, 0.0, 0.0], [0.0, 0.0, 0.0, 0.0, 0.0, 0.0, 0.0, 0.0, 0.0], [0.0, 0.0, 0.0, 0.0, 0.0, 0.0, 0.0, 0.0, 0.0]]}}
bs_setyawan_curtarolo_efermi: -0.84572086
bs_hinuma_task_id: mp-2095259
bs_hinuma_band_gap: 5.5604
bs_hinuma_cbm: {'band_index': {'1': [24]}, 'kpoint_index': [0, 57, 58], 'kpoint': <pymatgen.electronic_structure.bandstructure.Kpoint object at 0x7fc5d4b5a190>, 'energy': 4.6009, 'projections': {'1': [[0.0318, 0.0318, 0.0318, 0.0281, 0.0281, 0.0281, 0.031, 0.031, 0.031], [0.0002, 0.0, 0.0, 0.0022, 0.0005, 0.0005, 0.0004, 0.0004, 0.0015], [0.0, 0.0001, 0.0001, 0.0, 0.0009000000000000001, 0.0009000000000000001, 0.0006000000000000001, 0.0006000000000000001, 0.0], [0.0, 0.0001, 0.0001, 0.0, 0.0007, 0.0007, 0.0005, 0.0005, 0.0], [0.0, 0.0, 0.0, 0.0, 0.0, 0.0, 0.0, 0.0, 0.0], [0.0, 0.0, 0.0, 0.0, 0.0, 0.0, 0.0, 0.0, 0.0], [0.0, 0.0, 0.0, 0.0, 0.0, 0.0, 0.0, 0.0, 0.0], [0.0, 0.0, 0.0, 0.0, 0.0, 0.0, 0.0, 0.0, 0.0], [0.0, 0.0, 0.0, 0.0, 0.0, 0.0, 0.0, 0.0, 0.0]]}}
bs_hinuma_vbm: {'band_index': {'1': [23]}, 'kpoint_index': [0, 57, 58], 'kpoint': <pymatgen.electronic_structure.bandstructure.Kpoint object at 0x7fc5d4b59d30>, 'energy': -0.9595, 'projections': {'1': [[0.0, 0.0, 0.0, 0.0, 0.0, 0.0, 0.0, 0.0, 0.0], [0.0, 0.0, 0.0, 0.0, 0.0053, 0.0053, 0.095, 0.095, 0.0], [0.0, 0.0002, 0.0002, 0.053500000000000006, 0.0187, 0.0187, 0.08020000000000001, 0.08020000000000001, 0.014], [0.00030000000000000003, 0.0001, 0.0001, 0.018600000000000002, 0.048100000000000004, 0.048100000000000004, 0.0028, 0.0028, 0.1641], [0.0, 0.0, 0.0, 0.0, 0.0, 0.0, 0.0, 0.0, 0.0], [0.0, 0.0, 0.0, 0.0, 0.0, 0.0, 0.0, 0.0, 0.0], [0.0, 0.0, 0.0, 0.0, 0.0, 0.0, 0.0, 0.0, 0.0], [0.0, 0.0, 0.0, 0.0, 0.0, 0.0, 0.0, 0.0, 0.0], [0.0, 0.0, 0.0, 0.0, 0.0, 0.0, 0.0, 0.0, 0.0]]}}
bs_hinuma_efermi: -0.88096675
bs_latimer_munro_task_id: mp-2303668
bs_latimer_munro_band_gap: 5.5604
bs_latimer_munro_cbm: {'band_index': {'1': [24]}, 'kpoint_index': [39, 40, 106, 107, 139, 187, 188], 'kpoint': <pymatgen.electronic_structure.bandstructure.Kpoint object at 0x7fc5d4b59c50>, 'energy': 4.6009, 'projections': {'1': [[0.0318, 0.0318, 0.0318, 0.0281, 0.0281, 0.0281, 0.031, 0.031, 0.031], [0.0002, 0.0, 0.0, 0.0022, 0.0005, 0.0005, 0.0004, 0.0004, 0.0015], [0.0, 0.0001, 0.0001, 0.0, 0.0009000000000000001, 0.0009000000000000001, 0.0006000000000000001, 0.0006000000000000001, 0.0], [0.0, 0.0001, 0.0001, 0.0, 0.0007, 0.0007, 0.0005, 0.0005, 0.0], [0.0, 0.0, 0.0, 0.0, 0.0, 0.0, 0.0, 0.0, 0.0], [0.0, 0.0, 0.0, 0.0, 0.0, 0.0, 0.0, 0.0, 0.0], [0.0, 0.0, 0.0, 0.0, 0.0, 0.0, 0.0, 0.0, 0.0], [0.0, 0.0, 0.0, 0.0, 0.0, 0.0, 0.0, 0.0, 0.0], [0.0, 0.0, 0.0, 0.0, 0.0, 0.0, 0.0, 0.0, 0.0]]}}
bs_latimer_munro_vbm: {'band_index': {'1': [23]}, 'kpoint_index': [39, 40, 106, 107, 139, 187, 188], 'kpoint': <pymatgen.electronic_structure.bandstructure.Kpoint object at 0x7fc5d4b5a3c0>, 'energy': -0.9595, 'projections': {'1': [[0.0, 0.0, 0.0, 0.0, 0.0, 0.0, 0.0, 0.0, 0.0], [0.0, 0.0, 0.0, 0.0, 0.0053, 0.0053, 0.095, 0.095, 0.0], [0.0, 0.0002, 0.0002, 0.053500000000000006, 0.0187, 0.0187, 0.08020000000000001, 0.08020000000000001, 0.014], [0.00030000000000000003, 0.0001, 0.0001, 0.018600000000000002, 0.048100000000000004, 0.048100000000000004, 0.0028, 0.0028, 0.1641], [0.0, 0.0, 0.0, 0.0, 0.0, 0.0, 0.0, 0.0, 0.0], [0.0, 0.0, 0.0, 0.0, 0.0, 0.0, 0.0, 0.0, 0.0], [0.0, 0.0, 0.0, 0.0, 0.0, 0.0, 0.0, 0.0, 0.0], [0.0, 0.0, 0.0, 0.0, 0.0, 0.0, 0.0, 0.0, 0.0], [0.0, 0.0, 0.0, 0.0, 0.0, 0.0, 0.0, 0.0, 0.0]]}}
bs_latimer_munro_efermi: -0.8784572700000001