material_id: mp-556415
band_gap: 0.0
efermi: 3.46650262
dos_magnetic_ordering: FM
dos_total_task_id: mp-1677023
dos_total_band_gap: 0.0
dos_total_cbm: 3.4289
dos_total_vbm: 3.4721
dos_total_efermi: 3.46650262
bs_setyawan_curtarolo_task_id: mp-847734
bs_setyawan_curtarolo_band_gap: 1.2089
bs_setyawan_curtarolo_cbm: {'band_index': {'1': [64], '-1': []}, 'kpoint_index': ['90'], 'kpoint': <pymatgen.electronic_structure.bandstructure.Kpoint object at 0x7fc699d63930>, 'energy': 4.0063, 'projections': {'1': [[0.0, 0.0057, 0.0091, 0.0057, 0.0, 0.0001, 0.0, 0.0, 0.0038, 0.0041, 0.0038, 0.0068000000000000005, 0.0041, 0.0041, 0.0041, 0.0068000000000000005], [0.0, 0.0018000000000000002, 0.0014, 0.0018000000000000002, 0.0, 0.0021000000000000003, 0.0, 0.0, 0.0073, 0.0111, 0.0073, 0.0102, 0.0111, 0.0111, 0.0111, 0.0102], [0.0, 0.0, 0.0, 0.0, 0.0004, 0.0, 0.0004, 0.0006000000000000001, 0.0, 0.0025, 0.0, 0.0045000000000000005, 0.0025, 0.0025, 0.0025, 0.0045000000000000005], [0.0005, 0.0, 0.0, 0.0, 0.0007, 0.0, 0.0007, 0.0, 0.0194, 0.0119, 0.0194, 0.021400000000000002, 0.0119, 0.0119, 0.0119, 0.021400000000000002], [0.0, 0.0, 0.0, 0.0, 0.1647, 0.0, 0.1647, 0.24710000000000001, 0.0, 0.0, 0.0, 0.0, 0.0, 0.0, 0.0, 0.0], [0.0, 0.0, 0.0, 0.0, 0.0, 0.0, 0.0, 0.0, 0.0, 0.0, 0.0, 0.0, 0.0, 0.0, 0.0, 0.0], [0.0, 0.0, 0.0, 0.0, 0.0, 0.0006000000000000001, 0.0, 0.0, 0.0, 0.0, 0.0, 0.0, 0.0, 0.0, 0.0, 0.0], [0.0, 0.0, 0.0, 0.0, 0.0, 0.0001, 0.0, 0.0, 0.0, 0.0, 0.0, 0.0, 0.0, 0.0, 0.0, 0.0], [0.0, 0.0, 0.0, 0.0, 0.0, 0.0001, 0.0, 0.0, 0.0, 0.0, 0.0, 0.0, 0.0, 0.0, 0.0, 0.0]]}}
bs_setyawan_curtarolo_vbm: {'band_index': {'1': [63], '-1': []}, 'kpoint_index': [0, 48, 49], 'kpoint': <pymatgen.electronic_structure.bandstructure.Kpoint object at 0x7fc5d4b59c50>, 'energy': 2.7974, 'projections': {'1': [[0.0001, 0.0001, 0.0001, 0.0001, 0.0019, 0.0019, 0.0019, 0.0019, 0.00030000000000000003, 0.00030000000000000003, 0.00030000000000000003, 0.00030000000000000003, 0.00030000000000000003, 0.00030000000000000003, 0.00030000000000000003, 0.00030000000000000003], [0.0, 0.0, 0.0, 0.0, 0.0, 0.0, 0.0, 0.0, 0.0, 0.0152, 0.0, 0.0, 0.0152, 0.0152, 0.0152, 0.0], [0.0, 0.0, 0.0, 0.0, 0.0, 0.0, 0.0, 0.0, 0.049800000000000004, 0.049800000000000004, 0.049800000000000004, 0.049800000000000004, 0.049800000000000004, 0.049800000000000004, 0.049800000000000004, 0.049800000000000004], [0.0, 0.0, 0.0, 0.0, 0.0, 0.0, 0.0, 0.0, 0.0152, 0.0, 0.0152, 0.0152, 0.0, 0.0, 0.0, 0.0152], [0.0, 0.0, 0.0, 0.0, 0.0, 0.0, 0.0, 0.0, 0.0, 0.0, 0.0, 0.0, 0.0, 0.0, 0.0, 0.0], [0.0, 0.0, 0.0, 0.0, 0.0148, 0.0, 0.0148, 0.0, 0.0, 0.0, 0.0, 0.0, 0.0, 0.0, 0.0, 0.0], [0.0, 0.0, 0.0, 0.0, 0.061900000000000004, 0.061900000000000004, 0.061900000000000004, 0.061900000000000004, 0.0, 0.0, 0.0, 0.0, 0.0, 0.0, 0.0, 0.0], [0.0, 0.0, 0.0, 0.0, 0.0, 0.0148, 0.0, 0.0148, 0.0, 0.0, 0.0, 0.0, 0.0, 0.0, 0.0, 0.0], [0.0, 0.0, 0.0, 0.0, 0.0076, 0.0076, 0.0076, 0.0076, 0.0, 0.0, 0.0, 0.0, 0.0, 0.0, 0.0, 0.0]]}}
bs_setyawan_curtarolo_efermi: 3.01800799