material_id: mp-554183
band_gap: 2.568699999999999
efermi: -0.24500674
dos_magnetic_ordering: NM
dos_total_task_id: mp-1730252
dos_total_band_gap: 2.544
dos_total_cbm: 2.2126
dos_total_vbm: -0.33140000000000003
dos_total_efermi: -0.32720931000000003
bs_setyawan_curtarolo_task_id: mp-1618668
bs_setyawan_curtarolo_band_gap: 2.568699999999999
bs_setyawan_curtarolo_cbm: {'band_index': {'1': [102]}, 'kpoint_index': [0], 'kpoint': <pymatgen.electronic_structure.bandstructure.Kpoint object at 0x7fc699d63930>, 'energy': 2.2181, 'projections': {'1': [[0.002, 0.002, 0.031, 0.031, 0.031, 0.031, 0.0346, 0.0346, 0.0182, 0.0182, 0.0182, 0.0182, 0.0019, 0.0021000000000000003, 0.0021000000000000003, 0.0019, 0.0021000000000000003, 0.0026000000000000003, 0.0019, 0.0019, 0.0026000000000000003, 0.0021000000000000003, 0.0026000000000000003, 0.0026000000000000003], [0.0, 0.0, 0.0001, 0.0001, 0.0001, 0.0001, 0.0, 0.0, 0.053200000000000004, 0.053200000000000004, 0.053200000000000004, 0.053200000000000004, 0.0004, 0.0008, 0.0008, 0.0004, 0.0008, 0.0001, 0.0004, 0.0004, 0.0001, 0.0008, 0.0001, 0.0001], [0.0, 0.0, 0.0004, 0.0004, 0.0004, 0.0004, 0.0, 0.0, 0.0, 0.0, 0.0, 0.0, 0.0005, 0.0004, 0.0004, 0.0005, 0.0004, 0.00030000000000000003, 0.0005, 0.0005, 0.00030000000000000003, 0.0004, 0.00030000000000000003, 0.00030000000000000003], [0.0, 0.0, 0.0001, 0.0001, 0.0001, 0.0001, 0.0, 0.0, 0.0001, 0.0001, 0.0001, 0.0001, 0.00030000000000000003, 0.0001, 0.0001, 0.00030000000000000003, 0.0001, 0.0011, 0.00030000000000000003, 0.00030000000000000003, 0.0011, 0.0001, 0.0011, 0.0011], [0.0022, 0.0022, 0.0009000000000000001, 0.0009000000000000001, 0.0009000000000000001, 0.0009000000000000001, 0.0, 0.0, 0.0, 0.0, 0.0, 0.0, 0.0, 0.0, 0.0, 0.0, 0.0, 0.0, 0.0, 0.0, 0.0, 0.0, 0.0, 0.0], [0.001, 0.001, 0.0002, 0.0002, 0.0002, 0.0002, 0.0004, 0.0004, 0.0, 0.0, 0.0, 0.0, 0.0, 0.0, 0.0, 0.0, 0.0, 0.0, 0.0, 0.0, 0.0, 0.0, 0.0, 0.0], [0.0015, 0.0015, 0.0002, 0.0002, 0.0002, 0.0002, 0.0142, 0.0142, 0.0, 0.0, 0.0, 0.0, 0.0, 0.0, 0.0, 0.0, 0.0, 0.0, 0.0, 0.0, 0.0, 0.0, 0.0, 0.0], [0.00030000000000000003, 0.00030000000000000003, 0.0092, 0.0092, 0.0092, 0.0092, 0.0004, 0.0004, 0.0, 0.0, 0.0, 0.0, 0.0, 0.0, 0.0, 0.0, 0.0, 0.0, 0.0, 0.0, 0.0, 0.0, 0.0, 0.0], [0.0004, 0.0004, 0.0064, 0.0064, 0.0064, 0.0064, 0.0, 0.0, 0.0, 0.0, 0.0, 0.0, 0.0, 0.0, 0.0, 0.0, 0.0, 0.0, 0.0, 0.0, 0.0, 0.0, 0.0, 0.0]]}}
bs_setyawan_curtarolo_vbm: {'band_index': {'1': [101]}, 'kpoint_index': [0], 'kpoint': <pymatgen.electronic_structure.bandstructure.Kpoint object at 0x7fc5d4b59be0>, 'energy': -0.3506, 'projections': {'1': [[0.0005, 0.0005, 0.0, 0.0, 0.0, 0.0, 0.0179, 0.0179, 0.00030000000000000003, 0.00030000000000000003, 0.00030000000000000003, 0.00030000000000000003, 0.0, 0.0001, 0.0001, 0.0, 0.0001, 0.0002, 0.0, 0.0, 0.0002, 0.0001, 0.0002, 0.0002], [0.0, 0.0, 0.0, 0.0, 0.0, 0.0, 0.0, 0.0, 0.006, 0.006, 0.006, 0.006, 0.008, 0.054700000000000006, 0.054700000000000006, 0.008, 0.054700000000000006, 0.0, 0.008, 0.008, 0.0, 0.054700000000000006, 0.0, 0.0], [0.0, 0.0, 0.0, 0.0, 0.0, 0.0, 0.0, 0.0, 0.012400000000000001, 0.012400000000000001, 0.012400000000000001, 0.012400000000000001, 0.0044, 0.013900000000000001, 0.013900000000000001, 0.0044, 0.013900000000000001, 0.0148, 0.0044, 0.0044, 0.0148, 0.013900000000000001, 0.0148, 0.0148], [0.0, 0.0, 0.0002, 0.0002, 0.0002, 0.0002, 0.0, 0.0, 0.0001, 0.0001, 0.0001, 0.0001, 0.0117, 0.0006000000000000001, 0.0006000000000000001, 0.0117, 0.0006000000000000001, 0.028, 0.0117, 0.0117, 0.028, 0.0006000000000000001, 0.028, 0.028], [0.0004, 0.0004, 0.0015, 0.0015, 0.0015, 0.0015, 0.0004, 0.0004, 0.0, 0.0, 0.0, 0.0, 0.0, 0.0, 0.0, 0.0, 0.0, 0.0, 0.0, 0.0, 0.0, 0.0, 0.0, 0.0], [0.0013000000000000002, 0.0013000000000000002, 0.0, 0.0, 0.0, 0.0, 0.0063, 0.0063, 0.0, 0.0, 0.0, 0.0, 0.0, 0.0, 0.0, 0.0, 0.0, 0.0, 0.0, 0.0, 0.0, 0.0, 0.0, 0.0], [0.00030000000000000003, 0.00030000000000000003, 0.001, 0.001, 0.001, 0.001, 0.0152, 0.0152, 0.0, 0.0, 0.0, 0.0, 0.0, 0.0, 0.0, 0.0, 0.0, 0.0, 0.0, 0.0, 0.0, 0.0, 0.0, 0.0], [0.0006000000000000001, 0.0006000000000000001, 0.0, 0.0, 0.0, 0.0, 0.0006000000000000001, 0.0006000000000000001, 0.0, 0.0, 0.0, 0.0, 0.0, 0.0, 0.0, 0.0, 0.0, 0.0, 0.0, 0.0, 0.0, 0.0, 0.0, 0.0], [0.0, 0.0, 0.0002, 0.0002, 0.0002, 0.0002, 0.0005, 0.0005, 0.0, 0.0, 0.0, 0.0, 0.0, 0.0, 0.0, 0.0, 0.0, 0.0, 0.0, 0.0, 0.0, 0.0, 0.0, 0.0]]}}
bs_setyawan_curtarolo_efermi: -0.24500674
bs_latimer_munro_task_id: mp-2305086
bs_latimer_munro_band_gap: 2.5582000000000003
bs_latimer_munro_cbm: {'band_index': {'1': [102]}, 'kpoint_index': [33, 34, 154, 155, 166, 178, 202], 'kpoint': <pymatgen.electronic_structure.bandstructure.Kpoint object at 0x7fc5d4b5a190>, 'energy': 2.2181, 'projections': {'1': [[0.002, 0.002, 0.031, 0.031, 0.031, 0.031, 0.0346, 0.0346, 0.0182, 0.0182, 0.0182, 0.0182, 0.0019, 0.0021000000000000003, 0.0021000000000000003, 0.0019, 0.0021000000000000003, 0.0026000000000000003, 0.0019, 0.0019, 0.0026000000000000003, 0.0021000000000000003, 0.0026000000000000003, 0.0026000000000000003], [0.0, 0.0, 0.0001, 0.0001, 0.0001, 0.0001, 0.0, 0.0, 0.053200000000000004, 0.053200000000000004, 0.053200000000000004, 0.053200000000000004, 0.0004, 0.0007, 0.0008, 0.0004, 0.0008, 0.0001, 0.0004, 0.0004, 0.0001, 0.0008, 0.0001, 0.0001], [0.0, 0.0, 0.0004, 0.0004, 0.0004, 0.0004, 0.0, 0.0, 0.0, 0.0, 0.0, 0.0, 0.0005, 0.0004, 0.0004, 0.0005, 0.0004, 0.00030000000000000003, 0.0005, 0.0005, 0.00030000000000000003, 0.0004, 0.00030000000000000003, 0.00030000000000000003], [0.0, 0.0, 0.0001, 0.0001, 0.0001, 0.0001, 0.0, 0.0, 0.0001, 0.0001, 0.0001, 0.0001, 0.00030000000000000003, 0.0001, 0.0001, 0.00030000000000000003, 0.0001, 0.0011, 0.00030000000000000003, 0.00030000000000000003, 0.0011, 0.0001, 0.0011, 0.0011], [0.0022, 0.0022, 0.0009000000000000001, 0.0009000000000000001, 0.0009000000000000001, 0.0009000000000000001, 0.0, 0.0, 0.0, 0.0, 0.0, 0.0, 0.0, 0.0, 0.0, 0.0, 0.0, 0.0, 0.0, 0.0, 0.0, 0.0, 0.0, 0.0], [0.001, 0.001, 0.0002, 0.0002, 0.0002, 0.0002, 0.0004, 0.0004, 0.0, 0.0, 0.0, 0.0, 0.0, 0.0, 0.0, 0.0, 0.0, 0.0, 0.0, 0.0, 0.0, 0.0, 0.0, 0.0], [0.0015, 0.0015, 0.0002, 0.0002, 0.0002, 0.0002, 0.0142, 0.0142, 0.0, 0.0, 0.0, 0.0, 0.0, 0.0, 0.0, 0.0, 0.0, 0.0, 0.0, 0.0, 0.0, 0.0, 0.0, 0.0], [0.00030000000000000003, 0.00030000000000000003, 0.0092, 0.0092, 0.0092, 0.0092, 0.0004, 0.0004, 0.0, 0.0, 0.0, 0.0, 0.0, 0.0, 0.0, 0.0, 0.0, 0.0, 0.0, 0.0, 0.0, 0.0, 0.0, 0.0], [0.0004, 0.0004, 0.0064, 0.0064, 0.0064, 0.0064, 0.0, 0.0, 0.0, 0.0, 0.0, 0.0, 0.0, 0.0, 0.0, 0.0, 0.0, 0.0, 0.0, 0.0, 0.0, 0.0, 0.0, 0.0]]}}
bs_latimer_munro_vbm: {'band_index': {'1': [101]}, 'kpoint_index': ['169'], 'kpoint': <pymatgen.electronic_structure.bandstructure.Kpoint object at 0x7fc5d4b59e80>, 'energy': -0.3401, 'projections': {'1': [[0.00030000000000000003, 0.00030000000000000003, 0.0005, 0.0005, 0.0005, 0.0005, 0.0154, 0.0154, 0.00030000000000000003, 0.00030000000000000003, 0.00030000000000000003, 0.00030000000000000003, 0.0, 0.0001, 0.0001, 0.0, 0.0001, 0.0002, 0.0, 0.0, 0.0002, 0.0001, 0.0002, 0.0002], [0.0005, 0.0005, 0.0, 0.0, 0.0, 0.0, 0.0001, 0.0001, 0.0149, 0.0149, 0.0149, 0.0149, 0.0047, 0.058800000000000005, 0.058800000000000005, 0.0047, 0.058800000000000005, 0.0039000000000000003, 0.0047, 0.0047, 0.0039000000000000003, 0.058800000000000005, 0.0039000000000000003, 0.0039000000000000003], [0.0, 0.0, 0.0001, 0.0001, 0.0001, 0.0001, 0.0, 0.0, 0.0077, 0.0077, 0.0077, 0.0077, 0.002, 0.009300000000000001, 0.009300000000000001, 0.002, 0.009300000000000001, 0.0046, 0.002, 0.002, 0.0046, 0.009300000000000001, 0.0046, 0.0046], [0.0002, 0.0002, 0.0001, 0.0001, 0.0001, 0.0001, 0.0, 0.0, 0.0006000000000000001, 0.0006000000000000001, 0.0006000000000000001, 0.0006000000000000001, 0.0188, 0.002, 0.002, 0.0188, 0.002, 0.028200000000000003, 0.0188, 0.0188, 0.028200000000000003, 0.002, 0.028200000000000003, 0.028200000000000003], [0.00030000000000000003, 0.00030000000000000003, 0.0009000000000000001, 0.0009000000000000001, 0.0009000000000000001, 0.0009000000000000001, 0.0006000000000000001, 0.0006000000000000001, 0.0, 0.0, 0.0, 0.0, 0.0, 0.0, 0.0, 0.0, 0.0, 0.0, 0.0, 0.0, 0.0, 0.0, 0.0, 0.0], [0.001, 0.001, 0.0, 0.0, 0.0, 0.0, 0.0043, 0.0043, 0.0, 0.0, 0.0, 0.0, 0.0, 0.0, 0.0, 0.0, 0.0, 0.0, 0.0, 0.0, 0.0, 0.0, 0.0, 0.0], [0.0002, 0.0002, 0.0006000000000000001, 0.0006000000000000001, 0.0006000000000000001, 0.0006000000000000001, 0.0164, 0.0164, 0.0, 0.0, 0.0, 0.0, 0.0, 0.0, 0.0, 0.0, 0.0, 0.0, 0.0, 0.0, 0.0, 0.0, 0.0, 0.0], [0.0002, 0.0002, 0.0004, 0.0004, 0.0004, 0.0004, 0.0006000000000000001, 0.0006000000000000001, 0.0, 0.0, 0.0, 0.0, 0.0, 0.0, 0.0, 0.0, 0.0, 0.0, 0.0, 0.0, 0.0, 0.0, 0.0, 0.0], [0.0, 0.0, 0.001, 0.001, 0.001, 0.001, 0.0001, 0.0001, 0.0, 0.0, 0.0, 0.0, 0.0, 0.0, 0.0, 0.0, 0.0, 0.0, 0.0, 0.0, 0.0, 0.0, 0.0, 0.0]]}}
bs_latimer_munro_efermi: -0.24201802