material_id: mp-554354
band_gap: 0.9305000000000001
efermi: 4.31862196
dos_magnetic_ordering: FM
dos_total_task_id: mp-1701575
dos_total_band_gap: 0.9609999999999991
dos_total_cbm: 5.0539
dos_total_vbm: 4.0929
dos_total_efermi: 4.10338202
bs_setyawan_curtarolo_task_id: mp-1598609
bs_setyawan_curtarolo_band_gap: 0.9305000000000001
bs_setyawan_curtarolo_cbm: {'band_index': {'1': [72], '-1': []}, 'kpoint_index': ['13'], 'kpoint': <pymatgen.electronic_structure.bandstructure.Kpoint object at 0x7fc699d63930>, 'energy': 5.053, 'projections': {'1': [[0.018600000000000002, 0.018600000000000002, 0.0006000000000000001, 0.0006000000000000001, 0.0006000000000000001, 0.0007, 0.0099, 0.0099, 0.0099, 0.0099, 0.0099, 0.0099, 0.0099, 0.0099], [0.0039000000000000003, 0.0039000000000000003, 0.001, 0.001, 0.001, 0.001, 0.0055000000000000005, 0.0055000000000000005, 0.0055000000000000005, 0.0055000000000000005, 0.0055000000000000005, 0.0054, 0.0055000000000000005, 0.0055000000000000005], [0.0, 0.0, 0.0002, 0.0002, 0.0002, 0.0002, 0.0007, 0.0007, 0.0007, 0.0007, 0.0007, 0.0007, 0.0007, 0.0007], [0.0, 0.0, 0.0002, 0.0002, 0.0002, 0.0002, 0.0007, 0.0007, 0.0007, 0.0007, 0.0007, 0.0007, 0.0007, 0.0007], [0.0, 0.0, 0.00030000000000000003, 0.00030000000000000003, 0.00030000000000000003, 0.00030000000000000003, 0.0, 0.0, 0.0, 0.0, 0.0, 0.0, 0.0, 0.0], [0.0, 0.0, 0.00030000000000000003, 0.00030000000000000003, 0.00030000000000000003, 0.00030000000000000003, 0.0, 0.0, 0.0, 0.0, 0.0, 0.0, 0.0, 0.0], [0.0002, 0.0002, 0.0349, 0.0349, 0.034800000000000005, 0.0349, 0.0, 0.0, 0.0, 0.0, 0.0, 0.0, 0.0, 0.0], [0.011, 0.011, 0.0036000000000000003, 0.0036000000000000003, 0.0036000000000000003, 0.0036000000000000003, 0.0, 0.0, 0.0, 0.0, 0.0, 0.0, 0.0, 0.0], [0.0006000000000000001, 0.0006000000000000001, 0.1046, 0.1046, 0.10450000000000001, 0.1046, 0.0, 0.0, 0.0, 0.0, 0.0, 0.0, 0.0, 0.0]]}}
bs_setyawan_curtarolo_vbm: {'band_index': {'1': [70, 71], '-1': []}, 'kpoint_index': [15, 16, 108], 'kpoint': <pymatgen.electronic_structure.bandstructure.Kpoint object at 0x7fc5d4b5a3c0>, 'energy': 4.1225, 'projections': {'1': [[0.0, 0.0, 0.0, 0.0, 0.0, 0.0, 0.0001, 0.0, 0.0, 0.0, 0.0001, 0.0001, 0.0, 0.0001], [0.0, 0.0, 0.0, 0.0, 0.0024000000000000002, 0.0024000000000000002, 0.0396, 0.0, 0.0, 0.0, 0.0396, 0.0396, 0.0, 0.0396], [0.0008, 0.0008, 0.0, 0.0, 0.0011, 0.0011, 0.0002, 0.011600000000000001, 0.011600000000000001, 0.011600000000000001, 0.0002, 0.0002, 0.011600000000000001, 0.0002], [0.0008, 0.0008, 0.0, 0.0, 0.0011, 0.0011, 0.0002, 0.011600000000000001, 0.011600000000000001, 0.011600000000000001, 0.0002, 0.0002, 0.011600000000000001, 0.0002], [0.0063, 0.0063, 0.15610000000000002, 0.15610000000000002, 0.0, 0.0, 0.0, 0.0, 0.0, 0.0, 0.0, 0.0, 0.0, 0.0], [0.0063, 0.0063, 0.1562, 0.1562, 0.0, 0.0, 0.0, 0.0, 0.0, 0.0, 0.0, 0.0, 0.0, 0.0], [0.0, 0.0, 0.001, 0.001, 0.0, 0.0, 0.0, 0.0, 0.0, 0.0, 0.0, 0.0, 0.0, 0.0], [0.0, 0.0, 0.0, 0.0, 0.0, 0.0, 0.0, 0.0, 0.0, 0.0, 0.0, 0.0, 0.0, 0.0], [0.0, 0.0, 0.00030000000000000003, 0.00030000000000000003, 0.0, 0.0, 0.0, 0.0, 0.0, 0.0, 0.0, 0.0, 0.0, 0.0]]}}
bs_setyawan_curtarolo_efermi: 4.31862196
bs_hinuma_task_id: mp-2176860
bs_hinuma_band_gap: 0.9305000000000001
bs_hinuma_cbm: {'band_index': {'1': [72], '-1': []}, 'kpoint_index': ['13'], 'kpoint': <pymatgen.electronic_structure.bandstructure.Kpoint object at 0x7fc5d4b59d30>, 'energy': 5.053, 'projections': {'1': [[0.018600000000000002, 0.018600000000000002, 0.0006000000000000001, 0.0006000000000000001, 0.0006000000000000001, 0.0007, 0.0099, 0.0099, 0.0099, 0.0099, 0.0099, 0.0099, 0.0099, 0.0099], [0.0039000000000000003, 0.0039000000000000003, 0.001, 0.001, 0.001, 0.001, 0.0055000000000000005, 0.0055000000000000005, 0.0055000000000000005, 0.0055000000000000005, 0.0055000000000000005, 0.0054, 0.0055000000000000005, 0.0055000000000000005], [0.0, 0.0, 0.0002, 0.0002, 0.0002, 0.0002, 0.0007, 0.0007, 0.0007, 0.0007, 0.0007, 0.0007, 0.0007, 0.0007], [0.0, 0.0, 0.0002, 0.0002, 0.0002, 0.0002, 0.0007, 0.0007, 0.0007, 0.0007, 0.0007, 0.0007, 0.0007, 0.0007], [0.0, 0.0, 0.00030000000000000003, 0.00030000000000000003, 0.00030000000000000003, 0.00030000000000000003, 0.0, 0.0, 0.0, 0.0, 0.0, 0.0, 0.0, 0.0], [0.0, 0.0, 0.00030000000000000003, 0.00030000000000000003, 0.00030000000000000003, 0.00030000000000000003, 0.0, 0.0, 0.0, 0.0, 0.0, 0.0, 0.0, 0.0], [0.0002, 0.0002, 0.0349, 0.0349, 0.034800000000000005, 0.0349, 0.0, 0.0, 0.0, 0.0, 0.0, 0.0, 0.0, 0.0], [0.011, 0.011, 0.0036000000000000003, 0.0036000000000000003, 0.0036000000000000003, 0.0036000000000000003, 0.0, 0.0, 0.0, 0.0, 0.0, 0.0, 0.0, 0.0], [0.0006000000000000001, 0.0006000000000000001, 0.1046, 0.1046, 0.10450000000000001, 0.1046, 0.0, 0.0, 0.0, 0.0, 0.0, 0.0, 0.0, 0.0]]}}
bs_hinuma_vbm: {'band_index': {'1': [70, 71], '-1': []}, 'kpoint_index': [15, 16, 74], 'kpoint': <pymatgen.electronic_structure.bandstructure.Kpoint object at 0x7fc5d4b59be0>, 'energy': 4.1225, 'projections': {'1': [[0.0, 0.0, 0.0, 0.0, 0.0, 0.0, 0.0001, 0.0, 0.0, 0.0, 0.0001, 0.0001, 0.0, 0.0001], [0.0, 0.0, 0.0, 0.0, 0.0024000000000000002, 0.0024000000000000002, 0.0396, 0.0, 0.0, 0.0, 0.0396, 0.0396, 0.0, 0.0396], [0.0008, 0.0008, 0.0, 0.0, 0.0011, 0.0011, 0.0002, 0.011600000000000001, 0.011600000000000001, 0.011600000000000001, 0.0002, 0.0002, 0.011600000000000001, 0.0002], [0.0008, 0.0008, 0.0, 0.0, 0.0011, 0.0011, 0.0002, 0.011600000000000001, 0.011600000000000001, 0.011600000000000001, 0.0002, 0.0002, 0.011600000000000001, 0.0002], [0.0063, 0.0063, 0.15610000000000002, 0.15610000000000002, 0.0, 0.0, 0.0, 0.0, 0.0, 0.0, 0.0, 0.0, 0.0, 0.0], [0.0063, 0.0063, 0.1562, 0.1562, 0.0, 0.0, 0.0, 0.0, 0.0, 0.0, 0.0, 0.0, 0.0, 0.0], [0.0, 0.0, 0.001, 0.001, 0.0, 0.0, 0.0, 0.0, 0.0, 0.0, 0.0, 0.0, 0.0, 0.0], [0.0, 0.0, 0.0, 0.0, 0.0, 0.0, 0.0, 0.0, 0.0, 0.0, 0.0, 0.0, 0.0, 0.0], [0.0, 0.0, 0.00030000000000000003, 0.00030000000000000003, 0.0, 0.0, 0.0, 0.0, 0.0, 0.0, 0.0, 0.0, 0.0, 0.0]]}}
bs_hinuma_efermi: 4.32637499
bs_latimer_munro_task_id: mp-2440356
bs_latimer_munro_band_gap: 0.9303999999999991
bs_latimer_munro_cbm: {'band_index': {'1': [72], '-1': []}, 'kpoint_index': ['99'], 'kpoint': <pymatgen.electronic_structure.bandstructure.Kpoint object at 0x7fc5d4b5a350>, 'energy': 5.053, 'projections': {'1': [[0.018600000000000002, 0.018600000000000002, 0.0006000000000000001, 0.0006000000000000001, 0.0006000000000000001, 0.0006000000000000001, 0.0099, 0.0099, 0.0099, 0.0099, 0.0099, 0.0099, 0.0099, 0.0099], [0.0, 0.0, 0.0002, 0.0002, 0.0002, 0.0002, 0.0007, 0.0007, 0.0007, 0.0007, 0.0007, 0.0007, 0.0007, 0.0007], [0.0039000000000000003, 0.0039000000000000003, 0.001, 0.001, 0.001, 0.001, 0.0055000000000000005, 0.0054, 0.0055000000000000005, 0.0055000000000000005, 0.0055000000000000005, 0.0055000000000000005, 0.0055000000000000005, 0.0055000000000000005], [0.0, 0.0, 0.0002, 0.0002, 0.0002, 0.0002, 0.0007, 0.0007, 0.0007, 0.0007, 0.0007, 0.0007, 0.0007, 0.0007], [0.011, 0.011, 0.0036000000000000003, 0.0036000000000000003, 0.0036000000000000003, 0.0036000000000000003, 0.0, 0.0, 0.0, 0.0, 0.0, 0.0, 0.0, 0.0], [0.0, 0.0, 0.00030000000000000003, 0.00030000000000000003, 0.00030000000000000003, 0.00030000000000000003, 0.0, 0.0, 0.0, 0.0, 0.0, 0.0, 0.0, 0.0], [0.0008, 0.0008, 0.1395, 0.1394, 0.1394, 0.1395, 0.0, 0.0, 0.0, 0.0, 0.0, 0.0, 0.0, 0.0], [0.0, 0.0, 0.00030000000000000003, 0.00030000000000000003, 0.00030000000000000003, 0.00030000000000000003, 0.0, 0.0, 0.0, 0.0, 0.0, 0.0, 0.0, 0.0], [0.0, 0.0, 0.0, 0.0, 0.0, 0.0, 0.0, 0.0, 0.0, 0.0, 0.0, 0.0, 0.0, 0.0]]}}
bs_latimer_munro_vbm: {'band_index': {'1': [70, 71], '-1': []}, 'kpoint_index': [89, 90, 97], 'kpoint': <pymatgen.electronic_structure.bandstructure.Kpoint object at 0x7fc5d4b59c50>, 'energy': 4.1226, 'projections': {'1': [[0.0, 0.0, 0.0, 0.0, 0.0, 0.0, 0.0001, 0.0001, 0.0, 0.0, 0.0001, 0.0, 0.0001, 0.0], [0.0008, 0.0008, 0.0, 0.0011, 0.0011, 0.0, 0.0002, 0.0002, 0.011600000000000001, 0.011600000000000001, 0.0002, 0.0115, 0.0002, 0.011600000000000001], [0.0, 0.0, 0.0, 0.0024000000000000002, 0.0024000000000000002, 0.0, 0.0396, 0.0396, 0.0, 0.0, 0.0396, 0.0, 0.0396, 0.0], [0.0008, 0.0008, 0.0, 0.0011, 0.0011, 0.0, 0.0002, 0.0002, 0.011600000000000001, 0.011600000000000001, 0.0002, 0.011600000000000001, 0.0002, 0.011600000000000001], [0.0, 0.0, 0.0, 0.0, 0.0, 0.0, 0.0, 0.0, 0.0, 0.0, 0.0, 0.0, 0.0, 0.0], [0.006200000000000001, 0.0063, 0.15610000000000002, 0.0, 0.0, 0.15610000000000002, 0.0, 0.0, 0.0, 0.0, 0.0, 0.0, 0.0, 0.0], [0.0, 0.0, 0.0, 0.0, 0.0, 0.0, 0.0, 0.0, 0.0, 0.0, 0.0, 0.0, 0.0, 0.0], [0.0063, 0.006200000000000001, 0.15610000000000002, 0.0, 0.0, 0.15610000000000002, 0.0, 0.0, 0.0, 0.0, 0.0, 0.0, 0.0, 0.0], [0.0, 0.0, 0.0013000000000000002, 0.0, 0.0, 0.0013000000000000002, 0.0, 0.0, 0.0, 0.0, 0.0, 0.0, 0.0, 0.0]]}}
bs_latimer_munro_efermi: 4.33123118