material_id: mp-571136
band_gap: 2.3644
efermi: 0.93799669
dos_magnetic_ordering: NM
dos_total_task_id: mp-1754332
dos_total_band_gap: 2.419399999999999
dos_total_cbm: 3.3486000000000002
dos_total_vbm: 0.9292
dos_total_efermi: 0.93249805
bs_setyawan_curtarolo_task_id: mp-693029
bs_setyawan_curtarolo_band_gap: 2.3644
bs_setyawan_curtarolo_cbm: {'band_index': {'1': [91]}, 'kpoint_index': [70, 71, 103], 'kpoint': <pymatgen.electronic_structure.bandstructure.Kpoint object at 0x7fc699d63930>, 'energy': 3.2954, 'projections': {'1': [[0.07970000000000001, 0.0119, 0.008400000000000001, 0.0324, 0.06570000000000001, 0.0307, 0.062, 0.00030000000000000003, 0.0004, 0.0009000000000000001, 0.0022, 0.0027, 0.002, 0.00030000000000000003, 0.0007, 0.00030000000000000003, 0.0011, 0.0006000000000000001, 0.0009000000000000001, 0.0002, 0.0007], [0.0, 0.0, 0.0, 0.0, 0.0, 0.0, 0.0, 0.0017000000000000001, 0.0008, 0.0048000000000000004, 0.0037, 0.0048000000000000004, 0.0039000000000000003, 0.0009000000000000001, 0.0039000000000000003, 0.0006000000000000001, 0.0021000000000000003, 0.0023, 0.0019, 0.0006000000000000001, 0.0038], [0.0, 0.0, 0.0, 0.0, 0.0, 0.0, 0.0, 0.002, 0.0001, 0.004200000000000001, 0.0014, 0.0024000000000000002, 0.0026000000000000003, 0.0001, 0.003, 0.0, 0.00030000000000000003, 0.0007, 0.0015, 0.0, 0.0039000000000000003], [0.0001, 0.0, 0.0, 0.0, 0.0001, 0.0001, 0.0001, 0.005, 0.0024000000000000002, 0.0145, 0.0112, 0.014400000000000001, 0.0118, 0.0026000000000000003, 0.0117, 0.0018000000000000002, 0.0063, 0.006900000000000001, 0.0056, 0.0019, 0.011300000000000001], [0.0009000000000000001, 0.0001, 0.0, 0.00030000000000000003, 0.0008, 0.0004, 0.0007, 0.0005, 0.0002, 0.0013000000000000002, 0.0013000000000000002, 0.0017000000000000001, 0.0014, 0.0002, 0.001, 0.0002, 0.0007, 0.0006000000000000001, 0.0006000000000000001, 0.0001, 0.0011], [0.0001, 0.0, 0.0, 0.0, 0.0, 0.0, 0.0001, 0.00030000000000000003, 0.0001, 0.0007, 0.0004, 0.0005, 0.0004, 0.0001, 0.0005, 0.0001, 0.0002, 0.0002, 0.0002, 0.0001, 0.0006000000000000001], [0.0, 0.0, 0.0, 0.0, 0.0, 0.0, 0.0, 0.0001, 0.0, 0.0001, 0.0, 0.0, 0.0, 0.0, 0.0001, 0.0, 0.0, 0.0, 0.0, 0.0, 0.0001], [0.0002, 0.0001, 0.0001, 0.0001, 0.0001, 0.0001, 0.0002, 0.0009000000000000001, 0.00030000000000000003, 0.0021000000000000003, 0.0012000000000000001, 0.0015, 0.0012000000000000001, 0.00030000000000000003, 0.0016, 0.0002, 0.0007, 0.0007, 0.0005, 0.0002, 0.0018000000000000002], [0.00030000000000000003, 0.0, 0.0, 0.0001, 0.00030000000000000003, 0.0001, 0.0002, 0.0002, 0.0001, 0.0004, 0.0004, 0.0006000000000000001, 0.0005, 0.0001, 0.00030000000000000003, 0.0001, 0.0002, 0.0002, 0.0002, 0.0, 0.0004]]}}
bs_setyawan_curtarolo_vbm: {'band_index': {'1': [90]}, 'kpoint_index': ['57'], 'kpoint': <pymatgen.electronic_structure.bandstructure.Kpoint object at 0x7fc5d4b5a200>, 'energy': 0.931, 'projections': {'1': [[0.0, 0.0, 0.0, 0.0, 0.0, 0.0, 0.0, 0.0, 0.0, 0.0, 0.0, 0.0, 0.0, 0.0, 0.0, 0.0, 0.0, 0.0, 0.0, 0.0, 0.0], [0.0001, 0.0001, 0.0, 0.0, 0.0001, 0.0001, 0.0001, 0.045200000000000004, 0.030100000000000002, 0.0381, 0.025900000000000003, 0.0396, 0.048100000000000004, 0.0284, 0.024200000000000003, 0.0181, 0.0172, 0.016800000000000002, 0.0439, 0.0188, 0.0476], [0.0, 0.0, 0.0, 0.0, 0.0, 0.0, 0.0, 0.0, 0.0, 0.0, 0.0, 0.0, 0.0, 0.0, 0.0, 0.0, 0.0, 0.0, 0.0, 0.0, 0.0], [0.0, 0.0, 0.0, 0.0, 0.0, 0.0, 0.0, 0.0151, 0.01, 0.012700000000000001, 0.0086, 0.0132, 0.016, 0.0095, 0.0081, 0.006, 0.0057, 0.0056, 0.0146, 0.0063, 0.0159], [0.0008, 0.0006000000000000001, 0.0004, 0.00030000000000000003, 0.0009000000000000001, 0.0009000000000000001, 0.0005, 0.0, 0.0, 0.0, 0.0, 0.0, 0.0, 0.0, 0.0, 0.0, 0.0, 0.0, 0.0, 0.0, 0.0], [0.0024000000000000002, 0.0018000000000000002, 0.0011, 0.001, 0.0029000000000000002, 0.0027, 0.0015, 0.0, 0.0, 0.0, 0.0, 0.0, 0.0, 0.0, 0.0, 0.0, 0.0, 0.0, 0.0, 0.0, 0.0], [0.0, 0.0, 0.0, 0.0, 0.0, 0.0, 0.0, 0.0, 0.0, 0.0, 0.0, 0.0, 0.0, 0.0, 0.0, 0.0, 0.0, 0.0, 0.0, 0.0, 0.0], [0.0008, 0.0006000000000000001, 0.0004, 0.00030000000000000003, 0.001, 0.0009000000000000001, 0.0005, 0.0, 0.0, 0.0, 0.0, 0.0, 0.0, 0.0, 0.0, 0.0, 0.0, 0.0, 0.0, 0.0, 0.0], [0.0023, 0.0017000000000000001, 0.0011, 0.001, 0.0028, 0.0026000000000000003, 0.0015, 0.0, 0.0, 0.0, 0.0, 0.0, 0.0, 0.0, 0.0, 0.0, 0.0, 0.0, 0.0, 0.0, 0.0]]}}
bs_setyawan_curtarolo_efermi: 0.93799669
bs_hinuma_task_id: mp-2113004
bs_hinuma_band_gap: 2.3644
bs_hinuma_cbm: {'band_index': {'1': [91]}, 'kpoint_index': [70, 71, 103], 'kpoint': <pymatgen.electronic_structure.bandstructure.Kpoint object at 0x7fc5d4b5a3c0>, 'energy': 3.2965, 'projections': {'1': [[0.0805, 0.0118, 0.007500000000000001, 0.030100000000000002, 0.0684, 0.0318, 0.060500000000000005, 0.00030000000000000003, 0.0004, 0.0009000000000000001, 0.0022, 0.0027, 0.0021000000000000003, 0.00030000000000000003, 0.0007, 0.00030000000000000003, 0.0011, 0.0006000000000000001, 0.0009000000000000001, 0.0002, 0.0008], [0.0, 0.0, 0.0, 0.0, 0.0, 0.0, 0.0, 0.0017000000000000001, 0.0008, 0.0049, 0.0036000000000000003, 0.0049, 0.0041, 0.0009000000000000001, 0.0038, 0.0006000000000000001, 0.0019, 0.0022, 0.0019, 0.0006000000000000001, 0.0039000000000000003], [0.0, 0.0, 0.0, 0.0, 0.0, 0.0, 0.0, 0.0021000000000000003, 0.0, 0.004200000000000001, 0.0013000000000000002, 0.0024000000000000002, 0.0027, 0.0001, 0.0029000000000000002, 0.0, 0.0002, 0.0006000000000000001, 0.0016, 0.0, 0.004], [0.0001, 0.0, 0.0, 0.0, 0.0001, 0.0001, 0.0001, 0.005200000000000001, 0.0024000000000000002, 0.014700000000000001, 0.0109, 0.0146, 0.0123, 0.0026000000000000003, 0.0115, 0.0017000000000000001, 0.0058000000000000005, 0.006500000000000001, 0.0057, 0.0017000000000000001, 0.0118], [0.0009000000000000001, 0.0001, 0.0, 0.0002, 0.0008, 0.0004, 0.0006000000000000001, 0.0005, 0.0002, 0.0013000000000000002, 0.0013000000000000002, 0.0017000000000000001, 0.0014, 0.0002, 0.001, 0.0002, 0.0006000000000000001, 0.0005, 0.0006000000000000001, 0.0001, 0.0011], [0.0001, 0.0, 0.0, 0.0, 0.0001, 0.0, 0.0001, 0.00030000000000000003, 0.0001, 0.0007, 0.0004, 0.0005, 0.0004, 0.0001, 0.0005, 0.0, 0.0002, 0.0002, 0.0002, 0.0001, 0.0006000000000000001], [0.0, 0.0, 0.0, 0.0, 0.0, 0.0, 0.0, 0.0001, 0.0, 0.0001, 0.0, 0.0, 0.0, 0.0, 0.0001, 0.0, 0.0, 0.0, 0.0, 0.0, 0.0001], [0.0002, 0.0001, 0.0, 0.0001, 0.0002, 0.0001, 0.0002, 0.0009000000000000001, 0.0002, 0.0021000000000000003, 0.0012000000000000001, 0.0015, 0.0013000000000000002, 0.00030000000000000003, 0.0016, 0.0001, 0.0006000000000000001, 0.0007, 0.0006000000000000001, 0.0002, 0.0019], [0.00030000000000000003, 0.0, 0.0, 0.0001, 0.00030000000000000003, 0.0001, 0.0002, 0.0002, 0.0001, 0.0004, 0.0004, 0.0006000000000000001, 0.0005, 0.0001, 0.00030000000000000003, 0.0001, 0.0002, 0.0002, 0.0002, 0.0, 0.0004]]}}
bs_hinuma_vbm: {'band_index': {'1': [90]}, 'kpoint_index': ['57'], 'kpoint': <pymatgen.electronic_structure.bandstructure.Kpoint object at 0x7fc5d4b5a430>, 'energy': 0.9321, 'projections': {'1': [[0.0, 0.0, 0.0, 0.0, 0.0, 0.0, 0.0, 0.0, 0.0, 0.0, 0.0, 0.0, 0.0, 0.0, 0.0, 0.0, 0.0, 0.0, 0.0, 0.0, 0.0], [0.0001, 0.0001, 0.0001, 0.0001, 0.0001, 0.0001, 0.0001, 0.0415, 0.0333, 0.0342, 0.0267, 0.035, 0.0402, 0.0322, 0.025500000000000002, 0.0245, 0.0217, 0.0216, 0.0409, 0.0252, 0.0395], [0.0, 0.0, 0.0, 0.0, 0.0, 0.0, 0.0, 0.0, 0.0, 0.0, 0.0, 0.0, 0.0, 0.0, 0.0, 0.0, 0.0, 0.0, 0.0, 0.0, 0.0], [0.0, 0.0, 0.0, 0.0, 0.0, 0.0, 0.0, 0.013800000000000002, 0.0111, 0.0114, 0.0089, 0.0117, 0.0134, 0.010700000000000001, 0.0085, 0.0082, 0.007200000000000001, 0.007200000000000001, 0.013600000000000001, 0.008400000000000001, 0.0132], [0.0007, 0.0006000000000000001, 0.0005, 0.0004, 0.0008, 0.0008, 0.0005, 0.0, 0.0, 0.0, 0.0, 0.0, 0.0, 0.0, 0.0, 0.0, 0.0, 0.0, 0.0, 0.0, 0.0], [0.0021000000000000003, 0.002, 0.0015, 0.0013000000000000002, 0.0024000000000000002, 0.0025, 0.0016, 0.0, 0.0, 0.0, 0.0, 0.0, 0.0, 0.0, 0.0, 0.0, 0.0, 0.0, 0.0, 0.0, 0.0], [0.0, 0.0, 0.0, 0.0, 0.0, 0.0, 0.0, 0.0, 0.0, 0.0, 0.0, 0.0, 0.0, 0.0, 0.0, 0.0, 0.0, 0.0, 0.0, 0.0, 0.0], [0.0007, 0.0007, 0.0005, 0.0004, 0.0008, 0.0008, 0.0005, 0.0, 0.0, 0.0, 0.0, 0.0, 0.0, 0.0, 0.0, 0.0, 0.0, 0.0, 0.0, 0.0, 0.0], [0.002, 0.0019, 0.0015, 0.0013000000000000002, 0.0024000000000000002, 0.0024000000000000002, 0.0016, 0.0, 0.0, 0.0, 0.0, 0.0, 0.0, 0.0, 0.0, 0.0, 0.0, 0.0, 0.0, 0.0, 0.0]]}}
bs_hinuma_efermi: 0.97910542
bs_latimer_munro_task_id: mp-2305017
bs_latimer_munro_band_gap: 2.3644
bs_latimer_munro_cbm: {'band_index': {'1': [91]}, 'kpoint_index': [0, 49, 50, 126], 'kpoint': <pymatgen.electronic_structure.bandstructure.Kpoint object at 0x7fc5d4b59e80>, 'energy': 3.2965, 'projections': {'1': [[0.0805, 0.0118, 0.0076, 0.0302, 0.0684, 0.0318, 0.060500000000000005, 0.00030000000000000003, 0.0004, 0.0009000000000000001, 0.0022, 0.0027, 0.0021000000000000003, 0.00030000000000000003, 0.0007, 0.00030000000000000003, 0.0011, 0.0006000000000000001, 0.0009000000000000001, 0.0002, 0.0008], [0.0, 0.0, 0.0, 0.0, 0.0, 0.0, 0.0, 0.0017000000000000001, 0.0008, 0.0049, 0.0036000000000000003, 0.0049, 0.0041, 0.0009000000000000001, 0.0038, 0.0006000000000000001, 0.0019, 0.0022, 0.0019, 0.0006000000000000001, 0.0039000000000000003], [0.0, 0.0, 0.0, 0.0, 0.0, 0.0, 0.0, 0.0021000000000000003, 0.0, 0.004200000000000001, 0.0013000000000000002, 0.0024000000000000002, 0.0027, 0.0001, 0.0029000000000000002, 0.0, 0.0002, 0.0006000000000000001, 0.0016, 0.0, 0.004], [0.0001, 0.0, 0.0, 0.0, 0.0001, 0.0001, 0.0001, 0.005200000000000001, 0.0024000000000000002, 0.014700000000000001, 0.0109, 0.0146, 0.0123, 0.0026000000000000003, 0.0115, 0.0017000000000000001, 0.0058000000000000005, 0.006500000000000001, 0.0058000000000000005, 0.0017000000000000001, 0.0118], [0.0009000000000000001, 0.0001, 0.0, 0.0002, 0.0008, 0.0004, 0.0006000000000000001, 0.0005, 0.0002, 0.0013000000000000002, 0.0013000000000000002, 0.0017000000000000001, 0.0014, 0.0002, 0.001, 0.0002, 0.0006000000000000001, 0.0005, 0.0006000000000000001, 0.0001, 0.0011], [0.0001, 0.0, 0.0, 0.0, 0.0001, 0.0, 0.0001, 0.00030000000000000003, 0.0001, 0.0007, 0.0004, 0.0005, 0.0004, 0.0001, 0.0005, 0.0, 0.0002, 0.0002, 0.0002, 0.0001, 0.0006000000000000001], [0.0, 0.0, 0.0, 0.0, 0.0, 0.0, 0.0, 0.0001, 0.0, 0.0001, 0.0, 0.0, 0.0, 0.0, 0.0001, 0.0, 0.0, 0.0, 0.0, 0.0, 0.0001], [0.0002, 0.0001, 0.0, 0.0001, 0.0002, 0.0001, 0.0002, 0.0009000000000000001, 0.0002, 0.0021000000000000003, 0.0012000000000000001, 0.0015, 0.0013000000000000002, 0.00030000000000000003, 0.0016, 0.0001, 0.0006000000000000001, 0.0007, 0.0006000000000000001, 0.0002, 0.0019], [0.00030000000000000003, 0.0, 0.0, 0.0001, 0.00030000000000000003, 0.0001, 0.0002, 0.0002, 0.0001, 0.0004, 0.0004, 0.0006000000000000001, 0.0005, 0.0001, 0.00030000000000000003, 0.0001, 0.0002, 0.0002, 0.0002, 0.0, 0.0004]]}}
bs_latimer_munro_vbm: {'band_index': {'1': [90]}, 'kpoint_index': ['36'], 'kpoint': <pymatgen.electronic_structure.bandstructure.Kpoint object at 0x7fc5d4b5a190>, 'energy': 0.9321, 'projections': {'1': [[0.0, 0.0, 0.0, 0.0, 0.0, 0.0, 0.0, 0.0, 0.0, 0.0, 0.0, 0.0, 0.0, 0.0, 0.0, 0.0, 0.0, 0.0, 0.0, 0.0, 0.0], [0.0001, 0.0001, 0.0001, 0.0001, 0.0001, 0.0001, 0.0001, 0.0415, 0.0333, 0.0342, 0.0267, 0.035, 0.0402, 0.0322, 0.025500000000000002, 0.0245, 0.0217, 0.0216, 0.0409, 0.0252, 0.0395], [0.0, 0.0, 0.0, 0.0, 0.0, 0.0, 0.0, 0.0, 0.0, 0.0, 0.0, 0.0, 0.0, 0.0, 0.0, 0.0, 0.0, 0.0, 0.0, 0.0, 0.0], [0.0, 0.0, 0.0, 0.0, 0.0, 0.0, 0.0, 0.013800000000000002, 0.0111, 0.0114, 0.0089, 0.0117, 0.0134, 0.010700000000000001, 0.0085, 0.0082, 0.007200000000000001, 0.007200000000000001, 0.013600000000000001, 0.008400000000000001, 0.0132], [0.0007, 0.0006000000000000001, 0.0005, 0.0004, 0.0008, 0.0008, 0.0005, 0.0, 0.0, 0.0, 0.0, 0.0, 0.0, 0.0, 0.0, 0.0, 0.0, 0.0, 0.0, 0.0, 0.0], [0.0021000000000000003, 0.002, 0.0015, 0.0013000000000000002, 0.0024000000000000002, 0.0025, 0.0016, 0.0, 0.0, 0.0, 0.0, 0.0, 0.0, 0.0, 0.0, 0.0, 0.0, 0.0, 0.0, 0.0, 0.0], [0.0, 0.0, 0.0, 0.0, 0.0, 0.0, 0.0, 0.0, 0.0, 0.0, 0.0, 0.0, 0.0, 0.0, 0.0, 0.0, 0.0, 0.0, 0.0, 0.0, 0.0], [0.0007, 0.0007, 0.0005, 0.0004, 0.0008, 0.0008, 0.0005, 0.0, 0.0, 0.0, 0.0, 0.0, 0.0, 0.0, 0.0, 0.0, 0.0, 0.0, 0.0, 0.0, 0.0], [0.002, 0.0019, 0.0015, 0.0013000000000000002, 0.0024000000000000002, 0.0024000000000000002, 0.0016, 0.0, 0.0, 0.0, 0.0, 0.0, 0.0, 0.0, 0.0, 0.0, 0.0, 0.0, 0.0, 0.0, 0.0]]}}
bs_latimer_munro_efermi: 0.9765275600000001