material_id: mp-562420
band_gap: 1.6127999999999991
efermi: 1.9739160900000001
dos_magnetic_ordering: NM
dos_total_task_id: mp-1759021
dos_total_band_gap: 1.5993
dos_total_cbm: 3.4785
dos_total_vbm: 1.8792
dos_total_efermi: 1.88341191
bs_setyawan_curtarolo_task_id: mp-1626164
bs_setyawan_curtarolo_band_gap: 1.6127999999999991
bs_setyawan_curtarolo_cbm: {'band_index': {'1': [80]}, 'kpoint_index': [0, 45, 46], 'kpoint': <pymatgen.electronic_structure.bandstructure.Kpoint object at 0x7fc699d63930>, 'energy': 3.4894, 'projections': {'1': [[0.0092, 0.0074, 0.0074, 0.0092, 0.008, 0.0092, 0.008, 0.0074, 0.008, 0.008, 0.0092, 0.0074, 0.0076, 0.0076, 0.0076, 0.0076, 0.0024000000000000002, 0.0024000000000000002, 0.0024000000000000002, 0.0024000000000000002], [0.0002, 0.0005, 0.0005, 0.0002, 0.0001, 0.0002, 0.0001, 0.0005, 0.0001, 0.0001, 0.0002, 0.0005, 0.0, 0.0, 0.0, 0.0, 0.0004, 0.0004, 0.0004, 0.0004], [0.0005, 0.0008, 0.0008, 0.0005, 0.0, 0.0005, 0.0, 0.0008, 0.0, 0.0, 0.0005, 0.0008, 0.0, 0.0, 0.0, 0.0, 0.0002, 0.0002, 0.0002, 0.0002], [0.0, 0.0, 0.0, 0.0, 0.0, 0.0, 0.0, 0.0, 0.0, 0.0, 0.0, 0.0, 0.0, 0.0, 0.0, 0.0, 0.0, 0.0, 0.0, 0.0], [0.0, 0.0, 0.0, 0.0, 0.0, 0.0, 0.0, 0.0, 0.0, 0.0, 0.0, 0.0, 0.0, 0.0, 0.0, 0.0, 0.0, 0.0, 0.0, 0.0], [0.0, 0.0001, 0.0001, 0.0, 0.00030000000000000003, 0.0, 0.00030000000000000003, 0.0001, 0.00030000000000000003, 0.00030000000000000003, 0.0, 0.0001, 0.0, 0.0, 0.0, 0.0, 0.0, 0.0, 0.0, 0.0], [0.0001, 0.0, 0.0, 0.0001, 0.0001, 0.0001, 0.0001, 0.0, 0.0001, 0.0001, 0.0001, 0.0, 0.0, 0.0, 0.0, 0.0, 0.0, 0.0, 0.0, 0.0], [0.0, 0.0, 0.0, 0.0, 0.0, 0.0, 0.0, 0.0, 0.0, 0.0, 0.0, 0.0, 0.0, 0.0, 0.0, 0.0, 0.0, 0.0, 0.0, 0.0], [0.0007, 0.0, 0.0, 0.0007, 0.0002, 0.0007, 0.0002, 0.0, 0.0002, 0.0002, 0.0007, 0.0, 0.0, 0.0, 0.0, 0.0, 0.0, 0.0, 0.0, 0.0]]}}
bs_setyawan_curtarolo_vbm: {'band_index': {'1': [78, 79]}, 'kpoint_index': ['71'], 'kpoint': <pymatgen.electronic_structure.bandstructure.Kpoint object at 0x7fc5d4b5a3c0>, 'energy': 1.8766, 'projections': {'1': [[0.0001, 0.0002, 0.0002, 0.0, 0.0002, 0.0, 0.0001, 0.0002, 0.0001, 0.0002, 0.0001, 0.0002, 0.0, 0.0, 0.0, 0.0, 0.0, 0.0, 0.0, 0.0], [0.0006000000000000001, 0.0012000000000000001, 0.0012000000000000001, 0.0004, 0.0005, 0.0004, 0.0004, 0.0017000000000000001, 0.0004, 0.0005, 0.0006000000000000001, 0.0017000000000000001, 0.0, 0.0, 0.0, 0.0, 0.0658, 0.0931, 0.0932, 0.0656], [0.00030000000000000003, 0.0001, 0.0001, 0.0002, 0.0004, 0.0002, 0.00030000000000000003, 0.0002, 0.00030000000000000003, 0.0004, 0.00030000000000000003, 0.0002, 0.00030000000000000003, 0.0002, 0.0002, 0.00030000000000000003, 0.0337, 0.0478, 0.0477, 0.033600000000000005], [0.0001, 0.0044, 0.0044, 0.0001, 0.0033, 0.0001, 0.0047, 0.0031000000000000003, 0.0047, 0.0033, 0.0001, 0.0031000000000000003, 0.0, 0.0001, 0.0001, 0.0, 0.027600000000000003, 0.0195, 0.0195, 0.027600000000000003], [0.0, 0.0019, 0.0019, 0.0, 0.0009000000000000001, 0.0, 0.0013000000000000002, 0.0013000000000000002, 0.0013000000000000002, 0.0009000000000000001, 0.0, 0.0013000000000000002, 0.0, 0.0, 0.0, 0.0, 0.0, 0.0, 0.0, 0.0], [0.0008, 0.0004, 0.0004, 0.0005, 0.0005, 0.0005, 0.00030000000000000003, 0.0005, 0.00030000000000000003, 0.0005, 0.0008, 0.0005, 0.0, 0.0, 0.0, 0.0, 0.0, 0.0, 0.0, 0.0], [0.0002, 0.0, 0.0, 0.0002, 0.0, 0.0002, 0.0, 0.0001, 0.0, 0.0, 0.0002, 0.0001, 0.0, 0.0, 0.0, 0.0, 0.0, 0.0, 0.0, 0.0], [0.0001, 0.0002, 0.0002, 0.0001, 0.0006000000000000001, 0.0001, 0.0008, 0.0001, 0.0008, 0.0006000000000000001, 0.0001, 0.0001, 0.0, 0.0, 0.0, 0.0, 0.0, 0.0, 0.0, 0.0], [0.0002, 0.0, 0.0, 0.0001, 0.0, 0.0001, 0.0, 0.0, 0.0, 0.0, 0.0002, 0.0, 0.0, 0.0, 0.0, 0.0, 0.0, 0.0, 0.0, 0.0]]}}
bs_setyawan_curtarolo_efermi: 1.9739160900000001
bs_hinuma_task_id: mp-2154455
bs_hinuma_band_gap: 1.6127999999999991
bs_hinuma_cbm: {'band_index': {'1': [80]}, 'kpoint_index': [0, 45, 46], 'kpoint': <pymatgen.electronic_structure.bandstructure.Kpoint object at 0x7fc5d4b59d30>, 'energy': 3.4894, 'projections': {'1': [[0.0092, 0.0074, 0.0074, 0.0092, 0.008, 0.0092, 0.008, 0.0074, 0.008, 0.008, 0.0092, 0.0074, 0.0076, 0.0076, 0.0076, 0.0076, 0.0024000000000000002, 0.0024000000000000002, 0.0024000000000000002, 0.0024000000000000002], [0.0002, 0.0005, 0.0005, 0.0002, 0.0001, 0.0002, 0.0001, 0.0005, 0.0001, 0.0001, 0.0002, 0.0005, 0.0, 0.0, 0.0, 0.0, 0.0004, 0.0004, 0.0004, 0.0004], [0.0005, 0.0008, 0.0008, 0.0005, 0.0, 0.0005, 0.0, 0.0008, 0.0, 0.0, 0.0005, 0.0008, 0.0, 0.0, 0.0, 0.0, 0.0002, 0.0002, 0.0002, 0.0002], [0.0, 0.0, 0.0, 0.0, 0.0, 0.0, 0.0, 0.0, 0.0, 0.0, 0.0, 0.0, 0.0, 0.0, 0.0, 0.0, 0.0, 0.0, 0.0, 0.0], [0.0, 0.0, 0.0, 0.0, 0.0, 0.0, 0.0, 0.0, 0.0, 0.0, 0.0, 0.0, 0.0, 0.0, 0.0, 0.0, 0.0, 0.0, 0.0, 0.0], [0.0, 0.0001, 0.0001, 0.0, 0.00030000000000000003, 0.0, 0.00030000000000000003, 0.0001, 0.00030000000000000003, 0.00030000000000000003, 0.0, 0.0001, 0.0, 0.0, 0.0, 0.0, 0.0, 0.0, 0.0, 0.0], [0.0001, 0.0, 0.0, 0.0001, 0.0001, 0.0001, 0.0001, 0.0, 0.0001, 0.0001, 0.0001, 0.0, 0.0, 0.0, 0.0, 0.0, 0.0, 0.0, 0.0, 0.0], [0.0, 0.0, 0.0, 0.0, 0.0, 0.0, 0.0, 0.0, 0.0, 0.0, 0.0, 0.0, 0.0, 0.0, 0.0, 0.0, 0.0, 0.0, 0.0, 0.0], [0.0007, 0.0, 0.0, 0.0007, 0.0002, 0.0007, 0.0002, 0.0, 0.0002, 0.0002, 0.0007, 0.0, 0.0, 0.0, 0.0, 0.0, 0.0, 0.0, 0.0, 0.0]]}}
bs_hinuma_vbm: {'band_index': {'1': [78, 79]}, 'kpoint_index': ['71'], 'kpoint': <pymatgen.electronic_structure.bandstructure.Kpoint object at 0x7fc5d4b59e80>, 'energy': 1.8766, 'projections': {'1': [[0.0001, 0.0002, 0.0002, 0.0, 0.0002, 0.0, 0.0001, 0.0002, 0.0001, 0.0002, 0.0001, 0.0002, 0.0, 0.0, 0.0, 0.0, 0.0, 0.0, 0.0, 0.0], [0.0006000000000000001, 0.0012000000000000001, 0.0012000000000000001, 0.0004, 0.0005, 0.0004, 0.0004, 0.0017000000000000001, 0.0004, 0.0005, 0.0006000000000000001, 0.0017000000000000001, 0.0, 0.0, 0.0, 0.0, 0.0658, 0.0931, 0.0932, 0.0656], [0.00030000000000000003, 0.0001, 0.0001, 0.0002, 0.0004, 0.0002, 0.00030000000000000003, 0.0002, 0.00030000000000000003, 0.0004, 0.00030000000000000003, 0.0002, 0.00030000000000000003, 0.0002, 0.0002, 0.00030000000000000003, 0.0337, 0.0478, 0.0477, 0.033600000000000005], [0.0001, 0.0044, 0.0044, 0.0001, 0.0033, 0.0001, 0.0047, 0.0031000000000000003, 0.0047, 0.0033, 0.0001, 0.0031000000000000003, 0.0, 0.0001, 0.0001, 0.0, 0.027600000000000003, 0.0195, 0.0195, 0.027600000000000003], [0.0, 0.0019, 0.0019, 0.0, 0.0009000000000000001, 0.0, 0.0013000000000000002, 0.0013000000000000002, 0.0013000000000000002, 0.0009000000000000001, 0.0, 0.0013000000000000002, 0.0, 0.0, 0.0, 0.0, 0.0, 0.0, 0.0, 0.0], [0.0008, 0.0004, 0.0004, 0.0005, 0.0005, 0.0005, 0.00030000000000000003, 0.0005, 0.00030000000000000003, 0.0005, 0.0008, 0.0005, 0.0, 0.0, 0.0, 0.0, 0.0, 0.0, 0.0, 0.0], [0.0002, 0.0, 0.0, 0.0002, 0.0, 0.0002, 0.0, 0.0001, 0.0, 0.0, 0.0002, 0.0001, 0.0, 0.0, 0.0, 0.0, 0.0, 0.0, 0.0, 0.0], [0.0001, 0.0002, 0.0002, 0.0001, 0.0006000000000000001, 0.0001, 0.0008, 0.0001, 0.0008, 0.0006000000000000001, 0.0001, 0.0001, 0.0, 0.0, 0.0, 0.0, 0.0, 0.0, 0.0, 0.0], [0.0002, 0.0, 0.0, 0.0001, 0.0, 0.0001, 0.0, 0.0, 0.0, 0.0, 0.0002, 0.0, 0.0, 0.0, 0.0, 0.0, 0.0, 0.0, 0.0, 0.0]]}}
bs_hinuma_efermi: 1.9739160900000001
bs_latimer_munro_task_id: mp-2310962
bs_latimer_munro_band_gap: 1.6127999999999991
bs_latimer_munro_cbm: {'band_index': {'1': [80]}, 'kpoint_index': [23, 24, 115, 116, 180, 181], 'kpoint': <pymatgen.electronic_structure.bandstructure.Kpoint object at 0x7fc5d4b59be0>, 'energy': 3.4894, 'projections': {'1': [[0.0092, 0.0074, 0.0074, 0.0092, 0.008, 0.0092, 0.008, 0.0074, 0.008, 0.008, 0.0092, 0.0074, 0.0076, 0.0076, 0.0076, 0.0076, 0.0024000000000000002, 0.0024000000000000002, 0.0024000000000000002, 0.0024000000000000002], [0.0002, 0.0005, 0.0005, 0.0002, 0.0001, 0.0002, 0.0001, 0.0005, 0.0001, 0.0001, 0.0002, 0.0005, 0.0, 0.0, 0.0, 0.0, 0.0004, 0.0004, 0.0004, 0.0004], [0.0005, 0.0008, 0.0008, 0.0005, 0.0, 0.0005, 0.0, 0.0008, 0.0, 0.0, 0.0005, 0.0008, 0.0, 0.0, 0.0, 0.0, 0.0002, 0.0002, 0.0002, 0.0002], [0.0, 0.0, 0.0, 0.0, 0.0, 0.0, 0.0, 0.0, 0.0, 0.0, 0.0, 0.0, 0.0, 0.0, 0.0, 0.0, 0.0, 0.0, 0.0, 0.0], [0.0, 0.0, 0.0, 0.0, 0.0, 0.0, 0.0, 0.0, 0.0, 0.0, 0.0, 0.0, 0.0, 0.0, 0.0, 0.0, 0.0, 0.0, 0.0, 0.0], [0.0, 0.0001, 0.0001, 0.0, 0.00030000000000000003, 0.0, 0.00030000000000000003, 0.0001, 0.00030000000000000003, 0.00030000000000000003, 0.0, 0.0001, 0.0, 0.0, 0.0, 0.0, 0.0, 0.0, 0.0, 0.0], [0.0001, 0.0, 0.0, 0.0001, 0.0001, 0.0001, 0.0001, 0.0, 0.0001, 0.0001, 0.0001, 0.0, 0.0, 0.0, 0.0, 0.0, 0.0, 0.0, 0.0, 0.0], [0.0, 0.0, 0.0, 0.0, 0.0, 0.0, 0.0, 0.0, 0.0, 0.0, 0.0, 0.0, 0.0, 0.0, 0.0, 0.0, 0.0, 0.0, 0.0, 0.0], [0.0007, 0.0, 0.0, 0.0007, 0.0002, 0.0007, 0.0002, 0.0, 0.0002, 0.0002, 0.0007, 0.0, 0.0, 0.0, 0.0, 0.0, 0.0, 0.0, 0.0, 0.0]]}}
bs_latimer_munro_vbm: {'band_index': {'1': [78, 79]}, 'kpoint_index': ['1'], 'kpoint': <pymatgen.electronic_structure.bandstructure.Kpoint object at 0x7fc5d4b5a190>, 'energy': 1.8766, 'projections': {'1': [[0.0001, 0.0002, 0.0002, 0.0001, 0.0002, 0.0001, 0.0002, 0.0002, 0.0001, 0.0002, 0.0001, 0.0002, 0.0, 0.0, 0.0, 0.0, 0.0, 0.0, 0.0, 0.0], [0.0006000000000000001, 0.0013000000000000002, 0.0013000000000000002, 0.0005, 0.0006000000000000001, 0.0005, 0.0005, 0.0016, 0.0005, 0.0006000000000000001, 0.0006000000000000001, 0.0016, 0.0, 0.0, 0.0, 0.0, 0.0684, 0.0835, 0.08420000000000001, 0.06810000000000001], [0.00030000000000000003, 0.0001, 0.0001, 0.0002, 0.0004, 0.0002, 0.00030000000000000003, 0.0001, 0.00030000000000000003, 0.0004, 0.00030000000000000003, 0.0001, 0.00030000000000000003, 0.0002, 0.0002, 0.00030000000000000003, 0.0391, 0.048, 0.0482, 0.0392], [0.0001, 0.0041, 0.0041, 0.0001, 0.0037, 0.0001, 0.0045000000000000005, 0.0033, 0.0045000000000000005, 0.0037, 0.0001, 0.0034000000000000002, 0.0, 0.0, 0.0, 0.0, 0.0263, 0.021400000000000002, 0.021400000000000002, 0.0264], [0.0, 0.0018000000000000002, 0.0018000000000000002, 0.0, 0.0009000000000000001, 0.0, 0.0012000000000000001, 0.0014, 0.0012000000000000001, 0.0009000000000000001, 0.0, 0.0014, 0.0, 0.0, 0.0, 0.0, 0.0, 0.0, 0.0, 0.0], [0.0008, 0.0004, 0.0004, 0.0006000000000000001, 0.0005, 0.0006000000000000001, 0.0004, 0.0005, 0.0004, 0.0005, 0.0008, 0.0005, 0.0, 0.0, 0.0, 0.0, 0.0, 0.0, 0.0, 0.0], [0.0002, 0.0001, 0.0001, 0.0002, 0.0, 0.0002, 0.0, 0.0001, 0.0, 0.0, 0.0002, 0.0001, 0.0, 0.0, 0.0, 0.0, 0.0, 0.0, 0.0, 0.0], [0.0001, 0.0001, 0.0001, 0.0002, 0.0006000000000000001, 0.0001, 0.0008, 0.0001, 0.0008, 0.0006000000000000001, 0.0001, 0.0001, 0.0, 0.0, 0.0, 0.0, 0.0, 0.0, 0.0, 0.0], [0.0002, 0.0, 0.0, 0.0001, 0.0, 0.0001, 0.0, 0.0, 0.0, 0.0, 0.0002, 0.0, 0.0, 0.0, 0.0, 0.0, 0.0, 0.0, 0.0, 0.0]]}}
bs_latimer_munro_efermi: 1.97460758