material_id: mp-555909
band_gap: 3.7466
efermi: 1.66809139
dos_magnetic_ordering: NM
dos_total_task_id: mp-1708216
dos_total_band_gap: 3.759499999999999
dos_total_cbm: 5.3439
dos_total_vbm: 1.5844
dos_total_efermi: 1.57459171
bs_setyawan_curtarolo_task_id: mp-1606711
bs_setyawan_curtarolo_band_gap: 3.7466
bs_setyawan_curtarolo_cbm: {'band_index': {'1': [69]}, 'kpoint_index': ['34'], 'kpoint': <pymatgen.electronic_structure.bandstructure.Kpoint object at 0x7fc699d63930>, 'energy': 5.3201, 'projections': {'1': [[0.0, 0.0004, 0.0004, 0.0, 0.0, 0.0004, 0.0004, 0.0001, 0.0001, 0.0076, 0.0, 0.0086, 0.0086, 0.0, 0.0086, 0.0, 0.0086, 0.0001, 0.0001, 0.0], [0.002, 0.0017000000000000001, 0.0017000000000000001, 0.0011, 0.002, 0.0, 0.0, 0.0004, 0.0004, 0.0, 0.0012000000000000001, 0.0018000000000000002, 0.0018000000000000002, 0.0012000000000000001, 0.0018000000000000002, 0.0012000000000000001, 0.0018000000000000002, 0.0, 0.0, 0.0012000000000000001], [0.0, 0.0002, 0.0002, 0.0002, 0.0, 0.0004, 0.0004, 0.0004, 0.0004, 0.0, 0.0004, 0.0196, 0.0196, 0.0004, 0.0196, 0.0004, 0.0196, 0.0001, 0.0001, 0.0004], [0.0001, 0.001, 0.001, 0.0, 0.0001, 0.1241, 0.1242, 0.0015, 0.0015, 0.0007, 0.0008, 0.0025, 0.0025, 0.0008, 0.0025, 0.0008, 0.0025, 0.0166, 0.0166, 0.0008], [0.0001, 0.01, 0.01, 0.008, 0.0001, 0.0008, 0.0008, 0.0, 0.0, 0.0, 0.0, 0.0, 0.0, 0.0, 0.0, 0.0, 0.0, 0.0, 0.0, 0.0], [0.0001, 0.0112, 0.0112, 0.0, 0.0001, 0.0001, 0.0001, 0.0, 0.0, 0.0, 0.0, 0.0, 0.0, 0.0, 0.0, 0.0, 0.0, 0.0, 0.0, 0.0], [0.0007, 0.0017000000000000001, 0.0017000000000000001, 0.0, 0.0007, 0.0, 0.0, 0.0, 0.0, 0.0, 0.0, 0.0, 0.0, 0.0, 0.0, 0.0, 0.0, 0.0, 0.0, 0.0], [0.0002, 0.0011, 0.0011, 0.0497, 0.0002, 0.023700000000000002, 0.023700000000000002, 0.0, 0.0, 0.0, 0.0, 0.0, 0.0, 0.0, 0.0, 0.0, 0.0, 0.0, 0.0, 0.0], [0.0094, 0.0014, 0.0014, 0.0, 0.0094, 0.0, 0.0, 0.0, 0.0, 0.0, 0.0, 0.0, 0.0, 0.0, 0.0, 0.0, 0.0, 0.0, 0.0, 0.0]]}}
bs_setyawan_curtarolo_vbm: {'band_index': {'1': [68]}, 'kpoint_index': ['6'], 'kpoint': <pymatgen.electronic_structure.bandstructure.Kpoint object at 0x7fc5d4b59e80>, 'energy': 1.5735000000000001, 'projections': {'1': [[0.0, 0.0, 0.0, 0.0, 0.0, 0.0, 0.0, 0.0, 0.0, 0.0, 0.0001, 0.0, 0.0, 0.0001, 0.0, 0.0001, 0.0, 0.0, 0.0, 0.0001], [0.0, 0.0, 0.0, 0.0, 0.0, 0.0, 0.0, 0.0, 0.0, 0.0, 0.0022, 0.0001, 0.0001, 0.0022, 0.0001, 0.0022, 0.0001, 0.0, 0.0, 0.0022], [0.0, 0.0, 0.0, 0.0, 0.0, 0.0, 0.0, 0.0, 0.0, 0.0, 0.01, 0.0002, 0.0002, 0.01, 0.0002, 0.01, 0.0002, 0.0, 0.0, 0.01], [0.0142, 0.0019, 0.0019, 0.0092, 0.0142, 0.0004, 0.0004, 0.0162, 0.0162, 0.0051, 0.151, 0.0023, 0.0023, 0.151, 0.0023, 0.151, 0.0023, 0.0048000000000000004, 0.0048000000000000004, 0.151], [0.0034000000000000002, 0.0011, 0.0011, 0.0001, 0.0034000000000000002, 0.0004, 0.0004, 0.0, 0.0, 0.0, 0.0, 0.0, 0.0, 0.0, 0.0, 0.0, 0.0, 0.0, 0.0, 0.0], [0.0, 0.0, 0.0, 0.0, 0.0, 0.0, 0.0, 0.0, 0.0, 0.0, 0.0, 0.0, 0.0, 0.0, 0.0, 0.0, 0.0, 0.0, 0.0, 0.0], [0.0, 0.0, 0.0, 0.0, 0.0, 0.0, 0.0, 0.0, 0.0, 0.0, 0.0, 0.0, 0.0, 0.0, 0.0, 0.0, 0.0, 0.0, 0.0, 0.0], [0.028200000000000003, 0.0051, 0.0051, 0.00030000000000000003, 0.028200000000000003, 0.0001, 0.0001, 0.0, 0.0, 0.0, 0.0, 0.0, 0.0, 0.0, 0.0, 0.0, 0.0, 0.0, 0.0, 0.0], [0.0, 0.0, 0.0, 0.0, 0.0, 0.0, 0.0, 0.0, 0.0, 0.0, 0.0, 0.0, 0.0, 0.0, 0.0, 0.0, 0.0, 0.0, 0.0, 0.0]]}}
bs_setyawan_curtarolo_efermi: 1.66809139
bs_latimer_munro_task_id: mp-2686445
bs_latimer_munro_band_gap: 3.7466
bs_latimer_munro_cbm: {'band_index': {'1': [69]}, 'kpoint_index': ['66'], 'kpoint': <pymatgen.electronic_structure.bandstructure.Kpoint object at 0x7fc5d4b59c50>, 'energy': 5.3201, 'projections': {'1': [[0.0, 0.0004, 0.0004, 0.0, 0.0, 0.0004, 0.0004, 0.0001, 0.0001, 0.0076, 0.0, 0.0086, 0.0086, 0.0, 0.0086, 0.0, 0.0086, 0.0001, 0.0001, 0.0], [0.002, 0.0017000000000000001, 0.0017000000000000001, 0.0011, 0.002, 0.0, 0.0, 0.0004, 0.0004, 0.0, 0.0012000000000000001, 0.0018000000000000002, 0.0018000000000000002, 0.0012000000000000001, 0.0018000000000000002, 0.0012000000000000001, 0.0018000000000000002, 0.0, 0.0, 0.0012000000000000001], [0.0, 0.0002, 0.0002, 0.0002, 0.0, 0.0004, 0.0004, 0.0004, 0.0004, 0.0, 0.0004, 0.0196, 0.0196, 0.0004, 0.0196, 0.0004, 0.0196, 0.0001, 0.0001, 0.0004], [0.0001, 0.001, 0.001, 0.0, 0.0001, 0.1241, 0.1241, 0.0015, 0.0015, 0.0007, 0.0008, 0.0025, 0.0025, 0.0008, 0.0025, 0.0008, 0.0025, 0.0166, 0.0166, 0.0008], [0.0001, 0.01, 0.01, 0.008, 0.0001, 0.0008, 0.0008, 0.0, 0.0, 0.0, 0.0, 0.0, 0.0, 0.0, 0.0, 0.0, 0.0, 0.0, 0.0, 0.0], [0.0001, 0.0112, 0.0112, 0.0, 0.0001, 0.0001, 0.0001, 0.0, 0.0, 0.0, 0.0, 0.0, 0.0, 0.0, 0.0, 0.0, 0.0, 0.0, 0.0, 0.0], [0.0007, 0.0017000000000000001, 0.0017000000000000001, 0.0, 0.0007, 0.0, 0.0, 0.0, 0.0, 0.0, 0.0, 0.0, 0.0, 0.0, 0.0, 0.0, 0.0, 0.0, 0.0, 0.0], [0.0002, 0.0011, 0.0011, 0.049600000000000005, 0.0002, 0.023700000000000002, 0.023700000000000002, 0.0, 0.0, 0.0, 0.0, 0.0, 0.0, 0.0, 0.0, 0.0, 0.0, 0.0, 0.0, 0.0], [0.0094, 0.0014, 0.0014, 0.0, 0.0094, 0.0, 0.0, 0.0, 0.0, 0.0, 0.0, 0.0, 0.0, 0.0, 0.0, 0.0, 0.0, 0.0, 0.0, 0.0]]}}
bs_latimer_munro_vbm: {'band_index': {'1': [68]}, 'kpoint_index': ['121'], 'kpoint': <pymatgen.electronic_structure.bandstructure.Kpoint object at 0x7fc5d4b5a430>, 'energy': 1.5735000000000001, 'projections': {'1': [[0.0, 0.0, 0.0, 0.0, 0.0, 0.0, 0.0, 0.0, 0.0, 0.0, 0.0001, 0.0, 0.0, 0.0001, 0.0, 0.0001, 0.0, 0.0, 0.0, 0.0001], [0.0, 0.0, 0.0, 0.0, 0.0, 0.0, 0.0, 0.0, 0.0, 0.0, 0.0022, 0.0001, 0.0001, 0.0022, 0.0001, 0.0022, 0.0001, 0.0, 0.0, 0.0022], [0.0, 0.0, 0.0, 0.0, 0.0, 0.0, 0.0, 0.0, 0.0, 0.0, 0.01, 0.0002, 0.0002, 0.01, 0.0002, 0.01, 0.0002, 0.0, 0.0, 0.01], [0.0142, 0.0019, 0.0019, 0.0092, 0.0142, 0.0004, 0.0004, 0.0162, 0.0162, 0.0051, 0.151, 0.0023, 0.0023, 0.151, 0.0023, 0.151, 0.0023, 0.0048000000000000004, 0.0048000000000000004, 0.151], [0.0034000000000000002, 0.0011, 0.0011, 0.0001, 0.0034000000000000002, 0.0004, 0.0004, 0.0, 0.0, 0.0, 0.0, 0.0, 0.0, 0.0, 0.0, 0.0, 0.0, 0.0, 0.0, 0.0], [0.0, 0.0, 0.0, 0.0, 0.0, 0.0, 0.0, 0.0, 0.0, 0.0, 0.0, 0.0, 0.0, 0.0, 0.0, 0.0, 0.0, 0.0, 0.0, 0.0], [0.0, 0.0, 0.0, 0.0, 0.0, 0.0, 0.0, 0.0, 0.0, 0.0, 0.0, 0.0, 0.0, 0.0, 0.0, 0.0, 0.0, 0.0, 0.0, 0.0], [0.028200000000000003, 0.0051, 0.0051, 0.00030000000000000003, 0.028200000000000003, 0.0001, 0.0001, 0.0, 0.0, 0.0, 0.0, 0.0, 0.0, 0.0, 0.0, 0.0, 0.0, 0.0, 0.0, 0.0], [0.0, 0.0, 0.0, 0.0, 0.0, 0.0, 0.0, 0.0, 0.0, 0.0, 0.0, 0.0, 0.0, 0.0, 0.0, 0.0, 0.0, 0.0, 0.0, 0.0]]}}
bs_latimer_munro_efermi: 1.67195359