material_id: mp-505166
band_gap: 1.2269
efermi: 3.29498076
dos_magnetic_ordering: NM
dos_total_task_id: mp-1741644
dos_total_band_gap: 1.426799999999999
dos_total_cbm: 4.6712
dos_total_vbm: 3.2444
dos_total_efermi: 3.25665207
bs_setyawan_curtarolo_task_id: mp-842366
bs_setyawan_curtarolo_band_gap: 1.2269
bs_setyawan_curtarolo_cbm: {'band_index': {'1': [49]}, 'kpoint_index': [92], 'kpoint': <pymatgen.electronic_structure.bandstructure.Kpoint object at 0x7fc699d63930>, 'energy': 4.3872, 'projections': {'1': [[0.0007, 0.0, 0.0014, 0.0015, 0.0, 0.0, 0.00030000000000000003, 0.0, 0.0001, 0.0, 0.0, 0.00030000000000000003], [0.0, 0.0022, 0.0009000000000000001, 0.0009000000000000001, 0.0111, 0.0005, 0.0008, 0.0, 0.0005, 0.0115, 0.0001, 0.0009000000000000001], [0.0, 0.0001, 0.001, 0.001, 0.0007, 0.00030000000000000003, 0.0089, 0.0025, 0.00030000000000000003, 0.0005, 0.0026000000000000003, 0.0083], [0.0, 0.0013000000000000002, 0.0001, 0.0001, 0.0145, 0.017400000000000002, 0.0025, 0.0005, 0.0173, 0.014, 0.0006000000000000001, 0.0026000000000000003], [0.0001, 0.0, 0.0036000000000000003, 0.0034000000000000002, 0.0, 0.0, 0.0, 0.0, 0.0, 0.0, 0.0, 0.0], [0.0131, 0.0, 0.0008, 0.0005, 0.0, 0.0, 0.0, 0.0, 0.0, 0.0, 0.0, 0.0], [0.021, 0.0, 0.0494, 0.0475, 0.0, 0.0, 0.0, 0.0, 0.0, 0.0, 0.0, 0.0], [0.033, 0.0, 0.09480000000000001, 0.09530000000000001, 0.0, 0.0, 0.0, 0.0, 0.0, 0.0, 0.0, 0.0], [0.0021000000000000003, 0.0, 0.17650000000000002, 0.1776, 0.0, 0.0, 0.0, 0.0, 0.0, 0.0, 0.0, 0.0]]}}
bs_setyawan_curtarolo_vbm: {'band_index': {'1': [48]}, 'kpoint_index': [59], 'kpoint': <pymatgen.electronic_structure.bandstructure.Kpoint object at 0x7fc5d4b5a190>, 'energy': 3.1603, 'projections': {'1': [[0.0, 0.0609, 0.0007, 0.0007, 0.0001, 0.0012000000000000001, 0.0, 0.0005, 0.0014, 0.0001, 0.0005, 0.0], [0.0009000000000000001, 0.0, 0.0004, 0.0004, 0.005, 0.0002, 0.012, 0.0039000000000000003, 0.00030000000000000003, 0.005, 0.004, 0.0106], [0.0008, 0.0, 0.0, 0.0, 0.00030000000000000003, 0.0001, 0.021400000000000002, 0.0006000000000000001, 0.0002, 0.0004, 0.0004, 0.023200000000000002], [0.0002, 0.0, 0.0005, 0.0005, 0.0009000000000000001, 0.0296, 0.0004, 0.0022, 0.031400000000000004, 0.0014, 0.0019, 0.0002], [0.0, 0.0019, 0.0005, 0.001, 0.0, 0.0, 0.0, 0.0, 0.0, 0.0, 0.0, 0.0], [0.0, 0.029500000000000002, 0.0001, 0.0002, 0.0, 0.0, 0.0, 0.0, 0.0, 0.0, 0.0, 0.0], [0.0, 0.0698, 0.0094, 0.008400000000000001, 0.0, 0.0, 0.0, 0.0, 0.0, 0.0, 0.0, 0.0], [0.0, 0.4747, 0.0001, 0.0001, 0.0, 0.0, 0.0, 0.0, 0.0, 0.0, 0.0, 0.0], [0.0, 0.030500000000000003, 0.0004, 0.0009000000000000001, 0.0, 0.0, 0.0, 0.0, 0.0, 0.0, 0.0, 0.0]]}}
bs_setyawan_curtarolo_efermi: 3.29498076