material_id: mp-560936
band_gap: 4.1608
efermi: -1.23766368
dos_magnetic_ordering: FM
dos_total_task_id: mp-2261730
dos_total_band_gap: 4.136
dos_total_cbm: 2.8516
dos_total_vbm: -1.2844
dos_total_efermi: -1.27645768
bs_setyawan_curtarolo_task_id: mp-1601151
bs_setyawan_curtarolo_band_gap: 4.1608
bs_setyawan_curtarolo_cbm: {'band_index': {'1': [41], '-1': []}, 'kpoint_index': [15, 16, 108], 'kpoint': <pymatgen.electronic_structure.bandstructure.Kpoint object at 0x7fc699d63930>, 'energy': 2.8372, 'projections': {'1': [[0.0, 0.0, 0.018500000000000003, 0.00030000000000000003, 0.0059, 0.0023, 0.0023, 0.0023, 0.0059, 0.0023], [0.001, 0.001, 0.0, 0.0, 0.040100000000000004, 0.0, 0.0, 0.0, 0.0402, 0.0], [0.0, 0.0, 0.0, 0.0, 0.0, 0.006900000000000001, 0.006900000000000001, 0.0, 0.0, 0.0], [0.0, 0.0, 0.0, 0.0, 0.0, 0.0, 0.0, 0.0071, 0.0, 0.0071], [0.0, 0.0, 0.0, 0.0, 0.0, 0.0, 0.0, 0.0, 0.0, 0.0], [0.0, 0.0, 0.0, 0.0, 0.0, 0.0, 0.0, 0.0, 0.0, 0.0], [0.0, 0.0, 0.0, 0.18630000000000002, 0.0, 0.0, 0.0, 0.0, 0.0, 0.0], [0.0009000000000000001, 0.0009000000000000001, 0.0, 0.0, 0.0, 0.0, 0.0, 0.0, 0.0, 0.0], [0.0, 0.0, 0.0, 0.5646, 0.0, 0.0, 0.0, 0.0, 0.0, 0.0]]}}
bs_setyawan_curtarolo_vbm: {'band_index': {'1': [39, 40], '-1': []}, 'kpoint_index': [15, 16, 108], 'kpoint': <pymatgen.electronic_structure.bandstructure.Kpoint object at 0x7fc5d4b5a430>, 'energy': -1.323599999999999, 'projections': {'1': [[0.0, 0.0, 0.0, 0.0, 0.0, 0.0, 0.0, 0.0, 0.0, 0.0], [0.0, 0.0, 0.0, 0.0, 0.0, 0.073, 0.073, 0.0, 0.0, 0.0], [0.0007, 0.0007, 0.0, 0.0, 0.0873, 0.0, 0.0, 0.0, 0.0873, 0.0], [0.0, 0.0, 0.0, 0.0, 0.0, 0.0, 0.0, 0.0, 0.0, 0.0], [0.00030000000000000003, 0.00030000000000000003, 0.0, 0.0, 0.0, 0.0, 0.0, 0.0, 0.0, 0.0], [0.0, 0.0, 0.0, 0.5928, 0.0, 0.0, 0.0, 0.0, 0.0, 0.0], [0.0, 0.0, 0.0, 0.0, 0.0, 0.0, 0.0, 0.0, 0.0, 0.0], [0.0, 0.0, 0.0, 0.0, 0.0, 0.0, 0.0, 0.0, 0.0, 0.0], [0.0, 0.0, 0.0, 0.0, 0.0, 0.0, 0.0, 0.0, 0.0, 0.0]]}}
bs_setyawan_curtarolo_efermi: -1.23766368
bs_hinuma_task_id: mp-2069154
bs_hinuma_band_gap: 4.1608
bs_hinuma_cbm: {'band_index': {'1': [41], '-1': []}, 'kpoint_index': [15, 16, 74], 'kpoint': <pymatgen.electronic_structure.bandstructure.Kpoint object at 0x7fc5d4b5a200>, 'energy': 2.8372, 'projections': {'1': [[0.0, 0.0, 0.018500000000000003, 0.00030000000000000003, 0.0059, 0.0023, 0.0023, 0.0023, 0.0059, 0.0023], [0.001, 0.001, 0.0, 0.0, 0.040100000000000004, 0.0, 0.0, 0.0, 0.0402, 0.0], [0.0, 0.0, 0.0, 0.0, 0.0, 0.006900000000000001, 0.006900000000000001, 0.0, 0.0, 0.0], [0.0, 0.0, 0.0, 0.0, 0.0, 0.0, 0.0, 0.0071, 0.0, 0.0071], [0.0, 0.0, 0.0, 0.0, 0.0, 0.0, 0.0, 0.0, 0.0, 0.0], [0.0, 0.0, 0.0, 0.0, 0.0, 0.0, 0.0, 0.0, 0.0, 0.0], [0.0, 0.0, 0.0, 0.18630000000000002, 0.0, 0.0, 0.0, 0.0, 0.0, 0.0], [0.0009000000000000001, 0.0009000000000000001, 0.0, 0.0, 0.0, 0.0, 0.0, 0.0, 0.0, 0.0], [0.0, 0.0, 0.0, 0.5646, 0.0, 0.0, 0.0, 0.0, 0.0, 0.0]]}}
bs_hinuma_vbm: {'band_index': {'1': [39, 40], '-1': []}, 'kpoint_index': [15, 16, 74], 'kpoint': <pymatgen.electronic_structure.bandstructure.Kpoint object at 0x7fc5d4b59e80>, 'energy': -1.323599999999999, 'projections': {'1': [[0.0, 0.0, 0.0, 0.0, 0.0, 0.0, 0.0, 0.0, 0.0, 0.0], [0.0, 0.0, 0.0, 0.0, 0.0, 0.073, 0.073, 0.0, 0.0, 0.0], [0.0007, 0.0007, 0.0, 0.0, 0.0873, 0.0, 0.0, 0.0, 0.0873, 0.0], [0.0, 0.0, 0.0, 0.0, 0.0, 0.0, 0.0, 0.0, 0.0, 0.0], [0.00030000000000000003, 0.00030000000000000003, 0.0, 0.0, 0.0, 0.0, 0.0, 0.0, 0.0, 0.0], [0.0, 0.0, 0.0, 0.5928, 0.0, 0.0, 0.0, 0.0, 0.0, 0.0], [0.0, 0.0, 0.0, 0.0, 0.0, 0.0, 0.0, 0.0, 0.0, 0.0], [0.0, 0.0, 0.0, 0.0, 0.0, 0.0, 0.0, 0.0, 0.0, 0.0], [0.0, 0.0, 0.0, 0.0, 0.0, 0.0, 0.0, 0.0, 0.0, 0.0]]}}
bs_hinuma_efermi: -1.17938291
bs_latimer_munro_task_id: mp-2330485
bs_latimer_munro_band_gap: 4.1628
bs_latimer_munro_cbm: {'band_index': {'1': [41], '-1': []}, 'kpoint_index': [89, 90, 97], 'kpoint': <pymatgen.electronic_structure.bandstructure.Kpoint object at 0x7fc5d4b5a190>, 'energy': 2.8383000000000003, 'projections': {'1': [[0.0, 0.0, 0.018500000000000003, 0.00030000000000000003, 0.0023, 0.0059, 0.0059, 0.0023, 0.0023, 0.0023], [0.0, 0.0, 0.0, 0.0, 0.007, 0.0, 0.0, 0.0, 0.007, 0.0], [0.001, 0.001, 0.0, 0.0, 0.0, 0.040100000000000004, 0.040100000000000004, 0.0, 0.0, 0.0], [0.0, 0.0, 0.0, 0.0, 0.0, 0.0, 0.0, 0.007, 0.0, 0.007], [0.0009000000000000001, 0.0009000000000000001, 0.0, 0.0, 0.0, 0.0, 0.0, 0.0, 0.0, 0.0], [0.0, 0.0, 0.0, 0.0, 0.0, 0.0, 0.0, 0.0, 0.0, 0.0], [0.0, 0.0, 0.0, 0.751, 0.0, 0.0, 0.0, 0.0, 0.0, 0.0], [0.0, 0.0, 0.0, 0.0, 0.0, 0.0, 0.0, 0.0, 0.0, 0.0], [0.0, 0.0, 0.0, 0.0, 0.0, 0.0, 0.0, 0.0, 0.0, 0.0]]}}
bs_latimer_munro_vbm: {'band_index': {'1': [39, 40], '-1': []}, 'kpoint_index': [89, 90, 97], 'kpoint': <pymatgen.electronic_structure.bandstructure.Kpoint object at 0x7fc5d4b59d30>, 'energy': -1.3245, 'projections': {'1': [[0.0, 0.0, 0.0, 0.0, 0.0, 0.0, 0.0, 0.0, 0.0, 0.0], [0.0, 0.0, 0.0, 0.0, 0.0, 0.0002, 0.0002, 0.0, 0.0, 0.0], [0.0, 0.0, 0.0, 0.0, 0.0002, 0.0, 0.0, 0.0728, 0.0002, 0.0729], [0.0007, 0.0007, 0.0, 0.0, 0.0, 0.08710000000000001, 0.08710000000000001, 0.0, 0.0, 0.0], [0.0, 0.0, 0.0, 0.0, 0.0, 0.0, 0.0, 0.0, 0.0, 0.0], [0.00030000000000000003, 0.00030000000000000003, 0.0, 0.0014, 0.0, 0.0, 0.0, 0.0, 0.0, 0.0], [0.0, 0.0, 0.0, 0.0, 0.0, 0.0, 0.0, 0.0, 0.0, 0.0], [0.0, 0.0, 0.0, 0.5913, 0.0, 0.0, 0.0, 0.0, 0.0, 0.0], [0.0, 0.0, 0.0, 0.0, 0.0, 0.0, 0.0, 0.0, 0.0, 0.0]]}}
bs_latimer_munro_efermi: -1.2405444700000001