material_id: mp-559510
band_gap: 3.179899999999999
efermi: 2.26373337
dos_magnetic_ordering: NM
dos_total_task_id: mp-1741503
dos_total_band_gap: 3.6391
dos_total_cbm: 5.7381
dos_total_vbm: 2.099
dos_total_efermi: 2.08335627
bs_setyawan_curtarolo_task_id: mp-840059
bs_setyawan_curtarolo_band_gap: 3.179899999999999
bs_setyawan_curtarolo_cbm: {'band_index': {'1': [140]}, 'kpoint_index': [0], 'kpoint': <pymatgen.electronic_structure.bandstructure.Kpoint object at 0x7fc699d63930>, 'energy': 5.3214, 'projections': {'1': [[0.0039000000000000003, 0.0, 0.0, 0.0051, 0.0039000000000000003, 0.0051, 0.0039000000000000003, 0.0039000000000000003, 0.0001, 0.0001, 0.0001, 0.0001, 0.0001, 0.0001, 0.0001, 0.0, 0.0, 0.0001, 0.0001, 0.0001, 0.0001, 0.0, 0.0, 0.0002, 0.0001, 0.0, 0.0002, 0.0, 0.0, 0.0002, 0.0001, 0.0001, 0.0, 0.0001, 0.0001, 0.0002], [0.0, 0.0, 0.0, 0.0, 0.0, 0.0, 0.0, 0.0, 0.001, 0.001, 0.001, 0.001, 0.0027, 0.0025, 0.0027, 0.0, 0.0, 0.0027, 0.0001, 0.0025, 0.0027, 0.0, 0.0027, 0.0028, 0.0025, 0.0, 0.0028, 0.0027, 0.0027, 0.0028, 0.0001, 0.0001, 0.0027, 0.0001, 0.0025, 0.0028], [0.0, 0.0, 0.0, 0.0, 0.0, 0.0, 0.0, 0.0, 0.0006000000000000001, 0.0006000000000000001, 0.0006000000000000001, 0.0006000000000000001, 0.0004, 0.0001, 0.0004, 0.0002, 0.0002, 0.0004, 0.0037, 0.0001, 0.0004, 0.0002, 0.0016, 0.0056, 0.0001, 0.0002, 0.0056, 0.0016, 0.0016, 0.0056, 0.0037, 0.0037, 0.0016, 0.0037, 0.0001, 0.0056], [0.0005, 0.0001, 0.0001, 0.0012000000000000001, 0.0005, 0.0012000000000000001, 0.0005, 0.0005, 0.0001, 0.0001, 0.0001, 0.0001, 0.004200000000000001, 0.0005, 0.004200000000000001, 0.0007, 0.0007, 0.004200000000000001, 0.0047, 0.0005, 0.004200000000000001, 0.0007, 0.0012000000000000001, 0.0019, 0.0005, 0.0007, 0.0019, 0.0012000000000000001, 0.0012000000000000001, 0.0019, 0.0047, 0.0047, 0.0012000000000000001, 0.0047, 0.0005, 0.0019], [0.0001, 0.0, 0.0, 0.0, 0.0001, 0.0, 0.0001, 0.0001, 0.015600000000000001, 0.015600000000000001, 0.015600000000000001, 0.015600000000000001, 0.0, 0.0, 0.0, 0.0, 0.0, 0.0, 0.0, 0.0, 0.0, 0.0, 0.0, 0.0, 0.0, 0.0, 0.0, 0.0, 0.0, 0.0, 0.0, 0.0, 0.0, 0.0, 0.0, 0.0], [0.0009000000000000001, 0.0098, 0.0098, 0.00030000000000000003, 0.0009000000000000001, 0.00030000000000000003, 0.0009000000000000001, 0.0009000000000000001, 0.0429, 0.0429, 0.0429, 0.0429, 0.0, 0.0, 0.0, 0.0, 0.0, 0.0, 0.0, 0.0, 0.0, 0.0, 0.0, 0.0, 0.0, 0.0, 0.0, 0.0, 0.0, 0.0, 0.0, 0.0, 0.0, 0.0, 0.0, 0.0], [0.0007, 0.0, 0.0, 0.0007, 0.0007, 0.0007, 0.0007, 0.0007, 0.0142, 0.0142, 0.0142, 0.0142, 0.0, 0.0, 0.0, 0.0, 0.0, 0.0, 0.0, 0.0, 0.0, 0.0, 0.0, 0.0, 0.0, 0.0, 0.0, 0.0, 0.0, 0.0, 0.0, 0.0, 0.0, 0.0, 0.0, 0.0], [0.0, 0.0, 0.0, 0.0, 0.0, 0.0, 0.0, 0.0, 0.0189, 0.0189, 0.0189, 0.0189, 0.0, 0.0, 0.0, 0.0, 0.0, 0.0, 0.0, 0.0, 0.0, 0.0, 0.0, 0.0, 0.0, 0.0, 0.0, 0.0, 0.0, 0.0, 0.0, 0.0, 0.0, 0.0, 0.0, 0.0], [0.0, 0.0012000000000000001, 0.0012000000000000001, 0.0, 0.0, 0.0, 0.0, 0.0, 0.0661, 0.0661, 0.0661, 0.0661, 0.0, 0.0, 0.0, 0.0, 0.0, 0.0, 0.0, 0.0, 0.0, 0.0, 0.0, 0.0, 0.0, 0.0, 0.0, 0.0, 0.0, 0.0, 0.0, 0.0, 0.0, 0.0, 0.0, 0.0]]}}
bs_setyawan_curtarolo_vbm: {'band_index': {'1': [139]}, 'kpoint_index': [54, 55], 'kpoint': <pymatgen.electronic_structure.bandstructure.Kpoint object at 0x7fc5d4b59d30>, 'energy': 2.1415, 'projections': {'1': [[0.0011, 0.0008, 0.0008, 0.0, 0.0011, 0.0, 0.0011, 0.0011, 0.0, 0.0, 0.0, 0.0, 0.0001, 0.0, 0.0001, 0.0, 0.0, 0.0001, 0.0, 0.0, 0.0001, 0.0, 0.0001, 0.0, 0.0, 0.0, 0.0, 0.0001, 0.0001, 0.0, 0.0, 0.0, 0.0001, 0.0, 0.0, 0.0], [0.0007, 0.0, 0.0, 0.0017000000000000001, 0.0007, 0.0017000000000000001, 0.0007, 0.0007, 0.0, 0.0, 0.0, 0.0, 0.003, 0.024, 0.003, 0.032600000000000004, 0.032600000000000004, 0.003, 0.0006000000000000001, 0.024, 0.003, 0.032600000000000004, 0.0025, 0.0046, 0.024, 0.032600000000000004, 0.0046, 0.0025, 0.0025, 0.0046, 0.0006000000000000001, 0.0006000000000000001, 0.0025, 0.0006000000000000001, 0.024, 0.0046], [0.001, 0.0, 0.0, 0.0, 0.001, 0.0, 0.001, 0.001, 0.0, 0.0, 0.0, 0.0, 0.0002, 0.0029000000000000002, 0.0002, 0.0001, 0.0001, 0.0002, 0.0132, 0.0029000000000000002, 0.0002, 0.0001, 0.0129, 0.0412, 0.0029000000000000002, 0.0001, 0.0412, 0.0129, 0.0129, 0.0412, 0.0132, 0.0132, 0.0129, 0.0132, 0.0029000000000000002, 0.0412], [0.0005, 0.0006000000000000001, 0.0006000000000000001, 0.0, 0.0005, 0.0, 0.0005, 0.0005, 0.00030000000000000003, 0.00030000000000000003, 0.00030000000000000003, 0.00030000000000000003, 0.0013000000000000002, 0.0068000000000000005, 0.0013000000000000002, 0.0068000000000000005, 0.0068000000000000005, 0.0013000000000000002, 0.0031000000000000003, 0.0068000000000000005, 0.0013000000000000002, 0.0068000000000000005, 0.0223, 0.005200000000000001, 0.0068000000000000005, 0.0068000000000000005, 0.005200000000000001, 0.0223, 0.0223, 0.005200000000000001, 0.0031000000000000003, 0.0031000000000000003, 0.0223, 0.0031000000000000003, 0.0068000000000000005, 0.005200000000000001], [0.0001, 0.0, 0.0, 0.0, 0.0001, 0.0, 0.0001, 0.0001, 0.0, 0.0, 0.0, 0.0, 0.0, 0.0, 0.0, 0.0, 0.0, 0.0, 0.0, 0.0, 0.0, 0.0, 0.0, 0.0, 0.0, 0.0, 0.0, 0.0, 0.0, 0.0, 0.0, 0.0, 0.0, 0.0, 0.0, 0.0], [0.0013000000000000002, 0.0004, 0.0004, 0.0, 0.0013000000000000002, 0.0, 0.0013000000000000002, 0.0013000000000000002, 0.0, 0.0, 0.0, 0.0, 0.0, 0.0, 0.0, 0.0, 0.0, 0.0, 0.0, 0.0, 0.0, 0.0, 0.0, 0.0, 0.0, 0.0, 0.0, 0.0, 0.0, 0.0, 0.0, 0.0, 0.0, 0.0, 0.0, 0.0], [0.0013000000000000002, 0.0002, 0.0002, 0.0, 0.0013000000000000002, 0.0, 0.0013000000000000002, 0.0013000000000000002, 0.0001, 0.0001, 0.0001, 0.0001, 0.0, 0.0, 0.0, 0.0, 0.0, 0.0, 0.0, 0.0, 0.0, 0.0, 0.0, 0.0, 0.0, 0.0, 0.0, 0.0, 0.0, 0.0, 0.0, 0.0, 0.0, 0.0, 0.0, 0.0], [0.0008, 0.0, 0.0, 0.0, 0.0008, 0.0, 0.0008, 0.0008, 0.0, 0.0, 0.0, 0.0, 0.0, 0.0, 0.0, 0.0, 0.0, 0.0, 0.0, 0.0, 0.0, 0.0, 0.0, 0.0, 0.0, 0.0, 0.0, 0.0, 0.0, 0.0, 0.0, 0.0, 0.0, 0.0, 0.0, 0.0], [0.0, 0.0041, 0.0041, 0.0, 0.0, 0.0, 0.0, 0.0, 0.0001, 0.0001, 0.0001, 0.0001, 0.0, 0.0, 0.0, 0.0, 0.0, 0.0, 0.0, 0.0, 0.0, 0.0, 0.0, 0.0, 0.0, 0.0, 0.0, 0.0, 0.0, 0.0, 0.0, 0.0, 0.0, 0.0, 0.0, 0.0]]}}
bs_setyawan_curtarolo_efermi: 2.26373337