material_id: mp-545399
band_gap: 1.7121
efermi: 1.76968596
dos_magnetic_ordering: NM
dos_total_task_id: mp-2280081
dos_total_band_gap: 1.6255000000000002
dos_total_cbm: 3.2107
dos_total_vbm: 1.5852
dos_total_efermi: 1.55311838
bs_setyawan_curtarolo_task_id: mp-1590184
bs_setyawan_curtarolo_band_gap: 1.7121
bs_setyawan_curtarolo_cbm: {'band_index': {'1': [33]}, 'kpoint_index': [82, 83, 126], 'kpoint': <pymatgen.electronic_structure.bandstructure.Kpoint object at 0x7fc699d63930>, 'energy': 3.2158, 'projections': {'1': [[0.0, 0.0, 0.0036000000000000003, 0.0037, 0.0037, 0.0037, 0.0037, 0.0037, 0.0037], [0.0014, 0.0004, 0.0, 0.0106, 0.0106, 0.0463, 0.0126, 0.0126, 0.0463], [0.0, 0.0, 0.0114, 0.0134, 0.0134, 0.0134, 0.0134, 0.0134, 0.0134], [0.0014, 0.0004, 0.0, 0.0358, 0.0358, 0.0, 0.0337, 0.0337, 0.0], [0.0, 0.0666, 0.0, 0.0, 0.0, 0.0, 0.0, 0.0, 0.0], [0.0, 0.1635, 0.0, 0.0, 0.0, 0.0, 0.0, 0.0, 0.0], [0.0, 0.0, 0.0026000000000000003, 0.0, 0.0, 0.0, 0.0, 0.0, 0.0], [0.0, 0.1635, 0.0, 0.0, 0.0, 0.0, 0.0, 0.0, 0.0], [0.0, 0.0666, 0.0, 0.0, 0.0, 0.0, 0.0, 0.0, 0.0]]}}
bs_setyawan_curtarolo_vbm: {'band_index': {'1': [32]}, 'kpoint_index': ['120'], 'kpoint': <pymatgen.electronic_structure.bandstructure.Kpoint object at 0x7fc5d4b5a200>, 'energy': 1.5037, 'projections': {'1': [[0.0, 0.0001, 0.0, 0.0001, 0.0001, 0.0001, 0.0001, 0.0001, 0.0001], [0.0001, 0.0, 0.0004, 0.0443, 0.0443, 0.035500000000000004, 0.008700000000000001, 0.008700000000000001, 0.035500000000000004], [0.0, 0.0038, 0.0, 0.0611, 0.0611, 0.0611, 0.0611, 0.0611, 0.0611], [0.0001, 0.0, 0.0004, 0.014700000000000001, 0.014700000000000001, 0.0236, 0.050300000000000004, 0.050300000000000004, 0.0236], [0.0, 0.0, 0.0006000000000000001, 0.0, 0.0, 0.0, 0.0, 0.0, 0.0], [0.0, 0.0, 0.0, 0.0, 0.0, 0.0, 0.0, 0.0, 0.0], [0.0, 0.048100000000000004, 0.0, 0.0, 0.0, 0.0, 0.0, 0.0, 0.0], [0.0, 0.0, 0.0, 0.0, 0.0, 0.0, 0.0, 0.0, 0.0], [0.0, 0.0, 0.0006000000000000001, 0.0, 0.0, 0.0, 0.0, 0.0, 0.0]]}}
bs_setyawan_curtarolo_efermi: 1.76968596
bs_hinuma_task_id: mp-2193028
bs_hinuma_band_gap: 1.698599999999999
bs_hinuma_cbm: {'band_index': {'1': [33]}, 'kpoint_index': ['136'], 'kpoint': <pymatgen.electronic_structure.bandstructure.Kpoint object at 0x7fc5d4b59d30>, 'energy': 3.2023, 'projections': {'1': [[0.0, 0.0, 0.0035, 0.0037, 0.0037, 0.0037, 0.0037, 0.0037, 0.0037], [0.0012000000000000001, 0.00030000000000000003, 0.0, 0.0114, 0.0114, 0.0478, 0.0126, 0.0126, 0.0478], [0.0, 0.0, 0.010700000000000001, 0.0125, 0.0125, 0.0125, 0.0125, 0.0125, 0.0125], [0.0012000000000000001, 0.00030000000000000003, 0.0, 0.036500000000000005, 0.036500000000000005, 0.0001, 0.035300000000000005, 0.035300000000000005, 0.0001], [0.0, 0.0656, 0.0, 0.0, 0.0, 0.0, 0.0, 0.0, 0.0], [0.0, 0.16290000000000002, 0.0, 0.0, 0.0, 0.0, 0.0, 0.0, 0.0], [0.0, 0.0, 0.002, 0.0, 0.0, 0.0, 0.0, 0.0, 0.0], [0.0, 0.16290000000000002, 0.0, 0.0, 0.0, 0.0, 0.0, 0.0, 0.0], [0.0, 0.0656, 0.0, 0.0, 0.0, 0.0, 0.0, 0.0, 0.0]]}}
bs_hinuma_vbm: {'band_index': {'1': [32]}, 'kpoint_index': ['120'], 'kpoint': <pymatgen.electronic_structure.bandstructure.Kpoint object at 0x7fc5d4b5a3c0>, 'energy': 1.5037, 'projections': {'1': [[0.0, 0.0001, 0.0, 0.0001, 0.0001, 0.0001, 0.0001, 0.0001, 0.0001], [0.0001, 0.0, 0.0004, 0.0443, 0.0443, 0.035500000000000004, 0.008700000000000001, 0.008700000000000001, 0.035500000000000004], [0.0, 0.0038, 0.0, 0.0611, 0.0611, 0.0611, 0.0611, 0.0611, 0.0611], [0.0001, 0.0, 0.0004, 0.014700000000000001, 0.014700000000000001, 0.0236, 0.050300000000000004, 0.050300000000000004, 0.0236], [0.0, 0.0, 0.0006000000000000001, 0.0, 0.0, 0.0, 0.0, 0.0, 0.0], [0.0, 0.0, 0.0, 0.0, 0.0, 0.0, 0.0, 0.0, 0.0], [0.0, 0.048100000000000004, 0.0, 0.0, 0.0, 0.0, 0.0, 0.0, 0.0], [0.0, 0.0, 0.0, 0.0, 0.0, 0.0, 0.0, 0.0, 0.0], [0.0, 0.0, 0.0006000000000000001, 0.0, 0.0, 0.0, 0.0, 0.0, 0.0]]}}
bs_hinuma_efermi: 1.61967588
bs_latimer_munro_task_id: mp-2687462
bs_latimer_munro_band_gap: 1.698599999999999
bs_latimer_munro_cbm: {'band_index': {'1': [33]}, 'kpoint_index': ['57'], 'kpoint': <pymatgen.electronic_structure.bandstructure.Kpoint object at 0x7fc5d4b5a350>, 'energy': 3.2023, 'projections': {'1': [[0.0, 0.0, 0.0036000000000000003, 0.0037, 0.0037, 0.0037, 0.0037, 0.0037, 0.0037], [0.0012000000000000001, 0.00030000000000000003, 0.0, 0.0114, 0.0114, 0.0478, 0.0126, 0.0126, 0.0478], [0.0, 0.0, 0.010700000000000001, 0.0125, 0.0125, 0.0125, 0.0125, 0.0125, 0.0125], [0.0012000000000000001, 0.00030000000000000003, 0.0, 0.036500000000000005, 0.036500000000000005, 0.0001, 0.035300000000000005, 0.035300000000000005, 0.0001], [0.0, 0.0656, 0.0, 0.0, 0.0, 0.0, 0.0, 0.0, 0.0], [0.0, 0.16290000000000002, 0.0, 0.0, 0.0, 0.0, 0.0, 0.0, 0.0], [0.0, 0.0, 0.002, 0.0, 0.0, 0.0, 0.0, 0.0, 0.0], [0.0, 0.16290000000000002, 0.0, 0.0, 0.0, 0.0, 0.0, 0.0, 0.0], [0.0, 0.0656, 0.0, 0.0, 0.0, 0.0, 0.0, 0.0, 0.0]]}}
bs_latimer_munro_vbm: {'band_index': {'1': [32]}, 'kpoint_index': ['73'], 'kpoint': <pymatgen.electronic_structure.bandstructure.Kpoint object at 0x7fc5d4b59c50>, 'energy': 1.5037, 'projections': {'1': [[0.0, 0.0001, 0.0, 0.0001, 0.0001, 0.0001, 0.0001, 0.0001, 0.0001], [0.0001, 0.0, 0.0004, 0.0443, 0.0443, 0.035500000000000004, 0.008700000000000001, 0.008700000000000001, 0.035500000000000004], [0.0, 0.0038, 0.0, 0.0611, 0.0611, 0.0611, 0.0611, 0.0611, 0.0611], [0.0001, 0.0, 0.0004, 0.014700000000000001, 0.014700000000000001, 0.0236, 0.050300000000000004, 0.050300000000000004, 0.0236], [0.0, 0.0, 0.0006000000000000001, 0.0, 0.0, 0.0, 0.0, 0.0, 0.0], [0.0, 0.0, 0.0, 0.0, 0.0, 0.0, 0.0, 0.0, 0.0], [0.0, 0.048100000000000004, 0.0, 0.0, 0.0, 0.0, 0.0, 0.0, 0.0], [0.0, 0.0, 0.0, 0.0, 0.0, 0.0, 0.0, 0.0, 0.0], [0.0, 0.0, 0.0006000000000000001, 0.0, 0.0, 0.0, 0.0, 0.0, 0.0]]}}
bs_latimer_munro_efermi: 1.62225551