material_id: mp-553956
band_gap: 3.2968
efermi: 4.30697347
dos_magnetic_ordering: NM
dos_total_task_id: mp-1708064
dos_total_band_gap: 3.1573
dos_total_cbm: 7.4534
dos_total_vbm: 4.2961
dos_total_efermi: 4.29740261
bs_setyawan_curtarolo_task_id: mp-700672
bs_setyawan_curtarolo_band_gap: 3.2968
bs_setyawan_curtarolo_cbm: {'band_index': {'1': [50]}, 'kpoint_index': ['111'], 'kpoint': <pymatgen.electronic_structure.bandstructure.Kpoint object at 0x7fc699d63930>, 'energy': 7.5835, 'projections': {'1': [[0.003, 0.003, 0.0012000000000000001, 0.0012000000000000001, 0.002, 0.014, 0.014, 0.0004, 0.0004, 0.014100000000000001, 0.014100000000000001, 0.0074, 0.0074], [0.0019, 0.0019, 0.0309, 0.0309, 0.0053, 0.0007, 0.0007, 0.0018000000000000002, 0.0018000000000000002, 0.0007, 0.0007, 0.0007, 0.0007], [0.0026000000000000003, 0.0026000000000000003, 0.034300000000000004, 0.034300000000000004, 0.0026000000000000003, 0.0029000000000000002, 0.0029000000000000002, 0.009000000000000001, 0.009000000000000001, 0.0014, 0.0014, 0.0006000000000000001, 0.0006000000000000001], [0.0055000000000000005, 0.0055000000000000005, 0.1066, 0.1066, 0.013600000000000001, 0.0018000000000000002, 0.0018000000000000002, 0.0023, 0.0023, 0.0036000000000000003, 0.0036000000000000003, 0.0055000000000000005, 0.0055000000000000005], [0.0, 0.0, 0.0001, 0.0001, 0.0001, 0.0, 0.0, 0.0, 0.0, 0.0, 0.0, 0.0, 0.0], [0.0, 0.0, 0.0001, 0.0001, 0.0, 0.0, 0.0, 0.0, 0.0, 0.0, 0.0, 0.0, 0.0], [0.0, 0.0, 0.0002, 0.0002, 0.0, 0.0, 0.0, 0.0, 0.0, 0.0, 0.0, 0.0, 0.0], [0.0, 0.0, 0.0005, 0.0005, 0.0, 0.0, 0.0, 0.0, 0.0, 0.0, 0.0, 0.0, 0.0], [0.0, 0.0, 0.0001, 0.0001, 0.0, 0.0, 0.0, 0.0, 0.0, 0.0, 0.0, 0.0, 0.0]]}}
bs_setyawan_curtarolo_vbm: {'band_index': {'1': [49]}, 'kpoint_index': ['73'], 'kpoint': <pymatgen.electronic_structure.bandstructure.Kpoint object at 0x7fc5d4b5a190>, 'energy': 4.2867, 'projections': {'1': [[0.0, 0.0, 0.0056, 0.0056, 0.11610000000000001, 0.0004, 0.0004, 0.0004, 0.0004, 0.0001, 0.0001, 0.0001, 0.0001], [0.0001, 0.0001, 0.0001, 0.0001, 0.0, 0.0135, 0.0135, 0.0135, 0.0135, 0.0364, 0.0364, 0.0135, 0.0135], [0.0, 0.0, 0.0, 0.0, 0.0, 0.0621, 0.0621, 0.0621, 0.0621, 0.0974, 0.0974, 0.0005, 0.0005], [0.0, 0.0, 0.0, 0.0, 0.0, 0.0129, 0.0129, 0.0129, 0.0129, 0.0009000000000000001, 0.0009000000000000001, 0.0027, 0.0027], [0.0, 0.0, 0.0001, 0.0001, 0.0, 0.0, 0.0, 0.0, 0.0, 0.0, 0.0, 0.0, 0.0], [0.0, 0.0, 0.0, 0.0, 0.00030000000000000003, 0.0, 0.0, 0.0, 0.0, 0.0, 0.0, 0.0, 0.0], [0.0, 0.0, 0.0, 0.0, 0.0029000000000000002, 0.0, 0.0, 0.0, 0.0, 0.0, 0.0, 0.0, 0.0], [0.0, 0.0, 0.0, 0.0, 0.0, 0.0, 0.0, 0.0, 0.0, 0.0, 0.0, 0.0, 0.0], [0.0, 0.0, 0.0, 0.0, 0.0, 0.0, 0.0, 0.0, 0.0, 0.0, 0.0, 0.0, 0.0]]}}
bs_setyawan_curtarolo_efermi: 4.30697347
bs_latimer_munro_task_id: mp-2604526
bs_latimer_munro_band_gap: 3.2652
bs_latimer_munro_cbm: {'band_index': {'1': [50]}, 'kpoint_index': ['28'], 'kpoint': <pymatgen.electronic_structure.bandstructure.Kpoint object at 0x7fc5d4b59e80>, 'energy': 7.5492, 'projections': {'1': [[0.0023, 0.0023, 0.006200000000000001, 0.006200000000000001, 0.0009000000000000001, 0.0158, 0.0158, 0.0158, 0.0158, 0.0009000000000000001, 0.0009000000000000001, 0.007500000000000001, 0.007500000000000001], [0.0057, 0.0057, 0.1302, 0.1302, 0.0437, 0.0029000000000000002, 0.0029000000000000002, 0.0029000000000000002, 0.0029000000000000002, 0.0026000000000000003, 0.0026000000000000003, 0.0054, 0.0054], [0.0021000000000000003, 0.0021000000000000003, 0.0252, 0.0252, 0.0043, 0.00030000000000000003, 0.00030000000000000003, 0.00030000000000000003, 0.00030000000000000003, 0.0056, 0.0056, 0.0007, 0.0007], [0.0, 0.0, 0.0, 0.0, 0.0, 0.0001, 0.0001, 0.0001, 0.0001, 0.0, 0.0, 0.0, 0.0], [0.0, 0.0, 0.0, 0.0, 0.0, 0.0, 0.0, 0.0, 0.0, 0.0, 0.0, 0.0, 0.0], [0.0, 0.0, 0.0002, 0.0002, 0.0, 0.0, 0.0, 0.0, 0.0, 0.0, 0.0, 0.0, 0.0], [0.0, 0.0, 0.0002, 0.0002, 0.0, 0.0, 0.0, 0.0, 0.0, 0.0, 0.0, 0.0, 0.0], [0.0, 0.0, 0.0, 0.0, 0.0, 0.0, 0.0, 0.0, 0.0, 0.0, 0.0, 0.0, 0.0], [0.0, 0.0, 0.0004, 0.0004, 0.0002, 0.0, 0.0, 0.0, 0.0, 0.0, 0.0, 0.0, 0.0]]}}
bs_latimer_munro_vbm: {'band_index': {'1': [49]}, 'kpoint_index': ['60'], 'kpoint': <pymatgen.electronic_structure.bandstructure.Kpoint object at 0x7fc5d4b5a350>, 'energy': 4.284, 'projections': {'1': [[0.0, 0.0, 0.0056, 0.0056, 0.11620000000000001, 0.0004, 0.0004, 0.0004, 0.0004, 0.0001, 0.0001, 0.0001, 0.0001], [0.0001, 0.0001, 0.0001, 0.0001, 0.0, 0.0135, 0.0135, 0.0135, 0.0135, 0.036500000000000005, 0.036500000000000005, 0.0135, 0.0135], [0.0, 0.0, 0.0, 0.0, 0.0, 0.0621, 0.0621, 0.0621, 0.0621, 0.09730000000000001, 0.09730000000000001, 0.0005, 0.0005], [0.0, 0.0, 0.0, 0.0, 0.0, 0.0129, 0.0129, 0.0129, 0.0129, 0.0009000000000000001, 0.0009000000000000001, 0.0026000000000000003, 0.0026000000000000003], [0.0, 0.0, 0.0001, 0.0001, 0.0, 0.0, 0.0, 0.0, 0.0, 0.0, 0.0, 0.0, 0.0], [0.0, 0.0, 0.0, 0.0, 0.00030000000000000003, 0.0, 0.0, 0.0, 0.0, 0.0, 0.0, 0.0, 0.0], [0.0, 0.0, 0.0, 0.0, 0.0029000000000000002, 0.0, 0.0, 0.0, 0.0, 0.0, 0.0, 0.0, 0.0], [0.0, 0.0, 0.0, 0.0, 0.0, 0.0, 0.0, 0.0, 0.0, 0.0, 0.0, 0.0, 0.0], [0.0, 0.0, 0.0, 0.0, 0.0, 0.0, 0.0, 0.0, 0.0, 0.0, 0.0, 0.0, 0.0]]}}
bs_latimer_munro_efermi: 4.4355887