material_id: mp-562797
band_gap: 1.9118
efermi: 2.14812426
dos_magnetic_ordering: FM
dos_total_task_id: mp-1757747
dos_total_band_gap: 1.887
dos_total_cbm: 3.9855
dos_total_vbm: 2.0985
dos_total_efermi: 2.10196265
bs_setyawan_curtarolo_task_id: mp-1615955
bs_setyawan_curtarolo_band_gap: 1.9118
bs_setyawan_curtarolo_cbm: {'band_index': {'1': [100], '-1': []}, 'kpoint_index': [0], 'kpoint': <pymatgen.electronic_structure.bandstructure.Kpoint object at 0x7fc699d63930>, 'energy': 4.0072, 'projections': {'1': [[0.0002, 0.0002, 0.0002, 0.0002, 0.0002, 0.0002, 0.0001, 0.0001, 0.0001, 0.0001, 0.0012000000000000001, 0.0, 0.0001, 0.0012000000000000001, 0.00030000000000000003, 0.00030000000000000003, 0.0001, 0.0, 0.0, 0.00030000000000000003, 0.0012000000000000001, 0.0012000000000000001, 0.0001, 0.0001, 0.0001, 0.0001, 0.0001, 0.0, 0.0001, 0.00030000000000000003], [0.0, 0.0, 0.0, 0.0, 0.0, 0.0, 0.0001, 0.0001, 0.0001, 0.0001, 0.0036000000000000003, 0.0004, 0.0002, 0.0036000000000000003, 0.0001, 0.0001, 0.0006000000000000001, 0.0004, 0.0004, 0.0001, 0.0036000000000000003, 0.0036000000000000003, 0.0006000000000000001, 0.0002, 0.0006000000000000001, 0.0002, 0.0006000000000000001, 0.0004, 0.0002, 0.0001], [0.0001, 0.0001, 0.0001, 0.0001, 0.0, 0.0, 0.0013000000000000002, 0.0013000000000000002, 0.0013000000000000002, 0.0013000000000000002, 0.0001, 0.001, 0.0, 0.0001, 0.002, 0.002, 0.0023, 0.001, 0.001, 0.002, 0.0001, 0.0001, 0.0023, 0.0, 0.0023, 0.0, 0.0023, 0.001, 0.0, 0.002], [0.0001, 0.0001, 0.0001, 0.0001, 0.0, 0.0, 0.0, 0.0, 0.0, 0.0, 0.001, 0.0, 0.00030000000000000003, 0.001, 0.0026000000000000003, 0.0026000000000000003, 0.0016, 0.0, 0.0, 0.0026000000000000003, 0.001, 0.001, 0.0016, 0.00030000000000000003, 0.0016, 0.00030000000000000003, 0.0016, 0.0, 0.00030000000000000003, 0.0026000000000000003], [0.00030000000000000003, 0.00030000000000000003, 0.00030000000000000003, 0.00030000000000000003, 0.2514, 0.2514, 0.0, 0.0, 0.0, 0.0, 0.0, 0.0, 0.0, 0.0, 0.0, 0.0, 0.0, 0.0, 0.0, 0.0, 0.0, 0.0, 0.0, 0.0, 0.0, 0.0, 0.0, 0.0, 0.0, 0.0], [0.0015, 0.0015, 0.0015, 0.0015, 0.0036000000000000003, 0.0036000000000000003, 0.0, 0.0, 0.0, 0.0, 0.0, 0.0, 0.0, 0.0, 0.0, 0.0, 0.0, 0.0, 0.0, 0.0, 0.0, 0.0, 0.0, 0.0, 0.0, 0.0, 0.0, 0.0, 0.0, 0.0], [0.0458, 0.0458, 0.0458, 0.0458, 0.0228, 0.0228, 0.0, 0.0, 0.0, 0.0, 0.0, 0.0, 0.0, 0.0, 0.0, 0.0, 0.0, 0.0, 0.0, 0.0, 0.0, 0.0, 0.0, 0.0, 0.0, 0.0, 0.0, 0.0, 0.0, 0.0], [0.0097, 0.0097, 0.0097, 0.0097, 0.0247, 0.0247, 0.0, 0.0, 0.0, 0.0, 0.0, 0.0, 0.0, 0.0, 0.0, 0.0, 0.0, 0.0, 0.0, 0.0, 0.0, 0.0, 0.0, 0.0, 0.0, 0.0, 0.0, 0.0, 0.0, 0.0], [0.0012000000000000001, 0.0012000000000000001, 0.0012000000000000001, 0.0012000000000000001, 0.009600000000000001, 0.009600000000000001, 0.0, 0.0, 0.0, 0.0, 0.0, 0.0, 0.0, 0.0, 0.0, 0.0, 0.0, 0.0, 0.0, 0.0, 0.0, 0.0, 0.0, 0.0, 0.0, 0.0, 0.0, 0.0, 0.0, 0.0]]}}
bs_setyawan_curtarolo_vbm: {'band_index': {'1': [99], '-1': []}, 'kpoint_index': [0], 'kpoint': <pymatgen.electronic_structure.bandstructure.Kpoint object at 0x7fc5d4b59be0>, 'energy': 2.0954, 'projections': {'1': [[0.0, 0.0, 0.0, 0.0, 0.0, 0.0, 0.0005, 0.0005, 0.0005, 0.0005, 0.0, 0.0, 0.002, 0.0, 0.0017000000000000001, 0.0017000000000000001, 0.0, 0.0, 0.0, 0.0017000000000000001, 0.0, 0.0, 0.0, 0.002, 0.0, 0.002, 0.0, 0.0, 0.002, 0.0017000000000000001], [0.0001, 0.0001, 0.0001, 0.0001, 0.0, 0.0, 0.0001, 0.0001, 0.0001, 0.0001, 0.0001, 0.0015, 0.0222, 0.0001, 0.00030000000000000003, 0.00030000000000000003, 0.00030000000000000003, 0.0015, 0.0015, 0.00030000000000000003, 0.0001, 0.0001, 0.00030000000000000003, 0.0222, 0.00030000000000000003, 0.0222, 0.00030000000000000003, 0.0015, 0.0222, 0.00030000000000000003], [0.0, 0.0, 0.0, 0.0, 0.0, 0.0, 0.0009000000000000001, 0.0009000000000000001, 0.0009000000000000001, 0.0009000000000000001, 0.00030000000000000003, 0.0004, 0.0238, 0.00030000000000000003, 0.006200000000000001, 0.006200000000000001, 0.0047, 0.0004, 0.0004, 0.006200000000000001, 0.00030000000000000003, 0.00030000000000000003, 0.0047, 0.0238, 0.0047, 0.0238, 0.0047, 0.0004, 0.0238, 0.006200000000000001], [0.00030000000000000003, 0.00030000000000000003, 0.00030000000000000003, 0.00030000000000000003, 0.0, 0.0, 0.0, 0.0, 0.0, 0.0, 0.0, 0.014400000000000001, 0.004, 0.0, 0.0262, 0.0262, 0.0001, 0.014400000000000001, 0.014400000000000001, 0.0262, 0.0, 0.0, 0.0, 0.004, 0.0, 0.004, 0.0, 0.014400000000000001, 0.004, 0.0262], [0.0008, 0.0008, 0.0008, 0.0008, 0.013900000000000001, 0.013900000000000001, 0.0, 0.0, 0.0, 0.0, 0.0, 0.0, 0.0, 0.0, 0.0, 0.0, 0.0, 0.0, 0.0, 0.0, 0.0, 0.0, 0.0, 0.0, 0.0, 0.0, 0.0, 0.0, 0.0, 0.0], [0.0019, 0.0019, 0.0019, 0.0019, 0.0024000000000000002, 0.0024000000000000002, 0.0, 0.0, 0.0, 0.0, 0.0, 0.0, 0.0, 0.0, 0.0, 0.0, 0.0, 0.0, 0.0, 0.0, 0.0, 0.0, 0.0, 0.0, 0.0, 0.0, 0.0, 0.0, 0.0, 0.0], [0.0002, 0.0002, 0.0002, 0.0002, 0.1741, 0.1741, 0.0, 0.0, 0.0, 0.0, 0.0, 0.0, 0.0, 0.0, 0.0, 0.0, 0.0, 0.0, 0.0, 0.0, 0.0, 0.0, 0.0, 0.0, 0.0, 0.0, 0.0, 0.0, 0.0, 0.0], [0.0002, 0.0002, 0.0002, 0.0002, 0.0177, 0.0177, 0.0, 0.0, 0.0, 0.0, 0.0, 0.0, 0.0, 0.0, 0.0, 0.0, 0.0, 0.0, 0.0, 0.0, 0.0, 0.0, 0.0, 0.0, 0.0, 0.0, 0.0, 0.0, 0.0, 0.0], [0.0005, 0.0005, 0.0005, 0.0005, 0.0094, 0.0094, 0.0, 0.0, 0.0, 0.0, 0.0, 0.0, 0.0, 0.0, 0.0, 0.0, 0.0, 0.0, 0.0, 0.0, 0.0, 0.0, 0.0, 0.0, 0.0, 0.0, 0.0, 0.0, 0.0, 0.0]]}}
bs_setyawan_curtarolo_efermi: 2.14812426
bs_latimer_munro_task_id: mp-2313984
bs_latimer_munro_band_gap: 1.9118
bs_latimer_munro_cbm: {'band_index': {'1': [100], '-1': []}, 'kpoint_index': [43, 44, 57, 97, 98, 109, 225], 'kpoint': <pymatgen.electronic_structure.bandstructure.Kpoint object at 0x7fc5d4b5a350>, 'energy': 4.0072, 'projections': {'1': [[0.0002, 0.0002, 0.0002, 0.0002, 0.0002, 0.0002, 0.0001, 0.0001, 0.0001, 0.0001, 0.0012000000000000001, 0.0, 0.0001, 0.0012000000000000001, 0.00030000000000000003, 0.00030000000000000003, 0.0001, 0.0, 0.0, 0.00030000000000000003, 0.0012000000000000001, 0.0012000000000000001, 0.0001, 0.0001, 0.0001, 0.0001, 0.0001, 0.0, 0.0001, 0.00030000000000000003], [0.0, 0.0, 0.0, 0.0, 0.0, 0.0, 0.0001, 0.0001, 0.0001, 0.0001, 0.0036000000000000003, 0.0004, 0.0002, 0.0036000000000000003, 0.0001, 0.0001, 0.0006000000000000001, 0.0004, 0.0004, 0.0001, 0.0036000000000000003, 0.0036000000000000003, 0.0006000000000000001, 0.0002, 0.0006000000000000001, 0.0002, 0.0006000000000000001, 0.0004, 0.0002, 0.0001], [0.0001, 0.0001, 0.0001, 0.0001, 0.0, 0.0, 0.0013000000000000002, 0.0013000000000000002, 0.0013000000000000002, 0.0013000000000000002, 0.0001, 0.001, 0.0, 0.0001, 0.002, 0.002, 0.0023, 0.001, 0.001, 0.002, 0.0001, 0.0001, 0.0023, 0.0, 0.0023, 0.0, 0.0023, 0.001, 0.0, 0.002], [0.0001, 0.0001, 0.0001, 0.0001, 0.0, 0.0, 0.0, 0.0, 0.0, 0.0, 0.001, 0.0, 0.00030000000000000003, 0.001, 0.0026000000000000003, 0.0026000000000000003, 0.0016, 0.0, 0.0, 0.0026000000000000003, 0.001, 0.001, 0.0016, 0.00030000000000000003, 0.0016, 0.00030000000000000003, 0.0016, 0.0, 0.00030000000000000003, 0.0026000000000000003], [0.00030000000000000003, 0.00030000000000000003, 0.00030000000000000003, 0.00030000000000000003, 0.2514, 0.2514, 0.0, 0.0, 0.0, 0.0, 0.0, 0.0, 0.0, 0.0, 0.0, 0.0, 0.0, 0.0, 0.0, 0.0, 0.0, 0.0, 0.0, 0.0, 0.0, 0.0, 0.0, 0.0, 0.0, 0.0], [0.0015, 0.0015, 0.0015, 0.0015, 0.0036000000000000003, 0.0036000000000000003, 0.0, 0.0, 0.0, 0.0, 0.0, 0.0, 0.0, 0.0, 0.0, 0.0, 0.0, 0.0, 0.0, 0.0, 0.0, 0.0, 0.0, 0.0, 0.0, 0.0, 0.0, 0.0, 0.0, 0.0], [0.0458, 0.0458, 0.0458, 0.0458, 0.0228, 0.0228, 0.0, 0.0, 0.0, 0.0, 0.0, 0.0, 0.0, 0.0, 0.0, 0.0, 0.0, 0.0, 0.0, 0.0, 0.0, 0.0, 0.0, 0.0, 0.0, 0.0, 0.0, 0.0, 0.0, 0.0], [0.0097, 0.0097, 0.0097, 0.0097, 0.0247, 0.0247, 0.0, 0.0, 0.0, 0.0, 0.0, 0.0, 0.0, 0.0, 0.0, 0.0, 0.0, 0.0, 0.0, 0.0, 0.0, 0.0, 0.0, 0.0, 0.0, 0.0, 0.0, 0.0, 0.0, 0.0], [0.0012000000000000001, 0.0012000000000000001, 0.0012000000000000001, 0.0012000000000000001, 0.009600000000000001, 0.009600000000000001, 0.0, 0.0, 0.0, 0.0, 0.0, 0.0, 0.0, 0.0, 0.0, 0.0, 0.0, 0.0, 0.0, 0.0, 0.0, 0.0, 0.0, 0.0, 0.0, 0.0, 0.0, 0.0, 0.0, 0.0]]}}
bs_latimer_munro_vbm: {'band_index': {'1': [99], '-1': []}, 'kpoint_index': [43, 44, 57, 97, 98, 109, 225], 'kpoint': <pymatgen.electronic_structure.bandstructure.Kpoint object at 0x7fc5d4b59d30>, 'energy': 2.0954, 'projections': {'1': [[0.0, 0.0, 0.0, 0.0, 0.0, 0.0, 0.0005, 0.0005, 0.0005, 0.0005, 0.0, 0.0, 0.002, 0.0, 0.0017000000000000001, 0.0017000000000000001, 0.0, 0.0, 0.0, 0.0017000000000000001, 0.0, 0.0, 0.0, 0.002, 0.0, 0.002, 0.0, 0.0, 0.002, 0.0017000000000000001], [0.0001, 0.0001, 0.0001, 0.0001, 0.0, 0.0, 0.0001, 0.0001, 0.0001, 0.0001, 0.0001, 0.0015, 0.0222, 0.0001, 0.00030000000000000003, 0.00030000000000000003, 0.00030000000000000003, 0.0015, 0.0015, 0.00030000000000000003, 0.0001, 0.0001, 0.00030000000000000003, 0.0222, 0.00030000000000000003, 0.0222, 0.00030000000000000003, 0.0015, 0.0222, 0.00030000000000000003], [0.0, 0.0, 0.0, 0.0, 0.0, 0.0, 0.0009000000000000001, 0.0009000000000000001, 0.0009000000000000001, 0.0009000000000000001, 0.00030000000000000003, 0.0004, 0.0238, 0.00030000000000000003, 0.006200000000000001, 0.006200000000000001, 0.0047, 0.0004, 0.0004, 0.006200000000000001, 0.00030000000000000003, 0.00030000000000000003, 0.0047, 0.0238, 0.0047, 0.0238, 0.0047, 0.0004, 0.0238, 0.006200000000000001], [0.00030000000000000003, 0.00030000000000000003, 0.00030000000000000003, 0.00030000000000000003, 0.0, 0.0, 0.0, 0.0, 0.0, 0.0, 0.0, 0.014400000000000001, 0.004, 0.0, 0.0262, 0.0262, 0.0, 0.014400000000000001, 0.014400000000000001, 0.0262, 0.0, 0.0, 0.0, 0.004, 0.0, 0.004, 0.0, 0.014400000000000001, 0.004, 0.0262], [0.0008, 0.0008, 0.0008, 0.0008, 0.013900000000000001, 0.013900000000000001, 0.0, 0.0, 0.0, 0.0, 0.0, 0.0, 0.0, 0.0, 0.0, 0.0, 0.0, 0.0, 0.0, 0.0, 0.0, 0.0, 0.0, 0.0, 0.0, 0.0, 0.0, 0.0, 0.0, 0.0], [0.0019, 0.0019, 0.0019, 0.0019, 0.0024000000000000002, 0.0024000000000000002, 0.0, 0.0, 0.0, 0.0, 0.0, 0.0, 0.0, 0.0, 0.0, 0.0, 0.0, 0.0, 0.0, 0.0, 0.0, 0.0, 0.0, 0.0, 0.0, 0.0, 0.0, 0.0, 0.0, 0.0], [0.0002, 0.0002, 0.0002, 0.0002, 0.1741, 0.1741, 0.0, 0.0, 0.0, 0.0, 0.0, 0.0, 0.0, 0.0, 0.0, 0.0, 0.0, 0.0, 0.0, 0.0, 0.0, 0.0, 0.0, 0.0, 0.0, 0.0, 0.0, 0.0, 0.0, 0.0], [0.0002, 0.0002, 0.0002, 0.0002, 0.0177, 0.0177, 0.0, 0.0, 0.0, 0.0, 0.0, 0.0, 0.0, 0.0, 0.0, 0.0, 0.0, 0.0, 0.0, 0.0, 0.0, 0.0, 0.0, 0.0, 0.0, 0.0, 0.0, 0.0, 0.0, 0.0], [0.0005, 0.0005, 0.0005, 0.0005, 0.0094, 0.0094, 0.0, 0.0, 0.0, 0.0, 0.0, 0.0, 0.0, 0.0, 0.0, 0.0, 0.0, 0.0, 0.0, 0.0, 0.0, 0.0, 0.0, 0.0, 0.0, 0.0, 0.0, 0.0, 0.0, 0.0]]}}
bs_latimer_munro_efermi: 2.17846382