material_id: mp-556859
band_gap: 1.214
efermi: 0.48544965
dos_magnetic_ordering: NM
dos_total_task_id: mp-1701511
dos_total_band_gap: 1.2503
dos_total_cbm: 1.6231
dos_total_vbm: 0.3728
dos_total_efermi: 0.35747433
bs_setyawan_curtarolo_task_id: mp-1602158
bs_setyawan_curtarolo_band_gap: 1.214
bs_setyawan_curtarolo_cbm: {'band_index': {'1': [72]}, 'kpoint_index': ['3'], 'kpoint': <pymatgen.electronic_structure.bandstructure.Kpoint object at 0x7fc699d63930>, 'energy': 1.6104, 'projections': {'1': [[0.0053, 0.0053, 0.0053, 0.0054, 0.0054, 0.0055000000000000005, 0.0055000000000000005, 0.0053, 0.0059, 0.0059, 0.0059, 0.0059, 0.0059, 0.0059, 0.0059, 0.0059], [0.0002, 0.0001, 0.0001, 0.0002, 0.0002, 0.0002, 0.0002, 0.0002, 0.0002, 0.0001, 0.0001, 0.0002, 0.00030000000000000003, 0.00030000000000000003, 0.0001, 0.0001], [0.0006000000000000001, 0.0006000000000000001, 0.0006000000000000001, 0.0007, 0.0007, 0.0007, 0.0007, 0.0006000000000000001, 0.048100000000000004, 0.0485, 0.047900000000000005, 0.048100000000000004, 0.0482, 0.0482, 0.0485, 0.047900000000000005], [0.0, 0.0, 0.0, 0.0, 0.0, 0.0, 0.0, 0.0, 0.0, 0.0, 0.0, 0.0, 0.0, 0.0, 0.0, 0.0], [0.0, 0.0, 0.0, 0.0, 0.0, 0.0, 0.0, 0.0, 0.0, 0.0, 0.0, 0.0, 0.0, 0.0, 0.0, 0.0], [0.0173, 0.0173, 0.0173, 0.018000000000000002, 0.018000000000000002, 0.0183, 0.0183, 0.0173, 0.0, 0.0, 0.0, 0.0, 0.0, 0.0, 0.0, 0.0], [0.0029000000000000002, 0.0029000000000000002, 0.0029000000000000002, 0.0032, 0.0032, 0.0032, 0.0032, 0.0029000000000000002, 0.0, 0.0, 0.0, 0.0, 0.0, 0.0, 0.0, 0.0], [0.0, 0.0, 0.0, 0.0, 0.0, 0.0, 0.0, 0.0, 0.0, 0.0, 0.0, 0.0, 0.0, 0.0, 0.0, 0.0], [0.013800000000000002, 0.013800000000000002, 0.013800000000000002, 0.0134, 0.0134, 0.0135, 0.0135, 0.013800000000000002, 0.0, 0.0, 0.0, 0.0, 0.0, 0.0, 0.0, 0.0]]}}
bs_setyawan_curtarolo_vbm: {'band_index': {'1': [70, 71]}, 'kpoint_index': ['83'], 'kpoint': <pymatgen.electronic_structure.bandstructure.Kpoint object at 0x7fc5d4b5a350>, 'energy': 0.39640000000000003, 'projections': {'1': [[0.0019, 0.0026000000000000003, 0.0025, 0.003, 0.0028, 0.0033, 0.0034000000000000002, 0.0018000000000000002, 0.0, 0.0, 0.0, 0.0, 0.0, 0.0, 0.0, 0.0], [0.0, 0.0001, 0.0001, 0.0, 0.0, 0.0, 0.0, 0.0, 0.0036000000000000003, 0.0046, 0.0046, 0.0037, 0.0039000000000000003, 0.0037, 0.0044, 0.0044], [0.0, 0.0, 0.0, 0.0, 0.0, 0.0, 0.0, 0.0, 0.0048000000000000004, 0.0037, 0.004, 0.005, 0.0053, 0.0051, 0.0036000000000000003, 0.0039000000000000003], [0.0, 0.0, 0.0, 0.0, 0.0, 0.0, 0.0, 0.0, 0.07540000000000001, 0.054400000000000004, 0.062400000000000004, 0.0723, 0.0795, 0.0828, 0.056600000000000004, 0.0651], [0.009000000000000001, 0.006900000000000001, 0.007200000000000001, 0.007, 0.0073, 0.0094, 0.0091, 0.0094, 0.0, 0.0, 0.0, 0.0, 0.0, 0.0, 0.0, 0.0], [0.0018000000000000002, 0.0026000000000000003, 0.0025, 0.0029000000000000002, 0.0028, 0.0029000000000000002, 0.003, 0.0017000000000000001, 0.0, 0.0, 0.0, 0.0, 0.0, 0.0, 0.0, 0.0], [0.0016, 0.0016, 0.0015, 0.0015, 0.0015, 0.0013000000000000002, 0.0014, 0.0015, 0.0, 0.0, 0.0, 0.0, 0.0, 0.0, 0.0, 0.0], [0.0041, 0.0031000000000000003, 0.0032, 0.0029000000000000002, 0.003, 0.0041, 0.004, 0.0043, 0.0, 0.0, 0.0, 0.0, 0.0, 0.0, 0.0, 0.0], [0.0041, 0.005, 0.0048000000000000004, 0.0055000000000000005, 0.005200000000000001, 0.0073, 0.0076, 0.0039000000000000003, 0.0, 0.0, 0.0, 0.0, 0.0, 0.0, 0.0, 0.0]]}}
bs_setyawan_curtarolo_efermi: 0.48544965
bs_latimer_munro_task_id: mp-2604325
bs_latimer_munro_band_gap: 1.214
bs_latimer_munro_cbm: {'band_index': {'1': [72]}, 'kpoint_index': ['194'], 'kpoint': <pymatgen.electronic_structure.bandstructure.Kpoint object at 0x7fc5d4b5a3c0>, 'energy': 1.6104, 'projections': {'1': [[0.0053, 0.0053, 0.0053, 0.0054, 0.0054, 0.0055000000000000005, 0.0055000000000000005, 0.0053, 0.0059, 0.0059, 0.0059, 0.0059, 0.0059, 0.0059, 0.0059, 0.0059], [0.0002, 0.0001, 0.0001, 0.0002, 0.0002, 0.0002, 0.0002, 0.0002, 0.0002, 0.0001, 0.0001, 0.0002, 0.00030000000000000003, 0.00030000000000000003, 0.0001, 0.0001], [0.0006000000000000001, 0.0006000000000000001, 0.0006000000000000001, 0.0007, 0.0007, 0.0007, 0.0007, 0.0006000000000000001, 0.048100000000000004, 0.0485, 0.047900000000000005, 0.048100000000000004, 0.0482, 0.0482, 0.0485, 0.047900000000000005], [0.0, 0.0, 0.0, 0.0, 0.0, 0.0, 0.0, 0.0, 0.0, 0.0, 0.0, 0.0, 0.0, 0.0, 0.0, 0.0], [0.0, 0.0, 0.0, 0.0, 0.0, 0.0, 0.0, 0.0, 0.0, 0.0, 0.0, 0.0, 0.0, 0.0, 0.0, 0.0], [0.0173, 0.0173, 0.0173, 0.018000000000000002, 0.018000000000000002, 0.0183, 0.0183, 0.0173, 0.0, 0.0, 0.0, 0.0, 0.0, 0.0, 0.0, 0.0], [0.0029000000000000002, 0.0029000000000000002, 0.0029000000000000002, 0.0032, 0.0032, 0.0032, 0.0032, 0.0029000000000000002, 0.0, 0.0, 0.0, 0.0, 0.0, 0.0, 0.0, 0.0], [0.0, 0.0, 0.0, 0.0, 0.0, 0.0, 0.0, 0.0, 0.0, 0.0, 0.0, 0.0, 0.0, 0.0, 0.0, 0.0], [0.013800000000000002, 0.013800000000000002, 0.013800000000000002, 0.0134, 0.0134, 0.0135, 0.0135, 0.013800000000000002, 0.0, 0.0, 0.0, 0.0, 0.0, 0.0, 0.0, 0.0]]}}
bs_latimer_munro_vbm: {'band_index': {'1': [70, 71]}, 'kpoint_index': ['244'], 'kpoint': <pymatgen.electronic_structure.bandstructure.Kpoint object at 0x7fc5d4b59e80>, 'energy': 0.39640000000000003, 'projections': {'1': [[0.0022, 0.003, 0.0021000000000000003, 0.0035, 0.0024000000000000002, 0.0027, 0.004, 0.0015, 0.0, 0.0, 0.0, 0.0, 0.0, 0.0, 0.0, 0.0], [0.0001, 0.0001, 0.0, 0.0001, 0.0, 0.0, 0.0, 0.0, 0.003, 0.0053, 0.0053, 0.0043, 0.0045000000000000005, 0.0031000000000000003, 0.0036000000000000003, 0.0036000000000000003], [0.0, 0.0, 0.0, 0.0, 0.0, 0.0, 0.0, 0.0, 0.0039000000000000003, 0.0043, 0.0047, 0.0058000000000000005, 0.006200000000000001, 0.004200000000000001, 0.0029000000000000002, 0.0032], [0.0, 0.0, 0.0, 0.0, 0.0, 0.0, 0.0, 0.0, 0.0878, 0.045, 0.0517, 0.059800000000000006, 0.0658, 0.0965, 0.066, 0.0758], [0.0074, 0.0057, 0.008400000000000001, 0.0058000000000000005, 0.0085, 0.011, 0.007500000000000001, 0.0109, 0.0, 0.0, 0.0, 0.0, 0.0, 0.0, 0.0, 0.0], [0.0021000000000000003, 0.003, 0.0021000000000000003, 0.0034000000000000002, 0.0023, 0.0024000000000000002, 0.0035, 0.0014, 0.0, 0.0, 0.0, 0.0, 0.0, 0.0, 0.0, 0.0], [0.0018000000000000002, 0.0019, 0.0013000000000000002, 0.0018000000000000002, 0.0012000000000000001, 0.0011, 0.0016, 0.0012000000000000001, 0.0, 0.0, 0.0, 0.0, 0.0, 0.0, 0.0, 0.0], [0.0034000000000000002, 0.0026000000000000003, 0.0038, 0.0024000000000000002, 0.0035, 0.0048000000000000004, 0.0033, 0.005, 0.0, 0.0, 0.0, 0.0, 0.0, 0.0, 0.0, 0.0], [0.0048000000000000004, 0.0059, 0.004, 0.0064, 0.0043, 0.006, 0.0089, 0.0032, 0.0, 0.0, 0.0, 0.0, 0.0, 0.0, 0.0, 0.0]]}}
bs_latimer_munro_efermi: 0.52030187