material_id: mp-558696
band_gap: 0.0019000000000000002
efermi: 4.21614111
dos_magnetic_ordering: NM
dos_total_task_id: mp-1709392
dos_total_band_gap: 0.0
dos_total_cbm: 4.1897
dos_total_vbm: 4.2397
dos_total_efermi: 4.23288385
bs_setyawan_curtarolo_task_id: mp-1608967
bs_setyawan_curtarolo_band_gap: 0.0019000000000000002
bs_setyawan_curtarolo_cbm: {'band_index': {'1': [82]}, 'kpoint_index': ['11'], 'kpoint': <pymatgen.electronic_structure.bandstructure.Kpoint object at 0x7fc699d63930>, 'energy': 4.2165, 'projections': {'1': [[0.0013000000000000002, 0.0013000000000000002, 0.0013000000000000002, 0.0013000000000000002, 0.0006000000000000001, 0.0006000000000000001, 0.0006000000000000001, 0.0006000000000000001, 0.0002, 0.0002, 0.0054, 0.0002, 0.0054, 0.0054, 0.0002, 0.0002, 0.0002, 0.0002, 0.0002, 0.0054], [0.00030000000000000003, 0.00030000000000000003, 0.00030000000000000003, 0.00030000000000000003, 0.0032, 0.0032, 0.0032, 0.0032, 0.0204, 0.0285, 0.0017000000000000001, 0.0285, 0.0017000000000000001, 0.0017000000000000001, 0.0205, 0.0204, 0.0285, 0.0285, 0.0205, 0.0017000000000000001], [0.0, 0.0, 0.0, 0.0, 0.0041, 0.0041, 0.0041, 0.0041, 0.0067, 0.0025, 0.0048000000000000004, 0.0025, 0.0048000000000000004, 0.0048000000000000004, 0.0067, 0.0067, 0.0025, 0.0025, 0.0067, 0.0048000000000000004], [0.0001, 0.0001, 0.0001, 0.0001, 0.0023, 0.0023, 0.0023, 0.0023, 0.0021000000000000003, 0.0034000000000000002, 0.0035, 0.0034000000000000002, 0.0035, 0.0035, 0.0021000000000000003, 0.0021000000000000003, 0.0034000000000000002, 0.0034000000000000002, 0.0021000000000000003, 0.0035], [0.050300000000000004, 0.050300000000000004, 0.050300000000000004, 0.050300000000000004, 0.0001, 0.0001, 0.0001, 0.0001, 0.0, 0.0, 0.0, 0.0, 0.0, 0.0, 0.0, 0.0, 0.0, 0.0, 0.0, 0.0], [0.004, 0.004, 0.004, 0.004, 0.0001, 0.0001, 0.0001, 0.0001, 0.0, 0.0, 0.0, 0.0, 0.0, 0.0, 0.0, 0.0, 0.0, 0.0, 0.0, 0.0], [0.0263, 0.0263, 0.0263, 0.0263, 0.0007, 0.0007, 0.0007, 0.0007, 0.0, 0.0, 0.0, 0.0, 0.0, 0.0, 0.0, 0.0, 0.0, 0.0, 0.0, 0.0], [0.0363, 0.0362, 0.0362, 0.0362, 0.00030000000000000003, 0.00030000000000000003, 0.00030000000000000003, 0.00030000000000000003, 0.0, 0.0, 0.0, 0.0, 0.0, 0.0, 0.0, 0.0, 0.0, 0.0, 0.0, 0.0], [0.007, 0.007, 0.007, 0.007, 0.0, 0.0, 0.0, 0.0, 0.0, 0.0, 0.0, 0.0, 0.0, 0.0, 0.0, 0.0, 0.0, 0.0, 0.0, 0.0]]}}
bs_setyawan_curtarolo_vbm: {'band_index': {'1': [81]}, 'kpoint_index': ['11'], 'kpoint': <pymatgen.electronic_structure.bandstructure.Kpoint object at 0x7fc5d4b5a200>, 'energy': 4.2146, 'projections': {'1': [[0.0005, 0.0005, 0.0005, 0.0005, 0.0005, 0.0005, 0.0005, 0.0005, 0.00030000000000000003, 0.004, 0.0002, 0.004, 0.0002, 0.0002, 0.00030000000000000003, 0.00030000000000000003, 0.004, 0.004, 0.00030000000000000003, 0.0002], [0.0001, 0.0001, 0.0001, 0.0001, 0.0, 0.0, 0.0, 0.0, 0.0033, 0.0017000000000000001, 0.0061, 0.0017000000000000001, 0.0061, 0.0061, 0.0033, 0.0033, 0.0017000000000000001, 0.0017000000000000001, 0.0033, 0.0061], [0.0001, 0.0001, 0.0001, 0.0001, 0.0002, 0.0002, 0.0002, 0.0002, 0.006200000000000001, 0.0102, 0.0015, 0.0102, 0.0015, 0.0015, 0.006200000000000001, 0.006200000000000001, 0.0102, 0.0102, 0.006200000000000001, 0.0015], [0.0008, 0.0008, 0.0008, 0.0008, 0.001, 0.001, 0.001, 0.001, 0.0094, 0.012400000000000001, 0.026600000000000002, 0.012400000000000001, 0.026600000000000002, 0.026600000000000002, 0.0094, 0.0094, 0.012400000000000001, 0.012400000000000001, 0.0094, 0.026600000000000002], [0.0704, 0.0704, 0.0704, 0.0704, 0.0001, 0.0001, 0.0001, 0.0001, 0.0, 0.0, 0.0, 0.0, 0.0, 0.0, 0.0, 0.0, 0.0, 0.0, 0.0, 0.0], [0.0047, 0.0047, 0.0047, 0.0047, 0.0, 0.0, 0.0, 0.0, 0.0, 0.0, 0.0, 0.0, 0.0, 0.0, 0.0, 0.0, 0.0, 0.0, 0.0, 0.0], [0.024900000000000002, 0.024900000000000002, 0.024900000000000002, 0.024900000000000002, 0.0005, 0.0005, 0.0005, 0.0005, 0.0, 0.0, 0.0, 0.0, 0.0, 0.0, 0.0, 0.0, 0.0, 0.0, 0.0, 0.0], [0.0358, 0.0358, 0.0358, 0.0358, 0.0002, 0.0002, 0.0002, 0.0002, 0.0, 0.0, 0.0, 0.0, 0.0, 0.0, 0.0, 0.0, 0.0, 0.0, 0.0, 0.0], [0.0022, 0.0022, 0.0022, 0.0022, 0.0012000000000000001, 0.0012000000000000001, 0.0012000000000000001, 0.0012000000000000001, 0.0, 0.0, 0.0, 0.0, 0.0, 0.0, 0.0, 0.0, 0.0, 0.0, 0.0, 0.0]]}}
bs_setyawan_curtarolo_efermi: 4.21614111
bs_latimer_munro_task_id: mp-2605236
bs_latimer_munro_band_gap: 0.0
bs_latimer_munro_cbm: None
bs_latimer_munro_vbm: None
bs_latimer_munro_efermi: 4.23198962