material_id: mp-556411
band_gap: 1.061799999999999
efermi: 4.20587221
dos_magnetic_ordering: NM
dos_total_task_id: mp-1695710
dos_total_band_gap: 1.0492
dos_total_cbm: 5.1462
dos_total_vbm: 4.097
dos_total_efermi: 4.1009719
bs_setyawan_curtarolo_task_id: mp-1598083
bs_setyawan_curtarolo_band_gap: 1.061799999999999
bs_setyawan_curtarolo_cbm: {'band_index': {'1': [38]}, 'kpoint_index': [0, 87, 88], 'kpoint': <pymatgen.electronic_structure.bandstructure.Kpoint object at 0x7fc699d63930>, 'energy': 5.1475, 'projections': {'1': [[0.0019, 0.011300000000000001, 0.011300000000000001, 0.0009000000000000001, 0.0009000000000000001, 0.040400000000000005, 0.0027, 0.0001, 0.0027, 0.0027, 0.0027, 0.040400000000000005, 0.0001], [0.0, 0.0, 0.0, 0.0, 0.0, 0.0, 0.001, 0.0, 0.001, 0.001, 0.001, 0.0, 0.0], [0.0, 0.23750000000000002, 0.23750000000000002, 0.0017000000000000001, 0.0017000000000000001, 0.0094, 0.0023, 0.0006000000000000001, 0.0023, 0.0023, 0.0023, 0.0094, 0.0006000000000000001], [0.0, 0.0, 0.0, 0.0, 0.0, 0.0, 0.0, 0.0, 0.0, 0.0, 0.0, 0.0, 0.0], [0.0, 0.0, 0.0, 0.0, 0.0, 0.0, 0.0, 0.0, 0.0, 0.0, 0.0, 0.0, 0.0], [0.0, 0.0, 0.0, 0.0, 0.0, 0.0, 0.0, 0.0, 0.0, 0.0, 0.0, 0.0, 0.0], [0.0009000000000000001, 0.0001, 0.0001, 0.0, 0.0, 0.0, 0.0, 0.0, 0.0, 0.0, 0.0, 0.0, 0.0], [0.0, 0.0, 0.0, 0.0, 0.0, 0.0, 0.0, 0.0, 0.0, 0.0, 0.0, 0.0, 0.0], [0.0047, 0.0092, 0.0092, 0.0, 0.0, 0.0, 0.0, 0.0, 0.0, 0.0, 0.0, 0.0, 0.0]]}}
bs_setyawan_curtarolo_vbm: {'band_index': {'1': [37]}, 'kpoint_index': ['18'], 'kpoint': <pymatgen.electronic_structure.bandstructure.Kpoint object at 0x7fc5d4b59d30>, 'energy': 4.0857, 'projections': {'1': [[0.0, 0.0, 0.0, 0.0, 0.0, 0.0, 0.0004, 0.0, 0.0004, 0.0004, 0.0004, 0.0, 0.0], [0.0, 0.0, 0.0, 0.0012000000000000001, 0.0012000000000000001, 0.0004, 0.0818, 0.0374, 0.0818, 0.0818, 0.0818, 0.0004, 0.0374], [0.0, 0.0, 0.0, 0.0, 0.0, 0.0, 0.1015, 0.0, 0.1015, 0.1015, 0.1015, 0.0, 0.0], [0.0, 0.0, 0.0, 0.0, 0.0, 0.0, 0.0, 0.0, 0.0, 0.0, 0.0, 0.0, 0.0], [0.0, 0.0006000000000000001, 0.0006000000000000001, 0.0, 0.0, 0.0, 0.0, 0.0, 0.0, 0.0, 0.0, 0.0, 0.0], [0.0, 0.0, 0.0, 0.0, 0.0, 0.0, 0.0, 0.0, 0.0, 0.0, 0.0, 0.0, 0.0], [0.0, 0.0, 0.0, 0.0, 0.0, 0.0, 0.0, 0.0, 0.0, 0.0, 0.0, 0.0, 0.0], [0.0, 0.0, 0.0, 0.0, 0.0, 0.0, 0.0, 0.0, 0.0, 0.0, 0.0, 0.0, 0.0], [0.0, 0.0, 0.0, 0.0, 0.0, 0.0, 0.0, 0.0, 0.0, 0.0, 0.0, 0.0, 0.0]]}}
bs_setyawan_curtarolo_efermi: 4.20587221
bs_hinuma_task_id: mp-2180381
bs_hinuma_band_gap: 1.061799999999999
bs_hinuma_cbm: {'band_index': {'1': [38]}, 'kpoint_index': [0, 47, 48, 79, 148, 149], 'kpoint': <pymatgen.electronic_structure.bandstructure.Kpoint object at 0x7fc5d4b5a200>, 'energy': 5.1475, 'projections': {'1': [[0.0019, 0.011300000000000001, 0.011300000000000001, 0.0009000000000000001, 0.0009000000000000001, 0.040400000000000005, 0.0027, 0.0001, 0.0027, 0.0027, 0.0027, 0.040400000000000005, 0.0001], [0.0, 0.0, 0.0, 0.0, 0.0, 0.0, 0.001, 0.0, 0.001, 0.001, 0.001, 0.0, 0.0], [0.0, 0.23750000000000002, 0.23750000000000002, 0.0017000000000000001, 0.0017000000000000001, 0.0094, 0.0023, 0.0006000000000000001, 0.0023, 0.0023, 0.0023, 0.0094, 0.0006000000000000001], [0.0, 0.0, 0.0, 0.0, 0.0, 0.0, 0.0, 0.0, 0.0, 0.0, 0.0, 0.0, 0.0], [0.0, 0.0, 0.0, 0.0, 0.0, 0.0, 0.0, 0.0, 0.0, 0.0, 0.0, 0.0, 0.0], [0.0, 0.0, 0.0, 0.0, 0.0, 0.0, 0.0, 0.0, 0.0, 0.0, 0.0, 0.0, 0.0], [0.0009000000000000001, 0.0001, 0.0001, 0.0, 0.0, 0.0, 0.0, 0.0, 0.0, 0.0, 0.0, 0.0, 0.0], [0.0, 0.0, 0.0, 0.0, 0.0, 0.0, 0.0, 0.0, 0.0, 0.0, 0.0, 0.0, 0.0], [0.0047, 0.0092, 0.0092, 0.0, 0.0, 0.0, 0.0, 0.0, 0.0, 0.0, 0.0, 0.0, 0.0]]}}
bs_hinuma_vbm: {'band_index': {'1': [37]}, 'kpoint_index': ['29'], 'kpoint': <pymatgen.electronic_structure.bandstructure.Kpoint object at 0x7fc5d4b59e80>, 'energy': 4.0857, 'projections': {'1': [[0.0, 0.0, 0.0, 0.0, 0.0, 0.0, 0.0004, 0.0, 0.0004, 0.0004, 0.0004, 0.0, 0.0], [0.0, 0.0, 0.0, 0.0012000000000000001, 0.0012000000000000001, 0.0004, 0.0818, 0.0374, 0.0818, 0.0818, 0.0818, 0.0004, 0.0374], [0.0, 0.0, 0.0, 0.0, 0.0, 0.0, 0.1015, 0.0, 0.1015, 0.1014, 0.1015, 0.0, 0.0], [0.0, 0.0, 0.0, 0.0, 0.0, 0.0, 0.0, 0.0, 0.0, 0.0, 0.0, 0.0, 0.0], [0.0, 0.0006000000000000001, 0.0006000000000000001, 0.0, 0.0, 0.0, 0.0, 0.0, 0.0, 0.0, 0.0, 0.0, 0.0], [0.0, 0.0, 0.0, 0.0, 0.0, 0.0, 0.0, 0.0, 0.0, 0.0, 0.0, 0.0, 0.0], [0.0, 0.0, 0.0, 0.0, 0.0, 0.0, 0.0, 0.0, 0.0, 0.0, 0.0, 0.0, 0.0], [0.0, 0.0, 0.0, 0.0, 0.0, 0.0, 0.0, 0.0, 0.0, 0.0, 0.0, 0.0, 0.0], [0.0, 0.0, 0.0, 0.0, 0.0, 0.0, 0.0, 0.0, 0.0, 0.0, 0.0, 0.0, 0.0]]}}
bs_hinuma_efermi: 4.17974497
bs_latimer_munro_task_id: mp-2440355
bs_latimer_munro_band_gap: 1.061799999999999
bs_latimer_munro_cbm: {'band_index': {'1': [38]}, 'kpoint_index': [30, 31, 91, 92, 117, 275, 276, 296, 312, 327], 'kpoint': <pymatgen.electronic_structure.bandstructure.Kpoint object at 0x7fc5d4b59c50>, 'energy': 5.1475, 'projections': {'1': [[0.0019, 0.011300000000000001, 0.011300000000000001, 0.0009000000000000001, 0.0009000000000000001, 0.040400000000000005, 0.0027, 0.0001, 0.0027, 0.0027, 0.0027, 0.040400000000000005, 0.0001], [0.0, 0.0, 0.0, 0.0, 0.0, 0.0, 0.001, 0.0, 0.001, 0.001, 0.001, 0.0, 0.0], [0.0, 0.23750000000000002, 0.23750000000000002, 0.0017000000000000001, 0.0017000000000000001, 0.0094, 0.0023, 0.0006000000000000001, 0.0023, 0.0023, 0.0023, 0.0094, 0.0006000000000000001], [0.0, 0.0, 0.0, 0.0, 0.0, 0.0, 0.0, 0.0, 0.0, 0.0, 0.0, 0.0, 0.0], [0.0, 0.0, 0.0, 0.0, 0.0, 0.0, 0.0, 0.0, 0.0, 0.0, 0.0, 0.0, 0.0], [0.0, 0.0, 0.0, 0.0, 0.0, 0.0, 0.0, 0.0, 0.0, 0.0, 0.0, 0.0, 0.0], [0.0009000000000000001, 0.0001, 0.0001, 0.0, 0.0, 0.0, 0.0, 0.0, 0.0, 0.0, 0.0, 0.0, 0.0], [0.0, 0.0, 0.0, 0.0, 0.0, 0.0, 0.0, 0.0, 0.0, 0.0, 0.0, 0.0, 0.0], [0.0047, 0.0092, 0.0092, 0.0, 0.0, 0.0, 0.0, 0.0, 0.0, 0.0, 0.0, 0.0, 0.0]]}}
bs_latimer_munro_vbm: {'band_index': {'1': [37]}, 'kpoint_index': ['73'], 'kpoint': <pymatgen.electronic_structure.bandstructure.Kpoint object at 0x7fc5d4b5a430>, 'energy': 4.0857, 'projections': {'1': [[0.0, 0.0, 0.0, 0.0, 0.0, 0.0, 0.0004, 0.0, 0.0004, 0.0004, 0.0004, 0.0, 0.0], [0.0, 0.0, 0.0, 0.0012000000000000001, 0.0012000000000000001, 0.0004, 0.0818, 0.0374, 0.0818, 0.0818, 0.0818, 0.0004, 0.0374], [0.0, 0.0, 0.0, 0.0, 0.0, 0.0, 0.1015, 0.0, 0.1015, 0.1015, 0.1015, 0.0, 0.0], [0.0, 0.0, 0.0, 0.0, 0.0, 0.0, 0.0, 0.0, 0.0, 0.0, 0.0, 0.0, 0.0], [0.0, 0.0006000000000000001, 0.0006000000000000001, 0.0, 0.0, 0.0, 0.0, 0.0, 0.0, 0.0, 0.0, 0.0, 0.0], [0.0, 0.0, 0.0, 0.0, 0.0, 0.0, 0.0, 0.0, 0.0, 0.0, 0.0, 0.0, 0.0], [0.0, 0.0, 0.0, 0.0, 0.0, 0.0, 0.0, 0.0, 0.0, 0.0, 0.0, 0.0, 0.0], [0.0, 0.0, 0.0, 0.0, 0.0, 0.0, 0.0, 0.0, 0.0, 0.0, 0.0, 0.0, 0.0], [0.0, 0.0, 0.0, 0.0, 0.0, 0.0, 0.0, 0.0, 0.0, 0.0, 0.0, 0.0, 0.0]]}}
bs_latimer_munro_efermi: 4.20499914