material_id: mp-560521
band_gap: 5.8411
efermi: 0.21445158
dos_magnetic_ordering: NM
dos_total_task_id: mp-1743171
dos_total_band_gap: 5.7673
dos_total_cbm: 5.791
dos_total_vbm: 0.023700000000000002
dos_total_efermi: 0.03151356
bs_setyawan_curtarolo_task_id: mp-846344
bs_setyawan_curtarolo_band_gap: 5.8411
bs_setyawan_curtarolo_cbm: {'band_index': {'1': [100]}, 'kpoint_index': [0, 65, 66], 'kpoint': <pymatgen.electronic_structure.bandstructure.Kpoint object at 0x7fc699d63930>, 'energy': 5.8317, 'projections': {'1': [[0.0047, 0.0047, 0.0047, 0.0047, 0.0109, 0.0118, 0.0109, 0.0118, 0.0118, 0.013900000000000001, 0.013900000000000001, 0.0118, 0.0108, 0.0066, 0.0085, 0.0085, 0.007500000000000001, 0.0085, 0.0066, 0.0108, 0.0108, 0.007, 0.0108, 0.0125, 0.007, 0.007500000000000001, 0.0066, 0.0066, 0.0085, 0.007500000000000001, 0.007500000000000001, 0.0125, 0.007, 0.007, 0.0125, 0.0125], [0.0, 0.0, 0.0, 0.0, 0.0, 0.0, 0.0, 0.0, 0.0, 0.00030000000000000003, 0.00030000000000000003, 0.0, 0.0, 0.00030000000000000003, 0.0004, 0.0004, 0.00030000000000000003, 0.0004, 0.00030000000000000003, 0.0, 0.0, 0.0002, 0.0, 0.0001, 0.0002, 0.00030000000000000003, 0.00030000000000000003, 0.00030000000000000003, 0.0004, 0.00030000000000000003, 0.00030000000000000003, 0.0001, 0.0002, 0.0002, 0.0001, 0.0001], [0.0001, 0.0001, 0.0001, 0.0001, 0.0, 0.0001, 0.0, 0.0001, 0.0001, 0.0, 0.0, 0.0001, 0.0024000000000000002, 0.0015, 0.0001, 0.0001, 0.0005, 0.0001, 0.0015, 0.0024000000000000002, 0.0024000000000000002, 0.0017000000000000001, 0.0024000000000000002, 0.00030000000000000003, 0.0017000000000000001, 0.0005, 0.0015, 0.0015, 0.0001, 0.0005, 0.0005, 0.00030000000000000003, 0.0017000000000000001, 0.0017000000000000001, 0.00030000000000000003, 0.00030000000000000003], [0.0, 0.0, 0.0, 0.0, 0.0004, 0.0008, 0.0004, 0.0008, 0.0008, 0.0, 0.0, 0.0008, 0.0, 0.0002, 0.0023, 0.0023, 0.0012000000000000001, 0.0023, 0.0002, 0.0, 0.0, 0.0002, 0.0, 0.0021000000000000003, 0.0002, 0.0012000000000000001, 0.0002, 0.0002, 0.0023, 0.0012000000000000001, 0.0012000000000000001, 0.0021000000000000003, 0.0002, 0.0002, 0.0021000000000000003, 0.0021000000000000003], [0.0, 0.0, 0.0, 0.0, 0.0, 0.0, 0.0, 0.0, 0.0, 0.0, 0.0, 0.0, 0.0, 0.0, 0.0, 0.0, 0.0, 0.0, 0.0, 0.0, 0.0, 0.0, 0.0, 0.0, 0.0, 0.0, 0.0, 0.0, 0.0, 0.0, 0.0, 0.0, 0.0, 0.0, 0.0, 0.0], [0.0, 0.0, 0.0, 0.0, 0.0, 0.0, 0.0, 0.0, 0.0, 0.0, 0.0, 0.0, 0.0, 0.0, 0.0, 0.0, 0.0, 0.0, 0.0, 0.0, 0.0, 0.0, 0.0, 0.0, 0.0, 0.0, 0.0, 0.0, 0.0, 0.0, 0.0, 0.0, 0.0, 0.0, 0.0, 0.0], [0.0, 0.0, 0.0, 0.0, 0.0, 0.0, 0.0, 0.0, 0.0, 0.0, 0.0, 0.0, 0.0, 0.0, 0.0, 0.0, 0.0, 0.0, 0.0, 0.0, 0.0, 0.0, 0.0, 0.0, 0.0, 0.0, 0.0, 0.0, 0.0, 0.0, 0.0, 0.0, 0.0, 0.0, 0.0, 0.0], [0.0, 0.0, 0.0, 0.0, 0.0, 0.0, 0.0, 0.0, 0.0, 0.0, 0.0, 0.0, 0.0, 0.0, 0.0, 0.0, 0.0, 0.0, 0.0, 0.0, 0.0, 0.0, 0.0, 0.0, 0.0, 0.0, 0.0, 0.0, 0.0, 0.0, 0.0, 0.0, 0.0, 0.0, 0.0, 0.0], [0.0, 0.0, 0.0, 0.0, 0.0, 0.0, 0.0, 0.0, 0.0, 0.0, 0.0, 0.0, 0.0, 0.0, 0.0, 0.0, 0.0, 0.0, 0.0, 0.0, 0.0, 0.0, 0.0, 0.0, 0.0, 0.0, 0.0, 0.0, 0.0, 0.0, 0.0, 0.0, 0.0, 0.0, 0.0, 0.0]]}}
bs_setyawan_curtarolo_vbm: {'band_index': {'1': [99]}, 'kpoint_index': [79, 80, 101], 'kpoint': <pymatgen.electronic_structure.bandstructure.Kpoint object at 0x7fc5d4b5a200>, 'energy': -0.0094, 'projections': {'1': [[0.00030000000000000003, 0.00030000000000000003, 0.00030000000000000003, 0.00030000000000000003, 0.0, 0.0, 0.0, 0.0, 0.0, 0.0, 0.0, 0.0, 0.0005, 0.0, 0.0, 0.0, 0.0001, 0.0, 0.0, 0.0005, 0.0005, 0.0004, 0.0005, 0.0001, 0.0004, 0.0001, 0.0, 0.0, 0.0, 0.0001, 0.0001, 0.0001, 0.0004, 0.0004, 0.0001, 0.0001], [0.0, 0.0, 0.0, 0.0, 0.0007, 0.0, 0.0007, 0.0, 0.0, 0.0, 0.0, 0.0, 0.0038, 0.0, 0.0015, 0.0015, 0.012100000000000001, 0.0015, 0.0, 0.0038, 0.0038, 0.0001, 0.0038, 0.0047, 0.0001, 0.012100000000000001, 0.0, 0.0, 0.0015, 0.012100000000000001, 0.012100000000000001, 0.0047, 0.0001, 0.0001, 0.0047, 0.0047], [0.0, 0.0, 0.0, 0.0, 0.0, 0.00030000000000000003, 0.0, 0.00030000000000000003, 0.00030000000000000003, 0.0006000000000000001, 0.0006000000000000001, 0.00030000000000000003, 0.0112, 0.0095, 0.0045000000000000005, 0.0045000000000000005, 0.0086, 0.0045000000000000005, 0.0095, 0.0112, 0.0112, 0.032, 0.0112, 0.0049, 0.032, 0.0086, 0.0095, 0.0095, 0.0045000000000000005, 0.0086, 0.0086, 0.0049, 0.032, 0.032, 0.0049, 0.0049], [0.0004, 0.0004, 0.0004, 0.0004, 0.0, 0.0005, 0.0, 0.0005, 0.0005, 0.0, 0.0, 0.0005, 0.0023, 0.0376, 0.0, 0.0, 0.0258, 0.0, 0.0376, 0.0023, 0.0023, 0.0318, 0.0023, 0.0004, 0.0317, 0.0258, 0.0376, 0.0376, 0.0, 0.0258, 0.0258, 0.0004, 0.0318, 0.0318, 0.0004, 0.0004], [0.0, 0.0, 0.0, 0.0, 0.0, 0.0, 0.0, 0.0, 0.0, 0.0, 0.0, 0.0, 0.0, 0.0, 0.0, 0.0, 0.0, 0.0, 0.0, 0.0, 0.0, 0.0, 0.0, 0.0, 0.0, 0.0, 0.0, 0.0, 0.0, 0.0, 0.0, 0.0, 0.0, 0.0, 0.0, 0.0], [0.0, 0.0, 0.0, 0.0, 0.0, 0.0, 0.0, 0.0, 0.0, 0.0, 0.0, 0.0, 0.0, 0.0, 0.0, 0.0, 0.0, 0.0, 0.0, 0.0, 0.0, 0.0, 0.0, 0.0, 0.0, 0.0, 0.0, 0.0, 0.0, 0.0, 0.0, 0.0, 0.0, 0.0, 0.0, 0.0], [0.0, 0.0, 0.0, 0.0, 0.0, 0.0, 0.0, 0.0, 0.0, 0.0, 0.0, 0.0, 0.0, 0.0, 0.0, 0.0, 0.0, 0.0, 0.0, 0.0, 0.0, 0.0, 0.0, 0.0, 0.0, 0.0, 0.0, 0.0, 0.0, 0.0, 0.0, 0.0, 0.0, 0.0, 0.0, 0.0], [0.0, 0.0, 0.0, 0.0, 0.0, 0.0, 0.0, 0.0, 0.0, 0.0, 0.0, 0.0, 0.0, 0.0, 0.0, 0.0, 0.0, 0.0, 0.0, 0.0, 0.0, 0.0, 0.0, 0.0, 0.0, 0.0, 0.0, 0.0, 0.0, 0.0, 0.0, 0.0, 0.0, 0.0, 0.0, 0.0], [0.0, 0.0, 0.0, 0.0, 0.0, 0.0, 0.0, 0.0, 0.0, 0.0, 0.0, 0.0, 0.0, 0.0, 0.0, 0.0, 0.0, 0.0, 0.0, 0.0, 0.0, 0.0, 0.0, 0.0, 0.0, 0.0, 0.0, 0.0, 0.0, 0.0, 0.0, 0.0, 0.0, 0.0, 0.0, 0.0]]}}
bs_setyawan_curtarolo_efermi: 0.21445158
bs_hinuma_task_id: mp-2099371
bs_hinuma_band_gap: 5.8523
bs_hinuma_cbm: {'band_index': {'1': [100]}, 'kpoint_index': [0, 29, 30, 64], 'kpoint': <pymatgen.electronic_structure.bandstructure.Kpoint object at 0x7fc5d4b59c50>, 'energy': 5.8361, 'projections': {'1': [[0.0047, 0.0047, 0.0047, 0.0047, 0.0108, 0.0117, 0.0108, 0.0117, 0.0117, 0.013800000000000002, 0.013800000000000002, 0.0117, 0.0108, 0.0066, 0.0085, 0.0085, 0.007500000000000001, 0.0085, 0.0066, 0.0108, 0.0108, 0.007, 0.0108, 0.0125, 0.007, 0.007500000000000001, 0.0066, 0.0066, 0.0085, 0.007500000000000001, 0.007500000000000001, 0.0125, 0.007, 0.007, 0.0125, 0.0125], [0.0, 0.0, 0.0, 0.0, 0.0, 0.0, 0.0, 0.0, 0.0, 0.00030000000000000003, 0.00030000000000000003, 0.0, 0.0, 0.00030000000000000003, 0.0004, 0.0004, 0.00030000000000000003, 0.0004, 0.00030000000000000003, 0.0, 0.0, 0.0002, 0.0, 0.0001, 0.0002, 0.00030000000000000003, 0.00030000000000000003, 0.00030000000000000003, 0.0004, 0.00030000000000000003, 0.00030000000000000003, 0.0001, 0.0002, 0.0002, 0.0001, 0.0001], [0.0001, 0.0001, 0.0001, 0.0001, 0.0, 0.0001, 0.0, 0.0001, 0.0001, 0.0, 0.0, 0.0001, 0.0024000000000000002, 0.0015, 0.0001, 0.0001, 0.0005, 0.0001, 0.0015, 0.0024000000000000002, 0.0024000000000000002, 0.0017000000000000001, 0.0024000000000000002, 0.00030000000000000003, 0.0017000000000000001, 0.0005, 0.0015, 0.0015, 0.0001, 0.0005, 0.0005, 0.00030000000000000003, 0.0017000000000000001, 0.0017000000000000001, 0.00030000000000000003, 0.00030000000000000003], [0.0, 0.0, 0.0, 0.0, 0.0004, 0.0008, 0.0004, 0.0008, 0.0008, 0.0, 0.0, 0.0008, 0.0, 0.0002, 0.0023, 0.0023, 0.0012000000000000001, 0.0023, 0.0002, 0.0, 0.0, 0.0002, 0.0, 0.0021000000000000003, 0.0002, 0.0012000000000000001, 0.0002, 0.0002, 0.0023, 0.0012000000000000001, 0.0012000000000000001, 0.0021000000000000003, 0.0002, 0.0002, 0.0021000000000000003, 0.0021000000000000003], [0.0, 0.0, 0.0, 0.0, 0.0, 0.0, 0.0, 0.0, 0.0, 0.0, 0.0, 0.0, 0.0, 0.0, 0.0, 0.0, 0.0, 0.0, 0.0, 0.0, 0.0, 0.0, 0.0, 0.0, 0.0, 0.0, 0.0, 0.0, 0.0, 0.0, 0.0, 0.0, 0.0, 0.0, 0.0, 0.0], [0.0, 0.0, 0.0, 0.0, 0.0, 0.0, 0.0, 0.0, 0.0, 0.0, 0.0, 0.0, 0.0, 0.0, 0.0, 0.0, 0.0, 0.0, 0.0, 0.0, 0.0, 0.0, 0.0, 0.0, 0.0, 0.0, 0.0, 0.0, 0.0, 0.0, 0.0, 0.0, 0.0, 0.0, 0.0, 0.0], [0.0, 0.0, 0.0, 0.0, 0.0, 0.0, 0.0, 0.0, 0.0, 0.0, 0.0, 0.0, 0.0, 0.0, 0.0, 0.0, 0.0, 0.0, 0.0, 0.0, 0.0, 0.0, 0.0, 0.0, 0.0, 0.0, 0.0, 0.0, 0.0, 0.0, 0.0, 0.0, 0.0, 0.0, 0.0, 0.0], [0.0, 0.0, 0.0, 0.0, 0.0, 0.0, 0.0, 0.0, 0.0, 0.0, 0.0, 0.0, 0.0, 0.0, 0.0, 0.0, 0.0, 0.0, 0.0, 0.0, 0.0, 0.0, 0.0, 0.0, 0.0, 0.0, 0.0, 0.0, 0.0, 0.0, 0.0, 0.0, 0.0, 0.0, 0.0, 0.0], [0.0, 0.0, 0.0, 0.0, 0.0, 0.0, 0.0, 0.0, 0.0, 0.0, 0.0, 0.0, 0.0, 0.0, 0.0, 0.0, 0.0, 0.0, 0.0, 0.0, 0.0, 0.0, 0.0, 0.0, 0.0, 0.0, 0.0, 0.0, 0.0, 0.0, 0.0, 0.0, 0.0, 0.0, 0.0, 0.0]]}}
bs_hinuma_vbm: {'band_index': {'1': [99]}, 'kpoint_index': [13, 14, 63], 'kpoint': <pymatgen.electronic_structure.bandstructure.Kpoint object at 0x7fc5d4b5a350>, 'energy': -0.0162, 'projections': {'1': [[0.00030000000000000003, 0.00030000000000000003, 0.00030000000000000003, 0.00030000000000000003, 0.0, 0.0, 0.0, 0.0, 0.0, 0.0, 0.0, 0.0, 0.0005, 0.0, 0.0, 0.0, 0.0001, 0.0, 0.0, 0.0005, 0.0005, 0.0004, 0.0005, 0.0001, 0.0004, 0.0001, 0.0, 0.0, 0.0, 0.0001, 0.0001, 0.0001, 0.0004, 0.0004, 0.0001, 0.0001], [0.0, 0.0, 0.0, 0.0, 0.0007, 0.0, 0.0007, 0.0, 0.0, 0.0, 0.0, 0.0, 0.0038, 0.0, 0.0014, 0.0014, 0.012100000000000001, 0.0014, 0.0, 0.0038, 0.0038, 0.0001, 0.0038, 0.0046, 0.0001, 0.012100000000000001, 0.0, 0.0, 0.0014, 0.012100000000000001, 0.012100000000000001, 0.0046, 0.0001, 0.0001, 0.0046, 0.0046], [0.0, 0.0, 0.0, 0.0, 0.0, 0.00030000000000000003, 0.0, 0.00030000000000000003, 0.00030000000000000003, 0.0006000000000000001, 0.0006000000000000001, 0.00030000000000000003, 0.0112, 0.0095, 0.0045000000000000005, 0.0045000000000000005, 0.0086, 0.0045000000000000005, 0.0095, 0.0112, 0.0112, 0.032, 0.0112, 0.0049, 0.032, 0.0086, 0.0095, 0.0095, 0.0045000000000000005, 0.0086, 0.0086, 0.0049, 0.032, 0.032, 0.0049, 0.0049], [0.0004, 0.0004, 0.0004, 0.0004, 0.0, 0.0005, 0.0, 0.0005, 0.0005, 0.0, 0.0, 0.0005, 0.0023, 0.0376, 0.0, 0.0, 0.0258, 0.0, 0.0376, 0.0023, 0.0023, 0.0318, 0.0023, 0.0004, 0.0318, 0.0258, 0.0376, 0.0376, 0.0, 0.0258, 0.0258, 0.0004, 0.0318, 0.0318, 0.0004, 0.0004], [0.0, 0.0, 0.0, 0.0, 0.0, 0.0, 0.0, 0.0, 0.0, 0.0, 0.0, 0.0, 0.0, 0.0, 0.0, 0.0, 0.0, 0.0, 0.0, 0.0, 0.0, 0.0, 0.0, 0.0, 0.0, 0.0, 0.0, 0.0, 0.0, 0.0, 0.0, 0.0, 0.0, 0.0, 0.0, 0.0], [0.0, 0.0, 0.0, 0.0, 0.0, 0.0, 0.0, 0.0, 0.0, 0.0, 0.0, 0.0, 0.0, 0.0, 0.0, 0.0, 0.0, 0.0, 0.0, 0.0, 0.0, 0.0, 0.0, 0.0, 0.0, 0.0, 0.0, 0.0, 0.0, 0.0, 0.0, 0.0, 0.0, 0.0, 0.0, 0.0], [0.0, 0.0, 0.0, 0.0, 0.0, 0.0, 0.0, 0.0, 0.0, 0.0, 0.0, 0.0, 0.0, 0.0, 0.0, 0.0, 0.0, 0.0, 0.0, 0.0, 0.0, 0.0, 0.0, 0.0, 0.0, 0.0, 0.0, 0.0, 0.0, 0.0, 0.0, 0.0, 0.0, 0.0, 0.0, 0.0], [0.0, 0.0, 0.0, 0.0, 0.0, 0.0, 0.0, 0.0, 0.0, 0.0, 0.0, 0.0, 0.0, 0.0, 0.0, 0.0, 0.0, 0.0, 0.0, 0.0, 0.0, 0.0, 0.0, 0.0, 0.0, 0.0, 0.0, 0.0, 0.0, 0.0, 0.0, 0.0, 0.0, 0.0, 0.0, 0.0], [0.0, 0.0, 0.0, 0.0, 0.0, 0.0, 0.0, 0.0, 0.0, 0.0, 0.0, 0.0, 0.0, 0.0, 0.0, 0.0, 0.0, 0.0, 0.0, 0.0, 0.0, 0.0, 0.0, 0.0, 0.0, 0.0, 0.0, 0.0, 0.0, 0.0, 0.0, 0.0, 0.0, 0.0, 0.0, 0.0]]}}
bs_hinuma_efermi: 0.05744324
bs_latimer_munro_task_id: mp-2301818
bs_latimer_munro_band_gap: 5.8524
bs_latimer_munro_cbm: {'band_index': {'1': [100]}, 'kpoint_index': [22, 23, 122, 123, 152, 153, 176], 'kpoint': <pymatgen.electronic_structure.bandstructure.Kpoint object at 0x7fc5d4b59e80>, 'energy': 5.8362, 'projections': {'1': [[0.0047, 0.0047, 0.0047, 0.0047, 0.0108, 0.0117, 0.0108, 0.0117, 0.0117, 0.013800000000000002, 0.013800000000000002, 0.0117, 0.0108, 0.0066, 0.0085, 0.0085, 0.007500000000000001, 0.0085, 0.0066, 0.0108, 0.0108, 0.007, 0.0108, 0.0125, 0.007, 0.007500000000000001, 0.0066, 0.0066, 0.0085, 0.007500000000000001, 0.007500000000000001, 0.0125, 0.007, 0.007, 0.0125, 0.0125], [0.0, 0.0, 0.0, 0.0, 0.0, 0.0, 0.0, 0.0, 0.0, 0.00030000000000000003, 0.00030000000000000003, 0.0, 0.0, 0.00030000000000000003, 0.0004, 0.0004, 0.00030000000000000003, 0.0004, 0.00030000000000000003, 0.0, 0.0, 0.0002, 0.0, 0.0001, 0.0002, 0.00030000000000000003, 0.00030000000000000003, 0.00030000000000000003, 0.0004, 0.00030000000000000003, 0.00030000000000000003, 0.0001, 0.0002, 0.0002, 0.0001, 0.0001], [0.0001, 0.0001, 0.0001, 0.0001, 0.0, 0.0001, 0.0, 0.0001, 0.0001, 0.0, 0.0, 0.0001, 0.0024000000000000002, 0.0015, 0.0001, 0.0001, 0.0005, 0.0001, 0.0015, 0.0024000000000000002, 0.0024000000000000002, 0.0017000000000000001, 0.0024000000000000002, 0.00030000000000000003, 0.0017000000000000001, 0.0005, 0.0015, 0.0015, 0.0001, 0.0005, 0.0005, 0.00030000000000000003, 0.0017000000000000001, 0.0017000000000000001, 0.00030000000000000003, 0.00030000000000000003], [0.0, 0.0, 0.0, 0.0, 0.0004, 0.0008, 0.0004, 0.0008, 0.0008, 0.0, 0.0, 0.0008, 0.0, 0.0002, 0.0023, 0.0023, 0.0012000000000000001, 0.0023, 0.0002, 0.0, 0.0, 0.0002, 0.0, 0.0021000000000000003, 0.0002, 0.0012000000000000001, 0.0002, 0.0002, 0.0023, 0.0012000000000000001, 0.0012000000000000001, 0.0021000000000000003, 0.0002, 0.0002, 0.0021000000000000003, 0.0021000000000000003], [0.0, 0.0, 0.0, 0.0, 0.0, 0.0, 0.0, 0.0, 0.0, 0.0, 0.0, 0.0, 0.0, 0.0, 0.0, 0.0, 0.0, 0.0, 0.0, 0.0, 0.0, 0.0, 0.0, 0.0, 0.0, 0.0, 0.0, 0.0, 0.0, 0.0, 0.0, 0.0, 0.0, 0.0, 0.0, 0.0], [0.0, 0.0, 0.0, 0.0, 0.0, 0.0, 0.0, 0.0, 0.0, 0.0, 0.0, 0.0, 0.0, 0.0, 0.0, 0.0, 0.0, 0.0, 0.0, 0.0, 0.0, 0.0, 0.0, 0.0, 0.0, 0.0, 0.0, 0.0, 0.0, 0.0, 0.0, 0.0, 0.0, 0.0, 0.0, 0.0], [0.0, 0.0, 0.0, 0.0, 0.0, 0.0, 0.0, 0.0, 0.0, 0.0, 0.0, 0.0, 0.0, 0.0, 0.0, 0.0, 0.0, 0.0, 0.0, 0.0, 0.0, 0.0, 0.0, 0.0, 0.0, 0.0, 0.0, 0.0, 0.0, 0.0, 0.0, 0.0, 0.0, 0.0, 0.0, 0.0], [0.0, 0.0, 0.0, 0.0, 0.0, 0.0, 0.0, 0.0, 0.0, 0.0, 0.0, 0.0, 0.0, 0.0, 0.0, 0.0, 0.0, 0.0, 0.0, 0.0, 0.0, 0.0, 0.0, 0.0, 0.0, 0.0, 0.0, 0.0, 0.0, 0.0, 0.0, 0.0, 0.0, 0.0, 0.0, 0.0], [0.0, 0.0, 0.0, 0.0, 0.0, 0.0, 0.0, 0.0, 0.0, 0.0, 0.0, 0.0, 0.0, 0.0, 0.0, 0.0, 0.0, 0.0, 0.0, 0.0, 0.0, 0.0, 0.0, 0.0, 0.0, 0.0, 0.0, 0.0, 0.0, 0.0, 0.0, 0.0, 0.0, 0.0, 0.0, 0.0]]}}
bs_latimer_munro_vbm: {'band_index': {'1': [99]}, 'kpoint_index': [49, 50, 138, 139], 'kpoint': <pymatgen.electronic_structure.bandstructure.Kpoint object at 0x7fc5d4b59be0>, 'energy': -0.0162, 'projections': {'1': [[0.00030000000000000003, 0.00030000000000000003, 0.00030000000000000003, 0.00030000000000000003, 0.0, 0.0, 0.0, 0.0, 0.0, 0.0, 0.0, 0.0, 0.0005, 0.0, 0.0, 0.0, 0.0001, 0.0, 0.0, 0.0005, 0.0005, 0.0004, 0.0005, 0.0001, 0.0004, 0.0001, 0.0, 0.0, 0.0, 0.0001, 0.0001, 0.0001, 0.0004, 0.0004, 0.0001, 0.0001], [0.0, 0.0, 0.0, 0.0, 0.0007, 0.0, 0.0007, 0.0, 0.0, 0.0, 0.0, 0.0, 0.0038, 0.0, 0.0014, 0.0014, 0.012100000000000001, 0.0014, 0.0, 0.0038, 0.0038, 0.0001, 0.0038, 0.0046, 0.0001, 0.012100000000000001, 0.0, 0.0, 0.0014, 0.012100000000000001, 0.012100000000000001, 0.0046, 0.0001, 0.0001, 0.0046, 0.0046], [0.0, 0.0, 0.0, 0.0, 0.0, 0.00030000000000000003, 0.0, 0.00030000000000000003, 0.00030000000000000003, 0.0006000000000000001, 0.0006000000000000001, 0.00030000000000000003, 0.0112, 0.0095, 0.0045000000000000005, 0.0045000000000000005, 0.0086, 0.0045000000000000005, 0.0095, 0.0112, 0.0112, 0.032, 0.0112, 0.0049, 0.032, 0.0086, 0.0095, 0.0095, 0.0045000000000000005, 0.0086, 0.0086, 0.0049, 0.032, 0.032, 0.0049, 0.0049], [0.0004, 0.0004, 0.0004, 0.0004, 0.0, 0.0005, 0.0, 0.0005, 0.0005, 0.0, 0.0, 0.0005, 0.0023, 0.0376, 0.0, 0.0, 0.0258, 0.0, 0.0376, 0.0023, 0.0023, 0.0318, 0.0023, 0.0004, 0.0318, 0.0258, 0.0376, 0.0376, 0.0, 0.0258, 0.0258, 0.0004, 0.0318, 0.0318, 0.0004, 0.0004], [0.0, 0.0, 0.0, 0.0, 0.0, 0.0, 0.0, 0.0, 0.0, 0.0, 0.0, 0.0, 0.0, 0.0, 0.0, 0.0, 0.0, 0.0, 0.0, 0.0, 0.0, 0.0, 0.0, 0.0, 0.0, 0.0, 0.0, 0.0, 0.0, 0.0, 0.0, 0.0, 0.0, 0.0, 0.0, 0.0], [0.0, 0.0, 0.0, 0.0, 0.0, 0.0, 0.0, 0.0, 0.0, 0.0, 0.0, 0.0, 0.0, 0.0, 0.0, 0.0, 0.0, 0.0, 0.0, 0.0, 0.0, 0.0, 0.0, 0.0, 0.0, 0.0, 0.0, 0.0, 0.0, 0.0, 0.0, 0.0, 0.0, 0.0, 0.0, 0.0], [0.0, 0.0, 0.0, 0.0, 0.0, 0.0, 0.0, 0.0, 0.0, 0.0, 0.0, 0.0, 0.0, 0.0, 0.0, 0.0, 0.0, 0.0, 0.0, 0.0, 0.0, 0.0, 0.0, 0.0, 0.0, 0.0, 0.0, 0.0, 0.0, 0.0, 0.0, 0.0, 0.0, 0.0, 0.0, 0.0], [0.0, 0.0, 0.0, 0.0, 0.0, 0.0, 0.0, 0.0, 0.0, 0.0, 0.0, 0.0, 0.0, 0.0, 0.0, 0.0, 0.0, 0.0, 0.0, 0.0, 0.0, 0.0, 0.0, 0.0, 0.0, 0.0, 0.0, 0.0, 0.0, 0.0, 0.0, 0.0, 0.0, 0.0, 0.0, 0.0], [0.0, 0.0, 0.0, 0.0, 0.0, 0.0, 0.0, 0.0, 0.0, 0.0, 0.0, 0.0, 0.0, 0.0, 0.0, 0.0, 0.0, 0.0, 0.0, 0.0, 0.0, 0.0, 0.0, 0.0, 0.0, 0.0, 0.0, 0.0, 0.0, 0.0, 0.0, 0.0, 0.0, 0.0, 0.0, 0.0]]}}
bs_latimer_munro_efermi: 0.04099729