material_id: mp-561710
band_gap: 1.6557
efermi: 1.95954716
dos_magnetic_ordering: NM
dos_total_task_id: mp-2284519
dos_total_band_gap: 1.646399999999999
dos_total_cbm: 3.4966
dos_total_vbm: 1.8502
dos_total_efermi: 1.85223299
bs_setyawan_curtarolo_task_id: mp-1597639
bs_setyawan_curtarolo_band_gap: 1.6557
bs_setyawan_curtarolo_cbm: {'band_index': {'1': [41]}, 'kpoint_index': [0], 'kpoint': <pymatgen.electronic_structure.bandstructure.Kpoint object at 0x7fc699d63930>, 'energy': 3.5011, 'projections': {'1': [[0.0002, 0.0002, 0.12940000000000002, 0.12940000000000002, 0.0034000000000000002, 0.0008, 0.0002, 0.0002, 0.0034000000000000002, 0.0008], [0.0012000000000000001, 0.0012000000000000001, 0.0028, 0.0028, 0.0026000000000000003, 0.0018000000000000002, 0.0051, 0.0051, 0.0026000000000000003, 0.0018000000000000002], [0.0004, 0.0004, 0.0006000000000000001, 0.0006000000000000001, 0.0099, 0.014400000000000001, 0.0058000000000000005, 0.0058000000000000005, 0.0099, 0.014400000000000001], [0.00030000000000000003, 0.00030000000000000003, 0.0, 0.0, 0.00030000000000000003, 0.0538, 0.05, 0.05, 0.00030000000000000003, 0.0538], [0.0001, 0.0001, 0.0, 0.0, 0.0, 0.0, 0.0, 0.0, 0.0, 0.0], [0.0002, 0.0002, 0.0022, 0.0022, 0.0, 0.0, 0.0, 0.0, 0.0, 0.0], [0.0001, 0.0001, 0.0002, 0.0002, 0.0, 0.0, 0.0, 0.0, 0.0, 0.0], [0.0, 0.0, 0.0, 0.0, 0.0, 0.0, 0.0, 0.0, 0.0, 0.0], [0.0004, 0.0004, 0.0013000000000000002, 0.0013000000000000002, 0.0, 0.0, 0.0, 0.0, 0.0, 0.0]]}}
bs_setyawan_curtarolo_vbm: {'band_index': {'1': [40]}, 'kpoint_index': [24], 'kpoint': <pymatgen.electronic_structure.bandstructure.Kpoint object at 0x7fc5d4b5a3c0>, 'energy': 1.8454000000000002, 'projections': {'1': [[0.0, 0.0, 0.0002, 0.0002, 0.0006000000000000001, 0.0, 0.0002, 0.0002, 0.0006000000000000001, 0.0], [0.0, 0.0, 0.0012000000000000001, 0.0012000000000000001, 0.0823, 0.009300000000000001, 0.0002, 0.0002, 0.0823, 0.009300000000000001], [0.0, 0.0, 0.0004, 0.0004, 0.0, 0.004, 0.060700000000000004, 0.060700000000000004, 0.0, 0.004], [0.0004, 0.0004, 0.0002, 0.0002, 0.1015, 0.0018000000000000002, 0.0004, 0.0004, 0.1015, 0.0018000000000000002], [0.0, 0.0, 0.0001, 0.0001, 0.0, 0.0, 0.0, 0.0, 0.0, 0.0], [0.0002, 0.0002, 0.0002, 0.0002, 0.0, 0.0, 0.0, 0.0, 0.0, 0.0], [0.00030000000000000003, 0.00030000000000000003, 0.0007, 0.0007, 0.0, 0.0, 0.0, 0.0, 0.0, 0.0], [0.0001, 0.0001, 0.0004, 0.0004, 0.0, 0.0, 0.0, 0.0, 0.0, 0.0], [0.0004, 0.0004, 0.0001, 0.0001, 0.0, 0.0, 0.0, 0.0, 0.0, 0.0]]}}
bs_setyawan_curtarolo_efermi: 1.95954716
bs_hinuma_task_id: mp-2072731
bs_hinuma_band_gap: 1.6557
bs_hinuma_cbm: {'band_index': {'1': [41]}, 'kpoint_index': [13], 'kpoint': <pymatgen.electronic_structure.bandstructure.Kpoint object at 0x7fc5d4b59d30>, 'energy': 3.5011, 'projections': {'1': [[0.0002, 0.0002, 0.12940000000000002, 0.12940000000000002, 0.0034000000000000002, 0.0008, 0.0002, 0.0002, 0.0034000000000000002, 0.0008], [0.0012000000000000001, 0.0012000000000000001, 0.0028, 0.0028, 0.0026000000000000003, 0.0018000000000000002, 0.0051, 0.0051, 0.0026000000000000003, 0.0018000000000000002], [0.0004, 0.0004, 0.0006000000000000001, 0.0006000000000000001, 0.0099, 0.014400000000000001, 0.0058000000000000005, 0.0058000000000000005, 0.0099, 0.014400000000000001], [0.00030000000000000003, 0.00030000000000000003, 0.0, 0.0, 0.00030000000000000003, 0.0538, 0.05, 0.05, 0.00030000000000000003, 0.0538], [0.0001, 0.0001, 0.0, 0.0, 0.0, 0.0, 0.0, 0.0, 0.0, 0.0], [0.0002, 0.0002, 0.0022, 0.0022, 0.0, 0.0, 0.0, 0.0, 0.0, 0.0], [0.0001, 0.0001, 0.0002, 0.0002, 0.0, 0.0, 0.0, 0.0, 0.0, 0.0], [0.0, 0.0, 0.0, 0.0, 0.0, 0.0, 0.0, 0.0, 0.0, 0.0], [0.0004, 0.0004, 0.0013000000000000002, 0.0013000000000000002, 0.0, 0.0, 0.0, 0.0, 0.0, 0.0]]}}
bs_hinuma_vbm: {'band_index': {'1': [40]}, 'kpoint_index': [114], 'kpoint': <pymatgen.electronic_structure.bandstructure.Kpoint object at 0x7fc5d4b5a200>, 'energy': 1.8454000000000002, 'projections': {'1': [[0.0, 0.0, 0.0002, 0.0002, 0.0006000000000000001, 0.0, 0.0002, 0.0002, 0.0006000000000000001, 0.0], [0.0, 0.0, 0.0012000000000000001, 0.0012000000000000001, 0.0823, 0.009300000000000001, 0.0002, 0.0002, 0.0823, 0.009300000000000001], [0.0, 0.0, 0.0004, 0.0004, 0.0, 0.004, 0.060700000000000004, 0.060700000000000004, 0.0, 0.004], [0.0004, 0.0004, 0.0002, 0.0002, 0.1015, 0.0018000000000000002, 0.0004, 0.0004, 0.1015, 0.0018000000000000002], [0.0, 0.0, 0.0001, 0.0001, 0.0, 0.0, 0.0, 0.0, 0.0, 0.0], [0.0002, 0.0002, 0.0002, 0.0002, 0.0, 0.0, 0.0, 0.0, 0.0, 0.0], [0.00030000000000000003, 0.00030000000000000003, 0.0007, 0.0007, 0.0, 0.0, 0.0, 0.0, 0.0, 0.0], [0.0001, 0.0001, 0.0004, 0.0004, 0.0, 0.0, 0.0, 0.0, 0.0, 0.0], [0.0004, 0.0004, 0.0001, 0.0001, 0.0, 0.0, 0.0, 0.0, 0.0, 0.0]]}}
bs_hinuma_efermi: 1.907182559999999
bs_latimer_munro_task_id: mp-2611200
bs_latimer_munro_band_gap: 1.6557
bs_latimer_munro_cbm: {'band_index': {'1': [41]}, 'kpoint_index': [45], 'kpoint': <pymatgen.electronic_structure.bandstructure.Kpoint object at 0x7fc5d4b5a190>, 'energy': 3.5011, 'projections': {'1': [[0.0002, 0.0002, 0.12940000000000002, 0.12940000000000002, 0.0034000000000000002, 0.0008, 0.0002, 0.0002, 0.0034000000000000002, 0.0008], [0.0012000000000000001, 0.0012000000000000001, 0.0028, 0.0028, 0.0026000000000000003, 0.0018000000000000002, 0.0051, 0.0051, 0.0026000000000000003, 0.0018000000000000002], [0.0004, 0.0004, 0.0006000000000000001, 0.0006000000000000001, 0.0099, 0.014400000000000001, 0.0058000000000000005, 0.0058000000000000005, 0.0099, 0.014400000000000001], [0.00030000000000000003, 0.00030000000000000003, 0.0, 0.0, 0.00030000000000000003, 0.0538, 0.05, 0.05, 0.00030000000000000003, 0.0538], [0.0001, 0.0001, 0.0, 0.0, 0.0, 0.0, 0.0, 0.0, 0.0, 0.0], [0.0002, 0.0002, 0.0022, 0.0022, 0.0, 0.0, 0.0, 0.0, 0.0, 0.0], [0.0001, 0.0001, 0.0002, 0.0002, 0.0, 0.0, 0.0, 0.0, 0.0, 0.0], [0.0, 0.0, 0.0, 0.0, 0.0, 0.0, 0.0, 0.0, 0.0, 0.0], [0.0004, 0.0004, 0.0013000000000000002, 0.0013000000000000002, 0.0, 0.0, 0.0, 0.0, 0.0, 0.0]]}}
bs_latimer_munro_vbm: {'band_index': {'1': [40]}, 'kpoint_index': [72], 'kpoint': <pymatgen.electronic_structure.bandstructure.Kpoint object at 0x7fc5d4b5a350>, 'energy': 1.8454000000000002, 'projections': {'1': [[0.0, 0.0, 0.0002, 0.0002, 0.0006000000000000001, 0.0, 0.0002, 0.0002, 0.0006000000000000001, 0.0], [0.0, 0.0, 0.0012000000000000001, 0.0012000000000000001, 0.0823, 0.009300000000000001, 0.0002, 0.0002, 0.0823, 0.009300000000000001], [0.0, 0.0, 0.0004, 0.0004, 0.0, 0.004, 0.060700000000000004, 0.060700000000000004, 0.0, 0.004], [0.0004, 0.0004, 0.0002, 0.0002, 0.1015, 0.0018000000000000002, 0.0004, 0.0004, 0.1015, 0.0018000000000000002], [0.0, 0.0, 0.0001, 0.0001, 0.0, 0.0, 0.0, 0.0, 0.0, 0.0], [0.0002, 0.0002, 0.0002, 0.0002, 0.0, 0.0, 0.0, 0.0, 0.0, 0.0], [0.00030000000000000003, 0.00030000000000000003, 0.0007, 0.0007, 0.0, 0.0, 0.0, 0.0, 0.0, 0.0], [0.0001, 0.0001, 0.0004, 0.0004, 0.0, 0.0, 0.0, 0.0, 0.0, 0.0], [0.0004, 0.0004, 0.0001, 0.0001, 0.0, 0.0, 0.0, 0.0, 0.0, 0.0]]}}
bs_latimer_munro_efermi: 1.9612984