material_id: mp-540856
band_gap: 0.0034000000000000002
efermi: 3.38857219
dos_magnetic_ordering: NM
dos_total_task_id: mp-1757405
dos_total_band_gap: 0.035799999999999006
dos_total_cbm: 3.4088
dos_total_vbm: 3.373
dos_total_efermi: 3.3735268400000002
bs_setyawan_curtarolo_task_id: mp-1626151
bs_setyawan_curtarolo_band_gap: 0.0034000000000000002
bs_setyawan_curtarolo_cbm: {'band_index': {'1': [120, 121]}, 'kpoint_index': ['129'], 'kpoint': <pymatgen.electronic_structure.bandstructure.Kpoint object at 0x7fc699d63930>, 'energy': 3.3906, 'projections': {'1': [[0.0001, 0.0076, 0.006900000000000001, 0.006900000000000001, 0.0076, 0.0001, 0.0, 0.0, 0.0, 0.0063, 0.0057, 0.0057, 0.0063, 0.0, 0.0, 0.0, 0.0, 0.0002, 0.0002, 0.0002, 0.0002, 0.0, 0.0, 0.0], [0.0002, 0.0081, 0.007500000000000001, 0.007500000000000001, 0.0081, 0.0002, 0.0001, 0.0001, 0.0001, 0.0018000000000000002, 0.0025, 0.0025, 0.0017000000000000001, 0.0001, 0.0, 0.0, 0.0, 0.0028, 0.0035, 0.0035, 0.0028, 0.0, 0.0, 0.0], [0.0001, 0.0079, 0.0071, 0.0071, 0.0078000000000000005, 0.0001, 0.0, 0.0, 0.0, 0.0031000000000000003, 0.0028, 0.0028, 0.0031000000000000003, 0.0, 0.0, 0.0, 0.0, 0.0036000000000000003, 0.0033, 0.0033, 0.0036000000000000003, 0.0, 0.0, 0.0], [0.0006000000000000001, 0.0179, 0.0161, 0.0161, 0.0179, 0.0006000000000000001, 0.015, 0.015, 0.005, 0.007200000000000001, 0.0061, 0.006, 0.007200000000000001, 0.005, 0.0013000000000000002, 0.0013000000000000002, 0.006500000000000001, 0.0009000000000000001, 0.0005, 0.0005, 0.0009000000000000001, 0.006500000000000001, 0.0076, 0.0076], [0.0109, 0.0018000000000000002, 0.0021000000000000003, 0.0021000000000000003, 0.0018000000000000002, 0.0109, 0.0245, 0.0246, 0.0059, 0.0064, 0.005, 0.005, 0.0064, 0.006, 0.017, 0.017, 0.0021000000000000003, 0.0001, 0.0002, 0.0002, 0.0001, 0.0021000000000000003, 0.0635, 0.0635], [0.0, 0.0009000000000000001, 0.0015, 0.0015, 0.0009000000000000001, 0.0, 0.0, 0.0, 0.0001, 0.006, 0.0063, 0.0064, 0.006, 0.0001, 0.00030000000000000003, 0.00030000000000000003, 0.0, 0.0001, 0.0001, 0.0001, 0.0001, 0.0, 0.0, 0.0], [0.0, 0.003, 0.0028, 0.0027, 0.003, 0.0, 0.0, 0.0, 0.0, 0.0029000000000000002, 0.0026000000000000003, 0.0027, 0.0029000000000000002, 0.0, 0.0, 0.0, 0.0, 0.0004, 0.0004, 0.0004, 0.0004, 0.0, 0.0, 0.0], [0.006500000000000001, 0.0011, 0.001, 0.001, 0.0011, 0.006500000000000001, 0.0058000000000000005, 0.0059, 0.0077, 0.0028, 0.0023, 0.0023, 0.0028, 0.0077, 0.0466, 0.0466, 0.00030000000000000003, 0.0, 0.0, 0.0, 0.0, 0.00030000000000000003, 0.0015, 0.0015], [0.0, 0.0011, 0.0015, 0.0015, 0.0011, 0.0, 0.0001, 0.0001, 0.0001, 0.0037, 0.0048000000000000004, 0.0048000000000000004, 0.0037, 0.0001, 0.0001, 0.0001, 0.0, 0.0004, 0.0005, 0.0005, 0.0004, 0.0, 0.0004, 0.0004]]}}
bs_setyawan_curtarolo_vbm: {'band_index': {'1': [118, 119]}, 'kpoint_index': ['129'], 'kpoint': <pymatgen.electronic_structure.bandstructure.Kpoint object at 0x7fc5d4b5a190>, 'energy': 3.3872, 'projections': {'1': [[0.0043, 0.001, 0.0092, 0.0092, 0.001, 0.0043, 0.0, 0.0, 0.0016, 0.0004, 0.0034000000000000002, 0.0034000000000000002, 0.0004, 0.0016, 0.0, 0.0, 0.0007, 0.0002, 0.0014, 0.0014, 0.0002, 0.0007, 0.0, 0.0], [0.014100000000000001, 0.0204, 0.0038, 0.0038, 0.0204, 0.014100000000000001, 0.011, 0.011, 0.012, 0.007, 0.0049, 0.0049, 0.007, 0.012, 0.008, 0.008, 0.0089, 0.001, 0.0049, 0.0049, 0.001, 0.0089, 0.0122, 0.0122], [0.0005, 0.0001, 0.0011, 0.0011, 0.0001, 0.0005, 0.0, 0.0, 0.008, 0.0019, 0.0173, 0.0173, 0.0019, 0.008, 0.0, 0.0, 0.0018000000000000002, 0.0004, 0.0038, 0.0038, 0.0004, 0.0018000000000000002, 0.0, 0.0], [0.0108, 0.00030000000000000003, 0.0274, 0.0274, 0.00030000000000000003, 0.0108, 0.013900000000000001, 0.013900000000000001, 0.0029000000000000002, 0.0006000000000000001, 0.0211, 0.0211, 0.0006000000000000001, 0.0029000000000000002, 0.010100000000000001, 0.010100000000000001, 0.00030000000000000003, 0.0017000000000000001, 0.0143, 0.0143, 0.0017000000000000001, 0.00030000000000000003, 0.015300000000000001, 0.015300000000000001], [0.0023, 0.0016, 0.0035, 0.0035, 0.0016, 0.0023, 0.0002, 0.0002, 0.0092, 0.0018000000000000002, 0.0064, 0.0064, 0.0018000000000000002, 0.0092, 0.0007, 0.0007, 0.0001, 0.0, 0.0, 0.0, 0.0, 0.0001, 0.0005, 0.0005], [0.004, 0.0028, 0.0027, 0.0027, 0.0028, 0.004, 0.0005, 0.0005, 0.006200000000000001, 0.010700000000000001, 0.0021000000000000003, 0.0021000000000000003, 0.010700000000000001, 0.006200000000000001, 0.0044, 0.0044, 0.0, 0.0001, 0.0, 0.0, 0.0001, 0.0, 0.0017000000000000001, 0.0017000000000000001], [0.0031000000000000003, 0.0007, 0.0067, 0.0067, 0.0007, 0.0031000000000000003, 0.0, 0.0, 0.0058000000000000005, 0.0014, 0.0125, 0.0125, 0.0014, 0.0058000000000000005, 0.0, 0.0, 0.0, 0.0, 0.0, 0.0, 0.0, 0.0, 0.0, 0.0], [0.0024000000000000002, 0.002, 0.006200000000000001, 0.006200000000000001, 0.002, 0.0024000000000000002, 0.0006000000000000001, 0.0006000000000000001, 0.0064, 0.001, 0.0117, 0.0117, 0.0011, 0.0064, 0.0056, 0.0056, 0.0001, 0.0001, 0.0, 0.0, 0.0001, 0.0001, 0.0022, 0.0022], [0.0022, 0.0026000000000000003, 0.0014, 0.0014, 0.0026000000000000003, 0.0022, 0.0002, 0.0002, 0.0027, 0.0137, 0.00030000000000000003, 0.00030000000000000003, 0.0137, 0.0027, 0.0006000000000000001, 0.0006000000000000001, 0.0, 0.0001, 0.0, 0.0, 0.0001, 0.0, 0.0004, 0.0004]]}}
bs_setyawan_curtarolo_efermi: 3.38857219
bs_hinuma_task_id: mp-2157982
bs_hinuma_band_gap: 0.0034000000000000002
bs_hinuma_cbm: {'band_index': {'1': [120, 121]}, 'kpoint_index': ['129'], 'kpoint': <pymatgen.electronic_structure.bandstructure.Kpoint object at 0x7fc5d4b5a430>, 'energy': 3.3906, 'projections': {'1': [[0.0001, 0.0076, 0.006900000000000001, 0.006900000000000001, 0.0076, 0.0001, 0.0, 0.0, 0.0, 0.0063, 0.0057, 0.0057, 0.0063, 0.0, 0.0, 0.0, 0.0, 0.0002, 0.0002, 0.0002, 0.0002, 0.0, 0.0, 0.0], [0.0002, 0.0081, 0.007500000000000001, 0.007500000000000001, 0.0081, 0.0002, 0.0001, 0.0001, 0.0001, 0.0018000000000000002, 0.0025, 0.0025, 0.0017000000000000001, 0.0001, 0.0, 0.0, 0.0, 0.0028, 0.0035, 0.0035, 0.0028, 0.0, 0.0, 0.0], [0.0001, 0.0079, 0.0071, 0.0071, 0.0078000000000000005, 0.0001, 0.0, 0.0, 0.0, 0.0031000000000000003, 0.0028, 0.0028, 0.0031000000000000003, 0.0, 0.0, 0.0, 0.0, 0.0036000000000000003, 0.0033, 0.0033, 0.0036000000000000003, 0.0, 0.0, 0.0], [0.0006000000000000001, 0.0179, 0.0161, 0.0161, 0.0179, 0.0006000000000000001, 0.015, 0.015, 0.005, 0.007200000000000001, 0.0061, 0.006, 0.007200000000000001, 0.005, 0.0013000000000000002, 0.0013000000000000002, 0.006500000000000001, 0.0009000000000000001, 0.0005, 0.0005, 0.0009000000000000001, 0.006500000000000001, 0.0076, 0.0076], [0.0109, 0.0018000000000000002, 0.0021000000000000003, 0.0021000000000000003, 0.0018000000000000002, 0.0109, 0.0245, 0.0246, 0.0059, 0.0064, 0.005, 0.005, 0.0064, 0.006, 0.017, 0.017, 0.0021000000000000003, 0.0001, 0.0002, 0.0002, 0.0001, 0.0021000000000000003, 0.0635, 0.0635], [0.0, 0.0009000000000000001, 0.0015, 0.0015, 0.0009000000000000001, 0.0, 0.0, 0.0, 0.0001, 0.006, 0.0063, 0.0064, 0.006, 0.0001, 0.00030000000000000003, 0.00030000000000000003, 0.0, 0.0001, 0.0001, 0.0001, 0.0001, 0.0, 0.0, 0.0], [0.0, 0.003, 0.0028, 0.0027, 0.003, 0.0, 0.0, 0.0, 0.0, 0.0029000000000000002, 0.0026000000000000003, 0.0027, 0.0029000000000000002, 0.0, 0.0, 0.0, 0.0, 0.0004, 0.0004, 0.0004, 0.0004, 0.0, 0.0, 0.0], [0.006500000000000001, 0.0011, 0.001, 0.001, 0.0011, 0.006500000000000001, 0.0058000000000000005, 0.0059, 0.0077, 0.0028, 0.0023, 0.0023, 0.0028, 0.0077, 0.0466, 0.0466, 0.00030000000000000003, 0.0, 0.0, 0.0, 0.0, 0.00030000000000000003, 0.0015, 0.0015], [0.0, 0.0011, 0.0015, 0.0015, 0.0011, 0.0, 0.0001, 0.0001, 0.0001, 0.0037, 0.0048000000000000004, 0.0048000000000000004, 0.0037, 0.0001, 0.0001, 0.0001, 0.0, 0.0004, 0.0005, 0.0005, 0.0004, 0.0, 0.0004, 0.0004]]}}
bs_hinuma_vbm: {'band_index': {'1': [118, 119]}, 'kpoint_index': ['129'], 'kpoint': <pymatgen.electronic_structure.bandstructure.Kpoint object at 0x7fc5d4b5a3c0>, 'energy': 3.3872, 'projections': {'1': [[0.0043, 0.001, 0.0092, 0.0092, 0.001, 0.0043, 0.0, 0.0, 0.0016, 0.0004, 0.0034000000000000002, 0.0034000000000000002, 0.0004, 0.0016, 0.0, 0.0, 0.0007, 0.0002, 0.0014, 0.0014, 0.0002, 0.0007, 0.0, 0.0], [0.014100000000000001, 0.0204, 0.0038, 0.0038, 0.0204, 0.014100000000000001, 0.011, 0.011, 0.012, 0.007, 0.0049, 0.0049, 0.007, 0.012, 0.008, 0.008, 0.0089, 0.001, 0.0049, 0.0049, 0.001, 0.0089, 0.0122, 0.0122], [0.0005, 0.0001, 0.0011, 0.0011, 0.0001, 0.0005, 0.0, 0.0, 0.008, 0.0019, 0.0173, 0.0173, 0.0019, 0.008, 0.0, 0.0, 0.0018000000000000002, 0.0004, 0.0038, 0.0038, 0.0004, 0.0018000000000000002, 0.0, 0.0], [0.0108, 0.00030000000000000003, 0.0274, 0.0274, 0.00030000000000000003, 0.0108, 0.013900000000000001, 0.013900000000000001, 0.0029000000000000002, 0.0006000000000000001, 0.0211, 0.0211, 0.0006000000000000001, 0.0029000000000000002, 0.010100000000000001, 0.010100000000000001, 0.00030000000000000003, 0.0017000000000000001, 0.0143, 0.0143, 0.0017000000000000001, 0.00030000000000000003, 0.015300000000000001, 0.015300000000000001], [0.0023, 0.0016, 0.0035, 0.0035, 0.0016, 0.0023, 0.0002, 0.0002, 0.0092, 0.0018000000000000002, 0.0064, 0.0064, 0.0018000000000000002, 0.0092, 0.0007, 0.0007, 0.0001, 0.0, 0.0, 0.0, 0.0, 0.0001, 0.0005, 0.0005], [0.004, 0.0028, 0.0027, 0.0027, 0.0028, 0.004, 0.0005, 0.0005, 0.006200000000000001, 0.010700000000000001, 0.0021000000000000003, 0.0021000000000000003, 0.010700000000000001, 0.006200000000000001, 0.0044, 0.0044, 0.0, 0.0001, 0.0, 0.0, 0.0001, 0.0, 0.0017000000000000001, 0.0017000000000000001], [0.0031000000000000003, 0.0007, 0.0067, 0.0067, 0.0007, 0.0031000000000000003, 0.0, 0.0, 0.0058000000000000005, 0.0014, 0.0125, 0.0125, 0.0014, 0.0058000000000000005, 0.0, 0.0, 0.0, 0.0, 0.0, 0.0, 0.0, 0.0, 0.0, 0.0], [0.0024000000000000002, 0.002, 0.006200000000000001, 0.006200000000000001, 0.002, 0.0024000000000000002, 0.0006000000000000001, 0.0006000000000000001, 0.0064, 0.001, 0.0117, 0.0117, 0.0011, 0.0064, 0.0056, 0.0056, 0.0001, 0.0001, 0.0, 0.0, 0.0001, 0.0001, 0.0022, 0.0022], [0.0022, 0.0026000000000000003, 0.0014, 0.0014, 0.0026000000000000003, 0.0022, 0.0002, 0.0002, 0.0027, 0.0137, 0.00030000000000000003, 0.00030000000000000003, 0.0137, 0.0027, 0.0006000000000000001, 0.0006000000000000001, 0.0, 0.0001, 0.0, 0.0, 0.0001, 0.0, 0.0004, 0.0004]]}}
bs_hinuma_efermi: 3.38857219
bs_latimer_munro_task_id: mp-2307996
bs_latimer_munro_band_gap: 0.0034000000000000002
bs_latimer_munro_cbm: {'band_index': {'1': [120, 121]}, 'kpoint_index': ['422'], 'kpoint': <pymatgen.electronic_structure.bandstructure.Kpoint object at 0x7fc5d4b59d30>, 'energy': 3.3906, 'projections': {'1': [[0.00030000000000000003, 0.007, 0.007200000000000001, 0.007200000000000001, 0.007, 0.00030000000000000003, 0.0, 0.0, 0.0002, 0.0059, 0.006, 0.006, 0.0059, 0.0002, 0.0, 0.0, 0.0, 0.0002, 0.0002, 0.0002, 0.0002, 0.0, 0.0, 0.0], [0.0009000000000000001, 0.0074, 0.0079, 0.0079, 0.0074, 0.0009000000000000001, 0.0004, 0.0004, 0.00030000000000000003, 0.0031000000000000003, 0.0012000000000000001, 0.0012000000000000001, 0.0031000000000000003, 0.00030000000000000003, 0.0, 0.0, 0.0001, 0.0035, 0.0028, 0.0028, 0.0035, 0.0001, 0.0002, 0.0002], [0.00030000000000000003, 0.0073, 0.007500000000000001, 0.007500000000000001, 0.0073, 0.00030000000000000003, 0.0, 0.0, 0.0001, 0.0029000000000000002, 0.003, 0.003, 0.0029000000000000002, 0.0001, 0.0, 0.0, 0.0001, 0.0034000000000000002, 0.0035, 0.0035, 0.0034000000000000002, 0.0001, 0.0, 0.0], [0.0006000000000000001, 0.0167, 0.016900000000000002, 0.016900000000000002, 0.0167, 0.0006000000000000001, 0.014700000000000001, 0.014700000000000001, 0.0049, 0.0055000000000000005, 0.007500000000000001, 0.007500000000000001, 0.0055000000000000005, 0.0049, 0.0013000000000000002, 0.0013000000000000002, 0.0063, 0.0004, 0.0011, 0.0011, 0.0004, 0.0063, 0.0074, 0.0074], [0.0106, 0.0021000000000000003, 0.0018000000000000002, 0.0018000000000000002, 0.0021000000000000003, 0.0106, 0.024, 0.024, 0.0058000000000000005, 0.0045000000000000005, 0.0068000000000000005, 0.0068000000000000005, 0.0045000000000000005, 0.0058000000000000005, 0.0167, 0.0167, 0.0021000000000000003, 0.0002, 0.0001, 0.0001, 0.0002, 0.0021000000000000003, 0.062200000000000005, 0.062200000000000005], [0.0, 0.0016, 0.0009000000000000001, 0.0009000000000000001, 0.0016, 0.0, 0.0002, 0.0002, 0.0002, 0.0059, 0.0063, 0.0063, 0.0059, 0.0002, 0.0012000000000000001, 0.0012000000000000001, 0.0, 0.0001, 0.0001, 0.0001, 0.0001, 0.0, 0.0, 0.0], [0.0001, 0.0028, 0.0029000000000000002, 0.0029000000000000002, 0.0028, 0.0001, 0.0, 0.0, 0.0001, 0.0027, 0.0028, 0.0028, 0.0027, 0.0001, 0.0, 0.0, 0.0, 0.0004, 0.0004, 0.0004, 0.0004, 0.0, 0.0, 0.0], [0.0063, 0.0008, 0.0013000000000000002, 0.0013000000000000002, 0.0008, 0.0063, 0.0057, 0.0057, 0.007500000000000001, 0.0028, 0.0025, 0.0025, 0.0028, 0.007500000000000001, 0.045700000000000005, 0.045700000000000005, 0.00030000000000000003, 0.0, 0.0, 0.0, 0.0, 0.00030000000000000003, 0.0015, 0.0015], [0.0, 0.0014, 0.0014, 0.0014, 0.0014, 0.0, 0.0007, 0.0006000000000000001, 0.00030000000000000003, 0.0053, 0.0031000000000000003, 0.0031000000000000003, 0.0053, 0.00030000000000000003, 0.0005, 0.0005, 0.0, 0.0004, 0.0005, 0.0005, 0.0004, 0.0, 0.0017000000000000001, 0.0017000000000000001]]}}
bs_latimer_munro_vbm: {'band_index': {'1': [118, 119]}, 'kpoint_index': ['422'], 'kpoint': <pymatgen.electronic_structure.bandstructure.Kpoint object at 0x7fc5d4b59c50>, 'energy': 3.3872, 'projections': {'1': [[0.0012000000000000001, 0.0091, 0.0041, 0.004200000000000001, 0.0091, 0.0012000000000000001, 0.0, 0.0, 0.0004, 0.0034000000000000002, 0.0015, 0.0015, 0.0034000000000000002, 0.0004, 0.0, 0.0, 0.0002, 0.0014, 0.0006000000000000001, 0.0006000000000000001, 0.0014, 0.0002, 0.0, 0.0], [0.0039000000000000003, 0.0115, 0.0223, 0.0223, 0.0115, 0.0039000000000000003, 0.0031000000000000003, 0.003, 0.0033, 0.008700000000000001, 0.009600000000000001, 0.009600000000000001, 0.008700000000000001, 0.0033, 0.0022, 0.0022, 0.0025, 0.0054, 0.0025, 0.0025, 0.0054, 0.0025, 0.0034000000000000002, 0.0034000000000000002], [0.0001, 0.0011, 0.0005, 0.0005, 0.0011, 0.0001, 0.0, 0.0, 0.0022, 0.0172, 0.0078000000000000005, 0.0078000000000000005, 0.0172, 0.0022, 0.0, 0.0, 0.0005, 0.0038, 0.0017000000000000001, 0.0017000000000000001, 0.0038, 0.0005, 0.0, 0.0], [0.017, 0.0196, 0.0025, 0.0025, 0.0196, 0.017, 0.0218, 0.0218, 0.0046, 0.0171, 0.005, 0.005, 0.0171, 0.0046, 0.0159, 0.0159, 0.0005, 0.013800000000000002, 0.0066, 0.0066, 0.013800000000000002, 0.0005, 0.0241, 0.0241], [0.0036000000000000003, 0.0044, 0.0026000000000000003, 0.0026000000000000003, 0.0044, 0.0036000000000000003, 0.00030000000000000003, 0.00030000000000000003, 0.0145, 0.004200000000000001, 0.0004, 0.0004, 0.004200000000000001, 0.0145, 0.0011, 0.0011, 0.0001, 0.0, 0.0001, 0.0001, 0.0, 0.0001, 0.0008, 0.0008], [0.0011, 0.0031000000000000003, 0.0022, 0.0022, 0.0031000000000000003, 0.0011, 0.0001, 0.0001, 0.0017000000000000001, 0.006200000000000001, 0.0106, 0.0106, 0.0061, 0.0017000000000000001, 0.0012000000000000001, 0.0012000000000000001, 0.0, 0.0, 0.0, 0.0, 0.0, 0.0, 0.0005, 0.0005], [0.0009000000000000001, 0.0067, 0.003, 0.003, 0.0067, 0.0009000000000000001, 0.0, 0.0, 0.0016, 0.012400000000000001, 0.0057, 0.0057, 0.012400000000000001, 0.0016, 0.0, 0.0, 0.0, 0.0, 0.0, 0.0, 0.0, 0.0, 0.0, 0.0], [0.0038, 0.0057, 0.0041, 0.0041, 0.0057, 0.0038, 0.0009000000000000001, 0.0009000000000000001, 0.01, 0.0077, 0.0019, 0.0019, 0.0077, 0.01, 0.0088, 0.0088, 0.0001, 0.0001, 0.0001, 0.0001, 0.0001, 0.0001, 0.0035, 0.0035], [0.0006000000000000001, 0.0005, 0.0018000000000000002, 0.0018000000000000002, 0.0005, 0.0006000000000000001, 0.0, 0.0, 0.0008, 0.0025, 0.011600000000000001, 0.011600000000000001, 0.0025, 0.0008, 0.0002, 0.0002, 0.0, 0.0, 0.0, 0.0, 0.0, 0.0, 0.0001, 0.0001]]}}
bs_latimer_munro_efermi: 3.38857211