material_id: mp-560559
band_gap: 3.047399999999999
efermi: -0.5909093400000001
dos_magnetic_ordering: NM
dos_total_task_id: mp-1760813
dos_total_band_gap: 3.0326
dos_total_cbm: 2.3541
dos_total_vbm: -0.6785
dos_total_efermi: -0.6727369400000001
bs_setyawan_curtarolo_task_id: mp-1625001
bs_setyawan_curtarolo_band_gap: 3.047399999999999
bs_setyawan_curtarolo_cbm: {'band_index': {'1': [78]}, 'kpoint_index': ['83'], 'kpoint': <pymatgen.electronic_structure.bandstructure.Kpoint object at 0x7fc699d63930>, 'energy': 2.3667, 'projections': {'1': [[0.0, 0.0, 0.0006000000000000001, 0.0114, 0.012400000000000001, 0.0004, 0.0006000000000000001, 0.0114, 0.0004, 0.012400000000000001, 0.0056, 0.0056, 0.0053, 0.0053, 0.0005, 0.0005, 0.00030000000000000003, 0.00030000000000000003, 0.0012000000000000001, 0.00030000000000000003, 0.00030000000000000003, 0.0006000000000000001, 0.0006000000000000001, 0.0, 0.0, 0.0012000000000000001], [0.0955, 0.0955, 0.0001, 0.010700000000000001, 0.0097, 0.00030000000000000003, 0.0001, 0.010700000000000001, 0.00030000000000000003, 0.0098, 0.002, 0.002, 0.0017000000000000001, 0.0017000000000000001, 0.0009000000000000001, 0.0009000000000000001, 0.0014, 0.0014, 0.0004, 0.0004, 0.0004, 0.0007, 0.0007, 0.0, 0.0, 0.0004], [0.0245, 0.0245, 0.0007, 0.0, 0.00030000000000000003, 0.00030000000000000003, 0.0007, 0.0, 0.00030000000000000003, 0.00030000000000000003, 0.0235, 0.0235, 0.0219, 0.0219, 0.0002, 0.0002, 0.0002, 0.0002, 0.0016, 0.0002, 0.0002, 0.0012000000000000001, 0.0012000000000000001, 0.00030000000000000003, 0.00030000000000000003, 0.0016], [0.0, 0.0, 0.0, 0.0033, 0.0044, 0.0, 0.0, 0.0033, 0.0, 0.0044, 0.0013000000000000002, 0.0013000000000000002, 0.0019, 0.0019, 0.0006000000000000001, 0.0006000000000000001, 0.0008, 0.0008, 0.0078000000000000005, 0.0005, 0.0005, 0.0083, 0.0083, 0.0012000000000000001, 0.0012000000000000001, 0.0078000000000000005], [0.0137, 0.0137, 0.0, 0.0, 0.0, 0.0, 0.0, 0.0, 0.0, 0.0, 0.0, 0.0, 0.0, 0.0, 0.0, 0.0, 0.0, 0.0, 0.0, 0.0, 0.0, 0.0, 0.0, 0.0, 0.0, 0.0], [0.0, 0.0, 0.0, 0.0, 0.0, 0.0, 0.0, 0.0, 0.0, 0.0, 0.0, 0.0, 0.0, 0.0, 0.0, 0.0, 0.0, 0.0, 0.0, 0.0, 0.0, 0.0, 0.0, 0.0, 0.0, 0.0], [0.0, 0.0, 0.0, 0.0, 0.0, 0.0, 0.0, 0.0, 0.0, 0.0, 0.0, 0.0, 0.0, 0.0, 0.0, 0.0, 0.0, 0.0, 0.0, 0.0, 0.0, 0.0, 0.0, 0.0, 0.0, 0.0], [0.0037, 0.0037, 0.0, 0.0, 0.0, 0.0, 0.0, 0.0, 0.0, 0.0, 0.0, 0.0, 0.0, 0.0, 0.0, 0.0, 0.0, 0.0, 0.0, 0.0, 0.0, 0.0, 0.0, 0.0, 0.0, 0.0], [0.0, 0.0, 0.0, 0.0, 0.0, 0.0, 0.0, 0.0, 0.0, 0.0, 0.0, 0.0, 0.0, 0.0, 0.0, 0.0, 0.0, 0.0, 0.0, 0.0, 0.0, 0.0, 0.0, 0.0, 0.0, 0.0]]}}
bs_setyawan_curtarolo_vbm: {'band_index': {'1': [77]}, 'kpoint_index': [0, 77, 78, 98], 'kpoint': <pymatgen.electronic_structure.bandstructure.Kpoint object at 0x7fc5d4b5a200>, 'energy': -0.6807000000000001, 'projections': {'1': [[0.0151, 0.015, 0.0002, 0.0007, 0.0007, 0.0002, 0.0002, 0.0007, 0.0002, 0.0007, 0.0, 0.0, 0.0, 0.0, 0.0, 0.0, 0.0, 0.0, 0.0, 0.0, 0.0, 0.0, 0.0, 0.0, 0.0, 0.0], [0.0, 0.0, 0.0007, 0.001, 0.001, 0.0007, 0.0007, 0.001, 0.0007, 0.001, 0.00030000000000000003, 0.00030000000000000003, 0.00030000000000000003, 0.00030000000000000003, 0.0, 0.0, 0.0, 0.0, 0.0001, 0.0004, 0.0004, 0.0001, 0.0001, 0.0004, 0.0004, 0.0001], [0.0, 0.0, 0.016800000000000002, 0.0196, 0.0196, 0.016800000000000002, 0.016800000000000002, 0.0196, 0.016800000000000002, 0.0196, 0.037200000000000004, 0.037200000000000004, 0.037200000000000004, 0.037200000000000004, 0.007200000000000001, 0.007200000000000001, 0.007200000000000001, 0.007200000000000001, 0.0092, 0.005, 0.005, 0.0092, 0.0092, 0.005, 0.005, 0.0092], [0.013300000000000001, 0.013300000000000001, 0.006500000000000001, 0.0126, 0.0126, 0.006500000000000001, 0.006500000000000001, 0.0126, 0.006500000000000001, 0.0126, 0.0257, 0.0257, 0.0257, 0.0257, 0.0026000000000000003, 0.0026000000000000003, 0.0026000000000000003, 0.0026000000000000003, 0.0067, 0.0021000000000000003, 0.0021000000000000003, 0.0067, 0.0067, 0.0021000000000000003, 0.0021000000000000003, 0.0067], [0.0, 0.0, 0.0, 0.0, 0.0, 0.0, 0.0, 0.0, 0.0, 0.0, 0.0, 0.0, 0.0, 0.0, 0.0, 0.0, 0.0, 0.0, 0.0, 0.0, 0.0, 0.0, 0.0, 0.0, 0.0, 0.0], [0.0, 0.0, 0.0, 0.0, 0.0, 0.0, 0.0, 0.0, 0.0, 0.0, 0.0, 0.0, 0.0, 0.0, 0.0, 0.0, 0.0, 0.0, 0.0, 0.0, 0.0, 0.0, 0.0, 0.0, 0.0, 0.0], [0.0013000000000000002, 0.0013000000000000002, 0.0, 0.0, 0.0, 0.0, 0.0, 0.0, 0.0, 0.0, 0.0, 0.0, 0.0, 0.0, 0.0, 0.0, 0.0, 0.0, 0.0, 0.0, 0.0, 0.0, 0.0, 0.0, 0.0, 0.0], [0.0, 0.0, 0.0, 0.0, 0.0, 0.0, 0.0, 0.0, 0.0, 0.0, 0.0, 0.0, 0.0, 0.0, 0.0, 0.0, 0.0, 0.0, 0.0, 0.0, 0.0, 0.0, 0.0, 0.0, 0.0, 0.0], [0.0004, 0.0004, 0.0, 0.0, 0.0, 0.0, 0.0, 0.0, 0.0, 0.0, 0.0, 0.0, 0.0, 0.0, 0.0, 0.0, 0.0, 0.0, 0.0, 0.0, 0.0, 0.0, 0.0, 0.0, 0.0, 0.0]]}}
bs_setyawan_curtarolo_efermi: -0.5909093400000001
bs_latimer_munro_task_id: mp-2308281
bs_latimer_munro_band_gap: 3.047399999999999
bs_latimer_munro_cbm: {'band_index': {'1': [78]}, 'kpoint_index': ['196'], 'kpoint': <pymatgen.electronic_structure.bandstructure.Kpoint object at 0x7fc5d4b5a350>, 'energy': 2.3667, 'projections': {'1': [[0.0, 0.0, 0.0006000000000000001, 0.0114, 0.012400000000000001, 0.0004, 0.0006000000000000001, 0.0114, 0.0004, 0.012400000000000001, 0.0056, 0.0056, 0.0053, 0.0053, 0.0005, 0.0005, 0.00030000000000000003, 0.00030000000000000003, 0.0012000000000000001, 0.00030000000000000003, 0.00030000000000000003, 0.0006000000000000001, 0.0006000000000000001, 0.0, 0.0, 0.0012000000000000001], [0.0955, 0.0955, 0.0001, 0.010700000000000001, 0.0098, 0.00030000000000000003, 0.0001, 0.010700000000000001, 0.00030000000000000003, 0.0097, 0.002, 0.002, 0.0017000000000000001, 0.0017000000000000001, 0.0009000000000000001, 0.0009000000000000001, 0.0014, 0.0014, 0.0004, 0.0004, 0.0004, 0.0007, 0.0007, 0.0, 0.0, 0.0004], [0.0245, 0.0245, 0.0007, 0.0, 0.00030000000000000003, 0.00030000000000000003, 0.0007, 0.0, 0.00030000000000000003, 0.00030000000000000003, 0.0235, 0.0235, 0.0219, 0.0219, 0.0002, 0.0002, 0.0002, 0.0002, 0.0016, 0.0002, 0.0002, 0.0012000000000000001, 0.0012000000000000001, 0.00030000000000000003, 0.00030000000000000003, 0.0016], [0.0, 0.0, 0.0, 0.0033, 0.0044, 0.0, 0.0, 0.0033, 0.0, 0.0044, 0.0013000000000000002, 0.0013000000000000002, 0.0019, 0.0019, 0.0006000000000000001, 0.0006000000000000001, 0.0008, 0.0008, 0.0078000000000000005, 0.0005, 0.0005, 0.0083, 0.0083, 0.0012000000000000001, 0.0012000000000000001, 0.0078000000000000005], [0.0137, 0.0137, 0.0, 0.0, 0.0, 0.0, 0.0, 0.0, 0.0, 0.0, 0.0, 0.0, 0.0, 0.0, 0.0, 0.0, 0.0, 0.0, 0.0, 0.0, 0.0, 0.0, 0.0, 0.0, 0.0, 0.0], [0.0, 0.0, 0.0, 0.0, 0.0, 0.0, 0.0, 0.0, 0.0, 0.0, 0.0, 0.0, 0.0, 0.0, 0.0, 0.0, 0.0, 0.0, 0.0, 0.0, 0.0, 0.0, 0.0, 0.0, 0.0, 0.0], [0.0, 0.0, 0.0, 0.0, 0.0, 0.0, 0.0, 0.0, 0.0, 0.0, 0.0, 0.0, 0.0, 0.0, 0.0, 0.0, 0.0, 0.0, 0.0, 0.0, 0.0, 0.0, 0.0, 0.0, 0.0, 0.0], [0.0037, 0.0037, 0.0, 0.0, 0.0, 0.0, 0.0, 0.0, 0.0, 0.0, 0.0, 0.0, 0.0, 0.0, 0.0, 0.0, 0.0, 0.0, 0.0, 0.0, 0.0, 0.0, 0.0, 0.0, 0.0, 0.0], [0.0, 0.0, 0.0, 0.0, 0.0, 0.0, 0.0, 0.0, 0.0, 0.0, 0.0, 0.0, 0.0, 0.0, 0.0, 0.0, 0.0, 0.0, 0.0, 0.0, 0.0, 0.0, 0.0, 0.0, 0.0, 0.0]]}}
bs_latimer_munro_vbm: {'band_index': {'1': [77]}, 'kpoint_index': [19, 20, 35, 49, 96, 129, 130, 176, 177, 191, 201], 'kpoint': <pymatgen.electronic_structure.bandstructure.Kpoint object at 0x7fc5d4b59c50>, 'energy': -0.6807000000000001, 'projections': {'1': [[0.0151, 0.0151, 0.0002, 0.0007, 0.0007, 0.0002, 0.0002, 0.0007, 0.0002, 0.0007, 0.0, 0.0, 0.0, 0.0, 0.0, 0.0, 0.0, 0.0, 0.0, 0.0, 0.0, 0.0, 0.0, 0.0, 0.0, 0.0], [0.0, 0.0, 0.0007, 0.001, 0.001, 0.0007, 0.0007, 0.001, 0.0007, 0.001, 0.00030000000000000003, 0.00030000000000000003, 0.00030000000000000003, 0.00030000000000000003, 0.0, 0.0, 0.0, 0.0, 0.0001, 0.0004, 0.0004, 0.0001, 0.0001, 0.0004, 0.0004, 0.0001], [0.0, 0.0, 0.016800000000000002, 0.0196, 0.0196, 0.016800000000000002, 0.016800000000000002, 0.0196, 0.016800000000000002, 0.0196, 0.037200000000000004, 0.037200000000000004, 0.037200000000000004, 0.037200000000000004, 0.007200000000000001, 0.007200000000000001, 0.007200000000000001, 0.007200000000000001, 0.0092, 0.005, 0.005, 0.0092, 0.0092, 0.005, 0.005, 0.0092], [0.013300000000000001, 0.013300000000000001, 0.006500000000000001, 0.0126, 0.0126, 0.006500000000000001, 0.006500000000000001, 0.0126, 0.006500000000000001, 0.0126, 0.0257, 0.0257, 0.0257, 0.0257, 0.0026000000000000003, 0.0026000000000000003, 0.0026000000000000003, 0.0026000000000000003, 0.0067, 0.0021000000000000003, 0.0021000000000000003, 0.0067, 0.0067, 0.0021000000000000003, 0.0021000000000000003, 0.0067], [0.0, 0.0, 0.0, 0.0, 0.0, 0.0, 0.0, 0.0, 0.0, 0.0, 0.0, 0.0, 0.0, 0.0, 0.0, 0.0, 0.0, 0.0, 0.0, 0.0, 0.0, 0.0, 0.0, 0.0, 0.0, 0.0], [0.0, 0.0, 0.0, 0.0, 0.0, 0.0, 0.0, 0.0, 0.0, 0.0, 0.0, 0.0, 0.0, 0.0, 0.0, 0.0, 0.0, 0.0, 0.0, 0.0, 0.0, 0.0, 0.0, 0.0, 0.0, 0.0], [0.0013000000000000002, 0.0013000000000000002, 0.0, 0.0, 0.0, 0.0, 0.0, 0.0, 0.0, 0.0, 0.0, 0.0, 0.0, 0.0, 0.0, 0.0, 0.0, 0.0, 0.0, 0.0, 0.0, 0.0, 0.0, 0.0, 0.0, 0.0], [0.0, 0.0, 0.0, 0.0, 0.0, 0.0, 0.0, 0.0, 0.0, 0.0, 0.0, 0.0, 0.0, 0.0, 0.0, 0.0, 0.0, 0.0, 0.0, 0.0, 0.0, 0.0, 0.0, 0.0, 0.0, 0.0], [0.0004, 0.0004, 0.0, 0.0, 0.0, 0.0, 0.0, 0.0, 0.0, 0.0, 0.0, 0.0, 0.0, 0.0, 0.0, 0.0, 0.0, 0.0, 0.0, 0.0, 0.0, 0.0, 0.0, 0.0, 0.0, 0.0]]}}
bs_latimer_munro_efermi: -0.60594309