material_id: mp-556074
band_gap: 0.09129999999999901
efermi: 1.78850694
dos_magnetic_ordering: FM
dos_total_task_id: mp-1672899
dos_total_band_gap: 2.9619
dos_total_cbm: 4.7271
dos_total_vbm: 1.7652
dos_total_efermi: 1.7775754
bs_setyawan_curtarolo_task_id: mp-1607274
bs_setyawan_curtarolo_band_gap: 0.09129999999999901
bs_setyawan_curtarolo_cbm: {'band_index': {'-1': [81], '1': []}, 'kpoint_index': [106], 'kpoint': <pymatgen.electronic_structure.bandstructure.Kpoint object at 0x7fc699d63930>, 'energy': 1.8366, 'projections': {'-1': [[0.0, 0.0, 0.0001, 0.0001, 0.0051, 0.0, 0.0, 0.0, 0.0, 0.002, 0.0032, 0.002, 0.0, 0.0039000000000000003, 0.0, 0.002, 0.0032, 0.0032, 0.0032, 0.002, 0.0039000000000000003], [0.00030000000000000003, 0.00030000000000000003, 0.0, 0.0, 0.0, 0.0001, 0.0159, 0.0159, 0.0001, 0.0, 0.0048000000000000004, 0.0012000000000000001, 0.0001, 0.0008, 0.0001, 0.0012000000000000001, 0.0048000000000000004, 0.0033, 0.0033, 0.0, 0.0008], [0.0, 0.0, 0.0, 0.0, 0.0, 0.0, 0.0004, 0.0004, 0.0, 0.0079, 0.012, 0.0082, 0.0011, 0.00030000000000000003, 0.0011, 0.0082, 0.012, 0.0162, 0.0162, 0.0079, 0.00030000000000000003], [0.0001, 0.0001, 0.0, 0.0, 0.0, 0.007, 0.0, 0.0, 0.007, 0.0009000000000000001, 0.0183, 0.00030000000000000003, 0.0159, 0.0004, 0.0159, 0.00030000000000000003, 0.0183, 0.0206, 0.0206, 0.0009000000000000001, 0.0004], [0.0, 0.0, 0.0008, 0.0008, 0.0002, 0.0001, 0.0001, 0.0001, 0.0001, 0.0, 0.0, 0.0, 0.0, 0.0, 0.0, 0.0, 0.0, 0.0, 0.0, 0.0, 0.0], [0.0001, 0.0001, 0.0008, 0.0008, 0.0061, 0.0, 0.0022, 0.0022, 0.0, 0.0, 0.0, 0.0, 0.0, 0.0, 0.0, 0.0, 0.0, 0.0, 0.0, 0.0, 0.0], [0.0001, 0.0001, 0.0009000000000000001, 0.0009000000000000001, 0.0159, 0.0001, 0.0002, 0.0002, 0.0001, 0.0, 0.0, 0.0, 0.0, 0.0, 0.0, 0.0, 0.0, 0.0, 0.0, 0.0, 0.0], [0.0, 0.0, 0.24630000000000002, 0.24630000000000002, 0.0002, 0.0007, 0.0, 0.0, 0.0007, 0.0, 0.0, 0.0, 0.0, 0.0, 0.0, 0.0, 0.0, 0.0, 0.0, 0.0, 0.0], [0.0002, 0.0002, 0.0, 0.0, 0.0236, 0.0, 0.0002, 0.0002, 0.0, 0.0, 0.0, 0.0, 0.0, 0.0, 0.0, 0.0, 0.0, 0.0, 0.0, 0.0, 0.0]]}}
bs_setyawan_curtarolo_vbm: {'band_index': {'1': [83], '-1': []}, 'kpoint_index': ['38'], 'kpoint': <pymatgen.electronic_structure.bandstructure.Kpoint object at 0x7fc5d4b59be0>, 'energy': 1.7453, 'projections': {'1': [[0.0, 0.0, 0.0, 0.0, 0.0021000000000000003, 0.0, 0.0001, 0.0001, 0.0, 0.0012000000000000001, 0.00030000000000000003, 0.0007, 0.0, 0.0005, 0.0, 0.0007, 0.00030000000000000003, 0.0, 0.0, 0.0012000000000000001, 0.0005], [0.0, 0.0, 0.0, 0.0, 0.0, 0.0002, 0.0, 0.0, 0.0002, 0.0039000000000000003, 0.0037, 0.0014, 0.0, 0.0014, 0.0, 0.0014, 0.0037, 0.0082, 0.0082, 0.0039000000000000003, 0.0014], [0.0, 0.0, 0.0, 0.0, 0.0, 0.0001, 0.0015, 0.0015, 0.0001, 0.0044, 0.016900000000000002, 0.0111, 0.0, 0.0051, 0.0, 0.0111, 0.016900000000000002, 0.013600000000000001, 0.013600000000000001, 0.0044, 0.0051], [0.0, 0.0, 0.0, 0.0, 0.0, 0.0013000000000000002, 0.0012000000000000001, 0.0012000000000000001, 0.0013000000000000002, 0.0118, 0.0506, 0.0164, 0.0044, 0.0017000000000000001, 0.0044, 0.0164, 0.0506, 0.056, 0.056, 0.0118, 0.0017000000000000001], [0.0, 0.0, 0.0032, 0.0032, 0.1315, 0.0006000000000000001, 0.0013000000000000002, 0.0013000000000000002, 0.0006000000000000001, 0.0, 0.0, 0.0, 0.0, 0.0, 0.0, 0.0, 0.0, 0.0, 0.0, 0.0, 0.0], [0.0, 0.0, 0.0006000000000000001, 0.0006000000000000001, 0.0008, 0.0, 0.0, 0.0, 0.0, 0.0, 0.0, 0.0, 0.0, 0.0, 0.0, 0.0, 0.0, 0.0, 0.0, 0.0, 0.0], [0.0, 0.0, 0.00030000000000000003, 0.00030000000000000003, 0.0145, 0.0, 0.00030000000000000003, 0.00030000000000000003, 0.0, 0.0, 0.0, 0.0, 0.0, 0.0, 0.0, 0.0, 0.0, 0.0, 0.0, 0.0, 0.0], [0.0, 0.0, 0.1449, 0.1449, 0.0, 0.0009000000000000001, 0.0007, 0.0007, 0.0009000000000000001, 0.0, 0.0, 0.0, 0.0, 0.0, 0.0, 0.0, 0.0, 0.0, 0.0, 0.0, 0.0], [0.0, 0.0, 0.0006000000000000001, 0.0006000000000000001, 0.005, 0.0001, 0.0, 0.0, 0.0001, 0.0, 0.0, 0.0, 0.0, 0.0, 0.0, 0.0, 0.0, 0.0, 0.0, 0.0, 0.0]]}}
bs_setyawan_curtarolo_efermi: 1.78850694
bs_hinuma_task_id: mp-2169700
bs_hinuma_band_gap: 0.091199999999999
bs_hinuma_cbm: {'band_index': {'-1': [81], '1': []}, 'kpoint_index': [469], 'kpoint': <pymatgen.electronic_structure.bandstructure.Kpoint object at 0x7fc5d4b5a190>, 'energy': 1.8366, 'projections': {'-1': [[0.0, 0.0, 0.0001, 0.0001, 0.0051, 0.0, 0.0, 0.0, 0.0, 0.002, 0.0032, 0.002, 0.0, 0.0039000000000000003, 0.0, 0.002, 0.0032, 0.0032, 0.0032, 0.002, 0.0039000000000000003], [0.00030000000000000003, 0.00030000000000000003, 0.0, 0.0, 0.0, 0.0001, 0.0159, 0.0159, 0.0001, 0.0, 0.0048000000000000004, 0.0012000000000000001, 0.0001, 0.0008, 0.0001, 0.0012000000000000001, 0.0048000000000000004, 0.0033, 0.0033, 0.0, 0.0008], [0.0, 0.0, 0.0, 0.0, 0.0, 0.0, 0.0004, 0.0004, 0.0, 0.0079, 0.012, 0.0082, 0.0011, 0.00030000000000000003, 0.0011, 0.0082, 0.012, 0.0162, 0.0162, 0.0079, 0.00030000000000000003], [0.0001, 0.0001, 0.0, 0.0, 0.0, 0.007, 0.0, 0.0, 0.007, 0.0009000000000000001, 0.0183, 0.00030000000000000003, 0.0159, 0.0004, 0.0159, 0.00030000000000000003, 0.0183, 0.0206, 0.0206, 0.0009000000000000001, 0.0004], [0.0, 0.0, 0.0008, 0.0008, 0.0002, 0.0001, 0.0001, 0.0001, 0.0001, 0.0, 0.0, 0.0, 0.0, 0.0, 0.0, 0.0, 0.0, 0.0, 0.0, 0.0, 0.0], [0.0001, 0.0001, 0.0008, 0.0008, 0.0061, 0.0, 0.0022, 0.0022, 0.0, 0.0, 0.0, 0.0, 0.0, 0.0, 0.0, 0.0, 0.0, 0.0, 0.0, 0.0, 0.0], [0.0001, 0.0001, 0.0009000000000000001, 0.0009000000000000001, 0.0159, 0.0001, 0.0002, 0.0002, 0.0001, 0.0, 0.0, 0.0, 0.0, 0.0, 0.0, 0.0, 0.0, 0.0, 0.0, 0.0, 0.0], [0.0, 0.0, 0.24630000000000002, 0.24630000000000002, 0.0002, 0.0007, 0.0, 0.0, 0.0007, 0.0, 0.0, 0.0, 0.0, 0.0, 0.0, 0.0, 0.0, 0.0, 0.0, 0.0, 0.0], [0.0002, 0.0002, 0.0, 0.0, 0.0236, 0.0, 0.0002, 0.0002, 0.0, 0.0, 0.0, 0.0, 0.0, 0.0, 0.0, 0.0, 0.0, 0.0, 0.0, 0.0, 0.0]]}}
bs_hinuma_vbm: {'band_index': {'1': [83], '-1': []}, 'kpoint_index': ['249'], 'kpoint': <pymatgen.electronic_structure.bandstructure.Kpoint object at 0x7fc5d4b59c50>, 'energy': 1.7454, 'projections': {'1': [[0.0, 0.0, 0.0, 0.0, 0.0021000000000000003, 0.0, 0.0001, 0.0001, 0.0, 0.0012000000000000001, 0.00030000000000000003, 0.0007, 0.0, 0.0005, 0.0, 0.0007, 0.00030000000000000003, 0.0, 0.0, 0.0012000000000000001, 0.0005], [0.0, 0.0, 0.0, 0.0, 0.0, 0.0002, 0.0, 0.0, 0.0002, 0.0039000000000000003, 0.0037, 0.0014, 0.0, 0.0014, 0.0, 0.0014, 0.0037, 0.0082, 0.0082, 0.0039000000000000003, 0.0014], [0.0, 0.0, 0.0, 0.0, 0.0, 0.0001, 0.0015, 0.0015, 0.0001, 0.0044, 0.016900000000000002, 0.0111, 0.0, 0.0051, 0.0, 0.0111, 0.016900000000000002, 0.013600000000000001, 0.013600000000000001, 0.0044, 0.0051], [0.0, 0.0, 0.0, 0.0, 0.0, 0.0013000000000000002, 0.0012000000000000001, 0.0012000000000000001, 0.0013000000000000002, 0.0118, 0.0506, 0.0164, 0.0044, 0.0017000000000000001, 0.0044, 0.0164, 0.0506, 0.056, 0.056, 0.0118, 0.0017000000000000001], [0.0, 0.0, 0.0032, 0.0032, 0.1316, 0.0006000000000000001, 0.0013000000000000002, 0.0013000000000000002, 0.0006000000000000001, 0.0, 0.0, 0.0, 0.0, 0.0, 0.0, 0.0, 0.0, 0.0, 0.0, 0.0, 0.0], [0.0, 0.0, 0.0006000000000000001, 0.0006000000000000001, 0.0008, 0.0, 0.0, 0.0, 0.0, 0.0, 0.0, 0.0, 0.0, 0.0, 0.0, 0.0, 0.0, 0.0, 0.0, 0.0, 0.0], [0.0, 0.0, 0.00030000000000000003, 0.00030000000000000003, 0.0145, 0.0, 0.00030000000000000003, 0.00030000000000000003, 0.0, 0.0, 0.0, 0.0, 0.0, 0.0, 0.0, 0.0, 0.0, 0.0, 0.0, 0.0, 0.0], [0.0, 0.0, 0.1449, 0.1449, 0.0, 0.0009000000000000001, 0.0007, 0.0007, 0.0009000000000000001, 0.0, 0.0, 0.0, 0.0, 0.0, 0.0, 0.0, 0.0, 0.0, 0.0, 0.0, 0.0], [0.0, 0.0, 0.0006000000000000001, 0.0006000000000000001, 0.005, 0.0001, 0.0, 0.0, 0.0001, 0.0, 0.0, 0.0, 0.0, 0.0, 0.0, 0.0, 0.0, 0.0, 0.0, 0.0, 0.0]]}}
bs_hinuma_efermi: 1.79105459
bs_latimer_munro_task_id: mp-2599000
bs_latimer_munro_band_gap: 0.09129999999999901
bs_latimer_munro_cbm: {'band_index': {'-1': [81], '1': []}, 'kpoint_index': [228], 'kpoint': <pymatgen.electronic_structure.bandstructure.Kpoint object at 0x7fc5d4b59d30>, 'energy': 1.8366, 'projections': {'-1': [[0.0, 0.0, 0.0001, 0.0001, 0.0051, 0.0, 0.0, 0.0, 0.0, 0.002, 0.0032, 0.002, 0.0, 0.0039000000000000003, 0.0, 0.002, 0.0032, 0.0032, 0.0032, 0.002, 0.0039000000000000003], [0.00030000000000000003, 0.00030000000000000003, 0.0, 0.0, 0.0, 0.0001, 0.0159, 0.0159, 0.0001, 0.0, 0.0048000000000000004, 0.0012000000000000001, 0.0001, 0.0008, 0.0001, 0.0012000000000000001, 0.0048000000000000004, 0.0033, 0.0033, 0.0, 0.0008], [0.0, 0.0, 0.0, 0.0, 0.0, 0.0, 0.0004, 0.0004, 0.0, 0.0079, 0.012, 0.0082, 0.0011, 0.00030000000000000003, 0.0011, 0.0082, 0.012, 0.0162, 0.0162, 0.0079, 0.00030000000000000003], [0.0001, 0.0001, 0.0, 0.0, 0.0, 0.007, 0.0, 0.0, 0.007, 0.0009000000000000001, 0.0183, 0.00030000000000000003, 0.0159, 0.0004, 0.0159, 0.00030000000000000003, 0.0183, 0.0206, 0.0206, 0.0009000000000000001, 0.0004], [0.0, 0.0, 0.0008, 0.0008, 0.0002, 0.0001, 0.0001, 0.0001, 0.0001, 0.0, 0.0, 0.0, 0.0, 0.0, 0.0, 0.0, 0.0, 0.0, 0.0, 0.0, 0.0], [0.0001, 0.0001, 0.0008, 0.0008, 0.0061, 0.0, 0.0022, 0.0022, 0.0, 0.0, 0.0, 0.0, 0.0, 0.0, 0.0, 0.0, 0.0, 0.0, 0.0, 0.0, 0.0], [0.0001, 0.0001, 0.0009000000000000001, 0.0009000000000000001, 0.0159, 0.0001, 0.0002, 0.0002, 0.0001, 0.0, 0.0, 0.0, 0.0, 0.0, 0.0, 0.0, 0.0, 0.0, 0.0, 0.0, 0.0], [0.0, 0.0, 0.24630000000000002, 0.24630000000000002, 0.0002, 0.0007, 0.0, 0.0, 0.0007, 0.0, 0.0, 0.0, 0.0, 0.0, 0.0, 0.0, 0.0, 0.0, 0.0, 0.0, 0.0], [0.0002, 0.0002, 0.0, 0.0, 0.0236, 0.0, 0.0002, 0.0002, 0.0, 0.0, 0.0, 0.0, 0.0, 0.0, 0.0, 0.0, 0.0, 0.0, 0.0, 0.0, 0.0]]}}
bs_latimer_munro_vbm: {'band_index': {'1': [83], '-1': []}, 'kpoint_index': ['52'], 'kpoint': <pymatgen.electronic_structure.bandstructure.Kpoint object at 0x7fc5d4b5a200>, 'energy': 1.7453, 'projections': {'1': [[0.0, 0.0, 0.0, 0.0, 0.0021000000000000003, 0.0, 0.0001, 0.0001, 0.0, 0.0012000000000000001, 0.00030000000000000003, 0.0007, 0.0, 0.0005, 0.0, 0.0007, 0.00030000000000000003, 0.0, 0.0, 0.0012000000000000001, 0.0005], [0.0, 0.0, 0.0, 0.0, 0.0, 0.0002, 0.0, 0.0, 0.0002, 0.0039000000000000003, 0.0037, 0.0013000000000000002, 0.0, 0.0014, 0.0, 0.0014, 0.0037, 0.0082, 0.0082, 0.0039000000000000003, 0.0014], [0.0, 0.0, 0.0, 0.0, 0.0, 0.0001, 0.0015, 0.0015, 0.0001, 0.0044, 0.017, 0.0111, 0.0, 0.0051, 0.0, 0.0111, 0.017, 0.013600000000000001, 0.013600000000000001, 0.0044, 0.0051], [0.0, 0.0, 0.0, 0.0, 0.0, 0.0013000000000000002, 0.0012000000000000001, 0.0012000000000000001, 0.0013000000000000002, 0.0118, 0.0506, 0.0164, 0.0044, 0.0017000000000000001, 0.0044, 0.0164, 0.0506, 0.056, 0.056, 0.0118, 0.0017000000000000001], [0.0, 0.0, 0.0032, 0.0032, 0.1317, 0.0006000000000000001, 0.0013000000000000002, 0.0013000000000000002, 0.0006000000000000001, 0.0, 0.0, 0.0, 0.0, 0.0, 0.0, 0.0, 0.0, 0.0, 0.0, 0.0, 0.0], [0.0, 0.0, 0.0006000000000000001, 0.0006000000000000001, 0.0008, 0.0, 0.0, 0.0, 0.0, 0.0, 0.0, 0.0, 0.0, 0.0, 0.0, 0.0, 0.0, 0.0, 0.0, 0.0, 0.0], [0.0, 0.0, 0.00030000000000000003, 0.00030000000000000003, 0.0145, 0.0, 0.00030000000000000003, 0.00030000000000000003, 0.0, 0.0, 0.0, 0.0, 0.0, 0.0, 0.0, 0.0, 0.0, 0.0, 0.0, 0.0, 0.0], [0.0, 0.0, 0.1448, 0.1448, 0.0, 0.0009000000000000001, 0.0007, 0.0007, 0.0009000000000000001, 0.0, 0.0, 0.0, 0.0, 0.0, 0.0, 0.0, 0.0, 0.0, 0.0, 0.0, 0.0], [0.0, 0.0, 0.0006000000000000001, 0.0006000000000000001, 0.005, 0.0001, 0.0, 0.0, 0.0001, 0.0, 0.0, 0.0, 0.0, 0.0, 0.0, 0.0, 0.0, 0.0, 0.0, 0.0, 0.0]]}}
bs_latimer_munro_efermi: 1.78829015