material_id: mp-553881
band_gap: 3.602
efermi: 3.19660442
dos_magnetic_ordering: NM
dos_total_task_id: mp-1752571
dos_total_band_gap: 3.6261
dos_total_cbm: 6.763
dos_total_vbm: 3.1369
dos_total_efermi: 3.13970306
bs_setyawan_curtarolo_task_id: mp-1623583
bs_setyawan_curtarolo_band_gap: 3.602
bs_setyawan_curtarolo_cbm: {'band_index': {'1': [32]}, 'kpoint_index': [0], 'kpoint': <pymatgen.electronic_structure.bandstructure.Kpoint object at 0x7fc699d63930>, 'energy': 6.7486, 'projections': {'1': [[0.0594, 0.0434, 0.0434, 0.0594, 0.0223, 0.013600000000000001, 0.013600000000000001, 0.0328, 0.031200000000000002, 0.031200000000000002, 0.0223, 0.0328], [0.006900000000000001, 0.0028, 0.0028, 0.006900000000000001, 0.0009000000000000001, 0.0, 0.0, 0.0002, 0.0006000000000000001, 0.0006000000000000001, 0.0009000000000000001, 0.0002], [0.0004, 0.0103, 0.0103, 0.0004, 0.0011, 0.0026000000000000003, 0.0026000000000000003, 0.0, 0.0, 0.0, 0.0011, 0.0], [0.0061, 0.0015, 0.0015, 0.0061, 0.001, 0.0005, 0.0005, 0.0, 0.0, 0.0, 0.001, 0.0], [0.0, 0.0, 0.0, 0.0, 0.0, 0.0, 0.0, 0.0, 0.0, 0.0, 0.0, 0.0], [0.0, 0.0, 0.0, 0.0, 0.0, 0.0, 0.0, 0.0, 0.0, 0.0, 0.0, 0.0], [0.0, 0.0, 0.0, 0.0, 0.0, 0.0, 0.0, 0.0, 0.0, 0.0, 0.0, 0.0], [0.0, 0.0, 0.0, 0.0, 0.0, 0.0, 0.0, 0.0, 0.0, 0.0, 0.0, 0.0], [0.0, 0.0, 0.0, 0.0, 0.0, 0.0, 0.0, 0.0, 0.0, 0.0, 0.0, 0.0]]}}
bs_setyawan_curtarolo_vbm: {'band_index': {'1': [31]}, 'kpoint_index': [79, 80], 'kpoint': <pymatgen.electronic_structure.bandstructure.Kpoint object at 0x7fc5d4b59d30>, 'energy': 3.1466, 'projections': {'1': [[0.0001, 0.0002, 0.0002, 0.0001, 0.0004, 0.0001, 0.0001, 0.0, 0.0002, 0.0002, 0.0004, 0.0], [0.0002, 0.0002, 0.0002, 0.0002, 0.026000000000000002, 0.09620000000000001, 0.09620000000000001, 0.0006000000000000001, 0.0167, 0.0167, 0.026000000000000002, 0.0006000000000000001], [0.0001, 0.0004, 0.0004, 0.0001, 0.0034000000000000002, 0.0001, 0.0001, 0.1218, 0.00030000000000000003, 0.00030000000000000003, 0.0034000000000000002, 0.1218], [0.0001, 0.0005, 0.0005, 0.0001, 0.007500000000000001, 0.0711, 0.0711, 0.0014, 0.0368, 0.0368, 0.007500000000000001, 0.0014], [0.0, 0.0, 0.0, 0.0, 0.0, 0.0, 0.0, 0.0, 0.0, 0.0, 0.0, 0.0], [0.0, 0.0, 0.0, 0.0, 0.0, 0.0, 0.0, 0.0, 0.0, 0.0, 0.0, 0.0], [0.0, 0.0, 0.0, 0.0, 0.0, 0.0, 0.0, 0.0, 0.0, 0.0, 0.0, 0.0], [0.0, 0.0, 0.0, 0.0, 0.0, 0.0, 0.0, 0.0, 0.0, 0.0, 0.0, 0.0], [0.0, 0.0, 0.0, 0.0, 0.0, 0.0, 0.0, 0.0, 0.0, 0.0, 0.0, 0.0]]}}
bs_setyawan_curtarolo_efermi: 3.19660442
bs_latimer_munro_task_id: mp-2306853
bs_latimer_munro_band_gap: 3.602
bs_latimer_munro_cbm: {'band_index': {'1': [32]}, 'kpoint_index': [53, 54, 195, 196, 214, 230, 248], 'kpoint': <pymatgen.electronic_structure.bandstructure.Kpoint object at 0x7fc5d4b5a430>, 'energy': 6.7486, 'projections': {'1': [[0.0594, 0.0434, 0.0434, 0.0594, 0.0223, 0.013600000000000001, 0.013600000000000001, 0.0328, 0.031200000000000002, 0.031200000000000002, 0.0223, 0.0328], [0.006900000000000001, 0.0028, 0.0028, 0.006900000000000001, 0.0009000000000000001, 0.0, 0.0, 0.0002, 0.0006000000000000001, 0.0006000000000000001, 0.0009000000000000001, 0.0002], [0.0004, 0.0103, 0.0103, 0.0004, 0.0011, 0.0026000000000000003, 0.0026000000000000003, 0.0, 0.0, 0.0, 0.0011, 0.0], [0.0061, 0.0015, 0.0015, 0.0061, 0.001, 0.0005, 0.0005, 0.0, 0.0, 0.0, 0.001, 0.0], [0.0, 0.0, 0.0, 0.0, 0.0, 0.0, 0.0, 0.0, 0.0, 0.0, 0.0, 0.0], [0.0, 0.0, 0.0, 0.0, 0.0, 0.0, 0.0, 0.0, 0.0, 0.0, 0.0, 0.0], [0.0, 0.0, 0.0, 0.0, 0.0, 0.0, 0.0, 0.0, 0.0, 0.0, 0.0, 0.0], [0.0, 0.0, 0.0, 0.0, 0.0, 0.0, 0.0, 0.0, 0.0, 0.0, 0.0, 0.0], [0.0, 0.0, 0.0, 0.0, 0.0, 0.0, 0.0, 0.0, 0.0, 0.0, 0.0, 0.0]]}}
bs_latimer_munro_vbm: {'band_index': {'1': [31]}, 'kpoint_index': [33, 34, 247], 'kpoint': <pymatgen.electronic_structure.bandstructure.Kpoint object at 0x7fc5d4b59be0>, 'energy': 3.1466, 'projections': {'1': [[0.0001, 0.0002, 0.0002, 0.0001, 0.0004, 0.0001, 0.0001, 0.0, 0.0002, 0.0002, 0.0004, 0.0], [0.0002, 0.0002, 0.0002, 0.0002, 0.026000000000000002, 0.09620000000000001, 0.09620000000000001, 0.0006000000000000001, 0.0167, 0.0167, 0.026000000000000002, 0.0006000000000000001], [0.0001, 0.0004, 0.0004, 0.0001, 0.0034000000000000002, 0.0001, 0.0001, 0.1218, 0.00030000000000000003, 0.00030000000000000003, 0.0034000000000000002, 0.1218], [0.0001, 0.0005, 0.0005, 0.0001, 0.007500000000000001, 0.0711, 0.0711, 0.0014, 0.0368, 0.0368, 0.007500000000000001, 0.0014], [0.0, 0.0, 0.0, 0.0, 0.0, 0.0, 0.0, 0.0, 0.0, 0.0, 0.0, 0.0], [0.0, 0.0, 0.0, 0.0, 0.0, 0.0, 0.0, 0.0, 0.0, 0.0, 0.0, 0.0], [0.0, 0.0, 0.0, 0.0, 0.0, 0.0, 0.0, 0.0, 0.0, 0.0, 0.0, 0.0], [0.0, 0.0, 0.0, 0.0, 0.0, 0.0, 0.0, 0.0, 0.0, 0.0, 0.0, 0.0], [0.0, 0.0, 0.0, 0.0, 0.0, 0.0, 0.0, 0.0, 0.0, 0.0, 0.0, 0.0]]}}
bs_latimer_munro_efermi: 3.21121078