material_id: mp-556815
band_gap: 2.0421
efermi: 1.95940291
dos_magnetic_ordering: NM
dos_total_task_id: mp-1733523
dos_total_band_gap: 2.0397
dos_total_cbm: 3.9253
dos_total_vbm: 1.8856000000000002
dos_total_efermi: 1.8864590300000001
bs_setyawan_curtarolo_task_id: mp-1620174
bs_setyawan_curtarolo_band_gap: 2.0421
bs_setyawan_curtarolo_cbm: {'band_index': {'1': [126]}, 'kpoint_index': [0, 54, 55], 'kpoint': <pymatgen.electronic_structure.bandstructure.Kpoint object at 0x7fc699d63930>, 'energy': 3.9241, 'projections': {'1': [[0.022500000000000003, 0.0245, 0.020800000000000003, 0.0171, 0.018600000000000002, 0.0227, 0.0229, 0.0176, 0.0258, 0.0155, 0.0228, 0.0261, 0.0261, 0.0162, 0.0161, 0.0159, 0.021500000000000002, 0.021, 0.0177, 0.023100000000000002, 0.0145, 0.020800000000000003, 0.0235, 0.015, 0.0183, 0.0236, 0.021, 0.02], [0.0, 0.0, 0.0, 0.0, 0.0, 0.0, 0.0, 0.0, 0.0, 0.0, 0.0, 0.0, 0.0, 0.0, 0.0, 0.0, 0.0, 0.0, 0.0, 0.0, 0.0, 0.0, 0.0, 0.0, 0.0, 0.0, 0.0, 0.0], [0.0, 0.0, 0.0, 0.0, 0.0, 0.0, 0.0, 0.0, 0.0, 0.0001, 0.0, 0.0, 0.0, 0.0, 0.0, 0.0001, 0.0, 0.0, 0.0001, 0.0, 0.0, 0.0, 0.0, 0.0, 0.0001, 0.0, 0.0001, 0.0001], [0.0, 0.0, 0.0, 0.0, 0.0, 0.0, 0.0, 0.0, 0.0, 0.0, 0.0, 0.0, 0.0, 0.0, 0.0, 0.0, 0.0, 0.0, 0.0, 0.0, 0.0, 0.0, 0.0, 0.0, 0.0, 0.0, 0.0, 0.0], [0.0, 0.0, 0.0, 0.0, 0.0, 0.0, 0.0, 0.0, 0.0, 0.0, 0.0, 0.0, 0.0, 0.0, 0.0, 0.0, 0.0, 0.0, 0.0, 0.0, 0.0, 0.0, 0.0, 0.0, 0.0, 0.0, 0.0, 0.0], [0.0, 0.0, 0.0, 0.0, 0.0, 0.0, 0.0, 0.0, 0.0, 0.0, 0.0, 0.0, 0.0, 0.0, 0.0, 0.0, 0.0, 0.0, 0.0, 0.0, 0.0, 0.0, 0.0, 0.0, 0.0, 0.0, 0.0, 0.0], [0.0, 0.0, 0.0, 0.0, 0.0, 0.0, 0.0, 0.0, 0.0, 0.0, 0.0, 0.0, 0.0, 0.0, 0.0, 0.0, 0.0, 0.0, 0.0, 0.0, 0.0, 0.0, 0.0, 0.0, 0.0, 0.0, 0.0, 0.0], [0.0, 0.0, 0.0, 0.0, 0.0, 0.0, 0.0, 0.0, 0.0, 0.0, 0.0, 0.0, 0.0, 0.0, 0.0, 0.0, 0.0, 0.0, 0.0, 0.0, 0.0, 0.0, 0.0, 0.0, 0.0, 0.0, 0.0, 0.0], [0.0, 0.0, 0.0, 0.0, 0.0, 0.0, 0.0, 0.0, 0.0, 0.0, 0.0, 0.0, 0.0, 0.0, 0.0, 0.0, 0.0, 0.0, 0.0, 0.0, 0.0, 0.0, 0.0, 0.0, 0.0, 0.0, 0.0, 0.0]]}}
bs_setyawan_curtarolo_vbm: {'band_index': {'1': [124, 125]}, 'kpoint_index': [0, 54, 55], 'kpoint': <pymatgen.electronic_structure.bandstructure.Kpoint object at 0x7fc5d4b59be0>, 'energy': 1.8820000000000001, 'projections': {'1': [[0.0, 0.0, 0.0, 0.0, 0.0, 0.0, 0.0, 0.0, 0.0, 0.0, 0.0, 0.0, 0.0, 0.0, 0.0, 0.0, 0.0, 0.0, 0.0, 0.0, 0.0, 0.0, 0.0, 0.0, 0.0, 0.0, 0.0, 0.0], [0.0013000000000000002, 0.001, 0.0015, 0.0008, 0.0005, 0.0004, 0.0007, 0.0016, 0.0006000000000000001, 0.0014, 0.0008, 0.0005, 0.0004, 0.0011, 0.0162, 0.027800000000000002, 0.0164, 0.0119, 0.0118, 0.0091, 0.0264, 0.013600000000000001, 0.007500000000000001, 0.0216, 0.024, 0.0078000000000000005, 0.0086, 0.020200000000000003], [0.0, 0.0, 0.0, 0.0, 0.0, 0.0, 0.0, 0.0, 0.0, 0.0, 0.0, 0.0, 0.0, 0.0, 0.0, 0.0, 0.0, 0.0, 0.0, 0.0, 0.0, 0.0, 0.0, 0.0, 0.0, 0.0, 0.0, 0.0], [0.0017000000000000001, 0.0014, 0.002, 0.001, 0.0007, 0.0006000000000000001, 0.001, 0.0022, 0.0008, 0.0019, 0.0011, 0.0006000000000000001, 0.0006000000000000001, 0.0014, 0.0221, 0.0378, 0.0223, 0.0162, 0.0161, 0.012400000000000001, 0.0359, 0.018500000000000003, 0.0102, 0.029400000000000003, 0.0327, 0.0106, 0.0117, 0.0274], [0.0049, 0.004, 0.0058000000000000005, 0.0039000000000000003, 0.0028, 0.002, 0.0029000000000000002, 0.0068000000000000005, 0.0022, 0.0063, 0.0032, 0.0019, 0.0018000000000000002, 0.005200000000000001, 0.0, 0.0, 0.0, 0.0, 0.0, 0.0, 0.0, 0.0, 0.0, 0.0, 0.0, 0.0, 0.0, 0.0], [0.0017000000000000001, 0.0014, 0.002, 0.0015, 0.0011, 0.0009000000000000001, 0.0009000000000000001, 0.0022, 0.0008, 0.0023, 0.0011, 0.0007, 0.0007, 0.002, 0.0, 0.0, 0.0, 0.0, 0.0, 0.0, 0.0, 0.0, 0.0, 0.0, 0.0, 0.0, 0.0, 0.0], [0.0, 0.0, 0.0, 0.0, 0.0, 0.0, 0.0, 0.0, 0.0, 0.0, 0.0, 0.0, 0.0, 0.0, 0.0, 0.0, 0.0, 0.0, 0.0, 0.0, 0.0, 0.0, 0.0, 0.0, 0.0, 0.0, 0.0, 0.0], [0.0023, 0.0018000000000000002, 0.0027, 0.0021000000000000003, 0.0015, 0.0012000000000000001, 0.0012000000000000001, 0.003, 0.001, 0.0031000000000000003, 0.0016, 0.0009000000000000001, 0.0009000000000000001, 0.0027, 0.0, 0.0, 0.0, 0.0, 0.0, 0.0, 0.0, 0.0, 0.0, 0.0, 0.0, 0.0, 0.0, 0.0], [0.0036000000000000003, 0.0029000000000000002, 0.0043, 0.0028, 0.0021000000000000003, 0.0015, 0.0021000000000000003, 0.005, 0.0016, 0.0046, 0.0024000000000000002, 0.0014, 0.0013000000000000002, 0.0038, 0.0, 0.0, 0.0, 0.0, 0.0, 0.0, 0.0, 0.0, 0.0, 0.0, 0.0, 0.0, 0.0, 0.0]]}}
bs_setyawan_curtarolo_efermi: 1.95940291
bs_hinuma_task_id: mp-2104983
bs_hinuma_band_gap: 2.0421
bs_hinuma_cbm: {'band_index': {'1': [126]}, 'kpoint_index': [0, 54, 55], 'kpoint': <pymatgen.electronic_structure.bandstructure.Kpoint object at 0x7fc5d4b59e80>, 'energy': 3.9241, 'projections': {'1': [[0.022500000000000003, 0.0245, 0.020800000000000003, 0.0171, 0.018600000000000002, 0.0227, 0.0229, 0.0176, 0.0258, 0.0155, 0.0228, 0.0261, 0.0261, 0.0162, 0.0161, 0.0159, 0.021500000000000002, 0.021, 0.0177, 0.023100000000000002, 0.0145, 0.020800000000000003, 0.0235, 0.015, 0.0183, 0.0236, 0.021, 0.02], [0.0, 0.0, 0.0, 0.0, 0.0, 0.0, 0.0, 0.0, 0.0, 0.0, 0.0, 0.0, 0.0, 0.0, 0.0, 0.0, 0.0, 0.0, 0.0, 0.0, 0.0, 0.0, 0.0, 0.0, 0.0, 0.0, 0.0, 0.0], [0.0, 0.0, 0.0, 0.0, 0.0, 0.0, 0.0, 0.0, 0.0, 0.0001, 0.0, 0.0, 0.0, 0.0, 0.0, 0.0001, 0.0, 0.0, 0.0001, 0.0, 0.0, 0.0, 0.0, 0.0, 0.0001, 0.0, 0.0001, 0.0001], [0.0, 0.0, 0.0, 0.0, 0.0, 0.0, 0.0, 0.0, 0.0, 0.0, 0.0, 0.0, 0.0, 0.0, 0.0, 0.0, 0.0, 0.0, 0.0, 0.0, 0.0, 0.0, 0.0, 0.0, 0.0, 0.0, 0.0, 0.0], [0.0, 0.0, 0.0, 0.0, 0.0, 0.0, 0.0, 0.0, 0.0, 0.0, 0.0, 0.0, 0.0, 0.0, 0.0, 0.0, 0.0, 0.0, 0.0, 0.0, 0.0, 0.0, 0.0, 0.0, 0.0, 0.0, 0.0, 0.0], [0.0, 0.0, 0.0, 0.0, 0.0, 0.0, 0.0, 0.0, 0.0, 0.0, 0.0, 0.0, 0.0, 0.0, 0.0, 0.0, 0.0, 0.0, 0.0, 0.0, 0.0, 0.0, 0.0, 0.0, 0.0, 0.0, 0.0, 0.0], [0.0, 0.0, 0.0, 0.0, 0.0, 0.0, 0.0, 0.0, 0.0, 0.0, 0.0, 0.0, 0.0, 0.0, 0.0, 0.0, 0.0, 0.0, 0.0, 0.0, 0.0, 0.0, 0.0, 0.0, 0.0, 0.0, 0.0, 0.0], [0.0, 0.0, 0.0, 0.0, 0.0, 0.0, 0.0, 0.0, 0.0, 0.0, 0.0, 0.0, 0.0, 0.0, 0.0, 0.0, 0.0, 0.0, 0.0, 0.0, 0.0, 0.0, 0.0, 0.0, 0.0, 0.0, 0.0, 0.0], [0.0, 0.0, 0.0, 0.0, 0.0, 0.0, 0.0, 0.0, 0.0, 0.0, 0.0, 0.0, 0.0, 0.0, 0.0, 0.0, 0.0, 0.0, 0.0, 0.0, 0.0, 0.0, 0.0, 0.0, 0.0, 0.0, 0.0, 0.0]]}}
bs_hinuma_vbm: {'band_index': {'1': [124, 125]}, 'kpoint_index': [0, 54, 55], 'kpoint': <pymatgen.electronic_structure.bandstructure.Kpoint object at 0x7fc5d4b59d30>, 'energy': 1.8820000000000001, 'projections': {'1': [[0.0, 0.0, 0.0, 0.0, 0.0, 0.0, 0.0, 0.0, 0.0, 0.0, 0.0, 0.0, 0.0, 0.0, 0.0, 0.0, 0.0, 0.0, 0.0, 0.0, 0.0, 0.0, 0.0, 0.0, 0.0, 0.0, 0.0, 0.0], [0.0013000000000000002, 0.001, 0.0015, 0.0008, 0.0005, 0.0004, 0.0007, 0.0016, 0.0006000000000000001, 0.0014, 0.0008, 0.0005, 0.0004, 0.0011, 0.0162, 0.027800000000000002, 0.0164, 0.0119, 0.0118, 0.0091, 0.0264, 0.013600000000000001, 0.007500000000000001, 0.0216, 0.024, 0.0078000000000000005, 0.0086, 0.020200000000000003], [0.0, 0.0, 0.0, 0.0, 0.0, 0.0, 0.0, 0.0, 0.0, 0.0, 0.0, 0.0, 0.0, 0.0, 0.0, 0.0, 0.0, 0.0, 0.0, 0.0, 0.0, 0.0, 0.0, 0.0, 0.0, 0.0, 0.0, 0.0], [0.0017000000000000001, 0.0014, 0.002, 0.001, 0.0007, 0.0006000000000000001, 0.001, 0.0022, 0.0008, 0.0019, 0.0011, 0.0006000000000000001, 0.0006000000000000001, 0.0014, 0.0221, 0.0378, 0.0223, 0.0162, 0.0161, 0.012400000000000001, 0.0359, 0.018500000000000003, 0.0102, 0.029400000000000003, 0.0327, 0.0106, 0.0117, 0.0274], [0.0049, 0.004, 0.0058000000000000005, 0.0039000000000000003, 0.0028, 0.002, 0.0029000000000000002, 0.0068000000000000005, 0.0022, 0.0063, 0.0032, 0.0019, 0.0018000000000000002, 0.005200000000000001, 0.0, 0.0, 0.0, 0.0, 0.0, 0.0, 0.0, 0.0, 0.0, 0.0, 0.0, 0.0, 0.0, 0.0], [0.0017000000000000001, 0.0014, 0.002, 0.0015, 0.0011, 0.0009000000000000001, 0.0009000000000000001, 0.0022, 0.0008, 0.0023, 0.0011, 0.0007, 0.0007, 0.002, 0.0, 0.0, 0.0, 0.0, 0.0, 0.0, 0.0, 0.0, 0.0, 0.0, 0.0, 0.0, 0.0, 0.0], [0.0, 0.0, 0.0, 0.0, 0.0, 0.0, 0.0, 0.0, 0.0, 0.0, 0.0, 0.0, 0.0, 0.0, 0.0, 0.0, 0.0, 0.0, 0.0, 0.0, 0.0, 0.0, 0.0, 0.0, 0.0, 0.0, 0.0, 0.0], [0.0023, 0.0018000000000000002, 0.0027, 0.0021000000000000003, 0.0015, 0.0012000000000000001, 0.0012000000000000001, 0.003, 0.001, 0.0031000000000000003, 0.0016, 0.0009000000000000001, 0.0009000000000000001, 0.0027, 0.0, 0.0, 0.0, 0.0, 0.0, 0.0, 0.0, 0.0, 0.0, 0.0, 0.0, 0.0, 0.0, 0.0], [0.0036000000000000003, 0.0029000000000000002, 0.0043, 0.0028, 0.0021000000000000003, 0.0015, 0.0021000000000000003, 0.005, 0.0016, 0.0046, 0.0024000000000000002, 0.0014, 0.0013000000000000002, 0.0038, 0.0, 0.0, 0.0, 0.0, 0.0, 0.0, 0.0, 0.0, 0.0, 0.0, 0.0, 0.0, 0.0, 0.0]]}}
bs_hinuma_efermi: 1.95940291
bs_latimer_munro_task_id: mp-2303020
bs_latimer_munro_band_gap: 2.0421
bs_latimer_munro_cbm: {'band_index': {'1': [126]}, 'kpoint_index': [74, 75, 95, 98, 158], 'kpoint': <pymatgen.electronic_structure.bandstructure.Kpoint object at 0x7fc5d4b5a3c0>, 'energy': 3.9241, 'projections': {'1': [[0.022500000000000003, 0.0245, 0.020800000000000003, 0.0171, 0.018600000000000002, 0.0227, 0.0229, 0.0176, 0.0258, 0.0155, 0.0228, 0.0261, 0.0261, 0.0162, 0.0161, 0.0159, 0.021500000000000002, 0.020900000000000002, 0.0177, 0.023100000000000002, 0.0145, 0.020800000000000003, 0.0235, 0.015, 0.0183, 0.0236, 0.021, 0.02], [0.0, 0.0, 0.0, 0.0, 0.0, 0.0, 0.0, 0.0, 0.0, 0.0, 0.0, 0.0, 0.0, 0.0, 0.0, 0.0, 0.0, 0.0, 0.0, 0.0, 0.0, 0.0, 0.0, 0.0, 0.0, 0.0, 0.0, 0.0], [0.0, 0.0, 0.0, 0.0, 0.0, 0.0, 0.0, 0.0, 0.0, 0.0001, 0.0, 0.0, 0.0, 0.0, 0.0, 0.0001, 0.0, 0.0, 0.0001, 0.0, 0.0, 0.0, 0.0, 0.0, 0.0001, 0.0, 0.0001, 0.0001], [0.0, 0.0, 0.0, 0.0, 0.0, 0.0, 0.0, 0.0, 0.0, 0.0, 0.0, 0.0, 0.0, 0.0, 0.0, 0.0, 0.0, 0.0, 0.0, 0.0, 0.0, 0.0, 0.0, 0.0, 0.0, 0.0, 0.0, 0.0], [0.0, 0.0, 0.0, 0.0, 0.0, 0.0, 0.0, 0.0, 0.0, 0.0, 0.0, 0.0, 0.0, 0.0, 0.0, 0.0, 0.0, 0.0, 0.0, 0.0, 0.0, 0.0, 0.0, 0.0, 0.0, 0.0, 0.0, 0.0], [0.0, 0.0, 0.0, 0.0, 0.0, 0.0, 0.0, 0.0, 0.0, 0.0, 0.0, 0.0, 0.0, 0.0, 0.0, 0.0, 0.0, 0.0, 0.0, 0.0, 0.0, 0.0, 0.0, 0.0, 0.0, 0.0, 0.0, 0.0], [0.0, 0.0, 0.0, 0.0, 0.0, 0.0, 0.0, 0.0, 0.0, 0.0, 0.0, 0.0, 0.0, 0.0, 0.0, 0.0, 0.0, 0.0, 0.0, 0.0, 0.0, 0.0, 0.0, 0.0, 0.0, 0.0, 0.0, 0.0], [0.0, 0.0, 0.0, 0.0, 0.0, 0.0, 0.0, 0.0, 0.0, 0.0, 0.0, 0.0, 0.0, 0.0, 0.0, 0.0, 0.0, 0.0, 0.0, 0.0, 0.0, 0.0, 0.0, 0.0, 0.0, 0.0, 0.0, 0.0], [0.0, 0.0, 0.0, 0.0, 0.0, 0.0, 0.0, 0.0, 0.0, 0.0, 0.0, 0.0, 0.0, 0.0, 0.0, 0.0, 0.0, 0.0, 0.0, 0.0, 0.0, 0.0, 0.0, 0.0, 0.0, 0.0, 0.0, 0.0]]}}
bs_latimer_munro_vbm: {'band_index': {'1': [124, 125]}, 'kpoint_index': [74, 75, 95, 98, 158], 'kpoint': <pymatgen.electronic_structure.bandstructure.Kpoint object at 0x7fc5d4b5a190>, 'energy': 1.8820000000000001, 'projections': {'1': [[0.0, 0.0, 0.0, 0.0, 0.0, 0.0, 0.0, 0.0, 0.0, 0.0, 0.0, 0.0, 0.0, 0.0, 0.0, 0.0, 0.0, 0.0, 0.0, 0.0, 0.0, 0.0, 0.0, 0.0, 0.0, 0.0, 0.0, 0.0], [0.0028, 0.0023, 0.0033, 0.0017000000000000001, 0.0012000000000000001, 0.0009000000000000001, 0.0016, 0.0035, 0.0013000000000000002, 0.003, 0.0018000000000000002, 0.001, 0.0009000000000000001, 0.0023, 0.0356, 0.061, 0.036000000000000004, 0.0261, 0.025900000000000003, 0.02, 0.0579, 0.0298, 0.0165, 0.047400000000000005, 0.052700000000000004, 0.0171, 0.0188, 0.0443], [0.0, 0.0, 0.0, 0.0, 0.0, 0.0, 0.0, 0.0, 0.0, 0.0, 0.0, 0.0, 0.0, 0.0, 0.0, 0.0, 0.0, 0.0, 0.0, 0.0, 0.0, 0.0, 0.0, 0.0, 0.0, 0.0, 0.0, 0.0], [0.0002, 0.0002, 0.00030000000000000003, 0.0001, 0.0001, 0.0001, 0.0001, 0.00030000000000000003, 0.0001, 0.0002, 0.0001, 0.0001, 0.0001, 0.0002, 0.0027, 0.0046, 0.0027, 0.002, 0.002, 0.0015, 0.0044, 0.0023, 0.0013000000000000002, 0.0036000000000000003, 0.004, 0.0013000000000000002, 0.0014, 0.0034000000000000002], [0.0006000000000000001, 0.0005, 0.0007, 0.0005, 0.00030000000000000003, 0.0002, 0.0004, 0.0008, 0.00030000000000000003, 0.0008, 0.0004, 0.0002, 0.0002, 0.0006000000000000001, 0.0, 0.0, 0.0, 0.0, 0.0, 0.0, 0.0, 0.0, 0.0, 0.0, 0.0, 0.0, 0.0, 0.0], [0.0036000000000000003, 0.003, 0.0044, 0.0034000000000000002, 0.0025, 0.0019, 0.002, 0.0048000000000000004, 0.0017000000000000001, 0.005, 0.0025, 0.0015, 0.0015, 0.0043, 0.0, 0.0, 0.0, 0.0, 0.0, 0.0, 0.0, 0.0, 0.0, 0.0, 0.0, 0.0, 0.0, 0.0], [0.0, 0.0, 0.0, 0.0, 0.0, 0.0, 0.0, 0.0, 0.0, 0.0, 0.0, 0.0, 0.0, 0.0, 0.0, 0.0, 0.0, 0.0, 0.0, 0.0, 0.0, 0.0, 0.0, 0.0, 0.0, 0.0, 0.0, 0.0], [0.00030000000000000003, 0.0002, 0.00030000000000000003, 0.00030000000000000003, 0.0002, 0.0001, 0.0001, 0.0004, 0.0001, 0.0004, 0.0002, 0.0001, 0.0001, 0.00030000000000000003, 0.0, 0.0, 0.0, 0.0, 0.0, 0.0, 0.0, 0.0, 0.0, 0.0, 0.0, 0.0, 0.0, 0.0], [0.0079, 0.0064, 0.0094, 0.006200000000000001, 0.0045000000000000005, 0.0033, 0.0047, 0.011, 0.0035, 0.0102, 0.005200000000000001, 0.003, 0.0029000000000000002, 0.0083, 0.0, 0.0, 0.0, 0.0, 0.0, 0.0, 0.0, 0.0, 0.0, 0.0, 0.0, 0.0, 0.0, 0.0]]}}
bs_latimer_munro_efermi: 1.97276571