material_id: mp-581749
band_gap: 1.247299999999999
efermi: 3.73957468
dos_magnetic_ordering: NM
dos_total_task_id: mp-1764490
dos_total_band_gap: 1.3068
dos_total_cbm: 4.875
dos_total_vbm: 3.5682
dos_total_efermi: 3.5457110800000002
bs_setyawan_curtarolo_task_id: mp-750465
bs_setyawan_curtarolo_band_gap: 1.247299999999999
bs_setyawan_curtarolo_cbm: {'band_index': {'1': [108]}, 'kpoint_index': [67, 68, 109], 'kpoint': <pymatgen.electronic_structure.bandstructure.Kpoint object at 0x7fc699d63930>, 'energy': 4.8473, 'projections': {'1': [[0.0001, 0.0001, 0.0135, 0.0135, 0.0135, 0.0135, 0.0024000000000000002, 0.00030000000000000003, 0.0024000000000000002, 0.0024000000000000002, 0.00030000000000000003, 0.0023, 0.0019, 0.0035, 0.0019, 0.0011, 0.0035, 0.0035, 0.0019, 0.0011, 0.0035, 0.0019], [0.0005, 0.0005, 0.0008, 0.0008, 0.0008, 0.0008, 0.0022, 0.0007, 0.0022, 0.0022, 0.0007, 0.0022, 0.0022, 0.0094, 0.0022, 0.0004, 0.0094, 0.0094, 0.0022, 0.0004, 0.0094, 0.0022], [0.0, 0.0, 0.0001, 0.0001, 0.0001, 0.0001, 0.00030000000000000003, 0.0, 0.00030000000000000003, 0.00030000000000000003, 0.0, 0.00030000000000000003, 0.0, 0.0002, 0.0, 0.0, 0.0002, 0.0002, 0.0, 0.0, 0.0002, 0.0], [0.0, 0.0, 0.0, 0.0, 0.0, 0.0, 0.0, 0.0, 0.0, 0.0, 0.0, 0.0, 0.0, 0.0, 0.0, 0.0, 0.0, 0.0, 0.0, 0.0, 0.0, 0.0], [0.0, 0.0, 0.0, 0.0, 0.0, 0.0, 0.0, 0.0, 0.0, 0.0, 0.0, 0.0, 0.0, 0.0, 0.0, 0.0, 0.0, 0.0, 0.0, 0.0, 0.0, 0.0], [0.0, 0.0, 0.0059, 0.0059, 0.0059, 0.0059, 0.0006000000000000001, 0.0, 0.0006000000000000001, 0.0006000000000000001, 0.0, 0.0006000000000000001, 0.0005, 0.0, 0.0005, 0.0, 0.0, 0.0, 0.0005, 0.0, 0.0, 0.0005], [0.0011, 0.0011, 0.0024000000000000002, 0.0024000000000000002, 0.0024000000000000002, 0.0024000000000000002, 0.0024000000000000002, 0.0001, 0.0024000000000000002, 0.0024000000000000002, 0.0001, 0.0024000000000000002, 0.0001, 0.0007, 0.0001, 0.0, 0.0007, 0.0007, 0.0001, 0.0, 0.0007, 0.0001], [0.0, 0.0, 0.0, 0.0, 0.0, 0.0, 0.0, 0.0, 0.0, 0.0, 0.0, 0.0, 0.0, 0.0, 0.0, 0.0, 0.0, 0.0, 0.0, 0.0, 0.0, 0.0], [0.0043, 0.0043, 0.0699, 0.0699, 0.0699, 0.0699, 0.024, 0.001, 0.024, 0.024, 0.001, 0.024, 0.0021000000000000003, 0.0039000000000000003, 0.0021000000000000003, 0.0005, 0.0039000000000000003, 0.0039000000000000003, 0.0021000000000000003, 0.0005, 0.0039000000000000003, 0.0021000000000000003]]}}
bs_setyawan_curtarolo_vbm: {'band_index': {'1': [107]}, 'kpoint_index': [0, 57, 58], 'kpoint': <pymatgen.electronic_structure.bandstructure.Kpoint object at 0x7fc5d4b5a190>, 'energy': 3.6, 'projections': {'1': [[0.0, 0.0, 0.0, 0.0, 0.0, 0.0, 0.0, 0.0, 0.0, 0.0, 0.0, 0.0, 0.0, 0.0, 0.0, 0.0, 0.0, 0.0, 0.0, 0.0, 0.0, 0.0], [0.0, 0.0, 0.0, 0.0, 0.0, 0.0, 0.0, 0.0, 0.0, 0.0, 0.0, 0.0, 0.0, 0.0, 0.0, 0.0, 0.0, 0.0, 0.0, 0.0, 0.0, 0.0], [0.0, 0.0, 0.0, 0.0, 0.0, 0.0, 0.0, 0.0, 0.0, 0.0, 0.0, 0.0, 0.0, 0.0, 0.0, 0.0, 0.0, 0.0, 0.0, 0.0, 0.0, 0.0], [0.00030000000000000003, 0.00030000000000000003, 0.0051, 0.0051, 0.0051, 0.0051, 0.001, 0.0058000000000000005, 0.001, 0.001, 0.0058000000000000005, 0.001, 0.0309, 0.031100000000000003, 0.0309, 0.055900000000000005, 0.031100000000000003, 0.031100000000000003, 0.0309, 0.055900000000000005, 0.031100000000000003, 0.0309], [0.0001, 0.0001, 0.0004, 0.0004, 0.0004, 0.0004, 0.0337, 0.10250000000000001, 0.0337, 0.0337, 0.10250000000000001, 0.0337, 0.0001, 0.0001, 0.0001, 0.0, 0.0001, 0.0001, 0.0001, 0.0, 0.0001, 0.0001], [0.0, 0.0, 0.0, 0.0, 0.0, 0.0, 0.0, 0.0, 0.0, 0.0, 0.0, 0.0, 0.0, 0.0, 0.0, 0.0, 0.0, 0.0, 0.0, 0.0, 0.0, 0.0], [0.0, 0.0, 0.0, 0.0, 0.0, 0.0, 0.0, 0.0, 0.0, 0.0, 0.0, 0.0, 0.0, 0.0, 0.0, 0.0, 0.0, 0.0, 0.0, 0.0, 0.0, 0.0], [0.0, 0.0, 0.00030000000000000003, 0.00030000000000000003, 0.00030000000000000003, 0.00030000000000000003, 0.009600000000000001, 0.0, 0.009600000000000001, 0.009600000000000001, 0.0, 0.009600000000000001, 0.0, 0.0, 0.0, 0.0, 0.0, 0.0, 0.0, 0.0, 0.0, 0.0], [0.0, 0.0, 0.0, 0.0, 0.0, 0.0, 0.0, 0.0, 0.0, 0.0, 0.0, 0.0, 0.0, 0.0, 0.0, 0.0, 0.0, 0.0, 0.0, 0.0, 0.0, 0.0]]}}
bs_setyawan_curtarolo_efermi: 3.73957468
bs_hinuma_task_id: mp-2174441
bs_hinuma_band_gap: 1.2481
bs_hinuma_cbm: {'band_index': {'1': [108]}, 'kpoint_index': [9, 10, 87], 'kpoint': <pymatgen.electronic_structure.bandstructure.Kpoint object at 0x7fc5d4b59e80>, 'energy': 4.8471, 'projections': {'1': [[0.0001, 0.0001, 0.0135, 0.0135, 0.0135, 0.0135, 0.0024000000000000002, 0.00030000000000000003, 0.0024000000000000002, 0.0024000000000000002, 0.00030000000000000003, 0.0024000000000000002, 0.0019, 0.0035, 0.0019, 0.0011, 0.0035, 0.0035, 0.0019, 0.0011, 0.0035, 0.0019], [0.0005, 0.0005, 0.0008, 0.0008, 0.0008, 0.0008, 0.0022, 0.0007, 0.0022, 0.0022, 0.0007, 0.0022, 0.0022, 0.0094, 0.0022, 0.0004, 0.0094, 0.0094, 0.0022, 0.0004, 0.0094, 0.0022], [0.0, 0.0, 0.0001, 0.0001, 0.0001, 0.0001, 0.00030000000000000003, 0.0, 0.00030000000000000003, 0.00030000000000000003, 0.0, 0.00030000000000000003, 0.0, 0.0002, 0.0, 0.0, 0.0002, 0.0002, 0.0, 0.0, 0.0002, 0.0], [0.0, 0.0, 0.0, 0.0, 0.0, 0.0, 0.0, 0.0, 0.0, 0.0, 0.0, 0.0, 0.0, 0.0, 0.0, 0.0, 0.0, 0.0, 0.0, 0.0, 0.0, 0.0], [0.0, 0.0, 0.0, 0.0, 0.0, 0.0, 0.0, 0.0, 0.0, 0.0, 0.0, 0.0, 0.0, 0.0, 0.0, 0.0, 0.0, 0.0, 0.0, 0.0, 0.0, 0.0], [0.0, 0.0, 0.0059, 0.0059, 0.0059, 0.0059, 0.0006000000000000001, 0.0, 0.0006000000000000001, 0.0006000000000000001, 0.0, 0.0006000000000000001, 0.0005, 0.0, 0.0005, 0.0, 0.0, 0.0, 0.0005, 0.0, 0.0, 0.0005], [0.0011, 0.0011, 0.0024000000000000002, 0.0024000000000000002, 0.0024000000000000002, 0.0024000000000000002, 0.0024000000000000002, 0.0001, 0.0024000000000000002, 0.0024000000000000002, 0.0001, 0.0024000000000000002, 0.0001, 0.0007, 0.0001, 0.0, 0.0007, 0.0007, 0.0001, 0.0, 0.0007, 0.0001], [0.0, 0.0, 0.0, 0.0, 0.0, 0.0, 0.0, 0.0, 0.0, 0.0, 0.0, 0.0, 0.0, 0.0, 0.0, 0.0, 0.0, 0.0, 0.0, 0.0, 0.0, 0.0], [0.0043, 0.0043, 0.0699, 0.0699, 0.0699, 0.0699, 0.024, 0.001, 0.024, 0.024, 0.001, 0.024, 0.0021000000000000003, 0.0039000000000000003, 0.0021000000000000003, 0.0005, 0.0039000000000000003, 0.0039000000000000003, 0.0021000000000000003, 0.0005, 0.0039000000000000003, 0.0021000000000000003]]}}
bs_hinuma_vbm: {'band_index': {'1': [107]}, 'kpoint_index': [0, 43, 44, 88], 'kpoint': <pymatgen.electronic_structure.bandstructure.Kpoint object at 0x7fc5d4b59be0>, 'energy': 3.599, 'projections': {'1': [[0.0, 0.0, 0.0, 0.0, 0.0, 0.0, 0.0, 0.0, 0.0, 0.0, 0.0, 0.0, 0.0, 0.0, 0.0, 0.0, 0.0, 0.0, 0.0, 0.0, 0.0, 0.0], [0.0, 0.0, 0.0, 0.0, 0.0, 0.0, 0.0, 0.0, 0.0, 0.0, 0.0, 0.0, 0.0, 0.0, 0.0, 0.0, 0.0, 0.0, 0.0, 0.0, 0.0, 0.0], [0.0, 0.0, 0.0, 0.0, 0.0, 0.0, 0.0, 0.0, 0.0, 0.0, 0.0, 0.0, 0.0, 0.0, 0.0, 0.0, 0.0, 0.0, 0.0, 0.0, 0.0, 0.0], [0.00030000000000000003, 0.00030000000000000003, 0.0051, 0.0051, 0.0051, 0.0051, 0.001, 0.0058000000000000005, 0.001, 0.001, 0.0058000000000000005, 0.001, 0.031, 0.031200000000000002, 0.031, 0.055900000000000005, 0.031200000000000002, 0.031200000000000002, 0.031, 0.055900000000000005, 0.031200000000000002, 0.031], [0.0001, 0.0001, 0.0004, 0.0004, 0.0004, 0.0004, 0.0337, 0.10200000000000001, 0.0337, 0.0337, 0.10200000000000001, 0.0337, 0.0001, 0.0001, 0.0001, 0.0, 0.0001, 0.0001, 0.0001, 0.0, 0.0001, 0.0001], [0.0, 0.0, 0.0, 0.0, 0.0, 0.0, 0.0, 0.0, 0.0, 0.0, 0.0, 0.0, 0.0, 0.0, 0.0, 0.0, 0.0, 0.0, 0.0, 0.0, 0.0, 0.0], [0.0, 0.0, 0.0, 0.0, 0.0, 0.0, 0.0, 0.0, 0.0, 0.0, 0.0, 0.0, 0.0, 0.0, 0.0, 0.0, 0.0, 0.0, 0.0, 0.0, 0.0, 0.0], [0.0, 0.0, 0.00030000000000000003, 0.00030000000000000003, 0.00030000000000000003, 0.00030000000000000003, 0.009600000000000001, 0.0, 0.009600000000000001, 0.009600000000000001, 0.0, 0.009600000000000001, 0.0, 0.0, 0.0, 0.0, 0.0, 0.0, 0.0, 0.0, 0.0, 0.0], [0.0, 0.0, 0.0, 0.0, 0.0, 0.0, 0.0, 0.0, 0.0, 0.0, 0.0, 0.0, 0.0, 0.0, 0.0, 0.0, 0.0, 0.0, 0.0, 0.0, 0.0, 0.0]]}}
bs_hinuma_efermi: 3.648829349999999
bs_latimer_munro_task_id: mp-2606848
bs_latimer_munro_band_gap: 1.2481
bs_latimer_munro_cbm: {'band_index': {'1': [108]}, 'kpoint_index': [65, 66, 125, 126], 'kpoint': <pymatgen.electronic_structure.bandstructure.Kpoint object at 0x7fc5d4b5a430>, 'energy': 4.8471, 'projections': {'1': [[0.0001, 0.0001, 0.0135, 0.0135, 0.0135, 0.0135, 0.0024000000000000002, 0.00030000000000000003, 0.0024000000000000002, 0.0024000000000000002, 0.00030000000000000003, 0.0024000000000000002, 0.0019, 0.0035, 0.0019, 0.0011, 0.0035, 0.0035, 0.0019, 0.0011, 0.0035, 0.0019], [0.0005, 0.0005, 0.0008, 0.0008, 0.0008, 0.0008, 0.0022, 0.0007, 0.0022, 0.0022, 0.0007, 0.0022, 0.0022, 0.0094, 0.0022, 0.0004, 0.0094, 0.0094, 0.0022, 0.0004, 0.0094, 0.0022], [0.0, 0.0, 0.0001, 0.0001, 0.0001, 0.0001, 0.00030000000000000003, 0.0, 0.00030000000000000003, 0.00030000000000000003, 0.0, 0.00030000000000000003, 0.0, 0.0002, 0.0, 0.0, 0.0002, 0.0002, 0.0, 0.0, 0.0002, 0.0], [0.0, 0.0, 0.0, 0.0, 0.0, 0.0, 0.0, 0.0, 0.0, 0.0, 0.0, 0.0, 0.0, 0.0, 0.0, 0.0, 0.0, 0.0, 0.0, 0.0, 0.0, 0.0], [0.0, 0.0, 0.0, 0.0, 0.0, 0.0, 0.0, 0.0, 0.0, 0.0, 0.0, 0.0, 0.0, 0.0, 0.0, 0.0, 0.0, 0.0, 0.0, 0.0, 0.0, 0.0], [0.0, 0.0, 0.0059, 0.0059, 0.0059, 0.0059, 0.0006000000000000001, 0.0, 0.0006000000000000001, 0.0006000000000000001, 0.0, 0.0006000000000000001, 0.0005, 0.0, 0.0005, 0.0, 0.0, 0.0, 0.0005, 0.0, 0.0, 0.0005], [0.0011, 0.0011, 0.0024000000000000002, 0.0024000000000000002, 0.0024000000000000002, 0.0024000000000000002, 0.0024000000000000002, 0.0001, 0.0024000000000000002, 0.0024000000000000002, 0.0001, 0.0024000000000000002, 0.0001, 0.0007, 0.0001, 0.0, 0.0007, 0.0007, 0.0001, 0.0, 0.0007, 0.0001], [0.0, 0.0, 0.0, 0.0, 0.0, 0.0, 0.0, 0.0, 0.0, 0.0, 0.0, 0.0, 0.0, 0.0, 0.0, 0.0, 0.0, 0.0, 0.0, 0.0, 0.0, 0.0], [0.0043, 0.0043, 0.0699, 0.0699, 0.0699, 0.0699, 0.024, 0.001, 0.024, 0.024, 0.001, 0.024, 0.0021000000000000003, 0.0039000000000000003, 0.0021000000000000003, 0.0005, 0.0039000000000000003, 0.0039000000000000003, 0.0021000000000000003, 0.0005, 0.0039000000000000003, 0.0021000000000000003]]}}
bs_latimer_munro_vbm: {'band_index': {'1': [107]}, 'kpoint_index': [31, 32, 115, 116, 176, 177, 195], 'kpoint': <pymatgen.electronic_structure.bandstructure.Kpoint object at 0x7fc5d4b5a200>, 'energy': 3.599, 'projections': {'1': [[0.0, 0.0, 0.0, 0.0, 0.0, 0.0, 0.0, 0.0, 0.0, 0.0, 0.0, 0.0, 0.0, 0.0, 0.0, 0.0, 0.0, 0.0, 0.0, 0.0, 0.0, 0.0], [0.0, 0.0, 0.0, 0.0, 0.0, 0.0, 0.0, 0.0, 0.0, 0.0, 0.0, 0.0, 0.0, 0.0, 0.0, 0.0, 0.0, 0.0, 0.0, 0.0, 0.0, 0.0], [0.0, 0.0, 0.0, 0.0, 0.0, 0.0, 0.0, 0.0, 0.0, 0.0, 0.0, 0.0, 0.0, 0.0, 0.0, 0.0, 0.0, 0.0, 0.0, 0.0, 0.0, 0.0], [0.00030000000000000003, 0.00030000000000000003, 0.0051, 0.0051, 0.0051, 0.0051, 0.001, 0.0058000000000000005, 0.001, 0.001, 0.0058000000000000005, 0.001, 0.031, 0.031200000000000002, 0.031, 0.055900000000000005, 0.031200000000000002, 0.031200000000000002, 0.031, 0.055900000000000005, 0.031200000000000002, 0.031], [0.0001, 0.0001, 0.0004, 0.0004, 0.0004, 0.0004, 0.0337, 0.10200000000000001, 0.0337, 0.0337, 0.10200000000000001, 0.0337, 0.0001, 0.0001, 0.0001, 0.0, 0.0001, 0.0001, 0.0001, 0.0, 0.0001, 0.0001], [0.0, 0.0, 0.0, 0.0, 0.0, 0.0, 0.0, 0.0, 0.0, 0.0, 0.0, 0.0, 0.0, 0.0, 0.0, 0.0, 0.0, 0.0, 0.0, 0.0, 0.0, 0.0], [0.0, 0.0, 0.0, 0.0, 0.0, 0.0, 0.0, 0.0, 0.0, 0.0, 0.0, 0.0, 0.0, 0.0, 0.0, 0.0, 0.0, 0.0, 0.0, 0.0, 0.0, 0.0], [0.0, 0.0, 0.00030000000000000003, 0.00030000000000000003, 0.00030000000000000003, 0.00030000000000000003, 0.009600000000000001, 0.0, 0.009600000000000001, 0.009600000000000001, 0.0, 0.009600000000000001, 0.0, 0.0, 0.0, 0.0, 0.0, 0.0, 0.0, 0.0, 0.0, 0.0], [0.0, 0.0, 0.0, 0.0, 0.0, 0.0, 0.0, 0.0, 0.0, 0.0, 0.0, 0.0, 0.0, 0.0, 0.0, 0.0, 0.0, 0.0, 0.0, 0.0, 0.0, 0.0]]}}
bs_latimer_munro_efermi: 3.65425222