material_id: mp-556550
band_gap: 1.3307
efermi: 2.53893524
dos_magnetic_ordering: NM
dos_total_task_id: mp-1671675
dos_total_band_gap: 1.3441
dos_total_cbm: 3.6785
dos_total_vbm: 2.3344
dos_total_efermi: 2.29560587
bs_setyawan_curtarolo_task_id: mp-712207
bs_setyawan_curtarolo_band_gap: 1.3307
bs_setyawan_curtarolo_cbm: {'band_index': {'1': [40]}, 'kpoint_index': ['26'], 'kpoint': <pymatgen.electronic_structure.bandstructure.Kpoint object at 0x7fc699d63930>, 'energy': 3.6573, 'projections': {'1': [[0.0033, 0.0041, 0.0033, 0.0, 0.0, 0.0, 0.0036000000000000003, 0.0036000000000000003, 0.0112, 0.0036000000000000003, 0.0036000000000000003, 0.0112], [0.0009000000000000001, 0.0035, 0.0009000000000000001, 0.0002, 0.00030000000000000003, 0.00030000000000000003, 0.0033, 0.0033, 0.0182, 0.0033, 0.0033, 0.0182], [0.0, 0.0012000000000000001, 0.0, 0.0, 0.0002, 0.0002, 0.0376, 0.0376, 0.0258, 0.0376, 0.0376, 0.0258], [0.0071, 0.0, 0.0071, 0.0, 0.0, 0.0, 0.002, 0.002, 0.0, 0.002, 0.002, 0.0], [0.0, 0.0, 0.0, 0.0, 0.0792, 0.0792, 0.0, 0.0, 0.0, 0.0, 0.0, 0.0], [0.0, 0.0, 0.0, 0.0, 0.031100000000000003, 0.031100000000000003, 0.0, 0.0, 0.0, 0.0, 0.0, 0.0], [0.0, 0.0, 0.0, 0.0, 0.0, 0.0, 0.0, 0.0, 0.0, 0.0, 0.0, 0.0], [0.0, 0.0, 0.0, 0.0, 0.1305, 0.1305, 0.0, 0.0, 0.0, 0.0, 0.0, 0.0], [0.0, 0.0, 0.0, 0.0, 0.0354, 0.0354, 0.0, 0.0, 0.0, 0.0, 0.0, 0.0]]}}
bs_setyawan_curtarolo_vbm: {'band_index': {'1': [39]}, 'kpoint_index': [102, 103], 'kpoint': <pymatgen.electronic_structure.bandstructure.Kpoint object at 0x7fc5d4b59c50>, 'energy': 2.3266, 'projections': {'1': [[0.0, 0.0, 0.0, 0.0, 0.0, 0.0, 0.0001, 0.0001, 0.0, 0.0001, 0.0001, 0.0], [0.00030000000000000003, 0.0, 0.00030000000000000003, 0.0, 0.0008, 0.0008, 0.0553, 0.0553, 0.0, 0.0553, 0.0553, 0.0], [0.0018000000000000002, 0.0, 0.0018000000000000002, 0.0, 0.00030000000000000003, 0.00030000000000000003, 0.0868, 0.0868, 0.0, 0.0868, 0.0868, 0.0], [0.0, 0.0, 0.0, 0.0, 0.0, 0.0, 0.027800000000000002, 0.027800000000000002, 0.0409, 0.027800000000000002, 0.027800000000000002, 0.0409], [0.0, 0.0, 0.0, 0.0, 0.0097, 0.0097, 0.0, 0.0, 0.0, 0.0, 0.0, 0.0], [0.0, 0.0, 0.0, 0.0, 0.0, 0.0, 0.0, 0.0, 0.0, 0.0, 0.0, 0.0], [0.0, 0.0, 0.0, 0.0, 0.0, 0.0, 0.0, 0.0, 0.0, 0.0, 0.0, 0.0], [0.0, 0.0, 0.0, 0.0, 0.0018000000000000002, 0.0018000000000000002, 0.0, 0.0, 0.0, 0.0, 0.0, 0.0], [0.0, 0.0, 0.0, 0.0, 0.0, 0.0, 0.0, 0.0, 0.0, 0.0, 0.0, 0.0]]}}
bs_setyawan_curtarolo_efermi: 2.53893524