material_id: mp-540284
band_gap: 0.12580000000000002
efermi: 0.96858089
dos_magnetic_ordering: NM
dos_total_task_id: mp-1757303
dos_total_band_gap: 0.05349999999999901
dos_total_cbm: 0.9939
dos_total_vbm: 0.9404
dos_total_efermi: 0.94704896
bs_setyawan_curtarolo_task_id: mp-1628058
bs_setyawan_curtarolo_band_gap: 0.12580000000000002
bs_setyawan_curtarolo_cbm: {'band_index': {'1': [23]}, 'kpoint_index': [0, 282, 283], 'kpoint': <pymatgen.electronic_structure.bandstructure.Kpoint object at 0x7fc699d63930>, 'energy': 1.0417, 'projections': {'1': [[0.0, 0.0, 0.004, 0.004, 0.004, 0.004], [0.0, 0.0, 0.027800000000000002, 0.0078000000000000005, 0.027800000000000002, 0.0078000000000000005], [0.0036000000000000003, 0.0077, 0.0582, 0.0582, 0.0582, 0.0582], [0.0, 0.0, 0.0078000000000000005, 0.027800000000000002, 0.0078000000000000005, 0.027800000000000002], [0.2155, 0.0, 0.0, 0.0, 0.0, 0.0], [0.0, 0.0, 0.0, 0.0, 0.0, 0.0], [0.0, 0.0, 0.0, 0.0, 0.0, 0.0], [0.0, 0.0, 0.0, 0.0, 0.0, 0.0], [0.2546, 0.0, 0.0, 0.0, 0.0, 0.0]]}}
bs_setyawan_curtarolo_vbm: {'band_index': {'1': [21, 22]}, 'kpoint_index': [165, 166, 646], 'kpoint': <pymatgen.electronic_structure.bandstructure.Kpoint object at 0x7fc5d4b5a430>, 'energy': 0.9159, 'projections': {'1': [[0.0, 0.0, 0.0002, 0.0001, 0.0002, 0.0001], [0.0028, 0.0007, 0.0465, 0.0227, 0.0465, 0.0227], [0.0, 0.0, 0.0308, 0.1285, 0.0308, 0.1285], [0.0015, 0.0004, 0.0342, 0.0523, 0.0342, 0.0523], [0.0, 0.0, 0.0, 0.0, 0.0, 0.0], [0.1469, 0.0, 0.0, 0.0, 0.0, 0.0], [0.0, 0.0, 0.0, 0.0, 0.0, 0.0], [0.0511, 0.0, 0.0, 0.0, 0.0, 0.0], [0.0, 0.0, 0.0, 0.0, 0.0, 0.0]]}}
bs_setyawan_curtarolo_efermi: 0.96858089
bs_hinuma_task_id: mp-2117302
bs_hinuma_band_gap: 0.12580000000000002
bs_hinuma_cbm: {'band_index': {'1': [23]}, 'kpoint_index': [0, 282, 283, 609], 'kpoint': <pymatgen.electronic_structure.bandstructure.Kpoint object at 0x7fc5d4b59c50>, 'energy': 1.0417, 'projections': {'1': [[0.0, 0.0, 0.004, 0.004, 0.004, 0.004], [0.0, 0.0, 0.027800000000000002, 0.0078000000000000005, 0.027800000000000002, 0.0078000000000000005], [0.0036000000000000003, 0.0077, 0.0582, 0.0582, 0.0582, 0.0582], [0.0, 0.0, 0.0078000000000000005, 0.027800000000000002, 0.0078000000000000005, 0.027800000000000002], [0.2155, 0.0, 0.0, 0.0, 0.0, 0.0], [0.0, 0.0, 0.0, 0.0, 0.0, 0.0], [0.0, 0.0, 0.0, 0.0, 0.0, 0.0], [0.0, 0.0, 0.0, 0.0, 0.0, 0.0], [0.2546, 0.0, 0.0, 0.0, 0.0, 0.0]]}}
bs_hinuma_vbm: {'band_index': {'1': [21, 22]}, 'kpoint_index': [165, 166, 404], 'kpoint': <pymatgen.electronic_structure.bandstructure.Kpoint object at 0x7fc5d4b5a190>, 'energy': 0.9159, 'projections': {'1': [[0.0, 0.0, 0.0002, 0.0001, 0.0002, 0.0001], [0.0028, 0.0007, 0.0465, 0.0227, 0.0465, 0.0227], [0.0, 0.0, 0.0308, 0.1285, 0.0308, 0.1285], [0.0015, 0.0004, 0.0342, 0.0523, 0.0342, 0.0523], [0.0, 0.0, 0.0, 0.0, 0.0, 0.0], [0.1469, 0.0, 0.0, 0.0, 0.0, 0.0], [0.0, 0.0, 0.0, 0.0, 0.0, 0.0], [0.0511, 0.0, 0.0, 0.0, 0.0, 0.0], [0.0, 0.0, 0.0, 0.0, 0.0, 0.0]]}}
bs_hinuma_efermi: 0.96858089
bs_latimer_munro_task_id: mp-2311360
bs_latimer_munro_band_gap: 0.12580000000000002
bs_latimer_munro_cbm: {'band_index': {'1': [23]}, 'kpoint_index': [121, 122, 349, 466], 'kpoint': <pymatgen.electronic_structure.bandstructure.Kpoint object at 0x7fc5d4b5a3c0>, 'energy': 1.0417, 'projections': {'1': [[0.0, 0.0, 0.004, 0.004, 0.004, 0.004], [0.0, 0.0, 0.027800000000000002, 0.0078000000000000005, 0.027800000000000002, 0.0078000000000000005], [0.0036000000000000003, 0.0077, 0.0582, 0.0582, 0.0582, 0.0582], [0.0, 0.0, 0.0078000000000000005, 0.027800000000000002, 0.0078000000000000005, 0.027800000000000002], [0.2155, 0.0, 0.0, 0.0, 0.0, 0.0], [0.0, 0.0, 0.0, 0.0, 0.0, 0.0], [0.0, 0.0, 0.0, 0.0, 0.0, 0.0], [0.0, 0.0, 0.0, 0.0, 0.0, 0.0], [0.25470000000000004, 0.0, 0.0, 0.0, 0.0, 0.0]]}}
bs_latimer_munro_vbm: {'band_index': {'1': [21, 22]}, 'kpoint_index': [0, 5, 287], 'kpoint': <pymatgen.electronic_structure.bandstructure.Kpoint object at 0x7fc5d4b5a350>, 'energy': 0.9159, 'projections': {'1': [[0.0, 0.0, 0.0002, 0.0001, 0.0002, 0.0001], [0.0033, 0.0009000000000000001, 0.053200000000000004, 0.0251, 0.053200000000000004, 0.0251], [0.0, 0.0, 0.021, 0.1383, 0.021, 0.1383], [0.001, 0.0002, 0.0318, 0.0456, 0.0318, 0.0456], [0.0, 0.0, 0.0, 0.0, 0.0, 0.0], [0.1719, 0.0, 0.0, 0.0, 0.0, 0.0], [0.0, 0.0, 0.0, 0.0, 0.0, 0.0], [0.0261, 0.0, 0.0, 0.0, 0.0, 0.0], [0.0, 0.0, 0.0, 0.0, 0.0, 0.0]]}}
bs_latimer_munro_efermi: 0.96835824