material_id: mp-557348
band_gap: 2.0462
efermi: 1.7897324700000001
dos_magnetic_ordering: FM
dos_total_task_id: mp-1676621
dos_total_band_gap: 4.2648
dos_total_cbm: 4.8505
dos_total_vbm: 0.5857
dos_total_efermi: 1.728617289999999
bs_setyawan_curtarolo_task_id: mp-1608298
bs_setyawan_curtarolo_band_gap: 2.0462
bs_setyawan_curtarolo_cbm: {'band_index': {'-1': [70], '1': []}, 'kpoint_index': [24], 'kpoint': <pymatgen.electronic_structure.bandstructure.Kpoint object at 0x7fc699d63930>, 'energy': 3.7673, 'projections': {'-1': [[0.0002, 0.0, 0.0, 0.0009000000000000001, 0.0006000000000000001, 0.0009000000000000001, 0.0006000000000000001, 0.00030000000000000003, 0.0, 0.00030000000000000003, 0.0001, 0.0, 0.00030000000000000003, 0.0001, 0.0, 0.0, 0.0001, 0.00030000000000000003, 0.0, 0.0001, 0.0], [0.0, 0.0001, 0.0001, 0.0005, 0.00030000000000000003, 0.0005, 0.00030000000000000003, 0.0035, 0.0001, 0.0035, 0.0005, 0.0001, 0.0016, 0.0001, 0.0001, 0.0019, 0.0001, 0.0016, 0.0019, 0.0005, 0.0001], [0.0, 0.0, 0.0, 0.0004, 0.0002, 0.0004, 0.0002, 0.0001, 0.0004, 0.0001, 0.007500000000000001, 0.0004, 0.0013000000000000002, 0.0, 0.0002, 0.0034000000000000002, 0.0, 0.0013000000000000002, 0.0034000000000000002, 0.007500000000000001, 0.0002], [0.0, 0.0002, 0.0002, 0.0, 0.0005, 0.0, 0.0005, 0.0016, 0.0011, 0.0016, 0.0006000000000000001, 0.0011, 0.0005, 0.0046, 0.00030000000000000003, 0.0018000000000000002, 0.0046, 0.0005, 0.0018000000000000002, 0.0006000000000000001, 0.00030000000000000003], [0.0, 0.14300000000000002, 0.14300000000000002, 0.0, 0.0, 0.0, 0.0, 0.0, 0.0, 0.0, 0.0, 0.0, 0.0, 0.0, 0.0, 0.0, 0.0, 0.0, 0.0, 0.0, 0.0], [0.0001, 0.0001, 0.0001, 0.0, 0.0, 0.0, 0.0, 0.0, 0.0, 0.0, 0.0, 0.0, 0.0, 0.0, 0.0, 0.0, 0.0, 0.0, 0.0, 0.0, 0.0], [0.0014, 0.027100000000000003, 0.027100000000000003, 0.0, 0.0, 0.0, 0.0, 0.0, 0.0, 0.0, 0.0, 0.0, 0.0, 0.0, 0.0, 0.0, 0.0, 0.0, 0.0, 0.0, 0.0], [0.0, 0.23, 0.23, 0.0, 0.0, 0.0, 0.0, 0.0, 0.0, 0.0, 0.0, 0.0, 0.0, 0.0, 0.0, 0.0, 0.0, 0.0, 0.0, 0.0, 0.0], [0.0005, 0.0056, 0.0056, 0.0, 0.0, 0.0, 0.0, 0.0, 0.0, 0.0, 0.0, 0.0, 0.0, 0.0, 0.0, 0.0, 0.0, 0.0, 0.0, 0.0, 0.0]]}}
bs_setyawan_curtarolo_vbm: {'band_index': {'-1': [69], '1': []}, 'kpoint_index': [11, 12, 37, 38, 68, 69, 92], 'kpoint': <pymatgen.electronic_structure.bandstructure.Kpoint object at 0x7fc5d4b5a190>, 'energy': 1.7211, 'projections': {'-1': [[0.0, 0.0, 0.0, 0.0001, 0.00030000000000000003, 0.0001, 0.00030000000000000003, 0.0, 0.0002, 0.0, 0.00030000000000000003, 0.0002, 0.0001, 0.0005, 0.0002, 0.0001, 0.0005, 0.0001, 0.0001, 0.00030000000000000003, 0.0002], [0.0007, 0.0006000000000000001, 0.0006000000000000001, 0.0001, 0.0001, 0.0001, 0.0001, 0.0125, 0.004, 0.0125, 0.0005, 0.004, 0.00030000000000000003, 0.0545, 0.0008, 0.0, 0.0545, 0.00030000000000000003, 0.0, 0.0005, 0.0008], [0.0001, 0.0, 0.0, 0.0007, 0.0004, 0.0007, 0.0004, 0.0006000000000000001, 0.030100000000000002, 0.0006000000000000001, 0.0005, 0.030100000000000002, 0.0004, 0.0, 0.0407, 0.0024000000000000002, 0.0, 0.0004, 0.0024000000000000002, 0.0005, 0.0407], [0.0005, 0.0001, 0.0001, 0.0, 0.00030000000000000003, 0.0, 0.00030000000000000003, 0.0001, 0.0008, 0.0001, 0.00030000000000000003, 0.0008, 0.0, 0.012400000000000001, 0.0012000000000000001, 0.0013000000000000002, 0.012400000000000001, 0.0, 0.0013000000000000002, 0.00030000000000000003, 0.0012000000000000001], [0.0, 0.008400000000000001, 0.008400000000000001, 0.0, 0.0, 0.0, 0.0, 0.0, 0.0, 0.0, 0.0, 0.0, 0.0, 0.0, 0.0, 0.0, 0.0, 0.0, 0.0, 0.0, 0.0], [0.0, 0.2617, 0.2617, 0.0, 0.0, 0.0, 0.0, 0.0, 0.0, 0.0, 0.0, 0.0, 0.0, 0.0, 0.0, 0.0, 0.0, 0.0, 0.0, 0.0, 0.0], [0.0, 0.0007, 0.0007, 0.0, 0.0, 0.0, 0.0, 0.0, 0.0, 0.0, 0.0, 0.0, 0.0, 0.0, 0.0, 0.0, 0.0, 0.0, 0.0, 0.0, 0.0], [0.0, 0.0, 0.0, 0.0, 0.0, 0.0, 0.0, 0.0, 0.0, 0.0, 0.0, 0.0, 0.0, 0.0, 0.0, 0.0, 0.0, 0.0, 0.0, 0.0, 0.0], [0.0, 0.0068000000000000005, 0.0068000000000000005, 0.0, 0.0, 0.0, 0.0, 0.0, 0.0, 0.0, 0.0, 0.0, 0.0, 0.0, 0.0, 0.0, 0.0, 0.0, 0.0, 0.0, 0.0]]}}
bs_setyawan_curtarolo_efermi: 1.7897324700000001
bs_hinuma_task_id: mp-2169811
bs_hinuma_band_gap: 2.0462
bs_hinuma_cbm: {'band_index': {'-1': [70], '1': []}, 'kpoint_index': [92], 'kpoint': <pymatgen.electronic_structure.bandstructure.Kpoint object at 0x7fc5d4b59be0>, 'energy': 3.7673, 'projections': {'-1': [[0.0002, 0.0, 0.0, 0.0009000000000000001, 0.0006000000000000001, 0.0009000000000000001, 0.0006000000000000001, 0.00030000000000000003, 0.0, 0.00030000000000000003, 0.0001, 0.0, 0.00030000000000000003, 0.0001, 0.0, 0.0, 0.0001, 0.00030000000000000003, 0.0, 0.0001, 0.0], [0.0, 0.0001, 0.0001, 0.0005, 0.00030000000000000003, 0.0005, 0.00030000000000000003, 0.0035, 0.0001, 0.0035, 0.0005, 0.0001, 0.0016, 0.0001, 0.0001, 0.0019, 0.0001, 0.0016, 0.0019, 0.0005, 0.0001], [0.0, 0.0, 0.0, 0.0004, 0.0002, 0.0004, 0.0002, 0.0001, 0.0004, 0.0001, 0.007500000000000001, 0.0004, 0.0013000000000000002, 0.0, 0.0002, 0.0034000000000000002, 0.0, 0.0013000000000000002, 0.0034000000000000002, 0.007500000000000001, 0.0002], [0.0, 0.0002, 0.0002, 0.0, 0.0005, 0.0, 0.0005, 0.0016, 0.0011, 0.0016, 0.0006000000000000001, 0.0011, 0.0005, 0.0046, 0.00030000000000000003, 0.0018000000000000002, 0.0046, 0.0005, 0.0018000000000000002, 0.0006000000000000001, 0.00030000000000000003], [0.0, 0.14300000000000002, 0.14300000000000002, 0.0, 0.0, 0.0, 0.0, 0.0, 0.0, 0.0, 0.0, 0.0, 0.0, 0.0, 0.0, 0.0, 0.0, 0.0, 0.0, 0.0, 0.0], [0.0001, 0.0001, 0.0001, 0.0, 0.0, 0.0, 0.0, 0.0, 0.0, 0.0, 0.0, 0.0, 0.0, 0.0, 0.0, 0.0, 0.0, 0.0, 0.0, 0.0, 0.0], [0.0014, 0.027100000000000003, 0.027100000000000003, 0.0, 0.0, 0.0, 0.0, 0.0, 0.0, 0.0, 0.0, 0.0, 0.0, 0.0, 0.0, 0.0, 0.0, 0.0, 0.0, 0.0, 0.0], [0.0, 0.23, 0.23, 0.0, 0.0, 0.0, 0.0, 0.0, 0.0, 0.0, 0.0, 0.0, 0.0, 0.0, 0.0, 0.0, 0.0, 0.0, 0.0, 0.0, 0.0], [0.0005, 0.0056, 0.0056, 0.0, 0.0, 0.0, 0.0, 0.0, 0.0, 0.0, 0.0, 0.0, 0.0, 0.0, 0.0, 0.0, 0.0, 0.0, 0.0, 0.0, 0.0]]}}
bs_hinuma_vbm: {'band_index': {'-1': [69], '1': []}, 'kpoint_index': [0, 23, 24, 51, 52, 78, 79], 'kpoint': <pymatgen.electronic_structure.bandstructure.Kpoint object at 0x7fc5d4b5a350>, 'energy': 1.7211, 'projections': {'-1': [[0.0, 0.0, 0.0, 0.0001, 0.00030000000000000003, 0.0001, 0.00030000000000000003, 0.0, 0.0002, 0.0, 0.00030000000000000003, 0.0002, 0.0001, 0.0005, 0.0002, 0.0001, 0.0005, 0.0001, 0.0001, 0.00030000000000000003, 0.0002], [0.0007, 0.0006000000000000001, 0.0006000000000000001, 0.0001, 0.0001, 0.0001, 0.0001, 0.0125, 0.004, 0.0125, 0.0005, 0.004, 0.00030000000000000003, 0.0545, 0.0008, 0.0, 0.0545, 0.00030000000000000003, 0.0, 0.0005, 0.0008], [0.0001, 0.0, 0.0, 0.0007, 0.0004, 0.0007, 0.0004, 0.0006000000000000001, 0.030100000000000002, 0.0006000000000000001, 0.0005, 0.030100000000000002, 0.0004, 0.0, 0.0407, 0.0024000000000000002, 0.0, 0.0004, 0.0024000000000000002, 0.0005, 0.0407], [0.0005, 0.0001, 0.0001, 0.0, 0.00030000000000000003, 0.0, 0.00030000000000000003, 0.0001, 0.0008, 0.0001, 0.00030000000000000003, 0.0008, 0.0, 0.012400000000000001, 0.0012000000000000001, 0.0013000000000000002, 0.012400000000000001, 0.0, 0.0013000000000000002, 0.00030000000000000003, 0.0012000000000000001], [0.0, 0.008400000000000001, 0.008400000000000001, 0.0, 0.0, 0.0, 0.0, 0.0, 0.0, 0.0, 0.0, 0.0, 0.0, 0.0, 0.0, 0.0, 0.0, 0.0, 0.0, 0.0, 0.0], [0.0, 0.2617, 0.2617, 0.0, 0.0, 0.0, 0.0, 0.0, 0.0, 0.0, 0.0, 0.0, 0.0, 0.0, 0.0, 0.0, 0.0, 0.0, 0.0, 0.0, 0.0], [0.0, 0.0007, 0.0007, 0.0, 0.0, 0.0, 0.0, 0.0, 0.0, 0.0, 0.0, 0.0, 0.0, 0.0, 0.0, 0.0, 0.0, 0.0, 0.0, 0.0, 0.0], [0.0, 0.0, 0.0, 0.0, 0.0, 0.0, 0.0, 0.0, 0.0, 0.0, 0.0, 0.0, 0.0, 0.0, 0.0, 0.0, 0.0, 0.0, 0.0, 0.0, 0.0], [0.0, 0.0068000000000000005, 0.0068000000000000005, 0.0, 0.0, 0.0, 0.0, 0.0, 0.0, 0.0, 0.0, 0.0, 0.0, 0.0, 0.0, 0.0, 0.0, 0.0, 0.0, 0.0, 0.0]]}}
bs_hinuma_efermi: 1.8206065
bs_latimer_munro_task_id: mp-2711902
bs_latimer_munro_band_gap: 2.0462
bs_latimer_munro_cbm: {'band_index': {'-1': [70], '1': []}, 'kpoint_index': [61], 'kpoint': <pymatgen.electronic_structure.bandstructure.Kpoint object at 0x7fc5d4b59d30>, 'energy': 3.7673, 'projections': {'-1': [[0.0002, 0.0, 0.0, 0.0009000000000000001, 0.0006000000000000001, 0.0009000000000000001, 0.0006000000000000001, 0.00030000000000000003, 0.0, 0.00030000000000000003, 0.0001, 0.0, 0.00030000000000000003, 0.0001, 0.0, 0.0, 0.0001, 0.00030000000000000003, 0.0, 0.0001, 0.0], [0.0, 0.0001, 0.0001, 0.0005, 0.00030000000000000003, 0.0005, 0.00030000000000000003, 0.0035, 0.0001, 0.0035, 0.0005, 0.0001, 0.0016, 0.0001, 0.0001, 0.0019, 0.0001, 0.0016, 0.0019, 0.0005, 0.0001], [0.0, 0.0, 0.0, 0.0004, 0.0002, 0.0004, 0.0002, 0.0001, 0.0004, 0.0001, 0.007500000000000001, 0.0004, 0.0013000000000000002, 0.0, 0.0002, 0.0034000000000000002, 0.0, 0.0013000000000000002, 0.0034000000000000002, 0.007500000000000001, 0.0002], [0.0, 0.0002, 0.0002, 0.0, 0.0005, 0.0, 0.0005, 0.0016, 0.0011, 0.0016, 0.0006000000000000001, 0.0011, 0.0005, 0.0046, 0.00030000000000000003, 0.0018000000000000002, 0.0046, 0.0005, 0.0018000000000000002, 0.0006000000000000001, 0.00030000000000000003], [0.0, 0.14300000000000002, 0.14300000000000002, 0.0, 0.0, 0.0, 0.0, 0.0, 0.0, 0.0, 0.0, 0.0, 0.0, 0.0, 0.0, 0.0, 0.0, 0.0, 0.0, 0.0, 0.0], [0.0001, 0.0001, 0.0001, 0.0, 0.0, 0.0, 0.0, 0.0, 0.0, 0.0, 0.0, 0.0, 0.0, 0.0, 0.0, 0.0, 0.0, 0.0, 0.0, 0.0, 0.0], [0.0014, 0.027100000000000003, 0.027100000000000003, 0.0, 0.0, 0.0, 0.0, 0.0, 0.0, 0.0, 0.0, 0.0, 0.0, 0.0, 0.0, 0.0, 0.0, 0.0, 0.0, 0.0, 0.0], [0.0, 0.23, 0.23, 0.0, 0.0, 0.0, 0.0, 0.0, 0.0, 0.0, 0.0, 0.0, 0.0, 0.0, 0.0, 0.0, 0.0, 0.0, 0.0, 0.0, 0.0], [0.0005, 0.0056, 0.0056, 0.0, 0.0, 0.0, 0.0, 0.0, 0.0, 0.0, 0.0, 0.0, 0.0, 0.0, 0.0, 0.0, 0.0, 0.0, 0.0, 0.0, 0.0]]}}
bs_latimer_munro_vbm: {'band_index': {'-1': [69], '1': []}, 'kpoint_index': [13, 14, 26, 36, 48, 62, 75], 'kpoint': <pymatgen.electronic_structure.bandstructure.Kpoint object at 0x7fc5d4b5a430>, 'energy': 1.7211, 'projections': {'-1': [[0.0, 0.0, 0.0, 0.0001, 0.00030000000000000003, 0.0001, 0.00030000000000000003, 0.0, 0.0002, 0.0, 0.00030000000000000003, 0.0002, 0.0001, 0.0005, 0.0002, 0.0001, 0.0005, 0.0001, 0.0001, 0.00030000000000000003, 0.0002], [0.0007, 0.0006000000000000001, 0.0006000000000000001, 0.0001, 0.0001, 0.0001, 0.0001, 0.0125, 0.004, 0.0125, 0.0005, 0.004, 0.00030000000000000003, 0.0545, 0.0008, 0.0, 0.0545, 0.00030000000000000003, 0.0, 0.0005, 0.0008], [0.0001, 0.0, 0.0, 0.0007, 0.0004, 0.0007, 0.0004, 0.0006000000000000001, 0.030100000000000002, 0.0006000000000000001, 0.0005, 0.030100000000000002, 0.0004, 0.0, 0.0407, 0.0024000000000000002, 0.0, 0.0004, 0.0024000000000000002, 0.0005, 0.0407], [0.0005, 0.0001, 0.0001, 0.0, 0.00030000000000000003, 0.0, 0.00030000000000000003, 0.0001, 0.0008, 0.0001, 0.00030000000000000003, 0.0008, 0.0, 0.012400000000000001, 0.0012000000000000001, 0.0013000000000000002, 0.012400000000000001, 0.0, 0.0013000000000000002, 0.00030000000000000003, 0.0012000000000000001], [0.0, 0.008400000000000001, 0.008400000000000001, 0.0, 0.0, 0.0, 0.0, 0.0, 0.0, 0.0, 0.0, 0.0, 0.0, 0.0, 0.0, 0.0, 0.0, 0.0, 0.0, 0.0, 0.0], [0.0, 0.2617, 0.2617, 0.0, 0.0, 0.0, 0.0, 0.0, 0.0, 0.0, 0.0, 0.0, 0.0, 0.0, 0.0, 0.0, 0.0, 0.0, 0.0, 0.0, 0.0], [0.0, 0.0007, 0.0007, 0.0, 0.0, 0.0, 0.0, 0.0, 0.0, 0.0, 0.0, 0.0, 0.0, 0.0, 0.0, 0.0, 0.0, 0.0, 0.0, 0.0, 0.0], [0.0, 0.0, 0.0, 0.0, 0.0, 0.0, 0.0, 0.0, 0.0, 0.0, 0.0, 0.0, 0.0, 0.0, 0.0, 0.0, 0.0, 0.0, 0.0, 0.0, 0.0], [0.0, 0.0068000000000000005, 0.0068000000000000005, 0.0, 0.0, 0.0, 0.0, 0.0, 0.0, 0.0, 0.0, 0.0, 0.0, 0.0, 0.0, 0.0, 0.0, 0.0, 0.0, 0.0, 0.0]]}}
bs_latimer_munro_efermi: 1.8240686