material_id: mp-556473
band_gap: 2.2655
efermi: 2.63909912
dos_magnetic_ordering: FM
dos_total_task_id: mp-1753147
dos_total_band_gap: 2.2727
dos_total_cbm: 4.7594
dos_total_vbm: 2.4867
dos_total_efermi: 2.4950431
bs_setyawan_curtarolo_task_id: mp-1620433
bs_setyawan_curtarolo_band_gap: 2.2655
bs_setyawan_curtarolo_cbm: {'band_index': {'1': [136, 137], '-1': []}, 'kpoint_index': [83], 'kpoint': <pymatgen.electronic_structure.bandstructure.Kpoint object at 0x7fc699d63930>, 'energy': 4.7314, 'projections': {'1': [[0.00030000000000000003, 0.0005, 0.0001, 0.0002, 0.00030000000000000003, 0.00030000000000000003, 0.0004, 0.0001, 0.0038, 0.0014, 0.0019, 0.0033, 0.0011, 0.0005, 0.0004, 0.001, 0.0001, 0.00030000000000000003, 0.0002, 0.0045000000000000005, 0.0036000000000000003, 0.0002, 0.0006000000000000001, 0.0016, 0.008400000000000001, 0.0035, 0.0006000000000000001, 0.0014, 0.0009000000000000001, 0.0001, 0.0094, 0.0033], [0.0, 0.0, 0.0, 0.0, 0.0, 0.0, 0.0, 0.0, 0.0015, 0.0008, 0.0006000000000000001, 0.0016, 0.0, 0.0, 0.0, 0.0, 0.00030000000000000003, 0.0002, 0.0007, 0.0002, 0.0004, 0.0009000000000000001, 0.0001, 0.0001, 0.0006000000000000001, 0.0002, 0.0002, 0.0001, 0.0001, 0.0005, 0.0005, 0.0002], [0.0001, 0.0001, 0.0, 0.0, 0.0001, 0.0, 0.0, 0.0, 0.0002, 0.0001, 0.0001, 0.0001, 0.0001, 0.0001, 0.0001, 0.0002, 0.0002, 0.0002, 0.00030000000000000003, 0.00030000000000000003, 0.00030000000000000003, 0.0002, 0.0002, 0.0005, 0.0006000000000000001, 0.0012000000000000001, 0.00030000000000000003, 0.0006000000000000001, 0.0004, 0.0001, 0.0007, 0.0013000000000000002], [0.0, 0.0, 0.0001, 0.0, 0.0001, 0.0001, 0.0, 0.0001, 0.001, 0.0004, 0.0005, 0.0009000000000000001, 0.0082, 0.0037, 0.0033, 0.0078000000000000005, 0.00030000000000000003, 0.0, 0.0007, 0.0011, 0.0006000000000000001, 0.0007, 0.0, 0.0002, 0.0013000000000000002, 0.0002, 0.0, 0.00030000000000000003, 0.0, 0.0004, 0.0018000000000000002, 0.00030000000000000003], [0.0016, 0.0018000000000000002, 0.0004, 0.0007, 0.0004, 0.0005, 0.0009000000000000001, 0.0002, 0.0, 0.0, 0.0, 0.0, 0.0, 0.0, 0.0, 0.0, 0.0, 0.0, 0.0, 0.0, 0.0, 0.0, 0.0, 0.0, 0.0, 0.0, 0.0, 0.0, 0.0, 0.0, 0.0, 0.0], [0.002, 0.0018000000000000002, 0.001, 0.0009000000000000001, 0.0015, 0.0018000000000000002, 0.0008, 0.0007, 0.0, 0.0, 0.0, 0.0, 0.0, 0.0, 0.0, 0.0, 0.0, 0.0, 0.0, 0.0, 0.0, 0.0, 0.0, 0.0, 0.0, 0.0, 0.0, 0.0, 0.0, 0.0, 0.0, 0.0], [0.20020000000000002, 0.2053, 0.0011, 0.0863, 0.0004, 0.0007, 0.0913, 0.0008, 0.0, 0.0, 0.0, 0.0, 0.0004, 0.0002, 0.0001, 0.00030000000000000003, 0.0, 0.0, 0.0, 0.0, 0.0, 0.0, 0.0, 0.0, 0.0, 0.0, 0.0, 0.0, 0.0, 0.0, 0.0, 0.0], [0.0114, 0.0118, 0.0004, 0.0049, 0.0009000000000000001, 0.001, 0.0053, 0.0004, 0.0, 0.0, 0.0, 0.0, 0.0, 0.0, 0.0, 0.0, 0.0, 0.0, 0.0, 0.0, 0.0, 0.0, 0.0, 0.0, 0.0, 0.0, 0.0, 0.0, 0.0, 0.0, 0.0, 0.0], [0.0471, 0.0523, 0.0047, 0.0199, 0.006200000000000001, 0.008, 0.025, 0.0029000000000000002, 0.0, 0.0, 0.0, 0.0, 0.0007, 0.00030000000000000003, 0.00030000000000000003, 0.0007, 0.0, 0.0, 0.0, 0.0, 0.0, 0.0, 0.0, 0.0, 0.0, 0.0, 0.0, 0.0, 0.0, 0.0, 0.0, 0.0]]}}
bs_setyawan_curtarolo_vbm: {'band_index': {'1': [135], '-1': []}, 'kpoint_index': ['88'], 'kpoint': <pymatgen.electronic_structure.bandstructure.Kpoint object at 0x7fc5d4b5a3c0>, 'energy': 2.4659, 'projections': {'1': [[0.0, 0.0, 0.0032, 0.0, 0.0032, 0.0032, 0.0, 0.0032, 0.0001, 0.0001, 0.0001, 0.0001, 0.0001, 0.0001, 0.0001, 0.0001, 0.0001, 0.0004, 0.0001, 0.0001, 0.0001, 0.0001, 0.0004, 0.0002, 0.0001, 0.0002, 0.0004, 0.0002, 0.0004, 0.0001, 0.0001, 0.0002], [0.0, 0.0, 0.0001, 0.0, 0.0001, 0.0001, 0.0, 0.0001, 0.0, 0.0, 0.0, 0.0, 0.0029000000000000002, 0.0029000000000000002, 0.0029000000000000002, 0.0029000000000000002, 0.0029000000000000002, 0.0008, 0.0029000000000000002, 0.004200000000000001, 0.004200000000000001, 0.0029000000000000002, 0.0008, 0.0011, 0.004200000000000001, 0.0011, 0.0008, 0.0011, 0.0008, 0.0029000000000000002, 0.004200000000000001, 0.0011], [0.0, 0.0, 0.0007, 0.0, 0.0007, 0.0007, 0.0, 0.0007, 0.00030000000000000003, 0.00030000000000000003, 0.00030000000000000003, 0.00030000000000000003, 0.0448, 0.0448, 0.0448, 0.0448, 0.0012000000000000001, 0.004, 0.0012000000000000001, 0.0, 0.0, 0.0012000000000000001, 0.004, 0.0008, 0.0, 0.0008, 0.004, 0.0008, 0.004, 0.0012000000000000001, 0.0, 0.0008], [0.0, 0.0, 0.0001, 0.0, 0.0001, 0.0001, 0.0, 0.0001, 0.0001, 0.0001, 0.0001, 0.0001, 0.0004, 0.0004, 0.0004, 0.0004, 0.0011, 0.0044, 0.0011, 0.0004, 0.0004, 0.0011, 0.0044, 0.0005, 0.0004, 0.0005, 0.0044, 0.0005, 0.0044, 0.0011, 0.0004, 0.0005], [0.0012000000000000001, 0.0012000000000000001, 0.0036000000000000003, 0.0012000000000000001, 0.0036000000000000003, 0.0036000000000000003, 0.0012000000000000001, 0.0036000000000000003, 0.0, 0.0, 0.0, 0.0, 0.0, 0.0, 0.0, 0.0, 0.0, 0.0, 0.0, 0.0, 0.0, 0.0, 0.0, 0.0, 0.0, 0.0, 0.0, 0.0, 0.0, 0.0, 0.0, 0.0], [0.0001, 0.0001, 0.0143, 0.0001, 0.0143, 0.0143, 0.0001, 0.0143, 0.0, 0.0, 0.0, 0.0, 0.0001, 0.0001, 0.0001, 0.0001, 0.0, 0.0, 0.0, 0.0, 0.0, 0.0, 0.0, 0.0, 0.0, 0.0, 0.0, 0.0, 0.0, 0.0, 0.0, 0.0], [0.0, 0.0, 0.0761, 0.0, 0.0761, 0.0761, 0.0, 0.0761, 0.0, 0.0, 0.0, 0.0, 0.0001, 0.0001, 0.0001, 0.0001, 0.0, 0.0, 0.0, 0.0, 0.0, 0.0, 0.0, 0.0, 0.0, 0.0, 0.0, 0.0, 0.0, 0.0, 0.0, 0.0], [0.0033, 0.0033, 0.039400000000000004, 0.0033, 0.0393, 0.0393, 0.0033, 0.0393, 0.0, 0.0, 0.0, 0.0, 0.0, 0.0, 0.0, 0.0, 0.0, 0.0, 0.0, 0.0, 0.0, 0.0, 0.0, 0.0, 0.0, 0.0, 0.0, 0.0, 0.0, 0.0, 0.0, 0.0], [0.00030000000000000003, 0.00030000000000000003, 0.0017000000000000001, 0.00030000000000000003, 0.0017000000000000001, 0.0017000000000000001, 0.00030000000000000003, 0.0017000000000000001, 0.0, 0.0, 0.0, 0.0, 0.0, 0.0, 0.0, 0.0, 0.0, 0.0, 0.0, 0.0, 0.0, 0.0, 0.0, 0.0, 0.0, 0.0, 0.0, 0.0, 0.0, 0.0, 0.0, 0.0]]}}
bs_setyawan_curtarolo_efermi: 2.63909912