material_id: mp-554705
band_gap: 1.558699999999999
efermi: 3.63279128
dos_magnetic_ordering: NM
dos_total_task_id: mp-1672347
dos_total_band_gap: 1.502699999999999
dos_total_cbm: 5.0638
dos_total_vbm: 3.5611
dos_total_efermi: 3.56713039
bs_setyawan_curtarolo_task_id: mp-1609058
bs_setyawan_curtarolo_band_gap: 1.558699999999999
bs_setyawan_curtarolo_cbm: {'band_index': {'1': [84, 85]}, 'kpoint_index': [103], 'kpoint': <pymatgen.electronic_structure.bandstructure.Kpoint object at 0x7fc699d63930>, 'energy': 5.0794, 'projections': {'1': [[0.0023, 0.0022, 0.0001, 0.0001, 0.0035, 0.0001, 0.0002, 0.0034000000000000002, 0.0054, 0.0021000000000000003, 0.0037, 0.0001, 0.0051, 0.0001, 0.0, 0.0014, 0.0006000000000000001, 0.0011, 0.0036000000000000003, 0.0, 0.0, 0.002], [0.0006000000000000001, 0.0006000000000000001, 0.0001, 0.0001, 0.0013000000000000002, 0.0, 0.0, 0.0012000000000000001, 0.0001, 0.0, 0.0035, 0.0001, 0.0, 0.0007, 0.0007, 0.0043, 0.0, 0.0043, 0.0036000000000000003, 0.0002, 0.0002, 0.0], [0.0001, 0.0001, 0.0, 0.0, 0.0001, 0.0016, 0.0015, 0.0001, 0.0005, 0.0109, 0.0001, 0.0, 0.0007, 0.0007, 0.0004, 0.0016, 0.0, 0.0018000000000000002, 0.0001, 0.0004, 0.0, 0.0105], [0.0, 0.0, 0.0001, 0.0001, 0.0022, 0.0002, 0.0001, 0.0022, 0.0005, 0.004200000000000001, 0.0039000000000000003, 0.001, 0.0004, 0.0009000000000000001, 0.0012000000000000001, 0.0019, 0.0, 0.0018000000000000002, 0.0037, 0.0009000000000000001, 0.0008, 0.0045000000000000005], [0.0906, 0.0869, 0.0066, 0.010400000000000001, 0.0, 0.0, 0.0, 0.0, 0.0, 0.0, 0.0, 0.0, 0.0, 0.0, 0.0, 0.0, 0.0, 0.0, 0.0, 0.0, 0.0, 0.0], [0.068, 0.0666, 0.001, 0.0024000000000000002, 0.0, 0.0, 0.0, 0.0, 0.0, 0.0, 0.0, 0.0, 0.0, 0.0, 0.0, 0.0, 0.0, 0.0, 0.0, 0.0, 0.0, 0.0], [0.1292, 0.12510000000000002, 0.005, 0.0091, 0.0, 0.0, 0.0, 0.0, 0.0, 0.0, 0.0, 0.0, 0.0, 0.0, 0.0, 0.0, 0.0, 0.0, 0.0, 0.0, 0.0, 0.0], [0.0166, 0.015600000000000001, 0.0032, 0.004200000000000001, 0.0, 0.0, 0.0, 0.0, 0.0, 0.0, 0.0, 0.0, 0.0, 0.0, 0.0, 0.0, 0.0, 0.0, 0.0, 0.0, 0.0, 0.0], [0.08270000000000001, 0.0799, 0.0037, 0.0064, 0.0, 0.0, 0.0, 0.0, 0.0, 0.0, 0.0, 0.0, 0.0, 0.0, 0.0, 0.0, 0.0, 0.0, 0.0, 0.0, 0.0, 0.0]]}}
bs_setyawan_curtarolo_vbm: {'band_index': {'1': [83]}, 'kpoint_index': ['69'], 'kpoint': <pymatgen.electronic_structure.bandstructure.Kpoint object at 0x7fc5d4b59e80>, 'energy': 3.5207, 'projections': {'1': [[0.0018000000000000002, 0.0018000000000000002, 0.0018000000000000002, 0.0019, 0.0001, 0.0001, 0.0001, 0.0001, 0.0007, 0.0006000000000000001, 0.0005, 0.0005, 0.0007, 0.0006000000000000001, 0.0006000000000000001, 0.0007, 0.0, 0.0007, 0.0005, 0.0, 0.0005, 0.0006000000000000001], [0.0002, 0.0002, 0.0002, 0.0002, 0.0001, 0.0001, 0.0001, 0.0001, 0.0094, 0.0024000000000000002, 0.033100000000000004, 0.033100000000000004, 0.0094, 0.0024000000000000002, 0.0024000000000000002, 0.0094, 0.00030000000000000003, 0.0094, 0.033100000000000004, 0.00030000000000000003, 0.033100000000000004, 0.0024000000000000002], [0.0002, 0.0002, 0.0002, 0.0002, 0.0, 0.0, 0.0, 0.0, 0.0008, 0.035300000000000005, 0.0001, 0.0001, 0.0008, 0.035300000000000005, 0.035300000000000005, 0.0008, 0.0027, 0.0008, 0.0001, 0.0027, 0.0001, 0.035300000000000005], [0.0001, 0.0001, 0.0001, 0.0001, 0.0004, 0.0004, 0.0004, 0.0004, 0.00030000000000000003, 0.0183, 0.0054, 0.0054, 0.00030000000000000003, 0.0183, 0.0183, 0.00030000000000000003, 0.00030000000000000003, 0.00030000000000000003, 0.0054, 0.00030000000000000003, 0.0054, 0.0183], [0.033100000000000004, 0.033100000000000004, 0.033100000000000004, 0.033100000000000004, 0.0, 0.0, 0.0, 0.0, 0.0, 0.0, 0.0, 0.0, 0.0, 0.0, 0.0, 0.0, 0.0, 0.0, 0.0, 0.0, 0.0, 0.0], [0.0443, 0.0443, 0.0443, 0.0443, 0.0, 0.0, 0.0, 0.0, 0.0, 0.0, 0.0, 0.0, 0.0, 0.0, 0.0, 0.0, 0.0, 0.0, 0.0, 0.0, 0.0, 0.0], [0.0095, 0.0095, 0.0095, 0.0095, 0.0, 0.0, 0.0, 0.0, 0.0, 0.0, 0.0, 0.0, 0.0, 0.0, 0.0, 0.0, 0.0, 0.0, 0.0, 0.0, 0.0, 0.0], [0.0187, 0.0187, 0.0187, 0.0187, 0.0, 0.0, 0.0, 0.0, 0.0, 0.0, 0.0, 0.0, 0.0, 0.0, 0.0, 0.0, 0.0, 0.0, 0.0, 0.0, 0.0, 0.0], [0.0038, 0.0038, 0.0038, 0.0038, 0.0, 0.0, 0.0, 0.0, 0.0, 0.0, 0.0, 0.0, 0.0, 0.0, 0.0, 0.0, 0.0, 0.0, 0.0, 0.0, 0.0, 0.0]]}}
bs_setyawan_curtarolo_efermi: 3.63279128
bs_latimer_munro_task_id: mp-2435743
bs_latimer_munro_band_gap: 1.5437999999999992
bs_latimer_munro_cbm: {'band_index': {'1': [84, 85]}, 'kpoint_index': [31, 32, 51, 170, 171, 190, 206], 'kpoint': <pymatgen.electronic_structure.bandstructure.Kpoint object at 0x7fc5d4b5a200>, 'energy': 5.0794, 'projections': {'1': [[0.0019, 0.0018000000000000002, 0.0004, 0.0006000000000000001, 0.0033, 0.00030000000000000003, 0.0013000000000000002, 0.0023, 0.006200000000000001, 0.0019, 0.0033, 0.001, 0.0028, 0.0006000000000000001, 0.0002, 0.0037, 0.0005, 0.00030000000000000003, 0.0027, 0.0001, 0.0004, 0.0015], [0.0006000000000000001, 0.0004, 0.0, 0.00030000000000000003, 0.001, 0.0002, 0.0002, 0.001, 0.0011, 0.00030000000000000003, 0.0024000000000000002, 0.00030000000000000003, 0.0006000000000000001, 0.0007, 0.0004, 0.0037, 0.0, 0.0032, 0.0034000000000000002, 0.0002, 0.0013000000000000002, 0.0001], [0.0001, 0.0001, 0.0001, 0.0, 0.0001, 0.0015, 0.001, 0.0006000000000000001, 0.0001, 0.010400000000000001, 0.0001, 0.0001, 0.0015, 0.0041, 0.0009000000000000001, 0.0008, 0.0001, 0.0022, 0.0, 0.00030000000000000003, 0.0, 0.007200000000000001], [0.0, 0.0, 0.0, 0.0001, 0.0014, 0.0009000000000000001, 0.0002, 0.0022, 0.0014, 0.0023, 0.0045000000000000005, 0.0027, 0.0001, 0.00030000000000000003, 0.003, 0.0022, 0.0002, 0.001, 0.002, 0.0007, 0.0002, 0.0051], [0.0917, 0.055400000000000005, 0.0056, 0.0419, 0.0, 0.0, 0.0, 0.0, 0.0, 0.0, 0.0, 0.0, 0.0, 0.0, 0.0, 0.0, 0.0, 0.0, 0.0, 0.0, 0.0, 0.0], [0.061700000000000005, 0.048, 0.0073, 0.021, 0.0, 0.0, 0.0, 0.0, 0.0, 0.0, 0.0, 0.0, 0.0, 0.0, 0.0, 0.0, 0.0, 0.0, 0.0, 0.0, 0.0, 0.0], [0.1241, 0.0847, 0.0102, 0.049600000000000005, 0.0, 0.0, 0.0, 0.0, 0.0, 0.0, 0.0, 0.0, 0.0, 0.0, 0.0, 0.0, 0.0, 0.0, 0.0, 0.0, 0.0, 0.0], [0.0188, 0.0086, 0.0009000000000000001, 0.0111, 0.0, 0.0, 0.0, 0.0, 0.0, 0.0, 0.0, 0.0, 0.0, 0.0, 0.0, 0.0, 0.0, 0.0, 0.0, 0.0, 0.0, 0.0], [0.08020000000000001, 0.053500000000000006, 0.006200000000000001, 0.0329, 0.0, 0.0, 0.0, 0.0, 0.0, 0.0, 0.0, 0.0, 0.0, 0.0, 0.0, 0.0, 0.0, 0.0, 0.0, 0.0, 0.0, 0.0]]}}
bs_latimer_munro_vbm: {'band_index': {'1': [83]}, 'kpoint_index': ['299'], 'kpoint': <pymatgen.electronic_structure.bandstructure.Kpoint object at 0x7fc5d4b5a190>, 'energy': 3.5356, 'projections': {'1': [[0.0017000000000000001, 0.0017000000000000001, 0.0018000000000000002, 0.0017000000000000001, 0.0, 0.0, 0.0, 0.0, 0.0007, 0.0002, 0.0004, 0.0004, 0.0007, 0.0002, 0.0002, 0.0007, 0.0, 0.0007, 0.0004, 0.0, 0.0004, 0.0002], [0.00030000000000000003, 0.00030000000000000003, 0.00030000000000000003, 0.00030000000000000003, 0.0001, 0.0001, 0.0001, 0.0001, 0.008400000000000001, 0.0014, 0.027700000000000002, 0.027700000000000002, 0.008400000000000001, 0.0014, 0.0014, 0.008400000000000001, 0.0008, 0.008400000000000001, 0.027700000000000002, 0.0008, 0.027700000000000002, 0.0014], [0.0002, 0.0002, 0.0002, 0.0002, 0.0002, 0.0002, 0.0002, 0.0002, 0.0002, 0.0386, 0.0024000000000000002, 0.0024000000000000002, 0.0002, 0.0386, 0.0386, 0.0002, 0.0029000000000000002, 0.0002, 0.0024000000000000002, 0.0029000000000000002, 0.0024000000000000002, 0.0386], [0.0, 0.0, 0.0, 0.0, 0.0004, 0.0004, 0.0004, 0.0004, 0.0008, 0.020800000000000003, 0.007200000000000001, 0.007200000000000001, 0.0008, 0.020800000000000003, 0.020800000000000003, 0.0008, 0.001, 0.0008, 0.007200000000000001, 0.001, 0.007200000000000001, 0.020800000000000003], [0.029900000000000003, 0.029900000000000003, 0.029900000000000003, 0.029900000000000003, 0.0, 0.0, 0.0, 0.0, 0.0, 0.0, 0.0, 0.0, 0.0, 0.0, 0.0, 0.0, 0.0, 0.0, 0.0, 0.0, 0.0, 0.0], [0.0458, 0.0458, 0.0458, 0.0458, 0.0, 0.0, 0.0, 0.0, 0.0, 0.0, 0.0, 0.0, 0.0, 0.0, 0.0, 0.0, 0.0, 0.0, 0.0, 0.0, 0.0, 0.0], [0.0071, 0.0071, 0.0071, 0.0071, 0.0, 0.0, 0.0, 0.0, 0.0, 0.0, 0.0, 0.0, 0.0, 0.0, 0.0, 0.0, 0.0, 0.0, 0.0, 0.0, 0.0, 0.0], [0.018600000000000002, 0.018600000000000002, 0.018600000000000002, 0.018600000000000002, 0.0, 0.0, 0.0, 0.0, 0.0, 0.0, 0.0, 0.0, 0.0, 0.0, 0.0, 0.0, 0.0, 0.0, 0.0, 0.0, 0.0, 0.0], [0.0039000000000000003, 0.0039000000000000003, 0.0039000000000000003, 0.0039000000000000003, 0.0, 0.0, 0.0, 0.0, 0.0, 0.0, 0.0, 0.0, 0.0, 0.0, 0.0, 0.0, 0.0, 0.0, 0.0, 0.0, 0.0, 0.0]]}}
bs_latimer_munro_efermi: 3.65314098