material_id: mp-632694
band_gap: 1.0897000000000001
efermi: 3.97327589
dos_magnetic_ordering: FM
dos_total_task_id: mp-1730222
dos_total_band_gap: 1.0877
dos_total_cbm: 4.8196
dos_total_vbm: 3.7319
dos_total_efermi: 3.70280055
bs_setyawan_curtarolo_task_id: mp-1655173
bs_setyawan_curtarolo_band_gap: 1.0897000000000001
bs_setyawan_curtarolo_cbm: {'band_index': {'1': [50], '-1': []}, 'kpoint_index': ['72'], 'kpoint': <pymatgen.electronic_structure.bandstructure.Kpoint object at 0x7fc699d63930>, 'energy': 4.839, 'projections': {'1': [[0.0014, 0.00030000000000000003, 0.0001, 0.0001, 0.0002, 0.0001, 0.0002, 0.0001, 0.0001, 0.0001, 0.0002, 0.0002], [0.0, 0.0, 0.0002, 0.0002, 0.002, 0.0007, 0.0006000000000000001, 0.0018000000000000002, 0.0018000000000000002, 0.0007, 0.002, 0.0006000000000000001], [0.0, 0.0, 0.0, 0.0, 0.0008, 0.0067, 0.0089, 0.0056, 0.0056, 0.0067, 0.0008, 0.0089], [0.0, 0.00030000000000000003, 0.0001, 0.0001, 0.00030000000000000003, 0.0007, 0.009300000000000001, 0.0022, 0.0022, 0.0007, 0.00030000000000000003, 0.009300000000000001], [0.0, 0.0, 0.0438, 0.0438, 0.0, 0.0, 0.0, 0.0, 0.0, 0.0, 0.0, 0.0], [0.0016, 0.061500000000000006, 0.015, 0.015, 0.0, 0.0, 0.0, 0.0, 0.0, 0.0, 0.0, 0.0], [0.0634, 0.2589, 0.0374, 0.0374, 0.0, 0.0, 0.0, 0.0, 0.0, 0.0, 0.0, 0.0], [0.0, 0.0, 0.0216, 0.0216, 0.0, 0.0, 0.0, 0.0, 0.0, 0.0, 0.0, 0.0], [0.0057, 0.07440000000000001, 0.040600000000000004, 0.040600000000000004, 0.0, 0.0, 0.0, 0.0, 0.0, 0.0, 0.0, 0.0]]}}
bs_setyawan_curtarolo_vbm: {'band_index': {'1': [49], '-1': []}, 'kpoint_index': [12, 13, 66], 'kpoint': <pymatgen.electronic_structure.bandstructure.Kpoint object at 0x7fc5d4b59c50>, 'energy': 3.7493, 'projections': {'1': [[0.0, 0.0, 0.0009000000000000001, 0.0009000000000000001, 0.00030000000000000003, 0.00030000000000000003, 0.0, 0.0, 0.0, 0.00030000000000000003, 0.00030000000000000003, 0.0], [0.0041, 0.031900000000000005, 0.0, 0.0, 0.009300000000000001, 0.055400000000000005, 0.0013000000000000002, 0.0024000000000000002, 0.0024000000000000002, 0.055400000000000005, 0.009300000000000001, 0.0013000000000000002], [0.0005, 0.0, 0.0, 0.0, 0.0019, 0.08420000000000001, 0.008700000000000001, 0.010400000000000001, 0.010400000000000001, 0.08420000000000001, 0.0019, 0.008700000000000001], [0.0, 0.0, 0.0, 0.0, 0.0001, 0.0026000000000000003, 0.0103, 0.015, 0.015, 0.0026000000000000003, 0.0001, 0.0103], [0.0005, 0.0005, 0.06860000000000001, 0.06860000000000001, 0.0, 0.0, 0.0, 0.0, 0.0, 0.0, 0.0, 0.0], [0.0, 0.0, 0.0067, 0.0067, 0.0, 0.0, 0.0, 0.0, 0.0, 0.0, 0.0, 0.0], [0.0, 0.0, 0.0976, 0.0976, 0.0, 0.0, 0.0, 0.0, 0.0, 0.0, 0.0, 0.0], [0.0002, 0.0001, 0.054, 0.054, 0.0, 0.0, 0.0, 0.0, 0.0, 0.0, 0.0, 0.0], [0.0, 0.0, 0.008700000000000001, 0.008700000000000001, 0.0, 0.0, 0.0, 0.0, 0.0, 0.0, 0.0, 0.0]]}}
bs_setyawan_curtarolo_efermi: 3.97327589
bs_latimer_munro_task_id: mp-2302326
bs_latimer_munro_band_gap: 1.0897000000000001
bs_latimer_munro_cbm: {'band_index': {'1': [50], '-1': []}, 'kpoint_index': ['59'], 'kpoint': <pymatgen.electronic_structure.bandstructure.Kpoint object at 0x7fc5d4b5a430>, 'energy': 4.839, 'projections': {'1': [[0.0014, 0.00030000000000000003, 0.0001, 0.0001, 0.0002, 0.0001, 0.0002, 0.0001, 0.0001, 0.0001, 0.0002, 0.0002], [0.0, 0.0, 0.0002, 0.0002, 0.002, 0.0007, 0.0006000000000000001, 0.0018000000000000002, 0.0018000000000000002, 0.0007, 0.002, 0.0006000000000000001], [0.0, 0.0, 0.0, 0.0, 0.0008, 0.0067, 0.0089, 0.0055000000000000005, 0.0056, 0.0067, 0.0008, 0.0089], [0.0, 0.00030000000000000003, 0.0001, 0.0001, 0.00030000000000000003, 0.0007, 0.009300000000000001, 0.0022, 0.0022, 0.0007, 0.00030000000000000003, 0.009300000000000001], [0.0, 0.0, 0.0438, 0.0438, 0.0, 0.0, 0.0, 0.0, 0.0, 0.0, 0.0, 0.0], [0.0016, 0.061500000000000006, 0.015, 0.015, 0.0, 0.0, 0.0, 0.0, 0.0, 0.0, 0.0, 0.0], [0.0634, 0.2589, 0.0374, 0.0374, 0.0, 0.0, 0.0, 0.0, 0.0, 0.0, 0.0, 0.0], [0.0, 0.0, 0.0216, 0.0216, 0.0, 0.0, 0.0, 0.0, 0.0, 0.0, 0.0, 0.0], [0.0057, 0.07440000000000001, 0.040600000000000004, 0.040600000000000004, 0.0, 0.0, 0.0, 0.0, 0.0, 0.0, 0.0, 0.0]]}}
bs_latimer_munro_vbm: {'band_index': {'1': [49], '-1': []}, 'kpoint_index': [52, 53, 61], 'kpoint': <pymatgen.electronic_structure.bandstructure.Kpoint object at 0x7fc5d4b5a190>, 'energy': 3.7493, 'projections': {'1': [[0.0, 0.0, 0.0009000000000000001, 0.0009000000000000001, 0.00030000000000000003, 0.00030000000000000003, 0.0, 0.0, 0.0, 0.00030000000000000003, 0.00030000000000000003, 0.0], [0.0041, 0.031900000000000005, 0.0, 0.0, 0.009300000000000001, 0.055400000000000005, 0.0013000000000000002, 0.0024000000000000002, 0.0024000000000000002, 0.055400000000000005, 0.009300000000000001, 0.0013000000000000002], [0.0005, 0.0, 0.0, 0.0, 0.0019, 0.08420000000000001, 0.008700000000000001, 0.010400000000000001, 0.010400000000000001, 0.08420000000000001, 0.0019, 0.008700000000000001], [0.0, 0.0, 0.0, 0.0, 0.0001, 0.0026000000000000003, 0.0103, 0.015, 0.015, 0.0026000000000000003, 0.0001, 0.0103], [0.0005, 0.0005, 0.06860000000000001, 0.06860000000000001, 0.0, 0.0, 0.0, 0.0, 0.0, 0.0, 0.0, 0.0], [0.0, 0.0, 0.0067, 0.0067, 0.0, 0.0, 0.0, 0.0, 0.0, 0.0, 0.0, 0.0], [0.0, 0.0, 0.0976, 0.0976, 0.0, 0.0, 0.0, 0.0, 0.0, 0.0, 0.0, 0.0], [0.0002, 0.0001, 0.054, 0.054, 0.0, 0.0, 0.0, 0.0, 0.0, 0.0, 0.0, 0.0], [0.0, 0.0, 0.008700000000000001, 0.008700000000000001, 0.0, 0.0, 0.0, 0.0, 0.0, 0.0, 0.0, 0.0]]}}
bs_latimer_munro_efermi: 3.840147329999999