material_id: mp-676517
band_gap: 0.21050000000000002
efermi: 8.03832886
dos_magnetic_ordering: FM
dos_total_task_id: mp-1736592
dos_total_band_gap: 0.23800000000000002
dos_total_cbm: 8.1917
dos_total_vbm: 7.9536999999999995
dos_total_efermi: 7.9603019
bs_setyawan_curtarolo_task_id: mp-949066
bs_setyawan_curtarolo_band_gap: 0.21050000000000002
bs_setyawan_curtarolo_cbm: {'band_index': {'1': [61], '-1': []}, 'kpoint_index': [0, 130, 131, 173], 'kpoint': <pymatgen.electronic_structure.bandstructure.Kpoint object at 0x7fc699d63930>, 'energy': 8.1826, 'projections': {'1': [[0.0002, 0.0006000000000000001, 0.0002, 0.0023, 0.0023, 0.0, 0.00030000000000000003, 0.0, 0.0001, 0.0001, 0.00030000000000000003, 0.00030000000000000003, 0.0001, 0.0001, 0.00030000000000000003], [0.0001, 0.0, 0.0001, 0.0001, 0.0001, 0.0, 0.0001, 0.0, 0.0, 0.0, 0.0001, 0.0001, 0.0, 0.0, 0.0001], [0.0, 0.0, 0.0, 0.0013000000000000002, 0.0013000000000000002, 0.0, 0.0019, 0.0, 0.0008, 0.0008, 0.0019, 0.0019, 0.0008, 0.0008, 0.0019], [0.0, 0.0, 0.0, 0.0, 0.0, 0.0013000000000000002, 0.00030000000000000003, 0.0013000000000000002, 0.001, 0.001, 0.00030000000000000003, 0.00030000000000000003, 0.001, 0.001, 0.00030000000000000003], [0.0, 0.0, 0.0, 0.0, 0.0, 0.0, 0.0, 0.0, 0.0, 0.0, 0.0, 0.0, 0.0, 0.0, 0.0], [0.0007, 0.0009000000000000001, 0.0007, 0.0002, 0.0002, 0.0, 0.0, 0.0, 0.0, 0.0, 0.0, 0.0, 0.0, 0.0, 0.0], [0.0, 0.0004, 0.0, 0.00030000000000000003, 0.00030000000000000003, 0.0, 0.0, 0.0, 0.0, 0.0, 0.0, 0.0, 0.0, 0.0, 0.0], [0.0, 0.0, 0.0, 0.0, 0.0, 0.0, 0.0, 0.0, 0.0, 0.0, 0.0, 0.0, 0.0, 0.0, 0.0], [0.00030000000000000003, 0.0053, 0.00030000000000000003, 0.00030000000000000003, 0.00030000000000000003, 0.0, 0.0, 0.0, 0.0, 0.0, 0.0, 0.0, 0.0, 0.0, 0.0], [0.0017000000000000001, 0.0, 0.0017000000000000001, 0.0, 0.0, 0.0, 0.0, 0.0, 0.0, 0.0, 0.0, 0.0, 0.0, 0.0, 0.0], [0.0, 0.0, 0.0, 0.0, 0.0, 0.0, 0.0, 0.0, 0.0, 0.0, 0.0, 0.0, 0.0, 0.0, 0.0], [0.00030000000000000003, 0.0, 0.00030000000000000003, 0.08120000000000001, 0.08120000000000001, 0.0, 0.0, 0.0, 0.0, 0.0, 0.0, 0.0, 0.0, 0.0, 0.0], [0.0005, 0.0, 0.0005, 0.19090000000000001, 0.19090000000000001, 0.0, 0.0, 0.0, 0.0, 0.0, 0.0, 0.0, 0.0, 0.0, 0.0], [0.0, 0.0, 0.0, 0.0, 0.0, 0.0, 0.0, 0.0, 0.0, 0.0, 0.0, 0.0, 0.0, 0.0, 0.0], [0.0, 0.0, 0.0, 0.17270000000000002, 0.17270000000000002, 0.0, 0.0, 0.0, 0.0, 0.0, 0.0, 0.0, 0.0, 0.0, 0.0], [0.0, 0.0, 0.0, 0.0, 0.0, 0.0, 0.0, 0.0, 0.0, 0.0, 0.0, 0.0, 0.0, 0.0, 0.0]]}}
bs_setyawan_curtarolo_vbm: {'band_index': {'1': [60], '-1': []}, 'kpoint_index': [151], 'kpoint': <pymatgen.electronic_structure.bandstructure.Kpoint object at 0x7fc5d4b59e80>, 'energy': 7.9721, 'projections': {'1': [[0.0, 0.0001, 0.0, 0.0002, 0.0002, 0.0005, 0.0, 0.0005, 0.0, 0.0, 0.0001, 0.0001, 0.0, 0.0, 0.0], [0.00030000000000000003, 0.0, 0.00030000000000000003, 0.0002, 0.0002, 0.0013000000000000002, 0.0029000000000000002, 0.0013000000000000002, 0.0023, 0.0001, 0.0112, 0.0112, 0.0001, 0.0023, 0.0029000000000000002], [0.0, 0.0, 0.0, 0.0, 0.0, 0.0012000000000000001, 0.0001, 0.0012000000000000001, 0.0001, 0.0, 0.0006000000000000001, 0.0006000000000000001, 0.0, 0.0001, 0.0001], [0.0, 0.0, 0.0, 0.0, 0.0, 0.0018000000000000002, 0.0008, 0.0018000000000000002, 0.0, 0.0001, 0.0001, 0.0001, 0.0001, 0.0, 0.0008], [0.0001, 0.0004, 0.0001, 0.0, 0.0, 0.0, 0.0, 0.0, 0.0, 0.0, 0.0, 0.0, 0.0, 0.0, 0.0], [0.0001, 0.0001, 0.0001, 0.0, 0.0, 0.0, 0.0, 0.0, 0.0, 0.0, 0.0, 0.0, 0.0, 0.0, 0.0], [0.0002, 0.0, 0.0002, 0.0005, 0.0005, 0.0, 0.0, 0.0, 0.0, 0.0, 0.0, 0.0, 0.0, 0.0, 0.0], [0.00030000000000000003, 0.0002, 0.00030000000000000003, 0.0, 0.0, 0.0, 0.0, 0.0, 0.0, 0.0, 0.0, 0.0, 0.0, 0.0, 0.0], [0.0, 0.00030000000000000003, 0.0, 0.0, 0.0, 0.0, 0.0, 0.0, 0.0, 0.0, 0.0, 0.0, 0.0, 0.0, 0.0], [0.0005, 0.0, 0.0005, 0.2662, 0.2662, 0.0, 0.0, 0.0, 0.0, 0.0, 0.0, 0.0, 0.0, 0.0, 0.0], [0.0002, 0.0, 0.0002, 0.0077, 0.0077, 0.0, 0.0, 0.0, 0.0, 0.0, 0.0, 0.0, 0.0, 0.0, 0.0], [0.0, 0.0, 0.0, 0.0906, 0.0906, 0.0, 0.0, 0.0, 0.0, 0.0, 0.0, 0.0, 0.0, 0.0, 0.0], [0.0002, 0.0, 0.0002, 0.0876, 0.0876, 0.0, 0.0, 0.0, 0.0, 0.0, 0.0, 0.0, 0.0, 0.0, 0.0], [0.0002, 0.0, 0.0002, 0.0014, 0.0014, 0.0, 0.0, 0.0, 0.0, 0.0, 0.0, 0.0, 0.0, 0.0, 0.0], [0.00030000000000000003, 0.0, 0.00030000000000000003, 0.0001, 0.0001, 0.0, 0.0, 0.0, 0.0, 0.0, 0.0, 0.0, 0.0, 0.0, 0.0], [0.0006000000000000001, 0.0, 0.0006000000000000001, 0.0002, 0.0002, 0.0, 0.0, 0.0, 0.0, 0.0, 0.0, 0.0, 0.0, 0.0, 0.0]]}}
bs_setyawan_curtarolo_efermi: 8.03832886