material_id: mp-638002
band_gap: 0.23650000000000002
efermi: 5.41196599
dos_magnetic_ordering: FM
dos_total_task_id: mp-1756832
dos_total_band_gap: 0.19690000000000002
dos_total_cbm: 5.5819
dos_total_vbm: 5.385
dos_total_efermi: 5.38905691
bs_setyawan_curtarolo_task_id: mp-1628303
bs_setyawan_curtarolo_band_gap: 0.23650000000000002
bs_setyawan_curtarolo_cbm: {'band_index': {'1': [146], '-1': []}, 'kpoint_index': [205], 'kpoint': <pymatgen.electronic_structure.bandstructure.Kpoint object at 0x7fc699d63930>, 'energy': 5.5994, 'projections': {'1': [[0.00030000000000000003, 0.0002, 0.0001, 0.0, 0.0002, 0.0001, 0.0, 0.0006000000000000001, 0.0002, 0.0004, 0.0006000000000000001, 0.0002, 0.0004, 0.0, 0.0001, 0.0001, 0.0, 0.0001, 0.0001, 0.0, 0.0, 0.00030000000000000003, 0.0, 0.0, 0.00030000000000000003, 0.0, 0.0, 0.0001, 0.0001, 0.0001, 0.0, 0.0001], [0.0, 0.0, 0.0, 0.0001, 0.0, 0.0, 0.0001, 0.0001, 0.0001, 0.0005, 0.0001, 0.0001, 0.0005, 0.0001, 0.0086, 0.002, 0.0032, 0.0086, 0.002, 0.0032, 0.0004, 0.0007, 0.00030000000000000003, 0.0004, 0.0007, 0.00030000000000000003, 0.001, 0.0015, 0.0, 0.0015, 0.001, 0.0], [0.0, 0.0, 0.0, 0.0, 0.0, 0.0, 0.0, 0.0, 0.0, 0.0002, 0.0, 0.0, 0.0002, 0.0, 0.0012000000000000001, 0.0037, 0.0015, 0.0012000000000000001, 0.0037, 0.0015, 0.001, 0.0009000000000000001, 0.0036000000000000003, 0.001, 0.0009000000000000001, 0.0036000000000000003, 0.0, 0.0006000000000000001, 0.003, 0.0006000000000000001, 0.0, 0.003], [0.0, 0.0002, 0.0001, 0.0, 0.0002, 0.0001, 0.0, 0.0004, 0.0, 0.0, 0.0004, 0.0, 0.0, 0.0001, 0.0, 0.0008, 0.0, 0.0, 0.0008, 0.0, 0.0002, 0.0001, 0.0058000000000000005, 0.0002, 0.0001, 0.0058000000000000005, 0.0005, 0.0011, 0.0, 0.0011, 0.0005, 0.0], [0.0001, 0.0118, 0.0, 0.015, 0.0118, 0.0, 0.015, 0.0001, 0.0143, 0.0218, 0.0001, 0.0143, 0.0218, 0.0, 0.0, 0.0, 0.0, 0.0, 0.0, 0.0, 0.0, 0.0, 0.0, 0.0, 0.0, 0.0, 0.0, 0.0, 0.0, 0.0, 0.0, 0.0], [0.0001, 0.0058000000000000005, 0.0, 0.004, 0.0058000000000000005, 0.0, 0.004, 0.0001, 0.0058000000000000005, 0.0002, 0.0001, 0.0058000000000000005, 0.0002, 0.0, 0.0, 0.0, 0.0, 0.0, 0.0, 0.0, 0.0, 0.0, 0.0, 0.0, 0.0, 0.0, 0.0, 0.0, 0.0, 0.0, 0.0, 0.0], [0.0021000000000000003, 0.0128, 0.0004, 0.011, 0.0128, 0.0004, 0.011, 0.0002, 0.0194, 0.039, 0.0002, 0.0194, 0.039, 0.0, 0.0, 0.0, 0.0, 0.0, 0.0, 0.0, 0.0, 0.0, 0.0, 0.0, 0.0, 0.0, 0.0, 0.0, 0.0, 0.0, 0.0, 0.0], [0.0007, 0.012, 0.0004, 0.0257, 0.012, 0.0004, 0.0257, 0.0057, 0.010100000000000001, 0.0572, 0.0057, 0.010100000000000001, 0.0572, 0.0, 0.0, 0.0, 0.0, 0.0, 0.0, 0.0, 0.0, 0.0, 0.0, 0.0, 0.0, 0.0, 0.0, 0.0, 0.0, 0.0, 0.0, 0.0], [0.0004, 0.001, 0.004200000000000001, 0.033100000000000004, 0.001, 0.004200000000000001, 0.033100000000000004, 0.0022, 0.0, 0.0859, 0.0022, 0.0, 0.0859, 0.0, 0.0, 0.0, 0.0, 0.0, 0.0, 0.0, 0.0, 0.0, 0.0, 0.0, 0.0, 0.0, 0.0, 0.0, 0.0, 0.0, 0.0, 0.0]]}}
bs_setyawan_curtarolo_vbm: {'band_index': {'1': [145], '-1': []}, 'kpoint_index': [48, 49, 153, 154, 276, 277, 375], 'kpoint': <pymatgen.electronic_structure.bandstructure.Kpoint object at 0x7fc5d4b59e80>, 'energy': 5.3629, 'projections': {'1': [[0.0006000000000000001, 0.0008, 0.0005, 0.001, 0.0008, 0.0005, 0.001, 0.0001, 0.0, 0.0002, 0.0001, 0.0, 0.0002, 0.0009000000000000001, 0.0, 0.0001, 0.0001, 0.0, 0.0001, 0.0001, 0.0, 0.0, 0.0001, 0.0, 0.0, 0.0001, 0.0, 0.0, 0.0, 0.0, 0.0, 0.0], [0.0, 0.0, 0.0, 0.0, 0.0, 0.0, 0.0, 0.0, 0.0001, 0.0001, 0.0, 0.0001, 0.0001, 0.0, 0.0026000000000000003, 0.0, 0.0, 0.0026000000000000003, 0.0, 0.0, 0.0, 0.0006000000000000001, 0.0001, 0.0, 0.0006000000000000001, 0.0001, 0.0, 0.0059, 0.0061, 0.0059, 0.0, 0.0061], [0.0, 0.0, 0.0, 0.0, 0.0, 0.0, 0.0, 0.0, 0.0, 0.0002, 0.0, 0.0, 0.0002, 0.0, 0.0001, 0.0001, 0.0027, 0.0001, 0.0001, 0.0027, 0.0001, 0.0001, 0.00030000000000000003, 0.0001, 0.0001, 0.00030000000000000003, 0.0067, 0.0026000000000000003, 0.0066, 0.0026000000000000003, 0.0067, 0.0066], [0.0, 0.0, 0.0, 0.0, 0.0, 0.0, 0.0, 0.0, 0.0001, 0.0, 0.0, 0.0001, 0.0, 0.0, 0.0033, 0.0018000000000000002, 0.0007, 0.0033, 0.0018000000000000002, 0.0007, 0.0001, 0.0, 0.0, 0.0001, 0.0, 0.0, 0.0058000000000000005, 0.007500000000000001, 0.0089, 0.007500000000000001, 0.0058000000000000005, 0.0089], [0.0001, 0.0053, 0.0073, 0.0001, 0.0053, 0.0073, 0.0001, 0.0049, 0.0002, 0.0002, 0.0049, 0.0002, 0.0002, 0.0056, 0.0, 0.0, 0.0, 0.0, 0.0, 0.0, 0.0, 0.0, 0.0, 0.0, 0.0, 0.0, 0.0, 0.0, 0.0, 0.0, 0.0, 0.0], [0.0001, 0.0011, 0.011300000000000001, 0.0025, 0.0011, 0.011300000000000001, 0.0025, 0.0027, 0.00030000000000000003, 0.0, 0.0027, 0.00030000000000000003, 0.0, 0.0129, 0.0, 0.0, 0.0, 0.0, 0.0, 0.0, 0.0, 0.0, 0.0, 0.0, 0.0, 0.0, 0.0, 0.0, 0.0, 0.0, 0.0, 0.0], [0.0001, 0.042800000000000005, 0.0213, 0.0016, 0.042800000000000005, 0.0213, 0.0016, 0.0002, 0.0001, 0.0005, 0.0002, 0.0001, 0.0005, 0.1572, 0.0, 0.0, 0.0, 0.0, 0.0, 0.0, 0.0, 0.0, 0.0, 0.0, 0.0, 0.0, 0.0, 0.0, 0.0, 0.0, 0.0, 0.0], [0.0, 0.0105, 0.004200000000000001, 0.0001, 0.0105, 0.004200000000000001, 0.0001, 0.0, 0.0009000000000000001, 0.0, 0.0, 0.0009000000000000001, 0.0, 0.0001, 0.0, 0.0, 0.0, 0.0, 0.0, 0.0, 0.0, 0.0, 0.0, 0.0, 0.0, 0.0, 0.0, 0.0, 0.0, 0.0, 0.0, 0.0], [0.0001, 0.0005, 0.0068000000000000005, 0.0, 0.0005, 0.0068000000000000005, 0.0, 0.0016, 0.0054, 0.005200000000000001, 0.0016, 0.0054, 0.005200000000000001, 0.3507, 0.0, 0.0, 0.0, 0.0, 0.0, 0.0, 0.0, 0.0, 0.0, 0.0, 0.0, 0.0, 0.0, 0.0, 0.0, 0.0, 0.0, 0.0]]}}
bs_setyawan_curtarolo_efermi: 5.41196599
bs_hinuma_task_id: mp-2117060
bs_hinuma_band_gap: 0.23650000000000002
bs_hinuma_cbm: {'band_index': {'1': [146], '-1': []}, 'kpoint_index': [351], 'kpoint': <pymatgen.electronic_structure.bandstructure.Kpoint object at 0x7fc5d4b59be0>, 'energy': 5.5994, 'projections': {'1': [[0.00030000000000000003, 0.0002, 0.0001, 0.0, 0.0002, 0.0001, 0.0, 0.0006000000000000001, 0.0002, 0.0004, 0.0006000000000000001, 0.0002, 0.0004, 0.0, 0.0001, 0.0001, 0.0, 0.0001, 0.0001, 0.0, 0.0, 0.00030000000000000003, 0.0, 0.0, 0.00030000000000000003, 0.0, 0.0, 0.0001, 0.0001, 0.0001, 0.0, 0.0001], [0.0, 0.0, 0.0, 0.0001, 0.0, 0.0, 0.0001, 0.0001, 0.0001, 0.0005, 0.0001, 0.0001, 0.0005, 0.0001, 0.0086, 0.002, 0.0032, 0.0086, 0.002, 0.0032, 0.0004, 0.0007, 0.00030000000000000003, 0.0004, 0.0007, 0.00030000000000000003, 0.001, 0.0015, 0.0, 0.0015, 0.001, 0.0], [0.0, 0.0, 0.0, 0.0, 0.0, 0.0, 0.0, 0.0, 0.0, 0.0002, 0.0, 0.0, 0.0002, 0.0, 0.0012000000000000001, 0.0037, 0.0015, 0.0012000000000000001, 0.0037, 0.0015, 0.001, 0.0009000000000000001, 0.0036000000000000003, 0.001, 0.0009000000000000001, 0.0036000000000000003, 0.0, 0.0006000000000000001, 0.003, 0.0006000000000000001, 0.0, 0.003], [0.0, 0.0002, 0.0001, 0.0, 0.0002, 0.0001, 0.0, 0.0004, 0.0, 0.0, 0.0004, 0.0, 0.0, 0.0001, 0.0, 0.0008, 0.0, 0.0, 0.0008, 0.0, 0.0002, 0.0001, 0.0058000000000000005, 0.0002, 0.0001, 0.0058000000000000005, 0.0005, 0.0011, 0.0, 0.0011, 0.0005, 0.0], [0.0001, 0.0118, 0.0, 0.015, 0.0118, 0.0, 0.015, 0.0001, 0.0143, 0.0218, 0.0001, 0.0143, 0.0218, 0.0, 0.0, 0.0, 0.0, 0.0, 0.0, 0.0, 0.0, 0.0, 0.0, 0.0, 0.0, 0.0, 0.0, 0.0, 0.0, 0.0, 0.0, 0.0], [0.0001, 0.0058000000000000005, 0.0, 0.004, 0.0058000000000000005, 0.0, 0.004, 0.0001, 0.0058000000000000005, 0.0002, 0.0001, 0.0058000000000000005, 0.0002, 0.0, 0.0, 0.0, 0.0, 0.0, 0.0, 0.0, 0.0, 0.0, 0.0, 0.0, 0.0, 0.0, 0.0, 0.0, 0.0, 0.0, 0.0, 0.0], [0.0021000000000000003, 0.0128, 0.0004, 0.011, 0.0128, 0.0004, 0.011, 0.0002, 0.0194, 0.039, 0.0002, 0.0194, 0.039, 0.0, 0.0, 0.0, 0.0, 0.0, 0.0, 0.0, 0.0, 0.0, 0.0, 0.0, 0.0, 0.0, 0.0, 0.0, 0.0, 0.0, 0.0, 0.0], [0.0007, 0.012, 0.0004, 0.0257, 0.012, 0.0004, 0.0257, 0.0057, 0.010100000000000001, 0.0572, 0.0057, 0.010100000000000001, 0.0572, 0.0, 0.0, 0.0, 0.0, 0.0, 0.0, 0.0, 0.0, 0.0, 0.0, 0.0, 0.0, 0.0, 0.0, 0.0, 0.0, 0.0, 0.0, 0.0], [0.0004, 0.001, 0.004200000000000001, 0.033100000000000004, 0.001, 0.004200000000000001, 0.033100000000000004, 0.0022, 0.0, 0.0859, 0.0022, 0.0, 0.0859, 0.0, 0.0, 0.0, 0.0, 0.0, 0.0, 0.0, 0.0, 0.0, 0.0, 0.0, 0.0, 0.0, 0.0, 0.0, 0.0, 0.0, 0.0, 0.0]]}}
bs_hinuma_vbm: {'band_index': {'1': [145], '-1': []}, 'kpoint_index': [0, 100, 101, 267, 268, 436, 437], 'kpoint': <pymatgen.electronic_structure.bandstructure.Kpoint object at 0x7fc5d4b5a200>, 'energy': 5.3629, 'projections': {'1': [[0.0006000000000000001, 0.0008, 0.0005, 0.001, 0.0008, 0.0005, 0.001, 0.0001, 0.0, 0.0002, 0.0001, 0.0, 0.0002, 0.0009000000000000001, 0.0, 0.0001, 0.0001, 0.0, 0.0001, 0.0001, 0.0, 0.0, 0.0001, 0.0, 0.0, 0.0001, 0.0, 0.0, 0.0, 0.0, 0.0, 0.0], [0.0, 0.0, 0.0, 0.0, 0.0, 0.0, 0.0, 0.0, 0.0001, 0.0001, 0.0, 0.0001, 0.0001, 0.0, 0.0026000000000000003, 0.0, 0.0, 0.0026000000000000003, 0.0, 0.0, 0.0, 0.0006000000000000001, 0.0001, 0.0, 0.0006000000000000001, 0.0001, 0.0, 0.0059, 0.0061, 0.0059, 0.0, 0.0061], [0.0, 0.0, 0.0, 0.0, 0.0, 0.0, 0.0, 0.0, 0.0, 0.0002, 0.0, 0.0, 0.0002, 0.0, 0.0001, 0.0001, 0.0027, 0.0001, 0.0001, 0.0027, 0.0001, 0.0001, 0.00030000000000000003, 0.0001, 0.0001, 0.00030000000000000003, 0.0067, 0.0026000000000000003, 0.0066, 0.0026000000000000003, 0.0067, 0.0066], [0.0, 0.0, 0.0, 0.0, 0.0, 0.0, 0.0, 0.0, 0.0001, 0.0, 0.0, 0.0001, 0.0, 0.0, 0.0033, 0.0018000000000000002, 0.0007, 0.0033, 0.0018000000000000002, 0.0007, 0.0001, 0.0, 0.0, 0.0001, 0.0, 0.0, 0.0058000000000000005, 0.007500000000000001, 0.0089, 0.007500000000000001, 0.0058000000000000005, 0.0089], [0.0001, 0.0053, 0.0073, 0.0001, 0.0053, 0.0073, 0.0001, 0.0049, 0.0002, 0.0002, 0.0049, 0.0002, 0.0002, 0.0056, 0.0, 0.0, 0.0, 0.0, 0.0, 0.0, 0.0, 0.0, 0.0, 0.0, 0.0, 0.0, 0.0, 0.0, 0.0, 0.0, 0.0, 0.0], [0.0001, 0.0011, 0.011300000000000001, 0.0025, 0.0011, 0.011300000000000001, 0.0025, 0.0027, 0.00030000000000000003, 0.0, 0.0027, 0.00030000000000000003, 0.0, 0.0129, 0.0, 0.0, 0.0, 0.0, 0.0, 0.0, 0.0, 0.0, 0.0, 0.0, 0.0, 0.0, 0.0, 0.0, 0.0, 0.0, 0.0, 0.0], [0.0001, 0.042800000000000005, 0.0213, 0.0016, 0.042800000000000005, 0.0213, 0.0016, 0.0002, 0.0001, 0.0005, 0.0002, 0.0001, 0.0005, 0.1572, 0.0, 0.0, 0.0, 0.0, 0.0, 0.0, 0.0, 0.0, 0.0, 0.0, 0.0, 0.0, 0.0, 0.0, 0.0, 0.0, 0.0, 0.0], [0.0, 0.0105, 0.004200000000000001, 0.0001, 0.0105, 0.004200000000000001, 0.0001, 0.0, 0.0009000000000000001, 0.0, 0.0, 0.0009000000000000001, 0.0, 0.0001, 0.0, 0.0, 0.0, 0.0, 0.0, 0.0, 0.0, 0.0, 0.0, 0.0, 0.0, 0.0, 0.0, 0.0, 0.0, 0.0, 0.0, 0.0], [0.0001, 0.0005, 0.0068000000000000005, 0.0, 0.0005, 0.0068000000000000005, 0.0, 0.0016, 0.0054, 0.005200000000000001, 0.0016, 0.0054, 0.005200000000000001, 0.3507, 0.0, 0.0, 0.0, 0.0, 0.0, 0.0, 0.0, 0.0, 0.0, 0.0, 0.0, 0.0, 0.0, 0.0, 0.0, 0.0, 0.0, 0.0]]}}
bs_hinuma_efermi: 5.40817975
bs_latimer_munro_task_id: mp-2311839
bs_latimer_munro_band_gap: 0.23650000000000002
bs_latimer_munro_cbm: {'band_index': {'1': [146], '-1': []}, 'kpoint_index': [251], 'kpoint': <pymatgen.electronic_structure.bandstructure.Kpoint object at 0x7fc5d4b5a430>, 'energy': 5.5994, 'projections': {'1': [[0.00030000000000000003, 0.0002, 0.0001, 0.0, 0.0002, 0.0001, 0.0, 0.0006000000000000001, 0.0002, 0.0004, 0.0006000000000000001, 0.0002, 0.0004, 0.0, 0.0001, 0.0001, 0.0, 0.0001, 0.0001, 0.0, 0.0, 0.00030000000000000003, 0.0, 0.0, 0.00030000000000000003, 0.0, 0.0, 0.0001, 0.0001, 0.0001, 0.0, 0.0001], [0.0, 0.0, 0.0, 0.0001, 0.0, 0.0, 0.0001, 0.0001, 0.0001, 0.0005, 0.0001, 0.0001, 0.0005, 0.0001, 0.0086, 0.002, 0.0032, 0.0086, 0.002, 0.0032, 0.0004, 0.0007, 0.00030000000000000003, 0.0004, 0.0007, 0.00030000000000000003, 0.001, 0.0015, 0.0, 0.0015, 0.001, 0.0], [0.0, 0.0, 0.0, 0.0, 0.0, 0.0, 0.0, 0.0, 0.0, 0.0002, 0.0, 0.0, 0.0002, 0.0, 0.0012000000000000001, 0.0037, 0.0015, 0.0012000000000000001, 0.0037, 0.0015, 0.001, 0.0009000000000000001, 0.0036000000000000003, 0.001, 0.0009000000000000001, 0.0036000000000000003, 0.0, 0.0006000000000000001, 0.003, 0.0006000000000000001, 0.0, 0.003], [0.0, 0.0002, 0.0001, 0.0, 0.0002, 0.0001, 0.0, 0.0004, 0.0, 0.0, 0.0004, 0.0, 0.0, 0.0001, 0.0, 0.0008, 0.0, 0.0, 0.0008, 0.0, 0.0002, 0.0001, 0.0058000000000000005, 0.0002, 0.0001, 0.0058000000000000005, 0.0005, 0.0011, 0.0, 0.0011, 0.0005, 0.0], [0.0001, 0.0118, 0.0, 0.015, 0.0118, 0.0, 0.015, 0.0001, 0.0143, 0.0218, 0.0001, 0.0143, 0.0218, 0.0, 0.0, 0.0, 0.0, 0.0, 0.0, 0.0, 0.0, 0.0, 0.0, 0.0, 0.0, 0.0, 0.0, 0.0, 0.0, 0.0, 0.0, 0.0], [0.0001, 0.0058000000000000005, 0.0, 0.004, 0.0058000000000000005, 0.0, 0.004, 0.0001, 0.0058000000000000005, 0.0002, 0.0001, 0.0058000000000000005, 0.0002, 0.0, 0.0, 0.0, 0.0, 0.0, 0.0, 0.0, 0.0, 0.0, 0.0, 0.0, 0.0, 0.0, 0.0, 0.0, 0.0, 0.0, 0.0, 0.0], [0.0021000000000000003, 0.0128, 0.0004, 0.011, 0.0128, 0.0004, 0.011, 0.0002, 0.0194, 0.039, 0.0002, 0.0194, 0.039, 0.0, 0.0, 0.0, 0.0, 0.0, 0.0, 0.0, 0.0, 0.0, 0.0, 0.0, 0.0, 0.0, 0.0, 0.0, 0.0, 0.0, 0.0, 0.0], [0.0007, 0.012, 0.0004, 0.0257, 0.012, 0.0004, 0.0257, 0.0057, 0.010100000000000001, 0.0572, 0.0057, 0.010100000000000001, 0.0572, 0.0, 0.0, 0.0, 0.0, 0.0, 0.0, 0.0, 0.0, 0.0, 0.0, 0.0, 0.0, 0.0, 0.0, 0.0, 0.0, 0.0, 0.0, 0.0], [0.0004, 0.001, 0.004200000000000001, 0.033100000000000004, 0.001, 0.004200000000000001, 0.033100000000000004, 0.0022, 0.0, 0.0859, 0.0022, 0.0, 0.0859, 0.0, 0.0, 0.0, 0.0, 0.0, 0.0, 0.0, 0.0, 0.0, 0.0, 0.0, 0.0, 0.0, 0.0, 0.0, 0.0, 0.0, 0.0, 0.0]]}}
bs_latimer_munro_vbm: {'band_index': {'1': [145], '-1': []}, 'kpoint_index': [49, 50, 99, 148, 200, 252, 323], 'kpoint': <pymatgen.electronic_structure.bandstructure.Kpoint object at 0x7fc5d4b5a350>, 'energy': 5.3629, 'projections': {'1': [[0.0006000000000000001, 0.0008, 0.0005, 0.001, 0.0008, 0.0005, 0.001, 0.0001, 0.0, 0.0002, 0.0001, 0.0, 0.0002, 0.0009000000000000001, 0.0, 0.0001, 0.0001, 0.0, 0.0001, 0.0001, 0.0, 0.0, 0.0001, 0.0, 0.0, 0.0001, 0.0, 0.0, 0.0, 0.0, 0.0, 0.0], [0.0, 0.0, 0.0, 0.0, 0.0, 0.0, 0.0, 0.0, 0.0001, 0.0001, 0.0, 0.0001, 0.0001, 0.0, 0.0026000000000000003, 0.0, 0.0, 0.0026000000000000003, 0.0, 0.0, 0.0, 0.0006000000000000001, 0.0001, 0.0, 0.0006000000000000001, 0.0001, 0.0, 0.0059, 0.0061, 0.0059, 0.0, 0.0061], [0.0, 0.0, 0.0, 0.0, 0.0, 0.0, 0.0, 0.0, 0.0, 0.0002, 0.0, 0.0, 0.0002, 0.0, 0.0001, 0.0001, 0.0027, 0.0001, 0.0001, 0.0027, 0.0001, 0.0001, 0.00030000000000000003, 0.0001, 0.0001, 0.00030000000000000003, 0.0067, 0.0026000000000000003, 0.0066, 0.0026000000000000003, 0.0067, 0.0066], [0.0, 0.0, 0.0, 0.0, 0.0, 0.0, 0.0, 0.0, 0.0001, 0.0, 0.0, 0.0001, 0.0, 0.0, 0.0033, 0.0018000000000000002, 0.0007, 0.0033, 0.0018000000000000002, 0.0007, 0.0001, 0.0, 0.0, 0.0001, 0.0, 0.0, 0.0058000000000000005, 0.007500000000000001, 0.0089, 0.007500000000000001, 0.0058000000000000005, 0.0089], [0.0001, 0.0053, 0.0073, 0.0001, 0.0053, 0.0073, 0.0001, 0.0049, 0.0002, 0.0002, 0.0049, 0.0002, 0.0002, 0.0056, 0.0, 0.0, 0.0, 0.0, 0.0, 0.0, 0.0, 0.0, 0.0, 0.0, 0.0, 0.0, 0.0, 0.0, 0.0, 0.0, 0.0, 0.0], [0.0001, 0.0011, 0.011300000000000001, 0.0025, 0.0011, 0.011300000000000001, 0.0025, 0.0027, 0.00030000000000000003, 0.0, 0.0027, 0.00030000000000000003, 0.0, 0.0129, 0.0, 0.0, 0.0, 0.0, 0.0, 0.0, 0.0, 0.0, 0.0, 0.0, 0.0, 0.0, 0.0, 0.0, 0.0, 0.0, 0.0, 0.0], [0.0001, 0.042800000000000005, 0.0213, 0.0016, 0.042800000000000005, 0.0213, 0.0016, 0.0002, 0.0001, 0.0005, 0.0002, 0.0001, 0.0005, 0.1572, 0.0, 0.0, 0.0, 0.0, 0.0, 0.0, 0.0, 0.0, 0.0, 0.0, 0.0, 0.0, 0.0, 0.0, 0.0, 0.0, 0.0, 0.0], [0.0, 0.0105, 0.004200000000000001, 0.0001, 0.0105, 0.004200000000000001, 0.0001, 0.0, 0.0009000000000000001, 0.0, 0.0, 0.0009000000000000001, 0.0, 0.0001, 0.0, 0.0, 0.0, 0.0, 0.0, 0.0, 0.0, 0.0, 0.0, 0.0, 0.0, 0.0, 0.0, 0.0, 0.0, 0.0, 0.0, 0.0], [0.0001, 0.0005, 0.0068000000000000005, 0.0, 0.0005, 0.0068000000000000005, 0.0, 0.0016, 0.0054, 0.005200000000000001, 0.0016, 0.0054, 0.005200000000000001, 0.3507, 0.0, 0.0, 0.0, 0.0, 0.0, 0.0, 0.0, 0.0, 0.0, 0.0, 0.0, 0.0, 0.0, 0.0, 0.0, 0.0, 0.0, 0.0]]}}
bs_latimer_munro_efermi: 5.48277085