material_id: mp-6122
band_gap: 3.7321
efermi: 2.80982799
dos_magnetic_ordering: NM
dos_total_task_id: mp-1700837
dos_total_band_gap: 3.6875
dos_total_cbm: 6.372
dos_total_vbm: 2.6845
dos_total_efermi: 2.69227544
bs_setyawan_curtarolo_task_id: mp-660240
bs_setyawan_curtarolo_band_gap: 3.7321
bs_setyawan_curtarolo_cbm: {'band_index': {'1': [36]}, 'kpoint_index': [0, 51, 52], 'kpoint': <pymatgen.electronic_structure.bandstructure.Kpoint object at 0x7fc699d63930>, 'energy': 6.4682, 'projections': {}}
bs_setyawan_curtarolo_vbm: {'band_index': {'1': [34, 35]}, 'kpoint_index': [0, 51, 52], 'kpoint': <pymatgen.electronic_structure.bandstructure.Kpoint object at 0x7fc5d4b5a200>, 'energy': 2.7361, 'projections': {}}
bs_setyawan_curtarolo_efermi: 2.80982799
bs_hinuma_task_id: mp-2190745
bs_hinuma_band_gap: 3.7031
bs_hinuma_cbm: {'band_index': {'1': [36]}, 'kpoint_index': [0, 51, 52, 91], 'kpoint': <pymatgen.electronic_structure.bandstructure.Kpoint object at 0x7fc5d4b5a190>, 'energy': 6.3867, 'projections': {'1': [[0.0275, 0.0275, 0.07690000000000001, 0.1932, 0.0224, 0.0224, 0.0224, 0.0224, 0.0224, 0.0224], [0.0, 0.0, 0.0, 0.0, 0.0114, 0.021500000000000002, 0.0016, 0.0114, 0.0016, 0.021500000000000002], [0.0, 0.0, 0.0, 0.0, 0.0184, 0.0051, 0.010700000000000001, 0.0184, 0.010700000000000001, 0.0051], [0.0, 0.0, 0.0, 0.0, 0.0037, 0.007, 0.0213, 0.0037, 0.0213, 0.007], [0.0, 0.0, 0.0, 0.0, 0.0, 0.0, 0.0, 0.0, 0.0, 0.0], [0.0, 0.0, 0.0, 0.0, 0.0, 0.0, 0.0, 0.0, 0.0, 0.0], [0.0, 0.0, 0.0, 0.0, 0.0, 0.0, 0.0, 0.0, 0.0, 0.0], [0.0, 0.0, 0.0001, 0.0, 0.0, 0.0, 0.0, 0.0, 0.0, 0.0], [0.0, 0.0, 0.0002, 0.0, 0.0, 0.0, 0.0, 0.0, 0.0, 0.0]]}}
bs_hinuma_vbm: {'band_index': {'1': [35]}, 'kpoint_index': ['78'], 'kpoint': <pymatgen.electronic_structure.bandstructure.Kpoint object at 0x7fc5d4b59be0>, 'energy': 2.6836, 'projections': {'1': [[0.0, 0.0, 0.0006000000000000001, 0.0006000000000000001, 0.0001, 0.0, 0.0001, 0.0001, 0.0001, 0.0], [0.0011, 0.0011, 0.0, 0.0, 0.0007, 0.0018000000000000002, 0.08660000000000001, 0.0007, 0.08660000000000001, 0.0018000000000000002], [0.0006000000000000001, 0.0006000000000000001, 0.0, 0.0, 0.053500000000000006, 0.00030000000000000003, 0.0644, 0.053500000000000006, 0.0644, 0.00030000000000000003], [0.0, 0.0, 0.0, 0.0, 0.1237, 0.0, 0.0258, 0.1237, 0.0258, 0.0], [0.0006000000000000001, 0.0006000000000000001, 0.0002, 0.0001, 0.0, 0.0, 0.0, 0.0, 0.0, 0.0], [0.001, 0.001, 0.0018000000000000002, 0.0001, 0.0, 0.0, 0.0, 0.0, 0.0, 0.0], [0.0001, 0.0001, 0.0002, 0.0, 0.0, 0.0, 0.0, 0.0, 0.0, 0.0], [0.0032, 0.0032, 0.00030000000000000003, 0.0, 0.0, 0.0, 0.0, 0.0, 0.0, 0.0], [0.0016, 0.0016, 0.0002, 0.0001, 0.0, 0.0, 0.0, 0.0, 0.0, 0.0]]}}
bs_hinuma_efermi: 2.83487601
bs_latimer_munro_task_id: mp-2340381
bs_latimer_munro_band_gap: 3.7031
bs_latimer_munro_cbm: {'band_index': {'1': [36]}, 'kpoint_index': [13, 14, 28], 'kpoint': <pymatgen.electronic_structure.bandstructure.Kpoint object at 0x7fc5d4b59e80>, 'energy': 6.3867, 'projections': {'1': [[0.0275, 0.0275, 0.07690000000000001, 0.19310000000000002, 0.0224, 0.0224, 0.0224, 0.0224, 0.0224, 0.0224], [0.0, 0.0, 0.0, 0.0, 0.0114, 0.021500000000000002, 0.0016, 0.0114, 0.0016, 0.021500000000000002], [0.0, 0.0, 0.0, 0.0, 0.0184, 0.0051, 0.010700000000000001, 0.0184, 0.010700000000000001, 0.0051], [0.0, 0.0, 0.0, 0.0, 0.0037, 0.007, 0.0213, 0.0037, 0.0213, 0.007], [0.0, 0.0, 0.0, 0.0, 0.0, 0.0, 0.0, 0.0, 0.0, 0.0], [0.0, 0.0, 0.0, 0.0, 0.0, 0.0, 0.0, 0.0, 0.0, 0.0], [0.0, 0.0, 0.0, 0.0, 0.0, 0.0, 0.0, 0.0, 0.0, 0.0], [0.0, 0.0, 0.0001, 0.0, 0.0, 0.0, 0.0, 0.0, 0.0, 0.0], [0.0, 0.0, 0.0002, 0.0, 0.0, 0.0, 0.0, 0.0, 0.0, 0.0]]}}
bs_latimer_munro_vbm: {'band_index': {'1': [35]}, 'kpoint_index': ['40'], 'kpoint': <pymatgen.electronic_structure.bandstructure.Kpoint object at 0x7fc5d4b5a350>, 'energy': 2.6836, 'projections': {'1': [[0.0, 0.0, 0.0005, 0.0005, 0.0001, 0.0, 0.0001, 0.0001, 0.0001, 0.0], [0.0011, 0.0011, 0.0001, 0.0, 0.0007, 0.002, 0.0872, 0.0007, 0.0872, 0.002], [0.0006000000000000001, 0.0006000000000000001, 0.0001, 0.0, 0.054400000000000004, 0.0005, 0.06330000000000001, 0.054400000000000004, 0.06330000000000001, 0.0005], [0.0, 0.0, 0.0, 0.0, 0.1227, 0.0001, 0.0263, 0.1227, 0.0263, 0.0001], [0.0006000000000000001, 0.0006000000000000001, 0.0002, 0.0001, 0.0, 0.0, 0.0, 0.0, 0.0, 0.0], [0.0011, 0.0011, 0.0016, 0.0001, 0.0, 0.0, 0.0, 0.0, 0.0, 0.0], [0.0001, 0.0001, 0.0002, 0.0, 0.0, 0.0, 0.0, 0.0, 0.0, 0.0], [0.003, 0.003, 0.0002, 0.0001, 0.0, 0.0, 0.0, 0.0, 0.0, 0.0], [0.0016, 0.0016, 0.0002, 0.0001, 0.0, 0.0, 0.0, 0.0, 0.0, 0.0]]}}
bs_latimer_munro_efermi: 2.80503764