material_id: mp-697127
band_gap: 2.0652
efermi: -0.19203625
dos_magnetic_ordering: NM
dos_total_task_id: mp-1734707
dos_total_band_gap: 2.0906
dos_total_cbm: 1.8312
dos_total_vbm: -0.2594
dos_total_efermi: -0.25368165
bs_setyawan_curtarolo_task_id: mp-1622974
bs_setyawan_curtarolo_band_gap: 2.0652
bs_setyawan_curtarolo_cbm: {'band_index': {'1': [100]}, 'kpoint_index': [61, 62, 91], 'kpoint': <pymatgen.electronic_structure.bandstructure.Kpoint object at 0x7fc699d63930>, 'energy': 1.7946, 'projections': {'1': [[0.0009000000000000001, 0.0009000000000000001, 0.0009000000000000001, 0.0009000000000000001, 0.0, 0.0, 0.0, 0.0, 0.0, 0.0, 0.0137, 0.0137, 0.0137, 0.0137, 0.003, 0.003, 0.003, 0.003, 0.0015, 0.0015, 0.0015, 0.0015, 0.001, 0.001, 0.001, 0.001, 0.0006000000000000001, 0.0006000000000000001, 0.0006000000000000001, 0.0006000000000000001], [0.0, 0.0, 0.0, 0.0, 0.0002, 0.0002, 0.0001, 0.0001, 0.0044, 0.0044, 0.011600000000000001, 0.011600000000000001, 0.011600000000000001, 0.011600000000000001, 0.007, 0.007, 0.007, 0.007, 0.0103, 0.0103, 0.0103, 0.0103, 0.0027, 0.0027, 0.0027, 0.0027, 0.0005, 0.0005, 0.0005, 0.0005], [0.0001, 0.0001, 0.0001, 0.0001, 0.0, 0.0, 0.0, 0.0, 0.0, 0.0, 0.007500000000000001, 0.007500000000000001, 0.007500000000000001, 0.007500000000000001, 0.0064, 0.0064, 0.0064, 0.0064, 0.0014, 0.0014, 0.0014, 0.0014, 0.0086, 0.0086, 0.0086, 0.0086, 0.0044, 0.0044, 0.0044, 0.0044], [0.0001, 0.0001, 0.0001, 0.0001, 0.0, 0.0, 0.0, 0.0, 0.0, 0.0, 0.0041, 0.0041, 0.0041, 0.0041, 0.0098, 0.0098, 0.0098, 0.0098, 0.0018000000000000002, 0.0018000000000000002, 0.0018000000000000002, 0.0018000000000000002, 0.0002, 0.0002, 0.0002, 0.0002, 0.007500000000000001, 0.007500000000000001, 0.007500000000000001, 0.007500000000000001], [0.0, 0.0, 0.0, 0.0, 0.0, 0.0, 0.0, 0.0, 0.09920000000000001, 0.09920000000000001, 0.0, 0.0, 0.0, 0.0, 0.0, 0.0, 0.0, 0.0, 0.0, 0.0, 0.0, 0.0, 0.0, 0.0, 0.0, 0.0, 0.0, 0.0, 0.0, 0.0], [0.0001, 0.0001, 0.0001, 0.0001, 0.0, 0.0, 0.0, 0.0, 0.0695, 0.0695, 0.0, 0.0, 0.0, 0.0, 0.0, 0.0, 0.0, 0.0, 0.0, 0.0, 0.0, 0.0, 0.0, 0.0, 0.0, 0.0, 0.0, 0.0, 0.0, 0.0], [0.0, 0.0, 0.0, 0.0, 0.0, 0.0, 0.0, 0.0, 0.0, 0.0, 0.0, 0.0, 0.0, 0.0, 0.0, 0.0, 0.0, 0.0, 0.0, 0.0, 0.0, 0.0, 0.0, 0.0, 0.0, 0.0, 0.0, 0.0, 0.0, 0.0], [0.0, 0.0, 0.0, 0.0, 0.0, 0.0, 0.0, 0.0, 0.0, 0.0, 0.0, 0.0, 0.0, 0.0, 0.0, 0.0, 0.0, 0.0, 0.0, 0.0, 0.0, 0.0, 0.0, 0.0, 0.0, 0.0, 0.0, 0.0, 0.0, 0.0], [0.0001, 0.0001, 0.0001, 0.0001, 0.0, 0.0, 0.0, 0.0, 0.0, 0.0, 0.0, 0.0, 0.0, 0.0, 0.0, 0.0, 0.0, 0.0, 0.0, 0.0, 0.0, 0.0, 0.0, 0.0, 0.0, 0.0, 0.0, 0.0, 0.0, 0.0]]}}
bs_setyawan_curtarolo_vbm: {'band_index': {'1': [99]}, 'kpoint_index': [0, 51, 52], 'kpoint': <pymatgen.electronic_structure.bandstructure.Kpoint object at 0x7fc5d4b59e80>, 'energy': -0.2706, 'projections': {'1': [[0.0, 0.0, 0.0, 0.0, 0.0, 0.0, 0.00030000000000000003, 0.00030000000000000003, 0.0281, 0.0281, 0.0035, 0.0035, 0.0035, 0.0035, 0.0, 0.0, 0.0, 0.0, 0.0, 0.0, 0.0, 0.0, 0.0002, 0.0002, 0.0002, 0.0002, 0.0, 0.0, 0.0, 0.0], [0.0, 0.0, 0.0, 0.0, 0.0, 0.0, 0.0, 0.0, 0.0, 0.0, 0.009000000000000001, 0.009000000000000001, 0.009000000000000001, 0.009000000000000001, 0.0002, 0.0002, 0.0002, 0.0002, 0.0109, 0.0109, 0.0109, 0.0109, 0.0246, 0.0246, 0.0246, 0.0246, 0.0012000000000000001, 0.0012000000000000001, 0.0012000000000000001, 0.0012000000000000001], [0.0004, 0.0004, 0.0004, 0.0004, 0.0, 0.0, 0.0001, 0.0001, 0.0033, 0.0033, 0.005, 0.005, 0.005, 0.005, 0.0019, 0.0019, 0.0019, 0.0019, 0.0017000000000000001, 0.0017000000000000001, 0.0017000000000000001, 0.0017000000000000001, 0.0098, 0.0098, 0.0098, 0.0098, 0.0099, 0.0099, 0.0099, 0.0099], [0.0001, 0.0001, 0.0001, 0.0001, 0.0, 0.0, 0.0001, 0.0001, 0.0048000000000000004, 0.0048000000000000004, 0.003, 0.003, 0.003, 0.003, 0.0, 0.0, 0.0, 0.0, 0.009300000000000001, 0.009300000000000001, 0.009300000000000001, 0.009300000000000001, 0.004200000000000001, 0.004200000000000001, 0.004200000000000001, 0.004200000000000001, 0.0135, 0.0135, 0.0135, 0.0135], [0.0001, 0.0001, 0.0001, 0.0001, 0.0, 0.0, 0.0, 0.0, 0.0, 0.0, 0.0, 0.0, 0.0, 0.0, 0.0, 0.0, 0.0, 0.0, 0.0, 0.0, 0.0, 0.0, 0.0, 0.0, 0.0, 0.0, 0.0, 0.0, 0.0, 0.0], [0.0, 0.0, 0.0, 0.0, 0.0, 0.0, 0.0, 0.0, 0.0, 0.0, 0.0, 0.0, 0.0, 0.0, 0.0, 0.0, 0.0, 0.0, 0.0, 0.0, 0.0, 0.0, 0.0, 0.0, 0.0, 0.0, 0.0, 0.0, 0.0, 0.0], [0.0001, 0.0001, 0.0001, 0.0001, 0.0001, 0.0001, 0.0, 0.0, 0.0076, 0.0076, 0.0, 0.0, 0.0, 0.0, 0.0, 0.0, 0.0, 0.0, 0.0, 0.0, 0.0, 0.0, 0.0, 0.0, 0.0, 0.0, 0.0, 0.0, 0.0, 0.0], [0.0001, 0.0001, 0.0001, 0.0001, 0.0, 0.0, 0.0, 0.0, 0.0867, 0.0867, 0.0, 0.0, 0.0, 0.0, 0.0, 0.0, 0.0, 0.0, 0.0, 0.0, 0.0, 0.0, 0.0, 0.0, 0.0, 0.0, 0.0, 0.0, 0.0, 0.0], [0.0001, 0.0001, 0.0001, 0.0001, 0.0, 0.0, 0.0, 0.0, 0.0167, 0.0167, 0.0, 0.0, 0.0, 0.0, 0.0, 0.0, 0.0, 0.0, 0.0, 0.0, 0.0, 0.0, 0.0, 0.0, 0.0, 0.0, 0.0, 0.0, 0.0, 0.0]]}}
bs_setyawan_curtarolo_efermi: -0.19203625
bs_hinuma_task_id: mp-2114472
bs_hinuma_band_gap: 2.0652
bs_hinuma_cbm: {'band_index': {'1': [100]}, 'kpoint_index': [9, 10, 59], 'kpoint': <pymatgen.electronic_structure.bandstructure.Kpoint object at 0x7fc5d4b59c50>, 'energy': 1.7946, 'projections': {'1': [[0.0009000000000000001, 0.0009000000000000001, 0.0009000000000000001, 0.0009000000000000001, 0.0, 0.0, 0.0, 0.0, 0.0, 0.0, 0.0137, 0.0137, 0.0137, 0.0137, 0.003, 0.003, 0.003, 0.003, 0.0015, 0.0015, 0.0015, 0.0015, 0.001, 0.001, 0.001, 0.001, 0.0006000000000000001, 0.0006000000000000001, 0.0006000000000000001, 0.0006000000000000001], [0.0, 0.0, 0.0, 0.0, 0.0002, 0.0002, 0.0001, 0.0001, 0.0044, 0.0044, 0.011600000000000001, 0.011600000000000001, 0.011600000000000001, 0.011600000000000001, 0.007, 0.007, 0.007, 0.007, 0.0103, 0.0103, 0.0103, 0.0103, 0.0027, 0.0027, 0.0027, 0.0027, 0.0005, 0.0005, 0.0005, 0.0005], [0.0001, 0.0001, 0.0001, 0.0001, 0.0, 0.0, 0.0, 0.0, 0.0, 0.0, 0.007500000000000001, 0.007500000000000001, 0.007500000000000001, 0.007500000000000001, 0.0063, 0.0064, 0.0063, 0.0064, 0.0014, 0.0014, 0.0014, 0.0014, 0.0086, 0.0086, 0.0086, 0.0086, 0.0044, 0.0044, 0.0044, 0.0044], [0.0001, 0.0001, 0.0001, 0.0001, 0.0, 0.0, 0.0, 0.0, 0.0, 0.0, 0.0041, 0.0041, 0.0041, 0.0041, 0.0098, 0.0098, 0.0098, 0.0097, 0.0018000000000000002, 0.0018000000000000002, 0.0018000000000000002, 0.0018000000000000002, 0.0002, 0.0002, 0.0002, 0.0002, 0.007500000000000001, 0.007500000000000001, 0.007500000000000001, 0.007500000000000001], [0.0, 0.0, 0.0, 0.0, 0.0, 0.0, 0.0, 0.0, 0.09920000000000001, 0.09920000000000001, 0.0, 0.0, 0.0, 0.0, 0.0, 0.0, 0.0, 0.0, 0.0, 0.0, 0.0, 0.0, 0.0, 0.0, 0.0, 0.0, 0.0, 0.0, 0.0, 0.0], [0.0001, 0.0001, 0.0001, 0.0001, 0.0, 0.0, 0.0, 0.0, 0.0695, 0.0695, 0.0, 0.0, 0.0, 0.0, 0.0, 0.0, 0.0, 0.0, 0.0, 0.0, 0.0, 0.0, 0.0, 0.0, 0.0, 0.0, 0.0, 0.0, 0.0, 0.0], [0.0, 0.0, 0.0, 0.0, 0.0, 0.0, 0.0, 0.0, 0.0, 0.0, 0.0, 0.0, 0.0, 0.0, 0.0, 0.0, 0.0, 0.0, 0.0, 0.0, 0.0, 0.0, 0.0, 0.0, 0.0, 0.0, 0.0, 0.0, 0.0, 0.0], [0.0, 0.0, 0.0, 0.0, 0.0, 0.0, 0.0, 0.0, 0.0, 0.0, 0.0, 0.0, 0.0, 0.0, 0.0, 0.0, 0.0, 0.0, 0.0, 0.0, 0.0, 0.0, 0.0, 0.0, 0.0, 0.0, 0.0, 0.0, 0.0, 0.0], [0.0001, 0.0001, 0.0001, 0.0001, 0.0, 0.0, 0.0, 0.0, 0.0, 0.0, 0.0, 0.0, 0.0, 0.0, 0.0, 0.0, 0.0, 0.0, 0.0, 0.0, 0.0, 0.0, 0.0, 0.0, 0.0, 0.0, 0.0, 0.0, 0.0, 0.0]]}}
bs_hinuma_vbm: {'band_index': {'1': [99]}, 'kpoint_index': [0, 24, 25, 60], 'kpoint': <pymatgen.electronic_structure.bandstructure.Kpoint object at 0x7fc5d4b5a3c0>, 'energy': -0.2706, 'projections': {'1': [[0.0, 0.0, 0.0, 0.0, 0.0, 0.0, 0.00030000000000000003, 0.00030000000000000003, 0.0281, 0.0281, 0.0035, 0.0035, 0.0035, 0.0035, 0.0, 0.0, 0.0, 0.0, 0.0, 0.0, 0.0, 0.0, 0.0002, 0.0002, 0.0002, 0.0002, 0.0, 0.0, 0.0, 0.0], [0.0, 0.0, 0.0, 0.0, 0.0, 0.0, 0.0, 0.0, 0.0, 0.0, 0.009000000000000001, 0.009000000000000001, 0.009000000000000001, 0.009000000000000001, 0.0002, 0.0002, 0.0002, 0.0002, 0.0109, 0.0109, 0.0109, 0.0109, 0.0246, 0.0246, 0.0246, 0.0246, 0.0012000000000000001, 0.0012000000000000001, 0.0012000000000000001, 0.0012000000000000001], [0.0004, 0.0004, 0.0004, 0.0004, 0.0, 0.0, 0.0001, 0.0001, 0.0033, 0.0033, 0.005, 0.005, 0.005, 0.005, 0.0019, 0.0019, 0.0019, 0.0019, 0.0017000000000000001, 0.0017000000000000001, 0.0017000000000000001, 0.0017000000000000001, 0.0098, 0.0098, 0.0098, 0.0098, 0.0099, 0.0099, 0.0099, 0.0099], [0.0001, 0.0001, 0.0001, 0.0001, 0.0, 0.0, 0.0001, 0.0001, 0.0048000000000000004, 0.0048000000000000004, 0.003, 0.003, 0.003, 0.003, 0.0, 0.0, 0.0, 0.0, 0.009300000000000001, 0.009300000000000001, 0.009300000000000001, 0.009300000000000001, 0.004200000000000001, 0.004200000000000001, 0.004200000000000001, 0.004200000000000001, 0.0135, 0.0135, 0.0135, 0.0135], [0.0001, 0.0001, 0.0001, 0.0001, 0.0, 0.0, 0.0, 0.0, 0.0, 0.0, 0.0, 0.0, 0.0, 0.0, 0.0, 0.0, 0.0, 0.0, 0.0, 0.0, 0.0, 0.0, 0.0, 0.0, 0.0, 0.0, 0.0, 0.0, 0.0, 0.0], [0.0, 0.0, 0.0, 0.0, 0.0, 0.0, 0.0, 0.0, 0.0, 0.0, 0.0, 0.0, 0.0, 0.0, 0.0, 0.0, 0.0, 0.0, 0.0, 0.0, 0.0, 0.0, 0.0, 0.0, 0.0, 0.0, 0.0, 0.0, 0.0, 0.0], [0.0001, 0.0001, 0.0001, 0.0001, 0.0001, 0.0001, 0.0, 0.0, 0.0076, 0.0076, 0.0, 0.0, 0.0, 0.0, 0.0, 0.0, 0.0, 0.0, 0.0, 0.0, 0.0, 0.0, 0.0, 0.0, 0.0, 0.0, 0.0, 0.0, 0.0, 0.0], [0.0001, 0.0001, 0.0001, 0.0001, 0.0, 0.0, 0.0, 0.0, 0.0867, 0.0867, 0.0, 0.0, 0.0, 0.0, 0.0, 0.0, 0.0, 0.0, 0.0, 0.0, 0.0, 0.0, 0.0, 0.0, 0.0, 0.0, 0.0, 0.0, 0.0, 0.0], [0.0001, 0.0001, 0.0001, 0.0001, 0.0, 0.0, 0.0, 0.0, 0.0167, 0.0167, 0.0, 0.0, 0.0, 0.0, 0.0, 0.0, 0.0, 0.0, 0.0, 0.0, 0.0, 0.0, 0.0, 0.0, 0.0, 0.0, 0.0, 0.0, 0.0, 0.0]]}}
bs_hinuma_efermi: -0.20043753
bs_latimer_munro_task_id: mp-2307710
bs_latimer_munro_band_gap: 2.0652
bs_latimer_munro_cbm: {'band_index': {'1': [100]}, 'kpoint_index': [115, 116, 121, 178], 'kpoint': <pymatgen.electronic_structure.bandstructure.Kpoint object at 0x7fc5d4b59be0>, 'energy': 1.7946, 'projections': {'1': [[0.0009000000000000001, 0.0009000000000000001, 0.0009000000000000001, 0.0009000000000000001, 0.0, 0.0, 0.0, 0.0, 0.0, 0.0, 0.0137, 0.0137, 0.0137, 0.0137, 0.003, 0.003, 0.003, 0.003, 0.0015, 0.0015, 0.0015, 0.0015, 0.001, 0.001, 0.001, 0.001, 0.0006000000000000001, 0.0006000000000000001, 0.0006000000000000001, 0.0006000000000000001], [0.0, 0.0, 0.0, 0.0, 0.0002, 0.0002, 0.0001, 0.0001, 0.0044, 0.0044, 0.011600000000000001, 0.011600000000000001, 0.011600000000000001, 0.011600000000000001, 0.007, 0.007, 0.007, 0.007, 0.0103, 0.0103, 0.0103, 0.0103, 0.0027, 0.0027, 0.0027, 0.0027, 0.0005, 0.0005, 0.0005, 0.0005], [0.0001, 0.0001, 0.0001, 0.0001, 0.0, 0.0, 0.0, 0.0, 0.0, 0.0, 0.007500000000000001, 0.007500000000000001, 0.007500000000000001, 0.007500000000000001, 0.0063, 0.0064, 0.0063, 0.0064, 0.0014, 0.0014, 0.0014, 0.0014, 0.0086, 0.0086, 0.0086, 0.0086, 0.0044, 0.0044, 0.0044, 0.0044], [0.0001, 0.0001, 0.0001, 0.0001, 0.0, 0.0, 0.0, 0.0, 0.0, 0.0, 0.0041, 0.0041, 0.0041, 0.0041, 0.0098, 0.0098, 0.0098, 0.0098, 0.0018000000000000002, 0.0018000000000000002, 0.0018000000000000002, 0.0018000000000000002, 0.0002, 0.0002, 0.0002, 0.0002, 0.007500000000000001, 0.007500000000000001, 0.007500000000000001, 0.007500000000000001], [0.0, 0.0, 0.0, 0.0, 0.0, 0.0, 0.0, 0.0, 0.09920000000000001, 0.09920000000000001, 0.0, 0.0, 0.0, 0.0, 0.0, 0.0, 0.0, 0.0, 0.0, 0.0, 0.0, 0.0, 0.0, 0.0, 0.0, 0.0, 0.0, 0.0, 0.0, 0.0], [0.0001, 0.0001, 0.0001, 0.0001, 0.0, 0.0, 0.0, 0.0, 0.0695, 0.0695, 0.0, 0.0, 0.0, 0.0, 0.0, 0.0, 0.0, 0.0, 0.0, 0.0, 0.0, 0.0, 0.0, 0.0, 0.0, 0.0, 0.0, 0.0, 0.0, 0.0], [0.0, 0.0, 0.0, 0.0, 0.0, 0.0, 0.0, 0.0, 0.0, 0.0, 0.0, 0.0, 0.0, 0.0, 0.0, 0.0, 0.0, 0.0, 0.0, 0.0, 0.0, 0.0, 0.0, 0.0, 0.0, 0.0, 0.0, 0.0, 0.0, 0.0], [0.0, 0.0, 0.0, 0.0, 0.0, 0.0, 0.0, 0.0, 0.0, 0.0, 0.0, 0.0, 0.0, 0.0, 0.0, 0.0, 0.0, 0.0, 0.0, 0.0, 0.0, 0.0, 0.0, 0.0, 0.0, 0.0, 0.0, 0.0, 0.0, 0.0], [0.0001, 0.0001, 0.0001, 0.0001, 0.0, 0.0, 0.0, 0.0, 0.0, 0.0, 0.0, 0.0, 0.0, 0.0, 0.0, 0.0, 0.0, 0.0, 0.0, 0.0, 0.0, 0.0, 0.0, 0.0, 0.0, 0.0, 0.0, 0.0, 0.0, 0.0]]}}
bs_latimer_munro_vbm: {'band_index': {'1': [99]}, 'kpoint_index': [31, 32, 70, 71, 159, 160, 169], 'kpoint': <pymatgen.electronic_structure.bandstructure.Kpoint object at 0x7fc5d4b59d30>, 'energy': -0.2706, 'projections': {'1': [[0.0, 0.0, 0.0, 0.0, 0.0, 0.0, 0.00030000000000000003, 0.00030000000000000003, 0.0281, 0.0281, 0.0035, 0.0035, 0.0035, 0.0035, 0.0, 0.0, 0.0, 0.0, 0.0, 0.0, 0.0, 0.0, 0.0002, 0.0002, 0.0002, 0.0002, 0.0, 0.0, 0.0, 0.0], [0.0, 0.0, 0.0, 0.0, 0.0, 0.0, 0.0, 0.0, 0.0, 0.0, 0.009000000000000001, 0.009000000000000001, 0.009000000000000001, 0.009000000000000001, 0.0002, 0.0002, 0.0002, 0.0002, 0.0109, 0.0109, 0.0109, 0.0109, 0.0246, 0.0246, 0.0246, 0.0246, 0.0012000000000000001, 0.0012000000000000001, 0.0012000000000000001, 0.0012000000000000001], [0.0004, 0.0004, 0.0004, 0.0004, 0.0, 0.0, 0.0001, 0.0001, 0.0033, 0.0033, 0.005, 0.005, 0.005, 0.005, 0.0019, 0.0019, 0.0019, 0.0019, 0.0017000000000000001, 0.0017000000000000001, 0.0017000000000000001, 0.0017000000000000001, 0.0098, 0.0098, 0.0098, 0.0098, 0.0099, 0.0099, 0.0099, 0.0099], [0.0001, 0.0001, 0.0001, 0.0001, 0.0, 0.0, 0.0001, 0.0001, 0.0048000000000000004, 0.0048000000000000004, 0.003, 0.003, 0.003, 0.003, 0.0, 0.0, 0.0, 0.0, 0.009300000000000001, 0.009300000000000001, 0.009300000000000001, 0.009300000000000001, 0.004200000000000001, 0.004200000000000001, 0.004200000000000001, 0.004200000000000001, 0.0135, 0.0135, 0.0135, 0.0135], [0.0001, 0.0001, 0.0001, 0.0001, 0.0, 0.0, 0.0, 0.0, 0.0, 0.0, 0.0, 0.0, 0.0, 0.0, 0.0, 0.0, 0.0, 0.0, 0.0, 0.0, 0.0, 0.0, 0.0, 0.0, 0.0, 0.0, 0.0, 0.0, 0.0, 0.0], [0.0, 0.0, 0.0, 0.0, 0.0, 0.0, 0.0, 0.0, 0.0, 0.0, 0.0, 0.0, 0.0, 0.0, 0.0, 0.0, 0.0, 0.0, 0.0, 0.0, 0.0, 0.0, 0.0, 0.0, 0.0, 0.0, 0.0, 0.0, 0.0, 0.0], [0.0001, 0.0001, 0.0001, 0.0001, 0.0001, 0.0001, 0.0, 0.0, 0.0076, 0.0076, 0.0, 0.0, 0.0, 0.0, 0.0, 0.0, 0.0, 0.0, 0.0, 0.0, 0.0, 0.0, 0.0, 0.0, 0.0, 0.0, 0.0, 0.0, 0.0, 0.0], [0.0001, 0.0001, 0.0001, 0.0001, 0.0, 0.0, 0.0, 0.0, 0.0867, 0.0867, 0.0, 0.0, 0.0, 0.0, 0.0, 0.0, 0.0, 0.0, 0.0, 0.0, 0.0, 0.0, 0.0, 0.0, 0.0, 0.0, 0.0, 0.0, 0.0, 0.0], [0.0001, 0.0001, 0.0001, 0.0001, 0.0, 0.0, 0.0, 0.0, 0.0167, 0.0167, 0.0, 0.0, 0.0, 0.0, 0.0, 0.0, 0.0, 0.0, 0.0, 0.0, 0.0, 0.0, 0.0, 0.0, 0.0, 0.0, 0.0, 0.0, 0.0, 0.0]]}}
bs_latimer_munro_efermi: -0.18647616