material_id: mp-6999
band_gap: 1.941999999999999
efermi: 1.7180751
dos_magnetic_ordering: NM
dos_total_task_id: mp-1672874
dos_total_band_gap: 1.861299999999999
dos_total_cbm: 3.5479000000000003
dos_total_vbm: 1.686599999999999
dos_total_efermi: 1.66162904
bs_setyawan_curtarolo_task_id: mp-688265
bs_setyawan_curtarolo_band_gap: 1.941999999999999
bs_setyawan_curtarolo_cbm: {'band_index': {'1': [40]}, 'kpoint_index': ['41'], 'kpoint': <pymatgen.electronic_structure.bandstructure.Kpoint object at 0x7fc699d63930>, 'energy': 3.5683, 'projections': {}}
bs_setyawan_curtarolo_vbm: {'band_index': {'1': [39]}, 'kpoint_index': ['1'], 'kpoint': <pymatgen.electronic_structure.bandstructure.Kpoint object at 0x7fc5d4b5a190>, 'energy': 1.6263, 'projections': {}}
bs_setyawan_curtarolo_efermi: 1.7180751
bs_hinuma_task_id: mp-2070738
bs_hinuma_band_gap: 1.9476
bs_hinuma_cbm: {'band_index': {'1': [40]}, 'kpoint_index': ['27'], 'kpoint': <pymatgen.electronic_structure.bandstructure.Kpoint object at 0x7fc5d4b59d30>, 'energy': 3.5713, 'projections': {'1': [[0.004, 0.004, 0.0444, 0.0444, 0.0011, 0.0011, 0.0029000000000000002, 0.0029000000000000002, 0.0001, 0.0001, 0.0015, 0.0015], [0.0001, 0.0001, 0.0, 0.0, 0.009000000000000001, 0.009000000000000001, 0.0029000000000000002, 0.0029000000000000002, 0.0034000000000000002, 0.0034000000000000002, 0.007500000000000001, 0.007500000000000001], [0.0006000000000000001, 0.0006000000000000001, 0.0, 0.0, 0.0014, 0.0014, 0.0041, 0.0041, 0.006200000000000001, 0.006200000000000001, 0.0012000000000000001, 0.0012000000000000001], [0.0002, 0.0002, 0.0012000000000000001, 0.0012000000000000001, 0.0162, 0.0162, 0.006, 0.006, 0.0001, 0.0001, 0.0029000000000000002, 0.0029000000000000002], [0.0091, 0.0091, 0.0, 0.0, 0.0, 0.0, 0.0, 0.0, 0.0, 0.0, 0.0, 0.0], [0.0357, 0.0357, 0.0, 0.0, 0.0, 0.0, 0.0, 0.0, 0.0, 0.0, 0.0, 0.0], [0.0284, 0.0284, 0.0, 0.0, 0.0, 0.0, 0.0, 0.0, 0.0, 0.0, 0.0, 0.0], [0.0119, 0.0119, 0.0, 0.0, 0.0, 0.0, 0.0, 0.0, 0.0, 0.0, 0.0, 0.0], [0.10160000000000001, 0.10160000000000001, 0.0, 0.0, 0.0, 0.0, 0.0, 0.0, 0.0, 0.0, 0.0, 0.0]]}}
bs_hinuma_vbm: {'band_index': {'1': [39]}, 'kpoint_index': ['10'], 'kpoint': <pymatgen.electronic_structure.bandstructure.Kpoint object at 0x7fc5d4b59be0>, 'energy': 1.6237, 'projections': {'1': [[0.0, 0.0, 0.0006000000000000001, 0.0006000000000000001, 0.0001, 0.0001, 0.0001, 0.0001, 0.0006000000000000001, 0.0006000000000000001, 0.0005, 0.0005], [0.0009000000000000001, 0.0009000000000000001, 0.0, 0.0, 0.0692, 0.0692, 0.012, 0.012, 0.038900000000000004, 0.038900000000000004, 0.0044, 0.0044], [0.0009000000000000001, 0.0009000000000000001, 0.0, 0.0, 0.0167, 0.0167, 0.038400000000000004, 0.038400000000000004, 0.0137, 0.0137, 0.014400000000000001, 0.014400000000000001], [0.0007, 0.0007, 0.0002, 0.0002, 0.0025, 0.0025, 0.013600000000000001, 0.013600000000000001, 0.0224, 0.0224, 0.0176, 0.0176], [0.0106, 0.0106, 0.0, 0.0, 0.0, 0.0, 0.0, 0.0, 0.0, 0.0, 0.0, 0.0], [0.0008, 0.0008, 0.0, 0.0, 0.0, 0.0, 0.0, 0.0, 0.0, 0.0, 0.0, 0.0], [0.0015, 0.0015, 0.0, 0.0, 0.0, 0.0, 0.0, 0.0, 0.0, 0.0, 0.0, 0.0], [0.006900000000000001, 0.006900000000000001, 0.0, 0.0, 0.0, 0.0, 0.0, 0.0, 0.0, 0.0, 0.0, 0.0], [0.0099, 0.0099, 0.0, 0.0, 0.0, 0.0, 0.0, 0.0, 0.0, 0.0, 0.0, 0.0]]}}
bs_hinuma_efermi: 1.71208106
bs_latimer_munro_task_id: mp-2322486
bs_latimer_munro_band_gap: 1.9476
bs_latimer_munro_cbm: {'band_index': {'1': [40]}, 'kpoint_index': ['5'], 'kpoint': <pymatgen.electronic_structure.bandstructure.Kpoint object at 0x7fc5d4b59c50>, 'energy': 3.5713, 'projections': {'1': [[0.004, 0.004, 0.0444, 0.0444, 0.0011, 0.0011, 0.0029000000000000002, 0.0029000000000000002, 0.0001, 0.0001, 0.0015, 0.0015], [0.0001, 0.0001, 0.0, 0.0, 0.009000000000000001, 0.009000000000000001, 0.0029000000000000002, 0.0029000000000000002, 0.0034000000000000002, 0.0034000000000000002, 0.007500000000000001, 0.007500000000000001], [0.0006000000000000001, 0.0006000000000000001, 0.0, 0.0, 0.0014, 0.0014, 0.0041, 0.0041, 0.006200000000000001, 0.006200000000000001, 0.0012000000000000001, 0.0012000000000000001], [0.0002, 0.0002, 0.0012000000000000001, 0.0012000000000000001, 0.0162, 0.0162, 0.006, 0.006, 0.0001, 0.0001, 0.0029000000000000002, 0.0029000000000000002], [0.0091, 0.0091, 0.0, 0.0, 0.0, 0.0, 0.0, 0.0, 0.0, 0.0, 0.0, 0.0], [0.0357, 0.0357, 0.0, 0.0, 0.0, 0.0, 0.0, 0.0, 0.0, 0.0, 0.0, 0.0], [0.0284, 0.0284, 0.0, 0.0, 0.0, 0.0, 0.0, 0.0, 0.0, 0.0, 0.0, 0.0], [0.0119, 0.0119, 0.0, 0.0, 0.0, 0.0, 0.0, 0.0, 0.0, 0.0, 0.0, 0.0], [0.10160000000000001, 0.10160000000000001, 0.0, 0.0, 0.0, 0.0, 0.0, 0.0, 0.0, 0.0, 0.0, 0.0]]}}
bs_latimer_munro_vbm: {'band_index': {'1': [39]}, 'kpoint_index': ['91'], 'kpoint': <pymatgen.electronic_structure.bandstructure.Kpoint object at 0x7fc5d4b5a430>, 'energy': 1.6237, 'projections': {'1': [[0.0, 0.0, 0.0006000000000000001, 0.0006000000000000001, 0.0001, 0.0001, 0.0001, 0.0001, 0.0006000000000000001, 0.0006000000000000001, 0.0005, 0.0005], [0.0009000000000000001, 0.0009000000000000001, 0.0, 0.0, 0.0692, 0.0692, 0.012, 0.012, 0.038900000000000004, 0.038900000000000004, 0.0044, 0.0044], [0.0009000000000000001, 0.0009000000000000001, 0.0, 0.0, 0.0167, 0.0167, 0.038400000000000004, 0.038400000000000004, 0.0137, 0.0137, 0.014400000000000001, 0.014400000000000001], [0.0007, 0.0007, 0.0002, 0.0002, 0.0025, 0.0025, 0.013600000000000001, 0.013600000000000001, 0.0224, 0.0224, 0.0176, 0.0176], [0.0106, 0.0106, 0.0, 0.0, 0.0, 0.0, 0.0, 0.0, 0.0, 0.0, 0.0, 0.0], [0.0008, 0.0008, 0.0, 0.0, 0.0, 0.0, 0.0, 0.0, 0.0, 0.0, 0.0, 0.0], [0.0015, 0.0015, 0.0, 0.0, 0.0, 0.0, 0.0, 0.0, 0.0, 0.0, 0.0, 0.0], [0.006900000000000001, 0.006900000000000001, 0.0, 0.0, 0.0, 0.0, 0.0, 0.0, 0.0, 0.0, 0.0, 0.0], [0.0099, 0.0099, 0.0, 0.0, 0.0, 0.0, 0.0, 0.0, 0.0, 0.0, 0.0, 0.0]]}}
bs_latimer_munro_efermi: 1.70724992