material_id: mp-630528
band_gap: 0.4359
efermi: 5.79500238
dos_magnetic_ordering: NM
dos_total_task_id: mp-1696163
dos_total_band_gap: 0.43149999999999905
dos_total_cbm: 6.0937
dos_total_vbm: 5.6622
dos_total_efermi: 5.66235144
bs_setyawan_curtarolo_task_id: mp-1602416
bs_setyawan_curtarolo_band_gap: 0.4359
bs_setyawan_curtarolo_cbm: {'band_index': {'1': [38]}, 'kpoint_index': ['341'], 'kpoint': <pymatgen.electronic_structure.bandstructure.Kpoint object at 0x7fc699d63930>, 'energy': 6.1697, 'projections': {'1': [[0.0952, 0.0952, 0.0952, 0.0952, 0.0055000000000000005, 0.0055000000000000005, 0.0055000000000000005, 0.0055000000000000005], [0.001, 0.001, 0.001, 0.001, 0.0025, 0.0025, 0.0025, 0.0025], [0.0017000000000000001, 0.0017000000000000001, 0.0017000000000000001, 0.0017000000000000001, 0.0013000000000000002, 0.0013000000000000002, 0.0013000000000000002, 0.0013000000000000002], [0.0001, 0.0001, 0.0001, 0.0001, 0.041800000000000004, 0.041800000000000004, 0.041800000000000004, 0.041800000000000004], [0.0001, 0.0001, 0.0001, 0.0001, 0.0, 0.0, 0.0, 0.0], [0.0, 0.0, 0.0, 0.0, 0.0, 0.0, 0.0, 0.0], [0.0011, 0.0011, 0.0011, 0.0011, 0.0, 0.0, 0.0, 0.0], [0.0, 0.0, 0.0, 0.0, 0.0, 0.0, 0.0, 0.0], [0.0034000000000000002, 0.0034000000000000002, 0.0034000000000000002, 0.0034000000000000002, 0.0, 0.0, 0.0, 0.0]]}}
bs_setyawan_curtarolo_vbm: {'band_index': {'1': [37]}, 'kpoint_index': ['58'], 'kpoint': <pymatgen.electronic_structure.bandstructure.Kpoint object at 0x7fc5d4b59c50>, 'energy': 5.7338000000000005, 'projections': {'1': [[0.0329, 0.0329, 0.0329, 0.033, 0.0001, 0.0001, 0.0001, 0.0001], [0.003, 0.003, 0.003, 0.003, 0.0021000000000000003, 0.0021000000000000003, 0.0021000000000000003, 0.0021000000000000003], [0.0012000000000000001, 0.0012000000000000001, 0.0012000000000000001, 0.0012000000000000001, 0.0886, 0.0886, 0.0886, 0.0886], [0.0135, 0.0135, 0.0135, 0.0135, 0.0099, 0.0099, 0.0099, 0.0099], [0.0, 0.0, 0.0, 0.0, 0.0, 0.0, 0.0, 0.0], [0.00030000000000000003, 0.00030000000000000003, 0.00030000000000000003, 0.00030000000000000003, 0.0, 0.0, 0.0, 0.0], [0.0004, 0.0004, 0.0004, 0.0004, 0.0, 0.0, 0.0, 0.0], [0.0002, 0.0002, 0.0002, 0.0002, 0.0, 0.0, 0.0, 0.0], [0.0081, 0.0081, 0.0081, 0.0081, 0.0, 0.0, 0.0, 0.0]]}}
bs_setyawan_curtarolo_efermi: 5.79500238
bs_latimer_munro_task_id: mp-2330425
bs_latimer_munro_band_gap: 0.34130000000000005
bs_latimer_munro_cbm: {'band_index': {'1': [38]}, 'kpoint_index': ['761'], 'kpoint': <pymatgen.electronic_structure.bandstructure.Kpoint object at 0x7fc5d4b59e80>, 'energy': 6.0751, 'projections': {'1': [[0.09090000000000001, 0.09090000000000001, 0.09090000000000001, 0.09090000000000001, 0.0196, 0.0196, 0.0196, 0.0196], [0.0004, 0.0004, 0.0004, 0.0004, 0.0012000000000000001, 0.0012000000000000001, 0.0012000000000000001, 0.0012000000000000001], [0.0008, 0.0008, 0.0008, 0.0008, 0.0025, 0.0025, 0.0025, 0.0025], [0.0006000000000000001, 0.0006000000000000001, 0.0006000000000000001, 0.0006000000000000001, 0.0396, 0.0396, 0.0396, 0.0396], [0.0, 0.0, 0.0, 0.0, 0.0, 0.0, 0.0, 0.0], [0.0001, 0.0001, 0.0001, 0.0001, 0.0, 0.0, 0.0, 0.0], [0.0012000000000000001, 0.0012000000000000001, 0.0012000000000000001, 0.0012000000000000001, 0.0, 0.0, 0.0, 0.0], [0.0001, 0.0001, 0.0001, 0.0001, 0.0, 0.0, 0.0, 0.0], [0.0031000000000000003, 0.0031000000000000003, 0.0031000000000000003, 0.0031000000000000003, 0.0, 0.0, 0.0, 0.0]]}}
bs_latimer_munro_vbm: {'band_index': {'1': [37]}, 'kpoint_index': ['1366'], 'kpoint': <pymatgen.electronic_structure.bandstructure.Kpoint object at 0x7fc5d4b59be0>, 'energy': 5.7338000000000005, 'projections': {'1': [[0.0329, 0.0329, 0.0329, 0.0329, 0.0001, 0.0001, 0.0001, 0.0001], [0.003, 0.003, 0.003, 0.003, 0.0021000000000000003, 0.0021000000000000003, 0.0021000000000000003, 0.0021000000000000003], [0.0012000000000000001, 0.0012000000000000001, 0.0012000000000000001, 0.0012000000000000001, 0.0886, 0.0886, 0.0886, 0.0886], [0.0135, 0.0135, 0.0135, 0.0135, 0.0099, 0.0099, 0.0099, 0.0099], [0.0, 0.0, 0.0, 0.0, 0.0, 0.0, 0.0, 0.0], [0.00030000000000000003, 0.00030000000000000003, 0.00030000000000000003, 0.00030000000000000003, 0.0, 0.0, 0.0, 0.0], [0.0004, 0.0004, 0.0004, 0.0004, 0.0, 0.0, 0.0, 0.0], [0.0002, 0.0002, 0.0002, 0.0002, 0.0, 0.0, 0.0, 0.0], [0.0081, 0.0081, 0.0081, 0.0081, 0.0, 0.0, 0.0, 0.0]]}}
bs_latimer_munro_efermi: 5.87202059