material_id: mp-6166
band_gap: 1.641599999999999
efermi: 5.25977428
dos_magnetic_ordering: NM
dos_total_task_id: mp-2284148
dos_total_band_gap: 1.594599999999999
dos_total_cbm: 6.7425
dos_total_vbm: 5.1479
dos_total_efermi: 5.15339727
bs_setyawan_curtarolo_task_id: mp-690619
bs_setyawan_curtarolo_band_gap: 1.641599999999999
bs_setyawan_curtarolo_cbm: {'band_index': {'1': [40]}, 'kpoint_index': [0, 57, 58], 'kpoint': <pymatgen.electronic_structure.bandstructure.Kpoint object at 0x7fc699d63930>, 'energy': 6.7593, 'projections': {}}
bs_setyawan_curtarolo_vbm: {'band_index': {'1': [38, 39]}, 'kpoint_index': [0, 57, 58], 'kpoint': <pymatgen.electronic_structure.bandstructure.Kpoint object at 0x7fc5d4b59e80>, 'energy': 5.1177, 'projections': {}}
bs_setyawan_curtarolo_efermi: 5.25977428
bs_hinuma_task_id: mp-2055610
bs_hinuma_band_gap: 1.6440000000000001
bs_hinuma_cbm: {'band_index': {'1': [40]}, 'kpoint_index': [0, 57, 58], 'kpoint': <pymatgen.electronic_structure.bandstructure.Kpoint object at 0x7fc5d4b59c50>, 'energy': 6.763, 'projections': {'1': [[0.0352, 0.035300000000000005, 0.0373, 0.0373, 0.07690000000000001, 0.07690000000000001, 0.0094, 0.0094], [0.0, 0.0, 0.0, 0.0, 0.0, 0.0, 0.0, 0.0], [0.007500000000000001, 0.007500000000000001, 0.0, 0.0, 0.0506, 0.0506, 0.0, 0.0], [0.0, 0.0, 0.0, 0.0, 0.0, 0.0, 0.0, 0.0], [0.0, 0.0, 0.0, 0.0, 0.0, 0.0, 0.0, 0.0], [0.0, 0.0, 0.0, 0.0, 0.0, 0.0, 0.0, 0.0], [0.0109, 0.0109, 0.0066, 0.0066, 0.0, 0.0, 0.0, 0.0], [0.0, 0.0, 0.0, 0.0, 0.0, 0.0, 0.0, 0.0], [0.0, 0.0, 0.0, 0.0, 0.0, 0.0, 0.0, 0.0]]}}
bs_hinuma_vbm: {'band_index': {'1': [38, 39]}, 'kpoint_index': [0, 57, 58], 'kpoint': <pymatgen.electronic_structure.bandstructure.Kpoint object at 0x7fc5d4b5a190>, 'energy': 5.119, 'projections': {'1': [[0.0, 0.0, 0.0, 0.0, 0.0, 0.0, 0.0, 0.0], [0.0032, 0.0032, 0.0023, 0.0023, 0.1246, 0.1246, 0.014400000000000001, 0.014400000000000001], [0.0, 0.0, 0.0, 0.0, 0.0, 0.0, 0.0, 0.0], [0.0004, 0.0004, 0.00030000000000000003, 0.00030000000000000003, 0.016, 0.016, 0.0018000000000000002, 0.0018000000000000002], [0.0, 0.0, 0.0, 0.0, 0.0, 0.0, 0.0, 0.0], [0.0006000000000000001, 0.0006000000000000001, 0.21030000000000001, 0.21030000000000001, 0.0, 0.0, 0.0, 0.0], [0.0, 0.0, 0.0, 0.0, 0.0, 0.0, 0.0, 0.0], [0.0001, 0.0001, 0.027, 0.027, 0.0, 0.0, 0.0, 0.0], [0.0, 0.0, 0.0, 0.0, 0.0, 0.0, 0.0, 0.0]]}}
bs_hinuma_efermi: 5.18069018
bs_latimer_munro_task_id: mp-2343610
bs_latimer_munro_band_gap: 1.6440000000000001
bs_latimer_munro_cbm: {'band_index': {'1': [40]}, 'kpoint_index': [35, 36, 162, 163, 172], 'kpoint': <pymatgen.electronic_structure.bandstructure.Kpoint object at 0x7fc5d4b5a3c0>, 'energy': 6.763, 'projections': {'1': [[0.0352, 0.0352, 0.0373, 0.0373, 0.07690000000000001, 0.07690000000000001, 0.0094, 0.0094], [0.0, 0.0, 0.0, 0.0, 0.0, 0.0, 0.0, 0.0], [0.007500000000000001, 0.007500000000000001, 0.0, 0.0, 0.0506, 0.0506, 0.0, 0.0], [0.0, 0.0, 0.0, 0.0, 0.0, 0.0, 0.0, 0.0], [0.0, 0.0, 0.0, 0.0, 0.0, 0.0, 0.0, 0.0], [0.0, 0.0, 0.0, 0.0, 0.0, 0.0, 0.0, 0.0], [0.0109, 0.0109, 0.0066, 0.0066, 0.0, 0.0, 0.0, 0.0], [0.0, 0.0, 0.0, 0.0, 0.0, 0.0, 0.0, 0.0], [0.0, 0.0, 0.0, 0.0, 0.0, 0.0, 0.0, 0.0]]}}
bs_latimer_munro_vbm: {'band_index': {'1': [38, 39]}, 'kpoint_index': [35, 36, 162, 163, 172], 'kpoint': <pymatgen.electronic_structure.bandstructure.Kpoint object at 0x7fc5d4b5a430>, 'energy': 5.119, 'projections': {'1': [[0.0, 0.0, 0.0, 0.0, 0.0, 0.0, 0.0, 0.0], [0.0002, 0.0002, 0.0001, 0.0001, 0.0078000000000000005, 0.0078000000000000005, 0.0009000000000000001, 0.0009000000000000001], [0.0, 0.0, 0.0, 0.0, 0.0, 0.0, 0.0, 0.0], [0.0034000000000000002, 0.0034000000000000002, 0.0024000000000000002, 0.0024000000000000002, 0.1327, 0.1327, 0.015300000000000001, 0.015300000000000001], [0.0, 0.0, 0.0, 0.0, 0.0, 0.0, 0.0, 0.0], [0.0, 0.0, 0.0132, 0.0132, 0.0, 0.0, 0.0, 0.0], [0.0, 0.0, 0.0, 0.0, 0.0, 0.0, 0.0, 0.0], [0.0007, 0.0007, 0.22410000000000002, 0.22410000000000002, 0.0, 0.0, 0.0, 0.0], [0.0, 0.0, 0.0, 0.0, 0.0, 0.0, 0.0, 0.0]]}}
bs_latimer_munro_efermi: 5.22980907