material_id: mp-601292
band_gap: 4.8264
efermi: 0.54828934
dos_magnetic_ordering: NM
dos_total_task_id: mp-1750960
dos_total_band_gap: 4.8239
dos_total_cbm: 5.232
dos_total_vbm: 0.4081
dos_total_efermi: 0.41477522
bs_setyawan_curtarolo_task_id: mp-1619642
bs_setyawan_curtarolo_band_gap: 4.8264
bs_setyawan_curtarolo_cbm: {'band_index': {'1': [96]}, 'kpoint_index': [10, 11, 34, 35, 55, 56, 79], 'kpoint': <pymatgen.electronic_structure.bandstructure.Kpoint object at 0x7fc699d63930>, 'energy': 5.2294, 'projections': {'1': [[0.0108, 0.0109, 0.009000000000000001, 0.009000000000000001, 0.0029000000000000002, 0.0081, 0.0081, 0.0079, 0.0029000000000000002, 0.0079, 0.0028, 0.0028, 0.011, 0.0031000000000000003, 0.0076, 0.0027, 0.0079, 0.0079, 0.0112, 0.0045000000000000005, 0.0079, 0.0076, 0.0112, 0.0079, 0.0053, 0.0045000000000000005, 0.006900000000000001, 0.006900000000000001, 0.0031000000000000003, 0.0027, 0.0053, 0.011], [0.00030000000000000003, 0.00030000000000000003, 0.0001, 0.0001, 0.0008, 0.0004, 0.0004, 0.0, 0.0008, 0.0, 0.0, 0.0, 0.0, 0.0005, 0.0019, 0.00030000000000000003, 0.0021000000000000003, 0.0002, 0.0009000000000000001, 0.0, 0.0002, 0.0019, 0.0009000000000000001, 0.0021000000000000003, 0.0, 0.0, 0.0008, 0.0008, 0.0005, 0.00030000000000000003, 0.0, 0.0], [0.0001, 0.0001, 0.0, 0.0, 0.0, 0.0, 0.0, 0.0, 0.0, 0.0, 0.0019, 0.0019, 0.0001, 0.0, 0.0013000000000000002, 0.0002, 0.0007, 0.0009000000000000001, 0.0001, 0.00030000000000000003, 0.0009000000000000001, 0.0013000000000000002, 0.0001, 0.0007, 0.0012000000000000001, 0.00030000000000000003, 0.0005, 0.0005, 0.0, 0.0002, 0.0012000000000000001, 0.0001], [0.001, 0.001, 0.0, 0.0, 0.0, 0.0001, 0.0001, 0.00030000000000000003, 0.0, 0.00030000000000000003, 0.0034000000000000002, 0.0034000000000000002, 0.0114, 0.00030000000000000003, 0.0005, 0.0002, 0.0001, 0.0002, 0.0016, 0.0, 0.0002, 0.0005, 0.0016, 0.0001, 0.0016, 0.0, 0.0004, 0.0004, 0.00030000000000000003, 0.0002, 0.0016, 0.0114], [0.0001, 0.0001, 0.0001, 0.0001, 0.0, 0.0, 0.0, 0.0, 0.0, 0.0, 0.0, 0.0, 0.0, 0.0, 0.0, 0.0, 0.0, 0.0, 0.0, 0.0, 0.0, 0.0, 0.0, 0.0, 0.0, 0.0, 0.0, 0.0, 0.0, 0.0, 0.0, 0.0], [0.0, 0.0, 0.0001, 0.0001, 0.0, 0.0, 0.0, 0.0, 0.0, 0.0, 0.0, 0.0, 0.0, 0.0, 0.0, 0.0, 0.0, 0.0, 0.0, 0.0, 0.0, 0.0, 0.0, 0.0, 0.0, 0.0, 0.0, 0.0, 0.0, 0.0, 0.0, 0.0], [0.0007, 0.0007, 0.00030000000000000003, 0.00030000000000000003, 0.0, 0.0, 0.0, 0.0, 0.0, 0.0, 0.0, 0.0, 0.0, 0.0, 0.0, 0.0, 0.0, 0.0, 0.0, 0.0, 0.0, 0.0, 0.0, 0.0, 0.0, 0.0, 0.0, 0.0, 0.0, 0.0, 0.0, 0.0], [0.0004, 0.0004, 0.0002, 0.0002, 0.0, 0.0, 0.0, 0.0, 0.0, 0.0, 0.0, 0.0, 0.0, 0.0, 0.0, 0.0, 0.0, 0.0, 0.0, 0.0, 0.0, 0.0, 0.0, 0.0, 0.0, 0.0, 0.0, 0.0, 0.0, 0.0, 0.0, 0.0], [0.0, 0.0, 0.0016, 0.0016, 0.0, 0.0, 0.0, 0.0, 0.0, 0.0, 0.0, 0.0, 0.0, 0.0, 0.0, 0.0, 0.0, 0.0, 0.0, 0.0, 0.0, 0.0, 0.0, 0.0, 0.0, 0.0, 0.0, 0.0, 0.0, 0.0, 0.0, 0.0]]}}
bs_setyawan_curtarolo_vbm: {'band_index': {'1': [95]}, 'kpoint_index': [20], 'kpoint': <pymatgen.electronic_structure.bandstructure.Kpoint object at 0x7fc5d4b5a200>, 'energy': 0.403, 'projections': {'1': [[0.0004, 0.0004, 0.0001, 0.0001, 0.0, 0.0001, 0.0001, 0.0, 0.0, 0.0, 0.0, 0.0, 0.0, 0.0, 0.0, 0.0, 0.0, 0.0, 0.0, 0.0, 0.0, 0.0, 0.0, 0.0, 0.0, 0.0, 0.0, 0.0, 0.0, 0.0, 0.0, 0.0], [0.0004, 0.0004, 0.0001, 0.0001, 0.0, 0.0, 0.0, 0.0, 0.0, 0.0, 0.0, 0.0, 0.0007, 0.011, 0.0025, 0.0117, 0.0007, 0.0002, 0.0001, 0.0004, 0.0002, 0.0025, 0.0001, 0.0007, 0.0001, 0.0004, 0.0001, 0.0001, 0.011, 0.0117, 0.0001, 0.0007], [0.0012000000000000001, 0.0012000000000000001, 0.0, 0.0, 0.0, 0.0001, 0.0001, 0.0, 0.0, 0.0, 0.0, 0.0, 0.0006000000000000001, 0.051500000000000004, 0.0028, 0.0694, 0.0004, 0.0004, 0.0, 0.004200000000000001, 0.0004, 0.0028, 0.0, 0.0004, 0.0051, 0.004200000000000001, 0.0019, 0.0019, 0.0516, 0.0694, 0.0051, 0.0006000000000000001], [0.0006000000000000001, 0.0006000000000000001, 0.0021000000000000003, 0.0021000000000000003, 0.0004, 0.0001, 0.0001, 0.0, 0.0004, 0.0, 0.0, 0.0, 0.0, 0.0198, 0.0001, 0.0066, 0.0002, 0.0004, 0.0001, 0.1658, 0.0004, 0.0001, 0.0001, 0.0002, 0.0002, 0.1658, 0.0007, 0.0007, 0.0198, 0.0066, 0.0002, 0.0], [0.0001, 0.0001, 0.0021000000000000003, 0.0021000000000000003, 0.0, 0.0, 0.0, 0.0, 0.0, 0.0, 0.0, 0.0, 0.0, 0.0, 0.0, 0.0, 0.0, 0.0, 0.0, 0.0, 0.0, 0.0, 0.0, 0.0, 0.0, 0.0, 0.0, 0.0, 0.0, 0.0, 0.0, 0.0], [0.0, 0.0, 0.0, 0.0, 0.0, 0.0, 0.0, 0.0, 0.0, 0.0, 0.0, 0.0, 0.0, 0.0, 0.0, 0.0, 0.0, 0.0, 0.0, 0.0, 0.0, 0.0, 0.0, 0.0, 0.0, 0.0, 0.0, 0.0, 0.0, 0.0, 0.0, 0.0], [0.0, 0.0, 0.00030000000000000003, 0.00030000000000000003, 0.0, 0.0, 0.0, 0.0, 0.0, 0.0, 0.0, 0.0, 0.0, 0.0, 0.0, 0.0, 0.0, 0.0, 0.0, 0.0, 0.0, 0.0, 0.0, 0.0, 0.0, 0.0, 0.0, 0.0, 0.0, 0.0, 0.0, 0.0], [0.0001, 0.0001, 0.0002, 0.0002, 0.0, 0.0, 0.0, 0.0, 0.0, 0.0, 0.0, 0.0, 0.0, 0.0, 0.0, 0.0, 0.0, 0.0, 0.0, 0.0, 0.0, 0.0, 0.0, 0.0, 0.0, 0.0, 0.0, 0.0, 0.0, 0.0, 0.0, 0.0], [0.0, 0.0, 0.0005, 0.0005, 0.0, 0.0, 0.0, 0.0, 0.0, 0.0, 0.0, 0.0, 0.0, 0.0, 0.0, 0.0, 0.0, 0.0, 0.0, 0.0, 0.0, 0.0, 0.0, 0.0, 0.0, 0.0, 0.0, 0.0, 0.0, 0.0, 0.0, 0.0]]}}
bs_setyawan_curtarolo_efermi: 0.54828934
bs_hinuma_task_id: mp-2111418
bs_hinuma_band_gap: 4.8264
bs_hinuma_cbm: {'band_index': {'1': [96]}, 'kpoint_index': [0, 20, 21, 42, 43, 65, 66], 'kpoint': <pymatgen.electronic_structure.bandstructure.Kpoint object at 0x7fc5d4b59be0>, 'energy': 5.2294, 'projections': {'1': [[0.0108, 0.0108, 0.0089, 0.009000000000000001, 0.0029000000000000002, 0.0081, 0.0081, 0.0079, 0.0029000000000000002, 0.0079, 0.0028, 0.0028, 0.011, 0.0031000000000000003, 0.0076, 0.0027, 0.0079, 0.0079, 0.0112, 0.0045000000000000005, 0.0079, 0.0076, 0.0112, 0.0079, 0.0053, 0.0045000000000000005, 0.006900000000000001, 0.006900000000000001, 0.0031000000000000003, 0.0027, 0.0053, 0.011], [0.00030000000000000003, 0.00030000000000000003, 0.0001, 0.0001, 0.0008, 0.0004, 0.0004, 0.0, 0.0008, 0.0, 0.0, 0.0, 0.0, 0.0005, 0.0019, 0.00030000000000000003, 0.0021000000000000003, 0.0002, 0.0009000000000000001, 0.0, 0.0002, 0.0019, 0.0009000000000000001, 0.0021000000000000003, 0.0, 0.0, 0.0008, 0.0008, 0.0005, 0.00030000000000000003, 0.0, 0.0], [0.0001, 0.0001, 0.0, 0.0, 0.0, 0.0, 0.0, 0.0, 0.0, 0.0, 0.0019, 0.0019, 0.0001, 0.0, 0.0013000000000000002, 0.0002, 0.0007, 0.0009000000000000001, 0.0001, 0.00030000000000000003, 0.0009000000000000001, 0.0013000000000000002, 0.0001, 0.0007, 0.0012000000000000001, 0.00030000000000000003, 0.0005, 0.0005, 0.0, 0.0002, 0.0012000000000000001, 0.0001], [0.001, 0.001, 0.0, 0.0, 0.0, 0.0001, 0.0001, 0.00030000000000000003, 0.0, 0.00030000000000000003, 0.0034000000000000002, 0.0034000000000000002, 0.0114, 0.00030000000000000003, 0.0005, 0.0002, 0.0001, 0.0002, 0.0016, 0.0, 0.0002, 0.0005, 0.0016, 0.0001, 0.0016, 0.0, 0.0004, 0.0004, 0.00030000000000000003, 0.0002, 0.0016, 0.0114], [0.0001, 0.0001, 0.0001, 0.0001, 0.0, 0.0, 0.0, 0.0, 0.0, 0.0, 0.0, 0.0, 0.0, 0.0, 0.0, 0.0, 0.0, 0.0, 0.0, 0.0, 0.0, 0.0, 0.0, 0.0, 0.0, 0.0, 0.0, 0.0, 0.0, 0.0, 0.0, 0.0], [0.0, 0.0, 0.0001, 0.0001, 0.0, 0.0, 0.0, 0.0, 0.0, 0.0, 0.0, 0.0, 0.0, 0.0, 0.0, 0.0, 0.0, 0.0, 0.0, 0.0, 0.0, 0.0, 0.0, 0.0, 0.0, 0.0, 0.0, 0.0, 0.0, 0.0, 0.0, 0.0], [0.0007, 0.0007, 0.00030000000000000003, 0.00030000000000000003, 0.0, 0.0, 0.0, 0.0, 0.0, 0.0, 0.0, 0.0, 0.0, 0.0, 0.0, 0.0, 0.0, 0.0, 0.0, 0.0, 0.0, 0.0, 0.0, 0.0, 0.0, 0.0, 0.0, 0.0, 0.0, 0.0, 0.0, 0.0], [0.0004, 0.0004, 0.0002, 0.0002, 0.0, 0.0, 0.0, 0.0, 0.0, 0.0, 0.0, 0.0, 0.0, 0.0, 0.0, 0.0, 0.0, 0.0, 0.0, 0.0, 0.0, 0.0, 0.0, 0.0, 0.0, 0.0, 0.0, 0.0, 0.0, 0.0, 0.0, 0.0], [0.0, 0.0, 0.0016, 0.0016, 0.0, 0.0, 0.0, 0.0, 0.0, 0.0, 0.0, 0.0, 0.0, 0.0, 0.0, 0.0, 0.0, 0.0, 0.0, 0.0, 0.0, 0.0, 0.0, 0.0, 0.0, 0.0, 0.0, 0.0, 0.0, 0.0, 0.0, 0.0]]}}
bs_hinuma_vbm: {'band_index': {'1': [95]}, 'kpoint_index': [11], 'kpoint': <pymatgen.electronic_structure.bandstructure.Kpoint object at 0x7fc5d4b5a3c0>, 'energy': 0.403, 'projections': {'1': [[0.0004, 0.0004, 0.0001, 0.0001, 0.0, 0.0001, 0.0001, 0.0, 0.0, 0.0, 0.0, 0.0, 0.0, 0.0, 0.0, 0.0, 0.0, 0.0, 0.0, 0.0, 0.0, 0.0, 0.0, 0.0, 0.0, 0.0, 0.0, 0.0, 0.0, 0.0, 0.0, 0.0], [0.0004, 0.0004, 0.0001, 0.0001, 0.0, 0.0, 0.0, 0.0, 0.0, 0.0, 0.0, 0.0, 0.0007, 0.011, 0.0025, 0.0117, 0.0007, 0.0002, 0.0001, 0.0004, 0.0002, 0.0025, 0.0001, 0.0007, 0.0001, 0.0004, 0.0001, 0.0001, 0.011, 0.0117, 0.0001, 0.0007], [0.0012000000000000001, 0.0012000000000000001, 0.0, 0.0, 0.0, 0.0001, 0.0001, 0.0, 0.0, 0.0, 0.0, 0.0, 0.0006000000000000001, 0.0516, 0.0028, 0.0694, 0.0004, 0.0004, 0.0, 0.004200000000000001, 0.0004, 0.0028, 0.0, 0.0004, 0.0051, 0.004200000000000001, 0.0019, 0.0019, 0.051500000000000004, 0.0694, 0.0051, 0.0006000000000000001], [0.0006000000000000001, 0.0006000000000000001, 0.0021000000000000003, 0.0021000000000000003, 0.0004, 0.0001, 0.0001, 0.0, 0.0004, 0.0, 0.0, 0.0, 0.0, 0.0198, 0.0001, 0.0066, 0.0002, 0.0004, 0.0001, 0.1658, 0.0004, 0.0001, 0.0001, 0.0002, 0.0002, 0.1658, 0.0007, 0.0007, 0.0198, 0.0066, 0.0002, 0.0], [0.0001, 0.0001, 0.0021000000000000003, 0.0021000000000000003, 0.0, 0.0, 0.0, 0.0, 0.0, 0.0, 0.0, 0.0, 0.0, 0.0, 0.0, 0.0, 0.0, 0.0, 0.0, 0.0, 0.0, 0.0, 0.0, 0.0, 0.0, 0.0, 0.0, 0.0, 0.0, 0.0, 0.0, 0.0], [0.0, 0.0, 0.0, 0.0, 0.0, 0.0, 0.0, 0.0, 0.0, 0.0, 0.0, 0.0, 0.0, 0.0, 0.0, 0.0, 0.0, 0.0, 0.0, 0.0, 0.0, 0.0, 0.0, 0.0, 0.0, 0.0, 0.0, 0.0, 0.0, 0.0, 0.0, 0.0], [0.0, 0.0, 0.00030000000000000003, 0.00030000000000000003, 0.0, 0.0, 0.0, 0.0, 0.0, 0.0, 0.0, 0.0, 0.0, 0.0, 0.0, 0.0, 0.0, 0.0, 0.0, 0.0, 0.0, 0.0, 0.0, 0.0, 0.0, 0.0, 0.0, 0.0, 0.0, 0.0, 0.0, 0.0], [0.0001, 0.0001, 0.0002, 0.0002, 0.0, 0.0, 0.0, 0.0, 0.0, 0.0, 0.0, 0.0, 0.0, 0.0, 0.0, 0.0, 0.0, 0.0, 0.0, 0.0, 0.0, 0.0, 0.0, 0.0, 0.0, 0.0, 0.0, 0.0, 0.0, 0.0, 0.0, 0.0], [0.0, 0.0, 0.0005, 0.0005, 0.0, 0.0, 0.0, 0.0, 0.0, 0.0, 0.0, 0.0, 0.0, 0.0, 0.0, 0.0, 0.0, 0.0, 0.0, 0.0, 0.0, 0.0, 0.0, 0.0, 0.0, 0.0, 0.0, 0.0, 0.0, 0.0, 0.0, 0.0]]}}
bs_hinuma_efermi: 0.54167759
bs_latimer_munro_task_id: mp-2303114
bs_latimer_munro_band_gap: 4.8264
bs_latimer_munro_cbm: {'band_index': {'1': [96]}, 'kpoint_index': [8, 9, 20, 31, 41, 53, 67], 'kpoint': <pymatgen.electronic_structure.bandstructure.Kpoint object at 0x7fc5d4b59d30>, 'energy': 5.2294, 'projections': {'1': [[0.0108, 0.0108, 0.0089, 0.0089, 0.0029000000000000002, 0.0081, 0.0081, 0.0079, 0.0029000000000000002, 0.0079, 0.0028, 0.0028, 0.011, 0.0031000000000000003, 0.0076, 0.0027, 0.0079, 0.0079, 0.0112, 0.0045000000000000005, 0.0079, 0.0076, 0.0112, 0.0079, 0.0053, 0.0045000000000000005, 0.006900000000000001, 0.006900000000000001, 0.0031000000000000003, 0.0027, 0.0053, 0.011], [0.00030000000000000003, 0.00030000000000000003, 0.0001, 0.0001, 0.0008, 0.0004, 0.0004, 0.0, 0.0008, 0.0, 0.0, 0.0, 0.0, 0.0005, 0.0019, 0.00030000000000000003, 0.0021000000000000003, 0.0002, 0.0009000000000000001, 0.0, 0.0002, 0.0019, 0.0009000000000000001, 0.0021000000000000003, 0.0, 0.0, 0.0008, 0.0008, 0.0005, 0.00030000000000000003, 0.0, 0.0], [0.0001, 0.0001, 0.0, 0.0, 0.0, 0.0, 0.0, 0.0, 0.0, 0.0, 0.0019, 0.0019, 0.0001, 0.0, 0.0013000000000000002, 0.0002, 0.0007, 0.0009000000000000001, 0.0001, 0.00030000000000000003, 0.0009000000000000001, 0.0013000000000000002, 0.0001, 0.0007, 0.0012000000000000001, 0.00030000000000000003, 0.0005, 0.0005, 0.0, 0.0002, 0.0012000000000000001, 0.0001], [0.001, 0.001, 0.0, 0.0, 0.0, 0.0001, 0.0001, 0.00030000000000000003, 0.0, 0.00030000000000000003, 0.0034000000000000002, 0.0034000000000000002, 0.0114, 0.00030000000000000003, 0.0005, 0.0002, 0.0001, 0.0002, 0.0016, 0.0, 0.0002, 0.0005, 0.0016, 0.0001, 0.0016, 0.0, 0.0004, 0.0004, 0.00030000000000000003, 0.0002, 0.0016, 0.0114], [0.0001, 0.0001, 0.0001, 0.0001, 0.0, 0.0, 0.0, 0.0, 0.0, 0.0, 0.0, 0.0, 0.0, 0.0, 0.0, 0.0, 0.0, 0.0, 0.0, 0.0, 0.0, 0.0, 0.0, 0.0, 0.0, 0.0, 0.0, 0.0, 0.0, 0.0, 0.0, 0.0], [0.0, 0.0, 0.0001, 0.0001, 0.0, 0.0, 0.0, 0.0, 0.0, 0.0, 0.0, 0.0, 0.0, 0.0, 0.0, 0.0, 0.0, 0.0, 0.0, 0.0, 0.0, 0.0, 0.0, 0.0, 0.0, 0.0, 0.0, 0.0, 0.0, 0.0, 0.0, 0.0], [0.0007, 0.0007, 0.00030000000000000003, 0.00030000000000000003, 0.0, 0.0, 0.0, 0.0, 0.0, 0.0, 0.0, 0.0, 0.0, 0.0, 0.0, 0.0, 0.0, 0.0, 0.0, 0.0, 0.0, 0.0, 0.0, 0.0, 0.0, 0.0, 0.0, 0.0, 0.0, 0.0, 0.0, 0.0], [0.0004, 0.0004, 0.0002, 0.0002, 0.0, 0.0, 0.0, 0.0, 0.0, 0.0, 0.0, 0.0, 0.0, 0.0, 0.0, 0.0, 0.0, 0.0, 0.0, 0.0, 0.0, 0.0, 0.0, 0.0, 0.0, 0.0, 0.0, 0.0, 0.0, 0.0, 0.0, 0.0], [0.0, 0.0, 0.0016, 0.0016, 0.0, 0.0, 0.0, 0.0, 0.0, 0.0, 0.0, 0.0, 0.0, 0.0, 0.0, 0.0, 0.0, 0.0, 0.0, 0.0, 0.0, 0.0, 0.0, 0.0, 0.0, 0.0, 0.0, 0.0, 0.0, 0.0, 0.0, 0.0]]}}
bs_latimer_munro_vbm: {'band_index': {'1': [95]}, 'kpoint_index': [40], 'kpoint': <pymatgen.electronic_structure.bandstructure.Kpoint object at 0x7fc5d4b59c50>, 'energy': 0.403, 'projections': {'1': [[0.0004, 0.0004, 0.0001, 0.0001, 0.0, 0.0001, 0.0001, 0.0, 0.0, 0.0, 0.0, 0.0, 0.0, 0.0, 0.0, 0.0, 0.0, 0.0, 0.0, 0.0, 0.0, 0.0, 0.0, 0.0, 0.0, 0.0, 0.0, 0.0, 0.0, 0.0, 0.0, 0.0], [0.0004, 0.0004, 0.0001, 0.0001, 0.0, 0.0, 0.0, 0.0, 0.0, 0.0, 0.0, 0.0, 0.0007, 0.011, 0.0025, 0.0117, 0.0007, 0.0002, 0.0001, 0.0004, 0.0002, 0.0025, 0.0001, 0.0007, 0.0001, 0.0004, 0.0001, 0.0001, 0.011, 0.0117, 0.0001, 0.0007], [0.0012000000000000001, 0.0012000000000000001, 0.0, 0.0, 0.0, 0.0001, 0.0001, 0.0, 0.0, 0.0, 0.0, 0.0, 0.0006000000000000001, 0.0516, 0.0028, 0.0694, 0.0004, 0.0004, 0.0, 0.004200000000000001, 0.0004, 0.0028, 0.0, 0.0004, 0.0051, 0.004200000000000001, 0.0019, 0.0019, 0.051500000000000004, 0.0694, 0.0051, 0.0006000000000000001], [0.0006000000000000001, 0.0006000000000000001, 0.0021000000000000003, 0.0021000000000000003, 0.0004, 0.0001, 0.0001, 0.0, 0.0004, 0.0, 0.0, 0.0, 0.0, 0.0198, 0.0001, 0.0066, 0.0002, 0.0004, 0.0001, 0.1658, 0.0004, 0.0001, 0.0001, 0.0002, 0.0002, 0.1658, 0.0007, 0.0007, 0.0198, 0.0066, 0.0002, 0.0], [0.0001, 0.0001, 0.0021000000000000003, 0.0021000000000000003, 0.0, 0.0, 0.0, 0.0, 0.0, 0.0, 0.0, 0.0, 0.0, 0.0, 0.0, 0.0, 0.0, 0.0, 0.0, 0.0, 0.0, 0.0, 0.0, 0.0, 0.0, 0.0, 0.0, 0.0, 0.0, 0.0, 0.0, 0.0], [0.0, 0.0, 0.0, 0.0, 0.0, 0.0, 0.0, 0.0, 0.0, 0.0, 0.0, 0.0, 0.0, 0.0, 0.0, 0.0, 0.0, 0.0, 0.0, 0.0, 0.0, 0.0, 0.0, 0.0, 0.0, 0.0, 0.0, 0.0, 0.0, 0.0, 0.0, 0.0], [0.0, 0.0, 0.00030000000000000003, 0.00030000000000000003, 0.0, 0.0, 0.0, 0.0, 0.0, 0.0, 0.0, 0.0, 0.0, 0.0, 0.0, 0.0, 0.0, 0.0, 0.0, 0.0, 0.0, 0.0, 0.0, 0.0, 0.0, 0.0, 0.0, 0.0, 0.0, 0.0, 0.0, 0.0], [0.0001, 0.0001, 0.0002, 0.0002, 0.0, 0.0, 0.0, 0.0, 0.0, 0.0, 0.0, 0.0, 0.0, 0.0, 0.0, 0.0, 0.0, 0.0, 0.0, 0.0, 0.0, 0.0, 0.0, 0.0, 0.0, 0.0, 0.0, 0.0, 0.0, 0.0, 0.0, 0.0], [0.0, 0.0, 0.0005, 0.0005, 0.0, 0.0, 0.0, 0.0, 0.0, 0.0, 0.0, 0.0, 0.0, 0.0, 0.0, 0.0, 0.0, 0.0, 0.0, 0.0, 0.0, 0.0, 0.0, 0.0, 0.0, 0.0, 0.0, 0.0, 0.0, 0.0, 0.0, 0.0]]}}
bs_latimer_munro_efermi: 0.55902065