material_id: mp-640324
band_gap: 1.1223
efermi: 4.33687194
dos_magnetic_ordering: NM
dos_total_task_id: mp-1758792
dos_total_band_gap: 1.1983
dos_total_cbm: 5.4301
dos_total_vbm: 4.2318
dos_total_efermi: 4.23734033
bs_setyawan_curtarolo_task_id: mp-1626620
bs_setyawan_curtarolo_band_gap: 1.1223
bs_setyawan_curtarolo_cbm: {'band_index': {'1': [116]}, 'kpoint_index': ['12'], 'kpoint': <pymatgen.electronic_structure.bandstructure.Kpoint object at 0x7fc699d63930>, 'energy': 5.3532, 'projections': {'1': [[0.0115, 0.0115, 0.0115, 0.0115, 0.0001, 0.0001, 0.0001, 0.0001, 0.0, 0.0, 0.0, 0.0, 0.0004, 0.0004, 0.0014, 0.0004, 0.0014, 0.0004, 0.0004, 0.0004, 0.0004, 0.0014, 0.0004, 0.0014], [0.0, 0.0, 0.0, 0.0, 0.0001, 0.0001, 0.0001, 0.0001, 0.0006000000000000001, 0.0006000000000000001, 0.0006000000000000001, 0.0006000000000000001, 0.0008, 0.00030000000000000003, 0.0, 0.00030000000000000003, 0.0, 0.0008, 0.0008, 0.00030000000000000003, 0.00030000000000000003, 0.0, 0.0008, 0.0], [0.0, 0.0, 0.0, 0.0, 0.0006000000000000001, 0.0006000000000000001, 0.0006000000000000001, 0.0006000000000000001, 0.0244, 0.0244, 0.0244, 0.0244, 0.0004, 0.0001, 0.0002, 0.0001, 0.0002, 0.0004, 0.0004, 0.0001, 0.0001, 0.0002, 0.0004, 0.0002], [0.0013000000000000002, 0.0013000000000000002, 0.0013000000000000002, 0.0013000000000000002, 0.002, 0.002, 0.002, 0.002, 0.023, 0.023, 0.0229, 0.0229, 0.0031000000000000003, 0.0032, 0.0006000000000000001, 0.0032, 0.0006000000000000001, 0.0031000000000000003, 0.0031000000000000003, 0.0032, 0.0032, 0.0006000000000000001, 0.0031000000000000003, 0.0006000000000000001], [0.00030000000000000003, 0.00030000000000000003, 0.00030000000000000003, 0.00030000000000000003, 0.0, 0.0, 0.0, 0.0, 0.0, 0.0, 0.0, 0.0, 0.0013000000000000002, 0.0016, 0.0, 0.0016, 0.0, 0.0013000000000000002, 0.0013000000000000002, 0.0016, 0.0016, 0.0, 0.0013000000000000002, 0.0], [0.0222, 0.0222, 0.0222, 0.0222, 0.0, 0.0, 0.0, 0.0, 0.0, 0.0, 0.0, 0.0, 0.0009000000000000001, 0.0004, 0.0, 0.0004, 0.0, 0.0009000000000000001, 0.0009000000000000001, 0.0004, 0.0004, 0.0, 0.0009000000000000001, 0.0], [0.0099, 0.0099, 0.0099, 0.0099, 0.0, 0.0, 0.0, 0.0, 0.0005, 0.0005, 0.0005, 0.0005, 0.0001, 0.0001, 0.0023, 0.0001, 0.0023, 0.0001, 0.0001, 0.0001, 0.0001, 0.0023, 0.0001, 0.0023], [0.0006000000000000001, 0.0006000000000000001, 0.0006000000000000001, 0.0006000000000000001, 0.007, 0.007, 0.007, 0.007, 0.0, 0.0, 0.0, 0.0, 0.0, 0.0001, 0.0004, 0.0001, 0.0004, 0.0, 0.0, 0.0001, 0.0001, 0.0004, 0.0, 0.0004], [0.0088, 0.0088, 0.0088, 0.0088, 0.0001, 0.0001, 0.0001, 0.0001, 0.0, 0.0, 0.0, 0.0, 0.0, 0.0, 0.0009000000000000001, 0.0, 0.0009000000000000001, 0.0, 0.0, 0.0, 0.0, 0.0009000000000000001, 0.0, 0.0009000000000000001]]}}
bs_setyawan_curtarolo_vbm: {'band_index': {'1': [115]}, 'kpoint_index': [0, 47, 48], 'kpoint': <pymatgen.electronic_structure.bandstructure.Kpoint object at 0x7fc5d4b5a3c0>, 'energy': 4.2309, 'projections': {'1': [[0.0, 0.0, 0.0, 0.0, 0.0, 0.0, 0.0, 0.0, 0.0, 0.0, 0.0, 0.0, 0.0, 0.0, 0.0, 0.0, 0.0, 0.0, 0.0, 0.0, 0.0, 0.0, 0.0, 0.0], [0.0, 0.0, 0.0, 0.0, 0.0, 0.0, 0.0, 0.0, 0.0, 0.0, 0.0, 0.0, 0.0, 0.0, 0.0, 0.0, 0.0, 0.0, 0.0, 0.0, 0.0, 0.0, 0.0, 0.0], [0.0, 0.0, 0.0, 0.0, 0.0, 0.0, 0.0, 0.0, 0.0, 0.0, 0.0, 0.0, 0.0, 0.0, 0.0, 0.0, 0.0, 0.0, 0.0, 0.0, 0.0, 0.0, 0.0, 0.0], [0.0012000000000000001, 0.0012000000000000001, 0.0012000000000000001, 0.0012000000000000001, 0.0023, 0.0023, 0.0023, 0.0023, 0.0001, 0.0001, 0.0001, 0.0001, 0.017400000000000002, 0.0184, 0.0577, 0.0184, 0.0577, 0.017400000000000002, 0.017400000000000002, 0.0184, 0.0184, 0.0577, 0.017400000000000002, 0.0577], [0.0, 0.0, 0.0, 0.0, 0.0001, 0.0001, 0.0001, 0.0001, 0.0, 0.0, 0.0, 0.0, 0.0, 0.0, 0.0, 0.0, 0.0, 0.0, 0.0, 0.0, 0.0, 0.0, 0.0, 0.0], [0.0, 0.0, 0.0, 0.0, 0.0, 0.0, 0.0, 0.0, 0.0, 0.0, 0.0, 0.0, 0.0, 0.0, 0.0, 0.0, 0.0, 0.0, 0.0, 0.0, 0.0, 0.0, 0.0, 0.0], [0.0, 0.0, 0.0, 0.0, 0.0, 0.0, 0.0, 0.0, 0.0, 0.0, 0.0, 0.0, 0.0, 0.0, 0.0, 0.0, 0.0, 0.0, 0.0, 0.0, 0.0, 0.0, 0.0, 0.0], [0.0002, 0.0001, 0.0001, 0.0001, 0.088, 0.088, 0.088, 0.088, 0.0008, 0.0008, 0.0008, 0.0008, 0.0, 0.0, 0.0001, 0.0, 0.0001, 0.0, 0.0, 0.0, 0.0, 0.0001, 0.0, 0.0001], [0.0, 0.0, 0.0, 0.0, 0.0, 0.0, 0.0, 0.0, 0.0, 0.0, 0.0, 0.0, 0.0, 0.0, 0.0, 0.0, 0.0, 0.0, 0.0, 0.0, 0.0, 0.0, 0.0, 0.0]]}}
bs_setyawan_curtarolo_efermi: 4.33687194
bs_hinuma_task_id: mp-2101799
bs_hinuma_band_gap: 1.1223
bs_hinuma_cbm: {'band_index': {'1': [116]}, 'kpoint_index': ['12'], 'kpoint': <pymatgen.electronic_structure.bandstructure.Kpoint object at 0x7fc5d4b5a200>, 'energy': 5.3532, 'projections': {'1': [[0.0115, 0.0115, 0.0115, 0.0115, 0.0001, 0.0001, 0.0001, 0.0001, 0.0, 0.0, 0.0, 0.0, 0.0004, 0.0004, 0.0014, 0.0004, 0.0014, 0.0004, 0.0004, 0.0004, 0.0004, 0.0014, 0.0004, 0.0014], [0.0, 0.0, 0.0, 0.0, 0.0001, 0.0001, 0.0001, 0.0001, 0.0006000000000000001, 0.0006000000000000001, 0.0006000000000000001, 0.0006000000000000001, 0.0008, 0.00030000000000000003, 0.0, 0.00030000000000000003, 0.0, 0.0008, 0.0008, 0.00030000000000000003, 0.00030000000000000003, 0.0, 0.0008, 0.0], [0.0, 0.0, 0.0, 0.0, 0.0006000000000000001, 0.0006000000000000001, 0.0006000000000000001, 0.0006000000000000001, 0.0244, 0.0244, 0.0244, 0.0244, 0.0004, 0.0001, 0.0002, 0.0001, 0.0002, 0.0004, 0.0004, 0.0001, 0.0001, 0.0002, 0.0004, 0.0002], [0.0013000000000000002, 0.0013000000000000002, 0.0013000000000000002, 0.0013000000000000002, 0.002, 0.002, 0.002, 0.002, 0.023, 0.023, 0.0229, 0.0229, 0.0031000000000000003, 0.0032, 0.0006000000000000001, 0.0032, 0.0006000000000000001, 0.0031000000000000003, 0.0031000000000000003, 0.0032, 0.0032, 0.0006000000000000001, 0.0031000000000000003, 0.0006000000000000001], [0.00030000000000000003, 0.00030000000000000003, 0.00030000000000000003, 0.00030000000000000003, 0.0, 0.0, 0.0, 0.0, 0.0, 0.0, 0.0, 0.0, 0.0013000000000000002, 0.0016, 0.0, 0.0016, 0.0, 0.0013000000000000002, 0.0013000000000000002, 0.0016, 0.0016, 0.0, 0.0013000000000000002, 0.0], [0.0222, 0.0222, 0.0222, 0.0222, 0.0, 0.0, 0.0, 0.0, 0.0, 0.0, 0.0, 0.0, 0.0009000000000000001, 0.0004, 0.0, 0.0004, 0.0, 0.0009000000000000001, 0.0009000000000000001, 0.0004, 0.0004, 0.0, 0.0009000000000000001, 0.0], [0.0099, 0.0099, 0.0099, 0.0099, 0.0, 0.0, 0.0, 0.0, 0.0005, 0.0005, 0.0005, 0.0005, 0.0001, 0.0001, 0.0023, 0.0001, 0.0023, 0.0001, 0.0001, 0.0001, 0.0001, 0.0023, 0.0001, 0.0023], [0.0006000000000000001, 0.0006000000000000001, 0.0006000000000000001, 0.0006000000000000001, 0.007, 0.007, 0.007, 0.007, 0.0, 0.0, 0.0, 0.0, 0.0, 0.0001, 0.0004, 0.0001, 0.0004, 0.0, 0.0, 0.0001, 0.0001, 0.0004, 0.0, 0.0004], [0.0088, 0.0088, 0.0088, 0.0088, 0.0001, 0.0001, 0.0001, 0.0001, 0.0, 0.0, 0.0, 0.0, 0.0, 0.0, 0.0009000000000000001, 0.0, 0.0009000000000000001, 0.0, 0.0, 0.0, 0.0, 0.0009000000000000001, 0.0, 0.0009000000000000001]]}}
bs_hinuma_vbm: {'band_index': {'1': [115]}, 'kpoint_index': [0, 47, 48], 'kpoint': <pymatgen.electronic_structure.bandstructure.Kpoint object at 0x7fc5d4b59d30>, 'energy': 4.2309, 'projections': {'1': [[0.0, 0.0, 0.0, 0.0, 0.0, 0.0, 0.0, 0.0, 0.0, 0.0, 0.0, 0.0, 0.0, 0.0, 0.0, 0.0, 0.0, 0.0, 0.0, 0.0, 0.0, 0.0, 0.0, 0.0], [0.0, 0.0, 0.0, 0.0, 0.0, 0.0, 0.0, 0.0, 0.0, 0.0, 0.0, 0.0, 0.0, 0.0, 0.0, 0.0, 0.0, 0.0, 0.0, 0.0, 0.0, 0.0, 0.0, 0.0], [0.0, 0.0, 0.0, 0.0, 0.0, 0.0, 0.0, 0.0, 0.0, 0.0, 0.0, 0.0, 0.0, 0.0, 0.0, 0.0, 0.0, 0.0, 0.0, 0.0, 0.0, 0.0, 0.0, 0.0], [0.0012000000000000001, 0.0012000000000000001, 0.0012000000000000001, 0.0012000000000000001, 0.0023, 0.0023, 0.0023, 0.0023, 0.0001, 0.0001, 0.0001, 0.0001, 0.017400000000000002, 0.0184, 0.0577, 0.0184, 0.0577, 0.017400000000000002, 0.017400000000000002, 0.0184, 0.0184, 0.0577, 0.017400000000000002, 0.0577], [0.0, 0.0, 0.0, 0.0, 0.0001, 0.0001, 0.0001, 0.0001, 0.0, 0.0, 0.0, 0.0, 0.0, 0.0, 0.0, 0.0, 0.0, 0.0, 0.0, 0.0, 0.0, 0.0, 0.0, 0.0], [0.0, 0.0, 0.0, 0.0, 0.0, 0.0, 0.0, 0.0, 0.0, 0.0, 0.0, 0.0, 0.0, 0.0, 0.0, 0.0, 0.0, 0.0, 0.0, 0.0, 0.0, 0.0, 0.0, 0.0], [0.0, 0.0, 0.0, 0.0, 0.0, 0.0, 0.0, 0.0, 0.0, 0.0, 0.0, 0.0, 0.0, 0.0, 0.0, 0.0, 0.0, 0.0, 0.0, 0.0, 0.0, 0.0, 0.0, 0.0], [0.0002, 0.0001, 0.0001, 0.0001, 0.088, 0.088, 0.088, 0.088, 0.0008, 0.0008, 0.0008, 0.0008, 0.0, 0.0, 0.0001, 0.0, 0.0001, 0.0, 0.0, 0.0, 0.0, 0.0001, 0.0, 0.0001], [0.0, 0.0, 0.0, 0.0, 0.0, 0.0, 0.0, 0.0, 0.0, 0.0, 0.0, 0.0, 0.0, 0.0, 0.0, 0.0, 0.0, 0.0, 0.0, 0.0, 0.0, 0.0, 0.0, 0.0]]}}
bs_hinuma_efermi: 4.33687194
bs_latimer_munro_task_id: mp-2307805
bs_latimer_munro_band_gap: 1.1223
bs_latimer_munro_cbm: {'band_index': {'1': [116]}, 'kpoint_index': ['205'], 'kpoint': <pymatgen.electronic_structure.bandstructure.Kpoint object at 0x7fc5d4b5a350>, 'energy': 5.3532, 'projections': {'1': [[0.0115, 0.0115, 0.0115, 0.0115, 0.0001, 0.0001, 0.0001, 0.0001, 0.0, 0.0, 0.0, 0.0, 0.0004, 0.0004, 0.0014, 0.0004, 0.0014, 0.0004, 0.0004, 0.0004, 0.0004, 0.0014, 0.0004, 0.0014], [0.0, 0.0, 0.0, 0.0, 0.0001, 0.0001, 0.0001, 0.0001, 0.0006000000000000001, 0.0006000000000000001, 0.0006000000000000001, 0.0006000000000000001, 0.0008, 0.00030000000000000003, 0.0, 0.00030000000000000003, 0.0, 0.0008, 0.0008, 0.00030000000000000003, 0.00030000000000000003, 0.0, 0.0008, 0.0], [0.0, 0.0, 0.0, 0.0, 0.0006000000000000001, 0.0006000000000000001, 0.0006000000000000001, 0.0006000000000000001, 0.0244, 0.0244, 0.0244, 0.0244, 0.0004, 0.0001, 0.0002, 0.0001, 0.0002, 0.0004, 0.0004, 0.0001, 0.0001, 0.0002, 0.0004, 0.0002], [0.0013000000000000002, 0.0013000000000000002, 0.0013000000000000002, 0.0013000000000000002, 0.002, 0.002, 0.002, 0.002, 0.0229, 0.023, 0.023, 0.0229, 0.0031000000000000003, 0.0032, 0.0006000000000000001, 0.0032, 0.0006000000000000001, 0.0031000000000000003, 0.0031000000000000003, 0.0032, 0.0032, 0.0006000000000000001, 0.0031000000000000003, 0.0006000000000000001], [0.00030000000000000003, 0.00030000000000000003, 0.00030000000000000003, 0.00030000000000000003, 0.0, 0.0, 0.0, 0.0, 0.0, 0.0, 0.0, 0.0, 0.0013000000000000002, 0.0016, 0.0, 0.0016, 0.0, 0.0013000000000000002, 0.0013000000000000002, 0.0016, 0.0016, 0.0, 0.0013000000000000002, 0.0], [0.0222, 0.0222, 0.0222, 0.0222, 0.0, 0.0, 0.0, 0.0, 0.0, 0.0, 0.0, 0.0, 0.0009000000000000001, 0.0004, 0.0, 0.0004, 0.0, 0.0009000000000000001, 0.0009000000000000001, 0.0004, 0.0004, 0.0, 0.0009000000000000001, 0.0], [0.0099, 0.0099, 0.0099, 0.0099, 0.0, 0.0, 0.0, 0.0, 0.0005, 0.0005, 0.0005, 0.0005, 0.0001, 0.0001, 0.0023, 0.0001, 0.0023, 0.0001, 0.0001, 0.0001, 0.0001, 0.0023, 0.0001, 0.0023], [0.0006000000000000001, 0.0006000000000000001, 0.0006000000000000001, 0.0006000000000000001, 0.007, 0.007, 0.007, 0.007, 0.0, 0.0, 0.0, 0.0, 0.0, 0.0001, 0.0004, 0.0001, 0.0004, 0.0, 0.0, 0.0001, 0.0001, 0.0004, 0.0, 0.0004], [0.0088, 0.0088, 0.0088, 0.0088, 0.0001, 0.0001, 0.0001, 0.0001, 0.0, 0.0, 0.0, 0.0, 0.0, 0.0, 0.0009000000000000001, 0.0, 0.0009000000000000001, 0.0, 0.0, 0.0, 0.0, 0.0009000000000000001, 0.0, 0.0009000000000000001]]}}
bs_latimer_munro_vbm: {'band_index': {'1': [115]}, 'kpoint_index': [24, 25, 123, 124, 192, 193], 'kpoint': <pymatgen.electronic_structure.bandstructure.Kpoint object at 0x7fc5d4b59c50>, 'energy': 4.2309, 'projections': {'1': [[0.0, 0.0, 0.0, 0.0, 0.0, 0.0, 0.0, 0.0, 0.0, 0.0, 0.0, 0.0, 0.0, 0.0, 0.0, 0.0, 0.0, 0.0, 0.0, 0.0, 0.0, 0.0, 0.0, 0.0], [0.0, 0.0, 0.0, 0.0, 0.0, 0.0, 0.0, 0.0, 0.0, 0.0, 0.0, 0.0, 0.0, 0.0, 0.0, 0.0, 0.0, 0.0, 0.0, 0.0, 0.0, 0.0, 0.0, 0.0], [0.0, 0.0, 0.0, 0.0, 0.0, 0.0, 0.0, 0.0, 0.0, 0.0, 0.0, 0.0, 0.0, 0.0, 0.0, 0.0, 0.0, 0.0, 0.0, 0.0, 0.0, 0.0, 0.0, 0.0], [0.0012000000000000001, 0.0012000000000000001, 0.0012000000000000001, 0.0012000000000000001, 0.0023, 0.0023, 0.0023, 0.0023, 0.0001, 0.0001, 0.0001, 0.0001, 0.017400000000000002, 0.0184, 0.0577, 0.0184, 0.0577, 0.017400000000000002, 0.017400000000000002, 0.0184, 0.0184, 0.0577, 0.017400000000000002, 0.0577], [0.0, 0.0, 0.0, 0.0, 0.0001, 0.0001, 0.0001, 0.0001, 0.0, 0.0, 0.0, 0.0, 0.0, 0.0, 0.0, 0.0, 0.0, 0.0, 0.0, 0.0, 0.0, 0.0, 0.0, 0.0], [0.0, 0.0, 0.0, 0.0, 0.0, 0.0, 0.0, 0.0, 0.0, 0.0, 0.0, 0.0, 0.0, 0.0, 0.0, 0.0, 0.0, 0.0, 0.0, 0.0, 0.0, 0.0, 0.0, 0.0], [0.0, 0.0, 0.0, 0.0, 0.0, 0.0, 0.0, 0.0, 0.0, 0.0, 0.0, 0.0, 0.0, 0.0, 0.0, 0.0, 0.0, 0.0, 0.0, 0.0, 0.0, 0.0, 0.0, 0.0], [0.0001, 0.0002, 0.0002, 0.0001, 0.088, 0.088, 0.088, 0.088, 0.0008, 0.0008, 0.0008, 0.0008, 0.0, 0.0, 0.0001, 0.0, 0.0001, 0.0, 0.0, 0.0, 0.0, 0.0001, 0.0, 0.0001], [0.0, 0.0, 0.0, 0.0, 0.0, 0.0, 0.0, 0.0, 0.0, 0.0, 0.0, 0.0, 0.0, 0.0, 0.0, 0.0, 0.0, 0.0, 0.0, 0.0, 0.0, 0.0, 0.0, 0.0]]}}
bs_latimer_munro_efermi: 4.29054275