material_id: mp-6960
band_gap: 0.9554999999999991
efermi: 2.18882499
dos_magnetic_ordering: NM
dos_total_task_id: mp-1669456
dos_total_band_gap: 1.0598
dos_total_cbm: 3.1722
dos_total_vbm: 2.1124
dos_total_efermi: 2.11306973
bs_setyawan_curtarolo_task_id: mp-843115
bs_setyawan_curtarolo_band_gap: 0.9554999999999991
bs_setyawan_curtarolo_cbm: {'band_index': {'1': [32]}, 'kpoint_index': [0, 66, 67], 'kpoint': <pymatgen.electronic_structure.bandstructure.Kpoint object at 0x7fc699d63930>, 'energy': 3.086, 'projections': {}}
bs_setyawan_curtarolo_vbm: {'band_index': {'1': [31]}, 'kpoint_index': [56, 57, 113], 'kpoint': <pymatgen.electronic_structure.bandstructure.Kpoint object at 0x7fc5d4b59c50>, 'energy': 2.1305, 'projections': {}}
bs_setyawan_curtarolo_efermi: 2.18882499
bs_hinuma_task_id: mp-2071509
bs_hinuma_band_gap: 0.9571000000000001
bs_hinuma_cbm: {'band_index': {'1': [32]}, 'kpoint_index': [0, 39, 40, 52, 95, 96], 'kpoint': <pymatgen.electronic_structure.bandstructure.Kpoint object at 0x7fc5d4b5a430>, 'energy': 3.0871, 'projections': {'1': [[0.0155, 0.0155, 0.0155, 0.0155, 0.028, 0.028, 0.0405, 0.0405, 0.0405, 0.0405], [0.0005, 0.0005, 0.0005, 0.0005, 0.0, 0.0, 0.0009000000000000001, 0.0009000000000000001, 0.0009000000000000001, 0.0009000000000000001], [0.0005, 0.0005, 0.0005, 0.0005, 0.0, 0.0, 0.0032, 0.0032, 0.0032, 0.0032], [0.0, 0.0, 0.0, 0.0, 0.0, 0.0, 0.0, 0.0, 0.0, 0.0], [0.0, 0.0, 0.0, 0.0, 0.0, 0.0, 0.0, 0.0, 0.0, 0.0], [0.0002, 0.0002, 0.0002, 0.0002, 0.0, 0.0, 0.0, 0.0, 0.0, 0.0], [0.0001, 0.0001, 0.0001, 0.0001, 0.0, 0.0, 0.0, 0.0, 0.0, 0.0], [0.0, 0.0, 0.0, 0.0, 0.0, 0.0, 0.0, 0.0, 0.0, 0.0], [0.0001, 0.0001, 0.0001, 0.0001, 0.0, 0.0, 0.0001, 0.0001, 0.0001, 0.0001]]}}
bs_hinuma_vbm: {'band_index': {'1': [31]}, 'kpoint_index': [17, 18, 51], 'kpoint': <pymatgen.electronic_structure.bandstructure.Kpoint object at 0x7fc5d4b59e80>, 'energy': 2.13, 'projections': {'1': [[0.0001, 0.0001, 0.0001, 0.0001, 0.0, 0.0, 0.0002, 0.0002, 0.0002, 0.0002], [0.0009000000000000001, 0.0009000000000000001, 0.0009000000000000001, 0.0009000000000000001, 0.0, 0.0, 0.0512, 0.0512, 0.0512, 0.0512], [0.0028, 0.0028, 0.0028, 0.0028, 0.0, 0.0, 0.0485, 0.0485, 0.0485, 0.0485], [0.0, 0.0, 0.0, 0.0, 0.0001, 0.0001, 0.0, 0.0, 0.0, 0.0], [0.0, 0.0, 0.0, 0.0, 0.0, 0.0, 0.0, 0.0, 0.0, 0.0], [0.0002, 0.0002, 0.0002, 0.0002, 0.0, 0.0, 0.0, 0.0, 0.0, 0.0], [0.0002, 0.0002, 0.0002, 0.0002, 0.0, 0.0, 0.0, 0.0, 0.0, 0.0], [0.0, 0.0, 0.0, 0.0, 0.0, 0.0, 0.0, 0.0, 0.0, 0.0], [0.0, 0.0, 0.0, 0.0, 0.0, 0.0, 0.0, 0.0, 0.0, 0.0]]}}
bs_hinuma_efermi: 2.27692974
bs_latimer_munro_task_id: mp-2611203
bs_latimer_munro_band_gap: 0.9571000000000001
bs_latimer_munro_cbm: {'band_index': {'1': [32]}, 'kpoint_index': [25, 26, 122, 123, 137, 168, 169, 182, 194, 206], 'kpoint': <pymatgen.electronic_structure.bandstructure.Kpoint object at 0x7fc5d4b59be0>, 'energy': 3.0871, 'projections': {'1': [[0.0155, 0.0155, 0.0155, 0.0155, 0.028, 0.028, 0.0405, 0.0405, 0.0405, 0.0405], [0.0005, 0.0005, 0.0005, 0.0005, 0.0, 0.0, 0.0009000000000000001, 0.0009000000000000001, 0.0009000000000000001, 0.0009000000000000001], [0.0005, 0.0005, 0.0005, 0.0005, 0.0, 0.0, 0.0032, 0.0032, 0.0032, 0.0032], [0.0, 0.0, 0.0, 0.0, 0.0, 0.0, 0.0, 0.0, 0.0, 0.0], [0.0, 0.0, 0.0, 0.0, 0.0, 0.0, 0.0, 0.0, 0.0, 0.0], [0.0002, 0.0002, 0.0002, 0.0002, 0.0, 0.0, 0.0, 0.0, 0.0, 0.0], [0.0001, 0.0001, 0.0001, 0.0001, 0.0, 0.0, 0.0, 0.0, 0.0, 0.0], [0.0, 0.0, 0.0, 0.0, 0.0, 0.0, 0.0, 0.0, 0.0, 0.0], [0.0001, 0.0001, 0.0001, 0.0001, 0.0, 0.0, 0.0001, 0.0001, 0.0001, 0.0001]]}}
bs_latimer_munro_vbm: {'band_index': {'1': [31]}, 'kpoint_index': [102, 103, 158, 159], 'kpoint': <pymatgen.electronic_structure.bandstructure.Kpoint object at 0x7fc5d4b59d30>, 'energy': 2.13, 'projections': {'1': [[0.0001, 0.0001, 0.0001, 0.0001, 0.0, 0.0, 0.0002, 0.0002, 0.0002, 0.0002], [0.0009000000000000001, 0.0009000000000000001, 0.0009000000000000001, 0.0009000000000000001, 0.0, 0.0, 0.0512, 0.0512, 0.0512, 0.0512], [0.0028, 0.0028, 0.0028, 0.0028, 0.0, 0.0, 0.0485, 0.0485, 0.0485, 0.0485], [0.0, 0.0, 0.0, 0.0, 0.0001, 0.0001, 0.0, 0.0, 0.0, 0.0], [0.0, 0.0, 0.0, 0.0, 0.0, 0.0, 0.0, 0.0, 0.0, 0.0], [0.0002, 0.0002, 0.0002, 0.0002, 0.0, 0.0, 0.0, 0.0, 0.0, 0.0], [0.0002, 0.0002, 0.0002, 0.0002, 0.0, 0.0, 0.0, 0.0, 0.0, 0.0], [0.0, 0.0, 0.0, 0.0, 0.0, 0.0, 0.0, 0.0, 0.0, 0.0], [0.0, 0.0, 0.0, 0.0, 0.0, 0.0, 0.0, 0.0, 0.0, 0.0]]}}
bs_latimer_munro_efermi: 2.27616995