material_id: mp-6126
band_gap: 2.115599999999999
efermi: 0.91058458
dos_magnetic_ordering: NM
dos_total_task_id: mp-1669036
dos_total_band_gap: 2.1272
dos_total_cbm: 2.8916
dos_total_vbm: 0.7644000000000001
dos_total_efermi: 0.76923116
bs_setyawan_curtarolo_task_id: mp-669452
bs_setyawan_curtarolo_band_gap: 2.115599999999999
bs_setyawan_curtarolo_cbm: {'band_index': {'1': [54]}, 'kpoint_index': [0, 26, 27], 'kpoint': <pymatgen.electronic_structure.bandstructure.Kpoint object at 0x7fc699d63930>, 'energy': 2.8827, 'projections': {'1': [[0.006900000000000001, 0.006900000000000001, 0.006900000000000001, 0.0654, 0.0654, 0.0654, 0.0034000000000000002, 0.0055000000000000005, 0.0046, 0.0102, 0.0102, 0.0102, 0.019100000000000002, 0.019100000000000002, 0.019100000000000002, 0.0172, 0.0172, 0.0172], [0.0002, 0.0, 0.0001, 0.0001, 0.0004, 0.0002, 0.0, 0.0, 0.0, 0.0019, 0.0023, 0.008400000000000001, 0.0117, 0.0002, 0.009300000000000001, 0.0017000000000000001, 0.007200000000000001, 0.016], [0.0, 0.0, 0.0, 0.0, 0.0, 0.0, 0.0, 0.0, 0.0, 0.0, 0.0, 0.0, 0.0, 0.0, 0.0, 0.0, 0.0, 0.0], [0.0, 0.0002, 0.0001, 0.0004, 0.0, 0.00030000000000000003, 0.0, 0.0, 0.0, 0.006500000000000001, 0.0061, 0.0, 0.0024000000000000002, 0.013900000000000001, 0.0048000000000000004, 0.0149, 0.0094, 0.0006000000000000001], [0.0, 0.0, 0.0, 0.0, 0.0, 0.0, 0.0, 0.0, 0.0, 0.0, 0.0, 0.0, 0.0, 0.0, 0.0, 0.0, 0.0, 0.0], [0.0, 0.0, 0.0, 0.0, 0.0, 0.0, 0.0, 0.0, 0.0, 0.0, 0.0, 0.0, 0.0, 0.0, 0.0, 0.0, 0.0, 0.0], [0.0, 0.0, 0.0, 0.0015, 0.0015, 0.0015, 0.0, 0.0, 0.0, 0.0, 0.0, 0.0, 0.0, 0.0, 0.0, 0.0, 0.0, 0.0], [0.0, 0.0, 0.0, 0.0, 0.0, 0.0, 0.0, 0.0, 0.0, 0.0, 0.0, 0.0, 0.0, 0.0, 0.0, 0.0, 0.0, 0.0], [0.0, 0.0, 0.0, 0.0, 0.0, 0.0, 0.0, 0.0, 0.0, 0.0, 0.0, 0.0, 0.0, 0.0, 0.0, 0.0, 0.0, 0.0]]}}
bs_setyawan_curtarolo_vbm: {'band_index': {'1': [53]}, 'kpoint_index': [46, 47, 73], 'kpoint': <pymatgen.electronic_structure.bandstructure.Kpoint object at 0x7fc5d4b5a200>, 'energy': 0.7671, 'projections': {'1': [[0.0, 0.0, 0.0, 0.0, 0.0, 0.0, 0.0, 0.0001, 0.0008, 0.0, 0.0, 0.0, 0.0004, 0.0004, 0.0004, 0.0002, 0.0002, 0.0002], [0.0005, 0.0063, 0.0034000000000000002, 0.0, 0.0, 0.0, 0.0, 0.0, 0.0, 0.0, 0.0, 0.0, 0.085, 0.0, 0.0863, 0.0011, 0.0853, 0.10590000000000001], [0.0, 0.0, 0.0, 0.0, 0.0, 0.0, 0.0001, 0.0, 0.0, 0.0, 0.0, 0.0, 0.0, 0.0, 0.0, 0.0, 0.0, 0.0], [0.0063, 0.0005, 0.0034000000000000002, 0.0, 0.0, 0.0, 0.0, 0.0, 0.0, 0.0, 0.0, 0.0, 0.0292, 0.11420000000000001, 0.0279, 0.12710000000000002, 0.0429, 0.0223], [0.0, 0.0, 0.0, 0.0, 0.0, 0.0, 0.0, 0.0, 0.0, 0.0, 0.0, 0.0, 0.0, 0.0, 0.0, 0.0, 0.0, 0.0], [0.0, 0.0, 0.0, 0.0092, 0.0014, 0.0178, 0.0, 0.0, 0.0, 0.0, 0.0, 0.0, 0.0, 0.0, 0.0, 0.0, 0.0, 0.0], [0.0, 0.0, 0.0, 0.0, 0.0, 0.0, 0.0, 0.0, 0.0, 0.0, 0.0, 0.0, 0.0, 0.0, 0.0, 0.0, 0.0, 0.0], [0.0, 0.0, 0.0, 0.0097, 0.0175, 0.0011, 0.0, 0.0, 0.0, 0.0, 0.0, 0.0, 0.0, 0.0, 0.0, 0.0, 0.0, 0.0], [0.0, 0.0, 0.0, 0.0, 0.0, 0.0, 0.0, 0.0, 0.0, 0.0, 0.0, 0.0, 0.0, 0.0, 0.0, 0.0, 0.0, 0.0]]}}
bs_setyawan_curtarolo_efermi: 0.91058458