material_id: mp-675446
band_gap: 0.10020000000000001
efermi: 5.291564539999999
dos_magnetic_ordering: FM
dos_total_task_id: mp-1738514
dos_total_band_gap: 0.0
dos_total_cbm: 5.2393
dos_total_vbm: 5.2766
dos_total_efermi: 5.24347846
bs_setyawan_curtarolo_task_id: mp-947779
bs_setyawan_curtarolo_band_gap: 0.10020000000000001
bs_setyawan_curtarolo_cbm: {'band_index': {'-1': [64], '1': []}, 'kpoint_index': [17, 18, 83, 84, 151, 152, 181], 'kpoint': <pymatgen.electronic_structure.bandstructure.Kpoint object at 0x7fc699d63930>, 'energy': 5.3275, 'projections': {'-1': [[0.0, 0.0, 0.0, 0.0, 0.0, 0.0001, 0.0002, 0.0001, 0.0, 0.0, 0.0, 0.0, 0.0, 0.0, 0.0, 0.0], [0.0, 0.0, 0.0, 0.0, 0.0, 0.0, 0.0, 0.0, 0.00030000000000000003, 0.0002, 0.0, 0.0002, 0.0002, 0.0002, 0.0, 0.0004], [0.0, 0.0, 0.0, 0.0, 0.0, 0.0, 0.0, 0.0, 0.00030000000000000003, 0.0005, 0.00030000000000000003, 0.0002, 0.0001, 0.0004, 0.0005, 0.00030000000000000003], [0.0001, 0.0002, 0.0001, 0.0002, 0.0009000000000000001, 0.0009000000000000001, 0.0009000000000000001, 0.0009000000000000001, 0.0128, 0.023700000000000002, 0.0118, 0.020800000000000003, 0.0132, 0.0201, 0.012400000000000001, 0.023200000000000002], [0.0, 0.0, 0.0, 0.0, 0.027100000000000003, 0.0264, 0.0229, 0.0296, 0.0, 0.0, 0.0, 0.0, 0.0, 0.0, 0.0, 0.0], [0.0, 0.0, 0.0, 0.0, 0.0045000000000000005, 0.0011, 0.0041, 0.0051, 0.0, 0.0, 0.0, 0.0, 0.0, 0.0, 0.0, 0.0], [0.0, 0.0, 0.0, 0.0, 0.0023, 0.0014, 0.0018000000000000002, 0.0034000000000000002, 0.0, 0.0, 0.0, 0.0, 0.0, 0.0, 0.0, 0.0], [0.0, 0.0, 0.0, 0.0, 0.2021, 0.11520000000000001, 0.1163, 0.19890000000000002, 0.0, 0.0, 0.0, 0.0, 0.0, 0.0, 0.0, 0.0], [0.0, 0.0, 0.0, 0.0, 0.0016, 0.0002, 0.0, 0.0018000000000000002, 0.0, 0.0, 0.0, 0.0, 0.0, 0.0, 0.0, 0.0]]}}
bs_setyawan_curtarolo_vbm: {'band_index': {'-1': [63], '1': []}, 'kpoint_index': [0], 'kpoint': <pymatgen.electronic_structure.bandstructure.Kpoint object at 0x7fc5d4b5a3c0>, 'energy': 5.2273, 'projections': {'-1': [[0.0, 0.0, 0.0, 0.0, 0.0115, 0.0109, 0.0114, 0.0114, 0.0014, 0.0018000000000000002, 0.0015, 0.0018000000000000002, 0.0013000000000000002, 0.0015, 0.0014, 0.0015], [0.0001, 0.0001, 0.0001, 0.0001, 0.0, 0.0, 0.0, 0.0, 0.0263, 0.0213, 0.026000000000000002, 0.018000000000000002, 0.0234, 0.0173, 0.0244, 0.0199], [0.0, 0.0, 0.0, 0.0, 0.0004, 0.0004, 0.0005, 0.00030000000000000003, 0.002, 0.0026000000000000003, 0.0029000000000000002, 0.0016, 0.0022, 0.0014, 0.0034000000000000002, 0.0021000000000000003], [0.0, 0.0, 0.0, 0.0, 0.0, 0.0, 0.0, 0.0, 0.0, 0.0, 0.0, 0.0, 0.0, 0.0, 0.0, 0.0], [0.0, 0.0, 0.0, 0.0, 0.0, 0.0, 0.0001, 0.0, 0.0, 0.0, 0.0, 0.0, 0.0, 0.0, 0.0, 0.0], [0.0, 0.0, 0.0, 0.0, 0.0222, 0.0172, 0.0159, 0.025, 0.0, 0.0, 0.0, 0.0, 0.0, 0.0, 0.0, 0.0], [0.0, 0.0, 0.0, 0.0, 0.0318, 0.0296, 0.0269, 0.0383, 0.0, 0.0, 0.0, 0.0, 0.0, 0.0, 0.0, 0.0], [0.0, 0.0, 0.0, 0.0, 0.0, 0.0, 0.0001, 0.0002, 0.0, 0.0, 0.0, 0.0, 0.0, 0.0, 0.0, 0.0], [0.0, 0.0, 0.0, 0.0, 0.10790000000000001, 0.10060000000000001, 0.10160000000000001, 0.113, 0.0, 0.0, 0.0, 0.0, 0.0, 0.0, 0.0, 0.0]]}}
bs_setyawan_curtarolo_efermi: 5.291564539999999