material_id: mp-675623
band_gap: 6.0296
efermi: -0.07907906
dos_magnetic_ordering: NM
dos_total_task_id: mp-1742085
dos_total_band_gap: 6.016500000000001
dos_total_cbm: 5.8722
dos_total_vbm: -0.1443
dos_total_efermi: -0.13806953
bs_setyawan_curtarolo_task_id: mp-1654590
bs_setyawan_curtarolo_band_gap: 6.0296
bs_setyawan_curtarolo_cbm: {'band_index': {'1': [40]}, 'kpoint_index': [0, 43, 44], 'kpoint': <pymatgen.electronic_structure.bandstructure.Kpoint object at 0x7fc699d63930>, 'energy': 5.8857, 'projections': {'1': [[0.013600000000000001, 0.013600000000000001, 0.0546, 0.0546, 0.018000000000000002, 0.018000000000000002, 0.018000000000000002, 0.018000000000000002, 0.018000000000000002, 0.018000000000000002, 0.018000000000000002, 0.018000000000000002], [0.0, 0.0, 0.0, 0.0, 0.0, 0.0, 0.015300000000000001, 0.015300000000000001, 0.015300000000000001, 0.0, 0.0, 0.015300000000000001], [0.0, 0.0, 0.0, 0.0, 0.0091, 0.0091, 0.0091, 0.0091, 0.0091, 0.0091, 0.0091, 0.0091], [0.0, 0.0, 0.0, 0.0, 0.015300000000000001, 0.015300000000000001, 0.0, 0.0, 0.0, 0.015300000000000001, 0.015300000000000001, 0.0], [0.0, 0.0, 0.0, 0.0, 0.0, 0.0, 0.0, 0.0, 0.0, 0.0, 0.0, 0.0], [0.0, 0.0, 0.0, 0.0, 0.0, 0.0, 0.0, 0.0, 0.0, 0.0, 0.0, 0.0], [0.0, 0.0, 0.0, 0.0, 0.0, 0.0, 0.0, 0.0, 0.0, 0.0, 0.0, 0.0], [0.0, 0.0, 0.0, 0.0, 0.0, 0.0, 0.0, 0.0, 0.0, 0.0, 0.0, 0.0], [0.0, 0.0, 0.0, 0.0, 0.0, 0.0, 0.0, 0.0, 0.0, 0.0, 0.0, 0.0]]}}
bs_setyawan_curtarolo_vbm: {'band_index': {'1': [39]}, 'kpoint_index': ['65'], 'kpoint': <pymatgen.electronic_structure.bandstructure.Kpoint object at 0x7fc5d4b5a3c0>, 'energy': -0.1439, 'projections': {'1': [[0.0, 0.0, 0.0, 0.0, 0.0, 0.0, 0.0, 0.0, 0.0, 0.0, 0.0, 0.0], [0.0, 0.0, 0.0, 0.0, 0.0245, 0.0245, 0.0, 0.0, 0.0, 0.0245, 0.0245, 0.0], [0.0, 0.0, 0.0, 0.0, 0.0682, 0.0682, 0.0, 0.0, 0.0, 0.0682, 0.0682, 0.0], [0.0033, 0.0033, 0.0, 0.0, 0.039900000000000005, 0.039900000000000005, 0.0618, 0.0618, 0.0618, 0.039900000000000005, 0.039900000000000005, 0.0618], [0.0, 0.0, 0.0, 0.0, 0.0, 0.0, 0.0, 0.0, 0.0, 0.0, 0.0, 0.0], [0.0, 0.0, 0.0, 0.0, 0.0, 0.0, 0.0, 0.0, 0.0, 0.0, 0.0, 0.0], [0.0, 0.0, 0.0, 0.0, 0.0, 0.0, 0.0, 0.0, 0.0, 0.0, 0.0, 0.0], [0.0, 0.0, 0.0, 0.0, 0.0, 0.0, 0.0, 0.0, 0.0, 0.0, 0.0, 0.0], [0.0, 0.0, 0.0, 0.0, 0.0, 0.0, 0.0, 0.0, 0.0, 0.0, 0.0, 0.0]]}}
bs_setyawan_curtarolo_efermi: -0.07907906
bs_hinuma_task_id: mp-2054101
bs_hinuma_band_gap: 6.0296
bs_hinuma_cbm: {'band_index': {'1': [40]}, 'kpoint_index': [0, 43, 44], 'kpoint': <pymatgen.electronic_structure.bandstructure.Kpoint object at 0x7fc5d4b59d30>, 'energy': 5.8857, 'projections': {'1': [[0.013600000000000001, 0.013600000000000001, 0.0546, 0.0546, 0.018000000000000002, 0.018000000000000002, 0.018000000000000002, 0.018000000000000002, 0.018000000000000002, 0.018000000000000002, 0.018000000000000002, 0.018000000000000002], [0.0, 0.0, 0.0, 0.0, 0.0, 0.0, 0.015300000000000001, 0.015300000000000001, 0.015300000000000001, 0.0, 0.0, 0.015300000000000001], [0.0, 0.0, 0.0, 0.0, 0.0091, 0.0091, 0.0091, 0.0091, 0.0091, 0.0091, 0.0091, 0.0091], [0.0, 0.0, 0.0, 0.0, 0.015300000000000001, 0.015300000000000001, 0.0, 0.0, 0.0, 0.015300000000000001, 0.015300000000000001, 0.0], [0.0, 0.0, 0.0, 0.0, 0.0, 0.0, 0.0, 0.0, 0.0, 0.0, 0.0, 0.0], [0.0, 0.0, 0.0, 0.0, 0.0, 0.0, 0.0, 0.0, 0.0, 0.0, 0.0, 0.0], [0.0, 0.0, 0.0, 0.0, 0.0, 0.0, 0.0, 0.0, 0.0, 0.0, 0.0, 0.0], [0.0, 0.0, 0.0, 0.0, 0.0, 0.0, 0.0, 0.0, 0.0, 0.0, 0.0, 0.0], [0.0, 0.0, 0.0, 0.0, 0.0, 0.0, 0.0, 0.0, 0.0, 0.0, 0.0, 0.0]]}}
bs_hinuma_vbm: {'band_index': {'1': [39]}, 'kpoint_index': ['65'], 'kpoint': <pymatgen.electronic_structure.bandstructure.Kpoint object at 0x7fc5d4b59e80>, 'energy': -0.1439, 'projections': {'1': [[0.0, 0.0, 0.0, 0.0, 0.0, 0.0, 0.0, 0.0, 0.0, 0.0, 0.0, 0.0], [0.0, 0.0, 0.0, 0.0, 0.0245, 0.0245, 0.0, 0.0, 0.0, 0.0245, 0.0245, 0.0], [0.0, 0.0, 0.0, 0.0, 0.0682, 0.0682, 0.0, 0.0, 0.0, 0.0682, 0.0682, 0.0], [0.0033, 0.0033, 0.0, 0.0, 0.039900000000000005, 0.039900000000000005, 0.0618, 0.0618, 0.0618, 0.039900000000000005, 0.039900000000000005, 0.0618], [0.0, 0.0, 0.0, 0.0, 0.0, 0.0, 0.0, 0.0, 0.0, 0.0, 0.0, 0.0], [0.0, 0.0, 0.0, 0.0, 0.0, 0.0, 0.0, 0.0, 0.0, 0.0, 0.0, 0.0], [0.0, 0.0, 0.0, 0.0, 0.0, 0.0, 0.0, 0.0, 0.0, 0.0, 0.0, 0.0], [0.0, 0.0, 0.0, 0.0, 0.0, 0.0, 0.0, 0.0, 0.0, 0.0, 0.0, 0.0], [0.0, 0.0, 0.0, 0.0, 0.0, 0.0, 0.0, 0.0, 0.0, 0.0, 0.0, 0.0]]}}
bs_hinuma_efermi: -0.07907906
bs_latimer_munro_task_id: mp-2301016
bs_latimer_munro_band_gap: 6.0296
bs_latimer_munro_cbm: {'band_index': {'1': [40]}, 'kpoint_index': [28, 29, 133, 134, 144], 'kpoint': <pymatgen.electronic_structure.bandstructure.Kpoint object at 0x7fc5d4b5a350>, 'energy': 5.8857, 'projections': {'1': [[0.013600000000000001, 0.013600000000000001, 0.0546, 0.0546, 0.018000000000000002, 0.018000000000000002, 0.018000000000000002, 0.018000000000000002, 0.018000000000000002, 0.018000000000000002, 0.018000000000000002, 0.018000000000000002], [0.0, 0.0, 0.0, 0.0, 0.0, 0.0, 0.015300000000000001, 0.015300000000000001, 0.015300000000000001, 0.0, 0.0, 0.015300000000000001], [0.0, 0.0, 0.0, 0.0, 0.0091, 0.0091, 0.0091, 0.0091, 0.0091, 0.0091, 0.0091, 0.0091], [0.0, 0.0, 0.0, 0.0, 0.015300000000000001, 0.015300000000000001, 0.0, 0.0, 0.0, 0.015300000000000001, 0.015300000000000001, 0.0], [0.0, 0.0, 0.0, 0.0, 0.0, 0.0, 0.0, 0.0, 0.0, 0.0, 0.0, 0.0], [0.0, 0.0, 0.0, 0.0, 0.0, 0.0, 0.0, 0.0, 0.0, 0.0, 0.0, 0.0], [0.0, 0.0, 0.0, 0.0, 0.0, 0.0, 0.0, 0.0, 0.0, 0.0, 0.0, 0.0], [0.0, 0.0, 0.0, 0.0, 0.0, 0.0, 0.0, 0.0, 0.0, 0.0, 0.0, 0.0], [0.0, 0.0, 0.0, 0.0, 0.0, 0.0, 0.0, 0.0, 0.0, 0.0, 0.0, 0.0]]}}
bs_latimer_munro_vbm: {'band_index': {'1': [39]}, 'kpoint_index': ['78'], 'kpoint': <pymatgen.electronic_structure.bandstructure.Kpoint object at 0x7fc5d4b59be0>, 'energy': -0.1439, 'projections': {'1': [[0.0, 0.0, 0.0, 0.0, 0.0, 0.0, 0.0, 0.0, 0.0, 0.0, 0.0, 0.0], [0.0033, 0.0033, 0.0, 0.0, 0.0618, 0.0618, 0.039900000000000005, 0.039900000000000005, 0.039900000000000005, 0.0618, 0.0618, 0.039900000000000005], [0.0, 0.0, 0.0, 0.0, 0.0, 0.0, 0.0682, 0.0682, 0.0682, 0.0, 0.0, 0.0682], [0.0, 0.0, 0.0, 0.0, 0.0, 0.0, 0.0245, 0.0245, 0.0245, 0.0, 0.0, 0.0245], [0.0, 0.0, 0.0, 0.0, 0.0, 0.0, 0.0, 0.0, 0.0, 0.0, 0.0, 0.0], [0.0, 0.0, 0.0, 0.0, 0.0, 0.0, 0.0, 0.0, 0.0, 0.0, 0.0, 0.0], [0.0, 0.0, 0.0, 0.0, 0.0, 0.0, 0.0, 0.0, 0.0, 0.0, 0.0, 0.0], [0.0, 0.0, 0.0, 0.0, 0.0, 0.0, 0.0, 0.0, 0.0, 0.0, 0.0, 0.0], [0.0, 0.0, 0.0, 0.0, 0.0, 0.0, 0.0, 0.0, 0.0, 0.0, 0.0, 0.0]]}}
bs_latimer_munro_efermi: -0.0758238