material_id: mp-643387
band_gap: 4.496700000000001
efermi: 1.6549876700000001
dos_magnetic_ordering: NM
dos_total_task_id: mp-1708319
dos_total_band_gap: 4.575
dos_total_cbm: 6.1477
dos_total_vbm: 1.5727
dos_total_efermi: 1.57963607
bs_setyawan_curtarolo_task_id: mp-1597933
bs_setyawan_curtarolo_band_gap: 4.496700000000001
bs_setyawan_curtarolo_cbm: {'band_index': {'1': [52]}, 'kpoint_index': [27], 'kpoint': <pymatgen.electronic_structure.bandstructure.Kpoint object at 0x7fc699d63930>, 'energy': 6.0814, 'projections': {'1': [[0.00030000000000000003, 0.00030000000000000003, 0.0007, 0.0007, 0.0008, 0.0008, 0.0019, 0.0019, 0.0016, 0.0016, 0.0063, 0.0063, 0.0032, 0.0032, 0.0021000000000000003, 0.0021000000000000003, 0.0108, 0.0108], [0.0011, 0.0011, 0.0001, 0.0001, 0.0002, 0.0002, 0.0285, 0.0285, 0.0026000000000000003, 0.0026000000000000003, 0.0008, 0.0008, 0.0029000000000000002, 0.0029000000000000002, 0.0004, 0.0004, 0.0043, 0.0043], [0.0005, 0.0005, 0.0, 0.0, 0.0, 0.0, 0.0, 0.0, 0.0001, 0.0001, 0.0005, 0.0005, 0.0033, 0.0033, 0.0073, 0.0073, 0.0015, 0.0015], [0.0044, 0.0044, 0.0006000000000000001, 0.0006000000000000001, 0.0011, 0.0011, 0.1317, 0.1317, 0.0019, 0.0019, 0.0044, 0.0044, 0.0019, 0.0019, 0.0007, 0.0007, 0.007, 0.007], [0.0, 0.0, 0.0, 0.0, 0.0, 0.0, 0.0, 0.0, 0.0, 0.0, 0.0, 0.0, 0.0, 0.0, 0.0, 0.0, 0.0, 0.0], [0.0, 0.0, 0.0, 0.0, 0.0, 0.0, 0.0, 0.0, 0.0, 0.0, 0.0, 0.0, 0.0, 0.0, 0.0, 0.0, 0.0, 0.0], [0.0, 0.0, 0.0, 0.0, 0.0, 0.0, 0.0001, 0.0001, 0.0, 0.0, 0.0, 0.0, 0.0, 0.0, 0.0, 0.0, 0.0, 0.0], [0.0, 0.0, 0.0, 0.0, 0.0, 0.0, 0.0, 0.0, 0.0, 0.0, 0.0, 0.0, 0.0, 0.0, 0.0, 0.0, 0.0, 0.0], [0.0, 0.0, 0.0, 0.0, 0.0, 0.0, 0.0005, 0.0005, 0.0, 0.0, 0.0, 0.0, 0.0, 0.0, 0.0, 0.0, 0.0, 0.0]]}}
bs_setyawan_curtarolo_vbm: {'band_index': {'1': [51]}, 'kpoint_index': [59], 'kpoint': <pymatgen.electronic_structure.bandstructure.Kpoint object at 0x7fc5d4b5a350>, 'energy': 1.5847, 'projections': {'1': [[0.0001, 0.0001, 0.0, 0.0, 0.0001, 0.0001, 0.10110000000000001, 0.10110000000000001, 0.0, 0.0, 0.0001, 0.0001, 0.0001, 0.0001, 0.0, 0.0, 0.0001, 0.0001], [0.0, 0.0, 0.0004, 0.0004, 0.0014, 0.0014, 0.0135, 0.0135, 0.022500000000000003, 0.022500000000000003, 0.0844, 0.0844, 0.0047, 0.0047, 0.0001, 0.0001, 0.0049, 0.0049], [0.0, 0.0, 0.0, 0.0, 0.0008, 0.0008, 0.0017000000000000001, 0.0017000000000000001, 0.0051, 0.0051, 0.061500000000000006, 0.061500000000000006, 0.013900000000000001, 0.013900000000000001, 0.011300000000000001, 0.011300000000000001, 0.0001, 0.0001], [0.0, 0.0, 0.0, 0.0, 0.0001, 0.0001, 0.0004, 0.0004, 0.0025, 0.0025, 0.008700000000000001, 0.008700000000000001, 0.00030000000000000003, 0.00030000000000000003, 0.0095, 0.0095, 0.0555, 0.0555], [0.0, 0.0, 0.0, 0.0, 0.0, 0.0, 0.0, 0.0, 0.0, 0.0, 0.0, 0.0, 0.0, 0.0, 0.0, 0.0, 0.0, 0.0], [0.0, 0.0, 0.0, 0.0, 0.0, 0.0, 0.0, 0.0, 0.0, 0.0, 0.0, 0.0, 0.0, 0.0, 0.0, 0.0, 0.0, 0.0], [0.0, 0.0, 0.0, 0.0, 0.0, 0.0, 0.0, 0.0, 0.0, 0.0, 0.0, 0.0, 0.0, 0.0, 0.0, 0.0, 0.0, 0.0], [0.0, 0.0, 0.0, 0.0, 0.0, 0.0, 0.0002, 0.0002, 0.0, 0.0, 0.0, 0.0, 0.0, 0.0, 0.0, 0.0, 0.0, 0.0], [0.0, 0.0, 0.0, 0.0, 0.0, 0.0, 0.0002, 0.0002, 0.0, 0.0, 0.0, 0.0, 0.0, 0.0, 0.0, 0.0, 0.0, 0.0]]}}
bs_setyawan_curtarolo_efermi: 1.6549876700000001
bs_hinuma_task_id: mp-2183082
bs_hinuma_band_gap: 4.496700000000001
bs_hinuma_cbm: {'band_index': {'1': [52]}, 'kpoint_index': [105], 'kpoint': <pymatgen.electronic_structure.bandstructure.Kpoint object at 0x7fc5d4b59be0>, 'energy': 6.0814, 'projections': {'1': [[0.00030000000000000003, 0.00030000000000000003, 0.0007, 0.0007, 0.0008, 0.0008, 0.0019, 0.0019, 0.0016, 0.0016, 0.0063, 0.0063, 0.0032, 0.0032, 0.0021000000000000003, 0.0021000000000000003, 0.0108, 0.0108], [0.0011, 0.0011, 0.0001, 0.0001, 0.0002, 0.0002, 0.0285, 0.0285, 0.0026000000000000003, 0.0026000000000000003, 0.0008, 0.0008, 0.0029000000000000002, 0.0029000000000000002, 0.0004, 0.0004, 0.0043, 0.0043], [0.0005, 0.0005, 0.0, 0.0, 0.0, 0.0, 0.0, 0.0, 0.0001, 0.0001, 0.0005, 0.0005, 0.0033, 0.0033, 0.0073, 0.0073, 0.0015, 0.0015], [0.0044, 0.0044, 0.0006000000000000001, 0.0006000000000000001, 0.0011, 0.0011, 0.1317, 0.1317, 0.0019, 0.0019, 0.0044, 0.0044, 0.0019, 0.0019, 0.0007, 0.0007, 0.007, 0.007], [0.0, 0.0, 0.0, 0.0, 0.0, 0.0, 0.0, 0.0, 0.0, 0.0, 0.0, 0.0, 0.0, 0.0, 0.0, 0.0, 0.0, 0.0], [0.0, 0.0, 0.0, 0.0, 0.0, 0.0, 0.0, 0.0, 0.0, 0.0, 0.0, 0.0, 0.0, 0.0, 0.0, 0.0, 0.0, 0.0], [0.0, 0.0, 0.0, 0.0, 0.0, 0.0, 0.0001, 0.0001, 0.0, 0.0, 0.0, 0.0, 0.0, 0.0, 0.0, 0.0, 0.0, 0.0], [0.0, 0.0, 0.0, 0.0, 0.0, 0.0, 0.0, 0.0, 0.0, 0.0, 0.0, 0.0, 0.0, 0.0, 0.0, 0.0, 0.0, 0.0], [0.0, 0.0, 0.0, 0.0, 0.0, 0.0, 0.0005, 0.0005, 0.0, 0.0, 0.0, 0.0, 0.0, 0.0, 0.0, 0.0, 0.0, 0.0]]}}
bs_hinuma_vbm: {'band_index': {'1': [51]}, 'kpoint_index': [73], 'kpoint': <pymatgen.electronic_structure.bandstructure.Kpoint object at 0x7fc5d4b5a190>, 'energy': 1.5847, 'projections': {'1': [[0.0001, 0.0001, 0.0, 0.0, 0.0001, 0.0001, 0.10110000000000001, 0.10110000000000001, 0.0, 0.0, 0.0001, 0.0001, 0.0001, 0.0001, 0.0, 0.0, 0.0001, 0.0001], [0.0, 0.0, 0.0004, 0.0004, 0.0014, 0.0014, 0.0135, 0.0135, 0.022500000000000003, 0.022500000000000003, 0.0844, 0.0844, 0.0047, 0.0047, 0.0001, 0.0001, 0.0049, 0.0049], [0.0, 0.0, 0.0, 0.0, 0.0008, 0.0008, 0.0017000000000000001, 0.0017000000000000001, 0.0051, 0.0051, 0.061500000000000006, 0.061500000000000006, 0.013900000000000001, 0.013900000000000001, 0.011300000000000001, 0.011300000000000001, 0.0001, 0.0001], [0.0, 0.0, 0.0, 0.0, 0.0001, 0.0001, 0.0004, 0.0004, 0.0025, 0.0025, 0.008700000000000001, 0.008700000000000001, 0.00030000000000000003, 0.00030000000000000003, 0.0095, 0.0095, 0.0555, 0.0555], [0.0, 0.0, 0.0, 0.0, 0.0, 0.0, 0.0, 0.0, 0.0, 0.0, 0.0, 0.0, 0.0, 0.0, 0.0, 0.0, 0.0, 0.0], [0.0, 0.0, 0.0, 0.0, 0.0, 0.0, 0.0, 0.0, 0.0, 0.0, 0.0, 0.0, 0.0, 0.0, 0.0, 0.0, 0.0, 0.0], [0.0, 0.0, 0.0, 0.0, 0.0, 0.0, 0.0, 0.0, 0.0, 0.0, 0.0, 0.0, 0.0, 0.0, 0.0, 0.0, 0.0, 0.0], [0.0, 0.0, 0.0, 0.0, 0.0, 0.0, 0.0002, 0.0002, 0.0, 0.0, 0.0, 0.0, 0.0, 0.0, 0.0, 0.0, 0.0, 0.0], [0.0, 0.0, 0.0, 0.0, 0.0, 0.0, 0.0002, 0.0002, 0.0, 0.0, 0.0, 0.0, 0.0, 0.0, 0.0, 0.0, 0.0, 0.0]]}}
bs_hinuma_efermi: 1.65247912
bs_latimer_munro_task_id: mp-2603756
bs_latimer_munro_band_gap: 4.496700000000001
bs_latimer_munro_cbm: {'band_index': {'1': [52]}, 'kpoint_index': [89], 'kpoint': <pymatgen.electronic_structure.bandstructure.Kpoint object at 0x7fc5d4b59d30>, 'energy': 6.0814, 'projections': {'1': [[0.00030000000000000003, 0.00030000000000000003, 0.0007, 0.0007, 0.0008, 0.0008, 0.0019, 0.0019, 0.0016, 0.0016, 0.0063, 0.0063, 0.0032, 0.0032, 0.0021000000000000003, 0.0021000000000000003, 0.0108, 0.0108], [0.0011, 0.0011, 0.0001, 0.0001, 0.0002, 0.0002, 0.0285, 0.0285, 0.0026000000000000003, 0.0026000000000000003, 0.0008, 0.0008, 0.0029000000000000002, 0.0029000000000000002, 0.0004, 0.0004, 0.0043, 0.0043], [0.0005, 0.0005, 0.0, 0.0, 0.0, 0.0, 0.0, 0.0, 0.0001, 0.0001, 0.0005, 0.0005, 0.0033, 0.0033, 0.0073, 0.0073, 0.0015, 0.0015], [0.0044, 0.0044, 0.0006000000000000001, 0.0006000000000000001, 0.0011, 0.0011, 0.1317, 0.1317, 0.0019, 0.0019, 0.0044, 0.0044, 0.0019, 0.0019, 0.0007, 0.0007, 0.007, 0.007], [0.0, 0.0, 0.0, 0.0, 0.0, 0.0, 0.0, 0.0, 0.0, 0.0, 0.0, 0.0, 0.0, 0.0, 0.0, 0.0, 0.0, 0.0], [0.0, 0.0, 0.0, 0.0, 0.0, 0.0, 0.0, 0.0, 0.0, 0.0, 0.0, 0.0, 0.0, 0.0, 0.0, 0.0, 0.0, 0.0], [0.0, 0.0, 0.0, 0.0, 0.0, 0.0, 0.0001, 0.0001, 0.0, 0.0, 0.0, 0.0, 0.0, 0.0, 0.0, 0.0, 0.0, 0.0], [0.0, 0.0, 0.0, 0.0, 0.0, 0.0, 0.0, 0.0, 0.0, 0.0, 0.0, 0.0, 0.0, 0.0, 0.0, 0.0, 0.0, 0.0], [0.0, 0.0, 0.0, 0.0, 0.0, 0.0, 0.0005, 0.0005, 0.0, 0.0, 0.0, 0.0, 0.0, 0.0, 0.0, 0.0, 0.0, 0.0]]}}
bs_latimer_munro_vbm: {'band_index': {'1': [51]}, 'kpoint_index': [30], 'kpoint': <pymatgen.electronic_structure.bandstructure.Kpoint object at 0x7fc5d4b59e80>, 'energy': 1.5847, 'projections': {'1': [[0.0001, 0.0001, 0.0, 0.0, 0.0001, 0.0001, 0.10110000000000001, 0.10110000000000001, 0.0, 0.0, 0.0001, 0.0001, 0.0001, 0.0001, 0.0, 0.0, 0.0001, 0.0001], [0.0, 0.0, 0.0004, 0.0004, 0.0014, 0.0014, 0.0135, 0.0135, 0.022500000000000003, 0.022500000000000003, 0.0844, 0.0844, 0.0047, 0.0047, 0.0001, 0.0001, 0.0049, 0.0049], [0.0, 0.0, 0.0, 0.0, 0.0008, 0.0008, 0.0017000000000000001, 0.0017000000000000001, 0.0051, 0.0051, 0.061500000000000006, 0.061500000000000006, 0.013900000000000001, 0.013900000000000001, 0.011300000000000001, 0.011300000000000001, 0.0001, 0.0001], [0.0, 0.0, 0.0, 0.0, 0.0001, 0.0001, 0.0004, 0.0004, 0.0025, 0.0025, 0.008700000000000001, 0.008700000000000001, 0.00030000000000000003, 0.00030000000000000003, 0.0095, 0.0095, 0.0555, 0.0555], [0.0, 0.0, 0.0, 0.0, 0.0, 0.0, 0.0, 0.0, 0.0, 0.0, 0.0, 0.0, 0.0, 0.0, 0.0, 0.0, 0.0, 0.0], [0.0, 0.0, 0.0, 0.0, 0.0, 0.0, 0.0, 0.0, 0.0, 0.0, 0.0, 0.0, 0.0, 0.0, 0.0, 0.0, 0.0, 0.0], [0.0, 0.0, 0.0, 0.0, 0.0, 0.0, 0.0, 0.0, 0.0, 0.0, 0.0, 0.0, 0.0, 0.0, 0.0, 0.0, 0.0, 0.0], [0.0, 0.0, 0.0, 0.0, 0.0, 0.0, 0.0002, 0.0002, 0.0, 0.0, 0.0, 0.0, 0.0, 0.0, 0.0, 0.0, 0.0, 0.0], [0.0, 0.0, 0.0, 0.0, 0.0, 0.0, 0.0002, 0.0002, 0.0, 0.0, 0.0, 0.0, 0.0, 0.0, 0.0, 0.0, 0.0, 0.0]]}}
bs_latimer_munro_efermi: 1.65304193