material_id: mp-636813
band_gap: 0.992599999999999
efermi: 5.05703731
dos_magnetic_ordering: NM
dos_total_task_id: mp-1707540
dos_total_band_gap: 1.4535
dos_total_cbm: 6.1544
dos_total_vbm: 4.7009
dos_total_efermi: 4.69002587
bs_setyawan_curtarolo_task_id: mp-1599218
bs_setyawan_curtarolo_band_gap: 0.992599999999999
bs_setyawan_curtarolo_cbm: {'band_index': {'1': [66, 67]}, 'kpoint_index': [48, 49, 128], 'kpoint': <pymatgen.electronic_structure.bandstructure.Kpoint object at 0x7fc699d63930>, 'energy': 5.9533000000000005, 'projections': {'1': [[0.0012000000000000001, 0.0005, 0.12660000000000002, 0.0005, 0.0013000000000000002, 0.050100000000000006, 0.011, 0.0148, 0.0034000000000000002, 0.007200000000000001, 0.004200000000000001, 0.0008, 0.0061, 0.0095], [0.009600000000000001, 0.0172, 0.0023, 0.010100000000000001, 0.0025, 0.0058000000000000005, 0.0187, 0.023700000000000002, 0.0061, 0.0111, 0.006500000000000001, 0.0022, 0.0037, 0.008], [0.0109, 0.0035, 0.0005, 0.006500000000000001, 0.013900000000000001, 0.0013000000000000002, 0.033600000000000005, 0.0074, 0.027700000000000002, 0.0015, 0.09820000000000001, 0.053500000000000006, 0.0154, 0.0601], [0.0, 0.0, 0.0, 0.0, 0.0, 0.0, 0.0, 0.0, 0.0, 0.0, 0.0, 0.0, 0.0, 0.0], [0.0, 0.0, 0.0, 0.0, 0.0, 0.0, 0.0, 0.0, 0.0, 0.0, 0.0, 0.0, 0.0, 0.0], [0.0001, 0.00030000000000000003, 0.005200000000000001, 0.0002, 0.0001, 0.002, 0.0, 0.0, 0.0, 0.0, 0.0, 0.0, 0.0, 0.0], [0.0005, 0.0001, 0.0009000000000000001, 0.0011, 0.0015, 0.0004, 0.0, 0.0, 0.0, 0.0, 0.0, 0.0, 0.0, 0.0], [0.0, 0.0, 0.0, 0.0, 0.0, 0.0, 0.0, 0.0, 0.0, 0.0, 0.0, 0.0, 0.0, 0.0], [0.0005, 0.0006000000000000001, 0.0016, 0.0001, 0.0, 0.0006000000000000001, 0.0, 0.0, 0.0, 0.0, 0.0, 0.0, 0.0, 0.0]]}}
bs_setyawan_curtarolo_vbm: {'band_index': {'1': [65]}, 'kpoint_index': [18, 19, 143], 'kpoint': <pymatgen.electronic_structure.bandstructure.Kpoint object at 0x7fc5d4b59d30>, 'energy': 4.9607, 'projections': {'1': [[0.059800000000000006, 0.059800000000000006, 0.0, 0.059800000000000006, 0.059800000000000006, 0.0, 0.00030000000000000003, 0.00030000000000000003, 0.00030000000000000003, 0.00030000000000000003, 0.0, 0.0, 0.0, 0.0], [0.0036000000000000003, 0.0036000000000000003, 0.0, 0.0036000000000000003, 0.0036000000000000003, 0.0, 0.027, 0.027, 0.027, 0.027, 0.0, 0.0, 0.0, 0.0], [0.0089, 0.0089, 0.0, 0.0089, 0.0089, 0.0, 0.0284, 0.0284, 0.0284, 0.0284, 0.0, 0.0, 0.0, 0.0], [0.0, 0.0, 0.0, 0.0, 0.0, 0.0, 0.0, 0.0, 0.0, 0.0, 0.0737, 0.0737, 0.0737, 0.0737], [0.0, 0.0, 0.005, 0.0, 0.0, 0.005, 0.0, 0.0, 0.0, 0.0, 0.0, 0.0, 0.0, 0.0], [0.0, 0.0, 0.0, 0.0, 0.0, 0.0, 0.0, 0.0, 0.0, 0.0, 0.0, 0.0, 0.0, 0.0], [0.0001, 0.0001, 0.0, 0.0001, 0.0001, 0.0, 0.0, 0.0, 0.0, 0.0, 0.0, 0.0, 0.0, 0.0], [0.0, 0.0, 0.0, 0.0, 0.0, 0.0, 0.0, 0.0, 0.0, 0.0, 0.0, 0.0, 0.0, 0.0], [0.00030000000000000003, 0.00030000000000000003, 0.0, 0.00030000000000000003, 0.00030000000000000003, 0.0, 0.0, 0.0, 0.0, 0.0, 0.0, 0.0, 0.0, 0.0]]}}
bs_setyawan_curtarolo_efermi: 5.05703731
bs_hinuma_task_id: mp-2181590
bs_hinuma_band_gap: 0.992599999999999
bs_hinuma_cbm: {'band_index': {'1': [66, 67]}, 'kpoint_index': [48, 49, 136], 'kpoint': <pymatgen.electronic_structure.bandstructure.Kpoint object at 0x7fc5d4b59be0>, 'energy': 5.9533000000000005, 'projections': {'1': [[0.0012000000000000001, 0.0005, 0.12660000000000002, 0.0005, 0.0013000000000000002, 0.050100000000000006, 0.011, 0.0148, 0.0034000000000000002, 0.007200000000000001, 0.004200000000000001, 0.0008, 0.0061, 0.0095], [0.009600000000000001, 0.0172, 0.0023, 0.010100000000000001, 0.0025, 0.0058000000000000005, 0.0187, 0.023700000000000002, 0.0061, 0.0111, 0.006500000000000001, 0.0022, 0.0037, 0.008], [0.0109, 0.0035, 0.0005, 0.006500000000000001, 0.013900000000000001, 0.0013000000000000002, 0.033600000000000005, 0.0074, 0.027700000000000002, 0.0015, 0.09820000000000001, 0.053500000000000006, 0.0154, 0.0601], [0.0, 0.0, 0.0, 0.0, 0.0, 0.0, 0.0, 0.0, 0.0, 0.0, 0.0, 0.0, 0.0, 0.0], [0.0, 0.0, 0.0, 0.0, 0.0, 0.0, 0.0, 0.0, 0.0, 0.0, 0.0, 0.0, 0.0, 0.0], [0.0001, 0.00030000000000000003, 0.005200000000000001, 0.0002, 0.0001, 0.002, 0.0, 0.0, 0.0, 0.0, 0.0, 0.0, 0.0, 0.0], [0.0005, 0.0001, 0.0009000000000000001, 0.0011, 0.0015, 0.0004, 0.0, 0.0, 0.0, 0.0, 0.0, 0.0, 0.0, 0.0], [0.0, 0.0, 0.0, 0.0, 0.0, 0.0, 0.0, 0.0, 0.0, 0.0, 0.0, 0.0, 0.0, 0.0], [0.0005, 0.0006000000000000001, 0.0016, 0.0001, 0.0, 0.0006000000000000001, 0.0, 0.0, 0.0, 0.0, 0.0, 0.0, 0.0, 0.0]]}}
bs_hinuma_vbm: {'band_index': {'1': [65]}, 'kpoint_index': [18, 19, 128], 'kpoint': <pymatgen.electronic_structure.bandstructure.Kpoint object at 0x7fc5d4b5a200>, 'energy': 4.9607, 'projections': {'1': [[0.059800000000000006, 0.059800000000000006, 0.0, 0.059800000000000006, 0.059800000000000006, 0.0, 0.00030000000000000003, 0.00030000000000000003, 0.00030000000000000003, 0.00030000000000000003, 0.0, 0.0, 0.0, 0.0], [0.0036000000000000003, 0.0036000000000000003, 0.0, 0.0036000000000000003, 0.0036000000000000003, 0.0, 0.027, 0.027, 0.027, 0.027, 0.0, 0.0, 0.0, 0.0], [0.0089, 0.0089, 0.0, 0.0089, 0.0089, 0.0, 0.0284, 0.0284, 0.0284, 0.0284, 0.0, 0.0, 0.0, 0.0], [0.0, 0.0, 0.0, 0.0, 0.0, 0.0, 0.0, 0.0, 0.0, 0.0, 0.0737, 0.0737, 0.0737, 0.0737], [0.0, 0.0, 0.005, 0.0, 0.0, 0.005, 0.0, 0.0, 0.0, 0.0, 0.0, 0.0, 0.0, 0.0], [0.0, 0.0, 0.0, 0.0, 0.0, 0.0, 0.0, 0.0, 0.0, 0.0, 0.0, 0.0, 0.0, 0.0], [0.0001, 0.0001, 0.0, 0.0001, 0.0001, 0.0, 0.0, 0.0, 0.0, 0.0, 0.0, 0.0, 0.0, 0.0], [0.0, 0.0, 0.0, 0.0, 0.0, 0.0, 0.0, 0.0, 0.0, 0.0, 0.0, 0.0, 0.0, 0.0], [0.00030000000000000003, 0.00030000000000000003, 0.0, 0.00030000000000000003, 0.00030000000000000003, 0.0, 0.0, 0.0, 0.0, 0.0, 0.0, 0.0, 0.0, 0.0]]}}
bs_hinuma_efermi: 5.06872319
bs_latimer_munro_task_id: mp-2338582
bs_latimer_munro_band_gap: 0.992599999999999
bs_latimer_munro_cbm: {'band_index': {'1': [66, 67]}, 'kpoint_index': [104, 105, 233, 234], 'kpoint': <pymatgen.electronic_structure.bandstructure.Kpoint object at 0x7fc5d4b5a190>, 'energy': 5.9533000000000005, 'projections': {'1': [[0.00030000000000000003, 0.0015, 0.031100000000000003, 0.0014, 0.00030000000000000003, 0.1456, 0.0046, 0.0022, 0.0159, 0.013600000000000001, 0.0043, 0.0094, 0.006, 0.0009000000000000001], [0.013300000000000001, 0.0019, 0.0067, 0.0064, 0.0178, 0.0014, 0.007, 0.0039000000000000003, 0.025900000000000003, 0.0228, 0.0023, 0.0088, 0.0079, 0.0014], [0.0041, 0.0152, 0.0015, 0.013300000000000001, 0.0023, 0.00030000000000000003, 0.005, 0.021400000000000002, 0.0137, 0.030100000000000002, 0.0114, 0.0784, 0.1022, 0.0352], [0.0, 0.0, 0.0, 0.0, 0.0, 0.0, 0.0, 0.0, 0.0, 0.0, 0.0, 0.0, 0.0, 0.0], [0.0, 0.0, 0.0, 0.0, 0.0, 0.0, 0.0, 0.0, 0.0, 0.0, 0.0, 0.0, 0.0, 0.0], [0.0002, 0.0, 0.0013000000000000002, 0.0001, 0.00030000000000000003, 0.0059, 0.0, 0.0, 0.0, 0.0, 0.0, 0.0, 0.0, 0.0], [0.0008, 0.0014, 0.0002, 0.0008, 0.0002, 0.0011, 0.0, 0.0, 0.0, 0.0, 0.0, 0.0, 0.0, 0.0], [0.0, 0.0, 0.0, 0.0, 0.0, 0.0, 0.0, 0.0, 0.0, 0.0, 0.0, 0.0, 0.0, 0.0], [0.0002, 0.0001, 0.0004, 0.0004, 0.0005, 0.0018000000000000002, 0.0, 0.0, 0.0, 0.0, 0.0, 0.0, 0.0, 0.0]]}}
bs_latimer_munro_vbm: {'band_index': {'1': [65]}, 'kpoint_index': [190, 191, 204, 263], 'kpoint': <pymatgen.electronic_structure.bandstructure.Kpoint object at 0x7fc5d4b5a3c0>, 'energy': 4.9607, 'projections': {'1': [[0.059800000000000006, 0.059800000000000006, 0.0, 0.059800000000000006, 0.059800000000000006, 0.0, 0.00030000000000000003, 0.00030000000000000003, 0.00030000000000000003, 0.00030000000000000003, 0.0, 0.0, 0.0, 0.0], [0.0036000000000000003, 0.0036000000000000003, 0.0, 0.0036000000000000003, 0.0036000000000000003, 0.0, 0.027, 0.027, 0.027, 0.027, 0.0, 0.0, 0.0, 0.0], [0.0089, 0.0089, 0.0, 0.0089, 0.0089, 0.0, 0.0284, 0.0284, 0.0284, 0.0284, 0.0, 0.0, 0.0, 0.0], [0.0, 0.0, 0.0, 0.0, 0.0, 0.0, 0.0, 0.0, 0.0, 0.0, 0.0737, 0.0737, 0.0737, 0.0737], [0.0, 0.0, 0.005, 0.0, 0.0, 0.005, 0.0, 0.0, 0.0, 0.0, 0.0, 0.0, 0.0, 0.0], [0.0, 0.0, 0.0, 0.0, 0.0, 0.0, 0.0, 0.0, 0.0, 0.0, 0.0, 0.0, 0.0, 0.0], [0.0001, 0.0001, 0.0, 0.0001, 0.0001, 0.0, 0.0, 0.0, 0.0, 0.0, 0.0, 0.0, 0.0, 0.0], [0.0, 0.0, 0.0, 0.0, 0.0, 0.0, 0.0, 0.0, 0.0, 0.0, 0.0, 0.0, 0.0, 0.0], [0.00030000000000000003, 0.00030000000000000003, 0.0, 0.00030000000000000003, 0.00030000000000000003, 0.0, 0.0, 0.0, 0.0, 0.0, 0.0, 0.0, 0.0, 0.0]]}}
bs_latimer_munro_efermi: 5.04163335