material_id: mp-679
band_gap: 3.9629000000000003
efermi: 1.34341556
dos_magnetic_ordering: NM
dos_total_task_id: mp-1759842
dos_total_band_gap: 3.9699
dos_total_cbm: 5.2039
dos_total_vbm: 1.234
dos_total_efermi: 1.22434764
bs_setyawan_curtarolo_task_id: mp-700019
bs_setyawan_curtarolo_band_gap: 3.9629000000000003
bs_setyawan_curtarolo_cbm: {'band_index': {'1': [144]}, 'kpoint_index': [0, 32, 33], 'kpoint': <pymatgen.electronic_structure.bandstructure.Kpoint object at 0x7fc699d63930>, 'energy': 5.205, 'projections': {}}
bs_setyawan_curtarolo_vbm: {'band_index': {'1': [143]}, 'kpoint_index': ['5'], 'kpoint': <pymatgen.electronic_structure.bandstructure.Kpoint object at 0x7fc5d4b5a430>, 'energy': 1.2421, 'projections': {}}
bs_setyawan_curtarolo_efermi: 1.34341556
bs_hinuma_task_id: mp-2167070
bs_hinuma_band_gap: 3.968499999999999
bs_hinuma_cbm: {'band_index': {'1': [144]}, 'kpoint_index': [0, 32, 33], 'kpoint': <pymatgen.electronic_structure.bandstructure.Kpoint object at 0x7fc5d4b5a200>, 'energy': 5.2005, 'projections': {'1': [[0.0122, 0.0122, 0.0122, 0.0122, 0.0122, 0.0122, 0.0122, 0.0122, 0.0122, 0.0122, 0.0122, 0.0122, 0.0241, 0.0241, 0.0241, 0.0241, 0.0046, 0.0046, 0.0046, 0.0046, 0.0046, 0.0046, 0.0046, 0.0046, 0.0046, 0.0046, 0.0046, 0.0046, 0.0046, 0.0046, 0.0046, 0.0046, 0.0046, 0.0046, 0.0046, 0.0046, 0.0046, 0.0046, 0.0046, 0.0046], [0.0, 0.0, 0.0, 0.0, 0.0, 0.0, 0.0, 0.0, 0.0, 0.0, 0.0, 0.0, 0.0, 0.0, 0.0, 0.0, 0.0, 0.0, 0.0, 0.0001, 0.0017000000000000001, 0.0017000000000000001, 0.0001, 0.0017000000000000001, 0.0001, 0.0017000000000000001, 0.0001, 0.0001, 0.0001, 0.0, 0.0, 0.0001, 0.0001, 0.0001, 0.0017000000000000001, 0.0001, 0.0017000000000000001, 0.0001, 0.0017000000000000001, 0.0017000000000000001], [0.0, 0.0, 0.0, 0.0, 0.0, 0.0, 0.0, 0.0, 0.0, 0.0, 0.0, 0.0, 0.0, 0.0, 0.0, 0.0, 0.0001, 0.0001, 0.0001, 0.0017000000000000001, 0.0, 0.0, 0.0017000000000000001, 0.0001, 0.0017000000000000001, 0.0, 0.0017000000000000001, 0.0001, 0.0001, 0.0001, 0.0001, 0.0017000000000000001, 0.0001, 0.0017000000000000001, 0.0, 0.0017000000000000001, 0.0001, 0.0017000000000000001, 0.0001, 0.0001], [0.0, 0.0, 0.0, 0.0, 0.0, 0.0, 0.0, 0.0, 0.0, 0.0, 0.0, 0.0, 0.0, 0.0, 0.0, 0.0, 0.0017000000000000001, 0.0017000000000000001, 0.0017000000000000001, 0.0001, 0.0001, 0.0001, 0.0001, 0.0001, 0.0001, 0.0001, 0.0001, 0.0017000000000000001, 0.0017000000000000001, 0.0017000000000000001, 0.0017000000000000001, 0.0, 0.0017000000000000001, 0.0, 0.0001, 0.0001, 0.0001, 0.0001, 0.0001, 0.0001], [0.0011, 0.0, 0.0, 0.0, 0.0, 0.0012000000000000001, 0.0011, 0.0, 0.0, 0.0, 0.0, 0.0011, 0.0039000000000000003, 0.0039000000000000003, 0.0039000000000000003, 0.0039000000000000003, 0.0, 0.0, 0.0, 0.0, 0.0, 0.0, 0.0, 0.0, 0.0, 0.0, 0.0, 0.0, 0.0, 0.0, 0.0, 0.0, 0.0, 0.0, 0.0, 0.0, 0.0, 0.0, 0.0, 0.0], [0.0, 0.0011, 0.0, 0.0011, 0.0, 0.0, 0.0, 0.0011, 0.0, 0.0011, 0.0, 0.0, 0.0039000000000000003, 0.0039000000000000003, 0.0039000000000000003, 0.0039000000000000003, 0.0, 0.0, 0.0, 0.0, 0.0, 0.0, 0.0, 0.0, 0.0, 0.0, 0.0, 0.0, 0.0, 0.0, 0.0, 0.0, 0.0, 0.0, 0.0, 0.0, 0.0, 0.0, 0.0, 0.0], [0.0002, 0.0007, 0.0017000000000000001, 0.0007, 0.0017000000000000001, 0.0002, 0.0002, 0.0007, 0.0017000000000000001, 0.0007, 0.0017000000000000001, 0.0002, 0.0, 0.0, 0.0, 0.0, 0.0, 0.0, 0.0, 0.0, 0.0, 0.0, 0.0, 0.0, 0.0, 0.0, 0.0, 0.0, 0.0, 0.0, 0.0, 0.0, 0.0, 0.0, 0.0, 0.0, 0.0, 0.0, 0.0, 0.0], [0.0, 0.0, 0.0011, 0.0, 0.0011, 0.0, 0.0, 0.0, 0.0011, 0.0, 0.0011, 0.0, 0.0039000000000000003, 0.0039000000000000003, 0.0039000000000000003, 0.0039000000000000003, 0.0, 0.0, 0.0, 0.0, 0.0, 0.0, 0.0, 0.0, 0.0, 0.0, 0.0, 0.0, 0.0, 0.0, 0.0, 0.0, 0.0, 0.0, 0.0, 0.0, 0.0, 0.0, 0.0, 0.0], [0.0015, 0.001, 0.0001, 0.001, 0.0001, 0.0015, 0.0015, 0.001, 0.0001, 0.001, 0.0001, 0.0015, 0.0, 0.0, 0.0, 0.0, 0.0, 0.0, 0.0, 0.0, 0.0, 0.0, 0.0, 0.0, 0.0, 0.0, 0.0, 0.0, 0.0, 0.0, 0.0, 0.0, 0.0, 0.0, 0.0, 0.0, 0.0, 0.0, 0.0, 0.0]]}}
bs_hinuma_vbm: {'band_index': {'1': [143]}, 'kpoint_index': ['5'], 'kpoint': <pymatgen.electronic_structure.bandstructure.Kpoint object at 0x7fc5d4b5a190>, 'energy': 1.232, 'projections': {'1': [[0.0, 0.0, 0.0, 0.0, 0.0, 0.0, 0.0, 0.0, 0.0, 0.0, 0.0, 0.0, 0.0004, 0.0004, 0.0004, 0.0004, 0.0, 0.0, 0.0, 0.0, 0.0, 0.0, 0.0, 0.0, 0.0, 0.0, 0.0, 0.0, 0.0, 0.0, 0.0, 0.0, 0.0, 0.0, 0.0, 0.0, 0.0, 0.0, 0.0, 0.0], [0.00030000000000000003, 0.001, 0.0, 0.001, 0.0, 0.00030000000000000003, 0.00030000000000000003, 0.001, 0.0, 0.001, 0.0, 0.00030000000000000003, 0.0022, 0.0022, 0.0022, 0.0022, 0.0011, 0.0011, 0.0011, 0.006500000000000001, 0.006500000000000001, 0.006500000000000001, 0.006500000000000001, 0.006500000000000001, 0.006500000000000001, 0.006500000000000001, 0.006500000000000001, 0.0011, 0.0011, 0.0011, 0.0011, 0.006500000000000001, 0.0011, 0.006500000000000001, 0.006500000000000001, 0.006500000000000001, 0.006500000000000001, 0.006500000000000001, 0.006500000000000001, 0.006500000000000001], [0.0012000000000000001, 0.0008, 0.007, 0.0008, 0.007, 0.0012000000000000001, 0.0012000000000000001, 0.0008, 0.007, 0.0008, 0.007, 0.0012000000000000001, 0.0005, 0.0005, 0.0005, 0.0004, 0.0102, 0.0102, 0.0102, 0.0077, 0.0056, 0.0056, 0.0077, 0.0056, 0.0077, 0.0056, 0.0077, 0.0102, 0.0102, 0.0102, 0.0102, 0.0077, 0.0102, 0.0077, 0.0056, 0.0077, 0.0056, 0.0077, 0.0056, 0.0056], [0.0019, 0.0013000000000000002, 0.003, 0.0013000000000000002, 0.003, 0.0019, 0.0019, 0.0013000000000000002, 0.003, 0.0013000000000000002, 0.003, 0.0019, 0.0012000000000000001, 0.0012000000000000001, 0.0012000000000000001, 0.0012000000000000001, 0.0142, 0.0142, 0.0142, 0.0233, 0.014100000000000001, 0.014, 0.0233, 0.014100000000000001, 0.0233, 0.014100000000000001, 0.0233, 0.0142, 0.0142, 0.0142, 0.0142, 0.0233, 0.0142, 0.0233, 0.014100000000000001, 0.0233, 0.014100000000000001, 0.0233, 0.014, 0.014100000000000001], [0.0001, 0.0, 0.0001, 0.0, 0.0001, 0.0001, 0.0001, 0.0, 0.0001, 0.0, 0.0001, 0.0001, 0.0007, 0.0007, 0.0007, 0.0007, 0.0, 0.0, 0.0, 0.0, 0.0, 0.0, 0.0, 0.0, 0.0, 0.0, 0.0, 0.0, 0.0, 0.0, 0.0, 0.0, 0.0, 0.0, 0.0, 0.0, 0.0, 0.0, 0.0, 0.0], [0.0, 0.0001, 0.0, 0.0001, 0.0, 0.0, 0.0, 0.0001, 0.0, 0.0001, 0.0, 0.0, 0.0006000000000000001, 0.0006000000000000001, 0.0006000000000000001, 0.0006000000000000001, 0.0, 0.0, 0.0, 0.0, 0.0, 0.0, 0.0, 0.0, 0.0, 0.0, 0.0, 0.0, 0.0, 0.0, 0.0, 0.0, 0.0, 0.0, 0.0, 0.0, 0.0, 0.0, 0.0, 0.0], [0.0001, 0.0004, 0.0, 0.0004, 0.0, 0.0001, 0.0001, 0.0004, 0.0, 0.0004, 0.0, 0.0001, 0.0, 0.0, 0.0, 0.0, 0.0, 0.0, 0.0, 0.0, 0.0, 0.0, 0.0, 0.0, 0.0, 0.0, 0.0, 0.0, 0.0, 0.0, 0.0, 0.0, 0.0, 0.0, 0.0, 0.0, 0.0, 0.0, 0.0, 0.0], [0.001, 0.0005, 0.0, 0.0005, 0.0, 0.001, 0.001, 0.0005, 0.0, 0.0005, 0.0, 0.001, 0.0002, 0.0002, 0.0002, 0.0002, 0.0, 0.0, 0.0, 0.0, 0.0, 0.0, 0.0, 0.0, 0.0, 0.0, 0.0, 0.0, 0.0, 0.0, 0.0, 0.0, 0.0, 0.0, 0.0, 0.0, 0.0, 0.0, 0.0, 0.0], [0.0001, 0.0001, 0.0, 0.0001, 0.0, 0.0001, 0.0001, 0.0001, 0.0, 0.0001, 0.0, 0.0001, 0.0, 0.0, 0.0, 0.0, 0.0, 0.0, 0.0, 0.0, 0.0, 0.0, 0.0, 0.0, 0.0, 0.0, 0.0, 0.0, 0.0, 0.0, 0.0, 0.0, 0.0, 0.0, 0.0, 0.0, 0.0, 0.0, 0.0, 0.0]]}}
bs_hinuma_efermi: 1.28434461
bs_latimer_munro_task_id: mp-2610704
bs_latimer_munro_band_gap: 3.968499999999999
bs_latimer_munro_cbm: {'band_index': {'1': [144]}, 'kpoint_index': [26, 27, 65], 'kpoint': <pymatgen.electronic_structure.bandstructure.Kpoint object at 0x7fc5d4b59c50>, 'energy': 5.2005, 'projections': {'1': [[0.0122, 0.0122, 0.0122, 0.0122, 0.0122, 0.0122, 0.0122, 0.0122, 0.0122, 0.0122, 0.0122, 0.0122, 0.0241, 0.0241, 0.0241, 0.0241, 0.0046, 0.0046, 0.0046, 0.0046, 0.0046, 0.0046, 0.0046, 0.0046, 0.0046, 0.0046, 0.0046, 0.0046, 0.0046, 0.0046, 0.0046, 0.0046, 0.0046, 0.0046, 0.0046, 0.0046, 0.0046, 0.0046, 0.0046, 0.0046], [0.0, 0.0, 0.0, 0.0, 0.0, 0.0, 0.0, 0.0, 0.0, 0.0, 0.0, 0.0, 0.0, 0.0, 0.0, 0.0, 0.0001, 0.0001, 0.0001, 0.0001, 0.0017000000000000001, 0.0017000000000000001, 0.0001, 0.0017000000000000001, 0.0001, 0.0017000000000000001, 0.0001, 0.0, 0.0001, 0.0001, 0.0001, 0.0001, 0.0001, 0.0001, 0.0017000000000000001, 0.0001, 0.0017000000000000001, 0.0001, 0.0017000000000000001, 0.0017000000000000001], [0.0, 0.0, 0.0, 0.0, 0.0, 0.0, 0.0, 0.0, 0.0, 0.0, 0.0, 0.0, 0.0, 0.0, 0.0, 0.0, 0.0001, 0.0001, 0.0001, 0.0017000000000000001, 0.0, 0.0001, 0.0017000000000000001, 0.0, 0.0017000000000000001, 0.0001, 0.0017000000000000001, 0.0001, 0.0001, 0.0001, 0.0001, 0.0017000000000000001, 0.0001, 0.0017000000000000001, 0.0001, 0.0017000000000000001, 0.0001, 0.0017000000000000001, 0.0, 0.0001], [0.0, 0.0, 0.0, 0.0, 0.0, 0.0, 0.0, 0.0, 0.0, 0.0, 0.0, 0.0, 0.0, 0.0, 0.0, 0.0, 0.0017000000000000001, 0.0017000000000000001, 0.0017000000000000001, 0.0, 0.0001, 0.0001, 0.0, 0.0001, 0.0, 0.0001, 0.0001, 0.0017000000000000001, 0.0017000000000000001, 0.0017000000000000001, 0.0017000000000000001, 0.0, 0.0017000000000000001, 0.0, 0.0001, 0.0001, 0.0001, 0.0001, 0.0001, 0.0001], [0.0011, 0.0, 0.0, 0.0, 0.0, 0.0011, 0.0011, 0.0, 0.0, 0.0, 0.0, 0.0012000000000000001, 0.0039000000000000003, 0.0039000000000000003, 0.0039000000000000003, 0.0039000000000000003, 0.0, 0.0, 0.0, 0.0, 0.0, 0.0, 0.0, 0.0, 0.0, 0.0, 0.0, 0.0, 0.0, 0.0, 0.0, 0.0, 0.0, 0.0, 0.0, 0.0, 0.0, 0.0, 0.0, 0.0], [0.0, 0.0012000000000000001, 0.0, 0.0011, 0.0, 0.0, 0.0, 0.0012000000000000001, 0.0, 0.0011, 0.0, 0.0, 0.0039000000000000003, 0.0039000000000000003, 0.0039000000000000003, 0.0039000000000000003, 0.0, 0.0, 0.0, 0.0, 0.0, 0.0, 0.0, 0.0, 0.0, 0.0, 0.0, 0.0, 0.0, 0.0, 0.0, 0.0, 0.0, 0.0, 0.0, 0.0, 0.0, 0.0, 0.0, 0.0], [0.0002, 0.0007, 0.0017000000000000001, 0.0007, 0.0017000000000000001, 0.0002, 0.0002, 0.0007, 0.0017000000000000001, 0.0007, 0.0017000000000000001, 0.0002, 0.0, 0.0, 0.0, 0.0, 0.0, 0.0, 0.0, 0.0, 0.0, 0.0, 0.0, 0.0, 0.0, 0.0, 0.0, 0.0, 0.0, 0.0, 0.0, 0.0, 0.0, 0.0, 0.0, 0.0, 0.0, 0.0, 0.0, 0.0], [0.0, 0.0, 0.0011, 0.0, 0.0011, 0.0, 0.0, 0.0, 0.0011, 0.0, 0.0011, 0.0, 0.0039000000000000003, 0.0039000000000000003, 0.0039000000000000003, 0.0039000000000000003, 0.0, 0.0, 0.0, 0.0, 0.0, 0.0, 0.0, 0.0, 0.0, 0.0, 0.0, 0.0, 0.0, 0.0, 0.0, 0.0, 0.0, 0.0, 0.0, 0.0, 0.0, 0.0, 0.0, 0.0], [0.0015, 0.001, 0.0001, 0.001, 0.0001, 0.0015, 0.0015, 0.001, 0.0001, 0.001, 0.0001, 0.0015, 0.0, 0.0, 0.0, 0.0, 0.0, 0.0, 0.0, 0.0, 0.0, 0.0, 0.0, 0.0, 0.0, 0.0, 0.0, 0.0, 0.0, 0.0, 0.0, 0.0, 0.0, 0.0, 0.0, 0.0, 0.0, 0.0, 0.0, 0.0]]}}
bs_latimer_munro_vbm: {'band_index': {'1': [143]}, 'kpoint_index': ['21'], 'kpoint': <pymatgen.electronic_structure.bandstructure.Kpoint object at 0x7fc5d4b5a350>, 'energy': 1.232, 'projections': {'1': [[0.0, 0.0, 0.0, 0.0, 0.0, 0.0, 0.0, 0.0, 0.0, 0.0, 0.0, 0.0, 0.0004, 0.0004, 0.0004, 0.0004, 0.0, 0.0, 0.0, 0.0, 0.0, 0.0, 0.0, 0.0, 0.0, 0.0, 0.0, 0.0, 0.0, 0.0, 0.0, 0.0, 0.0, 0.0, 0.0, 0.0, 0.0, 0.0, 0.0, 0.0], [0.0008, 0.007, 0.0012000000000000001, 0.0071, 0.0012000000000000001, 0.0008, 0.0008, 0.0071, 0.0012000000000000001, 0.0071, 0.0012000000000000001, 0.0008, 0.0005, 0.0005, 0.0005, 0.0005, 0.0056, 0.0056, 0.0056, 0.0102, 0.0077, 0.0077, 0.0102, 0.0077, 0.0102, 0.0077, 0.0102, 0.0056, 0.0056, 0.0056, 0.0056, 0.0102, 0.0056, 0.0102, 0.0077, 0.0102, 0.0077, 0.0102, 0.0077, 0.0077], [0.0013000000000000002, 0.003, 0.0019, 0.003, 0.0019, 0.0013000000000000002, 0.0013000000000000002, 0.0031000000000000003, 0.0019, 0.003, 0.0019, 0.0013000000000000002, 0.0012000000000000001, 0.0012000000000000001, 0.0012000000000000001, 0.0012000000000000001, 0.014100000000000001, 0.014, 0.014100000000000001, 0.0142, 0.0233, 0.0233, 0.0142, 0.0233, 0.0142, 0.0233, 0.0142, 0.014100000000000001, 0.014100000000000001, 0.014, 0.014100000000000001, 0.0142, 0.014, 0.0142, 0.0233, 0.0142, 0.0233, 0.0142, 0.0233, 0.0233], [0.001, 0.0, 0.00030000000000000003, 0.0, 0.00030000000000000003, 0.001, 0.001, 0.0, 0.00030000000000000003, 0.0, 0.00030000000000000003, 0.001, 0.0022, 0.0022, 0.0022, 0.0022, 0.006500000000000001, 0.006500000000000001, 0.006500000000000001, 0.0011, 0.006500000000000001, 0.006500000000000001, 0.0011, 0.006500000000000001, 0.0011, 0.006500000000000001, 0.0011, 0.006500000000000001, 0.006500000000000001, 0.006500000000000001, 0.006500000000000001, 0.0011, 0.006500000000000001, 0.0011, 0.006500000000000001, 0.0011, 0.006500000000000001, 0.0011, 0.006500000000000001, 0.006500000000000001], [0.0001, 0.0, 0.0, 0.0, 0.0, 0.0002, 0.0001, 0.0, 0.0, 0.0, 0.0, 0.0001, 0.0006000000000000001, 0.0006000000000000001, 0.0006000000000000001, 0.0006000000000000001, 0.0, 0.0, 0.0, 0.0, 0.0, 0.0, 0.0, 0.0, 0.0, 0.0, 0.0, 0.0, 0.0, 0.0, 0.0, 0.0, 0.0, 0.0, 0.0, 0.0, 0.0, 0.0, 0.0, 0.0], [0.0005, 0.0, 0.001, 0.0, 0.001, 0.0005, 0.0005, 0.0, 0.001, 0.0, 0.001, 0.0005, 0.0002, 0.0002, 0.0002, 0.0002, 0.0, 0.0, 0.0, 0.0, 0.0, 0.0, 0.0, 0.0, 0.0, 0.0, 0.0, 0.0, 0.0, 0.0, 0.0, 0.0, 0.0, 0.0, 0.0, 0.0, 0.0, 0.0, 0.0, 0.0], [0.00030000000000000003, 0.0, 0.0, 0.0, 0.0, 0.00030000000000000003, 0.00030000000000000003, 0.0, 0.0, 0.0, 0.0, 0.00030000000000000003, 0.0, 0.0, 0.0, 0.0, 0.0, 0.0, 0.0, 0.0, 0.0, 0.0, 0.0, 0.0, 0.0, 0.0, 0.0, 0.0, 0.0, 0.0, 0.0, 0.0, 0.0, 0.0, 0.0, 0.0, 0.0, 0.0, 0.0, 0.0], [0.0, 0.0001, 0.0001, 0.0001, 0.0001, 0.0, 0.0, 0.0001, 0.0001, 0.0001, 0.0001, 0.0, 0.0007, 0.0007, 0.0007, 0.0007, 0.0, 0.0, 0.0, 0.0, 0.0, 0.0, 0.0, 0.0, 0.0, 0.0, 0.0, 0.0, 0.0, 0.0, 0.0, 0.0, 0.0, 0.0, 0.0, 0.0, 0.0, 0.0, 0.0, 0.0], [0.0002, 0.0, 0.0002, 0.0, 0.0002, 0.0001, 0.0002, 0.0, 0.0002, 0.0, 0.0002, 0.0001, 0.0, 0.0, 0.0, 0.0, 0.0, 0.0, 0.0, 0.0, 0.0, 0.0, 0.0, 0.0, 0.0, 0.0, 0.0, 0.0, 0.0, 0.0, 0.0, 0.0, 0.0, 0.0, 0.0, 0.0, 0.0, 0.0, 0.0, 0.0]]}}
bs_latimer_munro_efermi: 1.2837644