material_id: mp-696174
band_gap: 3.1827
efermi: -0.737864499999999
dos_magnetic_ordering: NM
dos_total_task_id: mp-1669215
dos_total_band_gap: 3.167799999999999
dos_total_cbm: 2.3177
dos_total_vbm: -0.8501000000000001
dos_total_efermi: -0.86366399
bs_setyawan_curtarolo_task_id: mp-1604771
bs_setyawan_curtarolo_band_gap: 3.1827
bs_setyawan_curtarolo_cbm: {'band_index': {'1': [48]}, 'kpoint_index': [87], 'kpoint': <pymatgen.electronic_structure.bandstructure.Kpoint object at 0x7fc699d63930>, 'energy': 2.3005, 'projections': {'1': [[0.0, 0.0, 0.0, 0.0, 0.0001, 0.0001, 0.0, 0.0, 0.0, 0.0, 0.0, 0.0, 0.0005, 0.0005, 0.0001, 0.0001, 0.0, 0.0, 0.0002, 0.0002, 0.0, 0.0], [0.0002, 0.0002, 0.0, 0.0, 0.0001, 0.0001, 0.0011, 0.0011, 0.0704, 0.0704, 0.0548, 0.0548, 0.0453, 0.0453, 0.035500000000000004, 0.035500000000000004, 0.0531, 0.0531, 0.027, 0.027, 0.0001, 0.0001], [0.0, 0.0, 0.0, 0.0, 0.0002, 0.0002, 0.0, 0.0, 0.0023, 0.0023, 0.0001, 0.0001, 0.0027, 0.0027, 0.0016, 0.0016, 0.0008, 0.0008, 0.00030000000000000003, 0.00030000000000000003, 0.0002, 0.0002], [0.0001, 0.0001, 0.0, 0.0, 0.0002, 0.0002, 0.0, 0.0, 0.0001, 0.0001, 0.0, 0.0, 0.0002, 0.0002, 0.0002, 0.0002, 0.0001, 0.0001, 0.0, 0.0, 0.0009000000000000001, 0.0009000000000000001], [0.0, 0.0, 0.0, 0.0, 0.0, 0.0, 0.0, 0.0, 0.0, 0.0, 0.0, 0.0, 0.0, 0.0, 0.0, 0.0, 0.0, 0.0, 0.0, 0.0, 0.0, 0.0], [0.0, 0.0, 0.0, 0.0, 0.0, 0.0, 0.0, 0.0, 0.0, 0.0, 0.0, 0.0, 0.0, 0.0, 0.0, 0.0, 0.0, 0.0, 0.0, 0.0, 0.0, 0.0], [0.0, 0.0, 0.0, 0.0, 0.0, 0.0, 0.0, 0.0, 0.0, 0.0, 0.0, 0.0, 0.0, 0.0, 0.0, 0.0, 0.0, 0.0, 0.0, 0.0, 0.0, 0.0], [0.0, 0.0, 0.0, 0.0, 0.0, 0.0, 0.0, 0.0, 0.0, 0.0, 0.0, 0.0, 0.0, 0.0, 0.0, 0.0, 0.0, 0.0, 0.0, 0.0, 0.0, 0.0], [0.0, 0.0, 0.0, 0.0, 0.0, 0.0, 0.0, 0.0, 0.0, 0.0, 0.0, 0.0, 0.0, 0.0, 0.0, 0.0, 0.0, 0.0, 0.0, 0.0, 0.0, 0.0]]}}
bs_setyawan_curtarolo_vbm: {'band_index': {'1': [47]}, 'kpoint_index': [25], 'kpoint': <pymatgen.electronic_structure.bandstructure.Kpoint object at 0x7fc5d4b59be0>, 'energy': -0.8822000000000001, 'projections': {'1': [[0.0, 0.0, 0.0001, 0.0001, 0.0, 0.0, 0.0001, 0.0001, 0.0043, 0.0043, 0.0025, 0.0025, 0.0, 0.0, 0.0001, 0.0001, 0.0001, 0.0001, 0.0, 0.0, 0.0, 0.0], [0.0002, 0.0002, 0.0001, 0.0001, 0.0002, 0.0002, 0.0, 0.0, 0.0, 0.0, 0.0002, 0.0002, 0.0, 0.0, 0.0004, 0.0004, 0.0012000000000000001, 0.0012000000000000001, 0.0018000000000000002, 0.0018000000000000002, 0.005200000000000001, 0.005200000000000001], [0.0004, 0.0004, 0.0, 0.0, 0.0004, 0.0004, 0.0004, 0.0004, 0.0029000000000000002, 0.0029000000000000002, 0.002, 0.002, 0.0002, 0.0002, 0.0098, 0.0098, 0.0029000000000000002, 0.0029000000000000002, 0.0012000000000000001, 0.0012000000000000001, 0.0012000000000000001, 0.0012000000000000001], [0.0002, 0.0002, 0.0001, 0.0001, 0.00030000000000000003, 0.00030000000000000003, 0.00030000000000000003, 0.00030000000000000003, 0.0135, 0.0135, 0.0128, 0.0128, 0.1373, 0.1373, 0.015, 0.015, 0.1316, 0.1316, 0.023100000000000002, 0.023100000000000002, 0.0001, 0.0001], [0.0, 0.0, 0.0, 0.0, 0.0, 0.0, 0.0, 0.0, 0.0, 0.0, 0.0, 0.0, 0.0, 0.0, 0.0, 0.0, 0.0, 0.0, 0.0, 0.0, 0.0, 0.0], [0.0, 0.0, 0.0, 0.0, 0.0, 0.0, 0.0, 0.0, 0.0, 0.0, 0.0, 0.0, 0.0, 0.0, 0.0, 0.0, 0.0, 0.0, 0.0, 0.0, 0.0, 0.0], [0.0, 0.0, 0.0, 0.0, 0.0, 0.0, 0.0, 0.0, 0.0, 0.0, 0.0, 0.0, 0.0, 0.0, 0.0, 0.0, 0.0, 0.0, 0.0, 0.0, 0.0, 0.0], [0.0, 0.0, 0.0, 0.0, 0.0, 0.0, 0.0, 0.0, 0.0, 0.0, 0.0, 0.0, 0.0, 0.0, 0.0, 0.0, 0.0, 0.0, 0.0, 0.0, 0.0, 0.0], [0.0, 0.0, 0.0, 0.0, 0.0, 0.0, 0.0, 0.0, 0.0, 0.0, 0.0, 0.0, 0.0, 0.0, 0.0, 0.0, 0.0, 0.0, 0.0, 0.0, 0.0, 0.0]]}}
bs_setyawan_curtarolo_efermi: -0.737864499999999
bs_hinuma_task_id: mp-2183118
bs_hinuma_band_gap: 3.1827
bs_hinuma_cbm: {'band_index': {'1': [48]}, 'kpoint_index': [35], 'kpoint': <pymatgen.electronic_structure.bandstructure.Kpoint object at 0x7fc5d4b5a3c0>, 'energy': 2.3005, 'projections': {'1': [[0.0, 0.0, 0.0, 0.0, 0.0001, 0.0001, 0.0, 0.0, 0.0, 0.0, 0.0, 0.0, 0.0005, 0.0005, 0.0001, 0.0001, 0.0, 0.0, 0.0002, 0.0002, 0.0, 0.0], [0.0002, 0.0002, 0.0, 0.0, 0.0001, 0.0001, 0.0011, 0.0011, 0.0704, 0.0704, 0.0548, 0.0548, 0.0453, 0.0453, 0.035500000000000004, 0.035500000000000004, 0.0531, 0.0531, 0.027, 0.027, 0.0001, 0.0001], [0.0, 0.0, 0.0, 0.0, 0.0002, 0.0002, 0.0, 0.0, 0.0023, 0.0023, 0.0001, 0.0001, 0.0027, 0.0027, 0.0016, 0.0016, 0.0008, 0.0008, 0.00030000000000000003, 0.00030000000000000003, 0.0002, 0.0002], [0.0001, 0.0001, 0.0, 0.0, 0.0002, 0.0002, 0.0, 0.0, 0.0001, 0.0001, 0.0, 0.0, 0.0002, 0.0002, 0.0002, 0.0002, 0.0001, 0.0001, 0.0, 0.0, 0.0009000000000000001, 0.0009000000000000001], [0.0, 0.0, 0.0, 0.0, 0.0, 0.0, 0.0, 0.0, 0.0, 0.0, 0.0, 0.0, 0.0, 0.0, 0.0, 0.0, 0.0, 0.0, 0.0, 0.0, 0.0, 0.0], [0.0, 0.0, 0.0, 0.0, 0.0, 0.0, 0.0, 0.0, 0.0, 0.0, 0.0, 0.0, 0.0, 0.0, 0.0, 0.0, 0.0, 0.0, 0.0, 0.0, 0.0, 0.0], [0.0, 0.0, 0.0, 0.0, 0.0, 0.0, 0.0, 0.0, 0.0, 0.0, 0.0, 0.0, 0.0, 0.0, 0.0, 0.0, 0.0, 0.0, 0.0, 0.0, 0.0, 0.0], [0.0, 0.0, 0.0, 0.0, 0.0, 0.0, 0.0, 0.0, 0.0, 0.0, 0.0, 0.0, 0.0, 0.0, 0.0, 0.0, 0.0, 0.0, 0.0, 0.0, 0.0, 0.0], [0.0, 0.0, 0.0, 0.0, 0.0, 0.0, 0.0, 0.0, 0.0, 0.0, 0.0, 0.0, 0.0, 0.0, 0.0, 0.0, 0.0, 0.0, 0.0, 0.0, 0.0, 0.0]]}}
bs_hinuma_vbm: {'band_index': {'1': [47]}, 'kpoint_index': [101], 'kpoint': <pymatgen.electronic_structure.bandstructure.Kpoint object at 0x7fc5d4b59d30>, 'energy': -0.8822000000000001, 'projections': {'1': [[0.0, 0.0, 0.0001, 0.0001, 0.0, 0.0, 0.0001, 0.0001, 0.0043, 0.0043, 0.0025, 0.0025, 0.0, 0.0, 0.0001, 0.0001, 0.0001, 0.0001, 0.0, 0.0, 0.0, 0.0], [0.0002, 0.0002, 0.0001, 0.0001, 0.0002, 0.0002, 0.0, 0.0, 0.0, 0.0, 0.0002, 0.0002, 0.0, 0.0, 0.0004, 0.0004, 0.0012000000000000001, 0.0012000000000000001, 0.0018000000000000002, 0.0018000000000000002, 0.005200000000000001, 0.005200000000000001], [0.0004, 0.0004, 0.0, 0.0, 0.0004, 0.0004, 0.0004, 0.0004, 0.0029000000000000002, 0.0029000000000000002, 0.002, 0.002, 0.0002, 0.0002, 0.0098, 0.0098, 0.0029000000000000002, 0.0029000000000000002, 0.0012000000000000001, 0.0012000000000000001, 0.0012000000000000001, 0.0012000000000000001], [0.0002, 0.0002, 0.0001, 0.0001, 0.00030000000000000003, 0.00030000000000000003, 0.00030000000000000003, 0.00030000000000000003, 0.0135, 0.0135, 0.0128, 0.0128, 0.1373, 0.1373, 0.015, 0.015, 0.1316, 0.1316, 0.023100000000000002, 0.023100000000000002, 0.0001, 0.0001], [0.0, 0.0, 0.0, 0.0, 0.0, 0.0, 0.0, 0.0, 0.0, 0.0, 0.0, 0.0, 0.0, 0.0, 0.0, 0.0, 0.0, 0.0, 0.0, 0.0, 0.0, 0.0], [0.0, 0.0, 0.0, 0.0, 0.0, 0.0, 0.0, 0.0, 0.0, 0.0, 0.0, 0.0, 0.0, 0.0, 0.0, 0.0, 0.0, 0.0, 0.0, 0.0, 0.0, 0.0], [0.0, 0.0, 0.0, 0.0, 0.0, 0.0, 0.0, 0.0, 0.0, 0.0, 0.0, 0.0, 0.0, 0.0, 0.0, 0.0, 0.0, 0.0, 0.0, 0.0, 0.0, 0.0], [0.0, 0.0, 0.0, 0.0, 0.0, 0.0, 0.0, 0.0, 0.0, 0.0, 0.0, 0.0, 0.0, 0.0, 0.0, 0.0, 0.0, 0.0, 0.0, 0.0, 0.0, 0.0], [0.0, 0.0, 0.0, 0.0, 0.0, 0.0, 0.0, 0.0, 0.0, 0.0, 0.0, 0.0, 0.0, 0.0, 0.0, 0.0, 0.0, 0.0, 0.0, 0.0, 0.0, 0.0]]}}
bs_hinuma_efermi: -0.72293946
bs_latimer_munro_task_id: mp-2692967
bs_latimer_munro_band_gap: 3.1827
bs_latimer_munro_cbm: {'band_index': {'1': [48]}, 'kpoint_index': [79], 'kpoint': <pymatgen.electronic_structure.bandstructure.Kpoint object at 0x7fc5d4b5a200>, 'energy': 2.3005, 'projections': {'1': [[0.0, 0.0, 0.0, 0.0, 0.0001, 0.0001, 0.0, 0.0, 0.0, 0.0, 0.0, 0.0, 0.0005, 0.0005, 0.0001, 0.0001, 0.0, 0.0, 0.0002, 0.0002, 0.0, 0.0], [0.0002, 0.0002, 0.0, 0.0, 0.0001, 0.0001, 0.0011, 0.0011, 0.0704, 0.0704, 0.0548, 0.0548, 0.0453, 0.0453, 0.035500000000000004, 0.035500000000000004, 0.0531, 0.0531, 0.027, 0.027, 0.0001, 0.0001], [0.0, 0.0, 0.0, 0.0, 0.0002, 0.0002, 0.0, 0.0, 0.0023, 0.0023, 0.0001, 0.0001, 0.0027, 0.0027, 0.0016, 0.0016, 0.0008, 0.0008, 0.00030000000000000003, 0.00030000000000000003, 0.0002, 0.0002], [0.0001, 0.0001, 0.0, 0.0, 0.0002, 0.0002, 0.0, 0.0, 0.0001, 0.0001, 0.0, 0.0, 0.0002, 0.0002, 0.0002, 0.0002, 0.0001, 0.0001, 0.0, 0.0, 0.0009000000000000001, 0.0009000000000000001], [0.0, 0.0, 0.0, 0.0, 0.0, 0.0, 0.0, 0.0, 0.0, 0.0, 0.0, 0.0, 0.0, 0.0, 0.0, 0.0, 0.0, 0.0, 0.0, 0.0, 0.0, 0.0], [0.0, 0.0, 0.0, 0.0, 0.0, 0.0, 0.0, 0.0, 0.0, 0.0, 0.0, 0.0, 0.0, 0.0, 0.0, 0.0, 0.0, 0.0, 0.0, 0.0, 0.0, 0.0], [0.0, 0.0, 0.0, 0.0, 0.0, 0.0, 0.0, 0.0, 0.0, 0.0, 0.0, 0.0, 0.0, 0.0, 0.0, 0.0, 0.0, 0.0, 0.0, 0.0, 0.0, 0.0], [0.0, 0.0, 0.0, 0.0, 0.0, 0.0, 0.0, 0.0, 0.0, 0.0, 0.0, 0.0, 0.0, 0.0, 0.0, 0.0, 0.0, 0.0, 0.0, 0.0, 0.0, 0.0], [0.0, 0.0, 0.0, 0.0, 0.0, 0.0, 0.0, 0.0, 0.0, 0.0, 0.0, 0.0, 0.0, 0.0, 0.0, 0.0, 0.0, 0.0, 0.0, 0.0, 0.0, 0.0]]}}
bs_latimer_munro_vbm: {'band_index': {'1': [47]}, 'kpoint_index': [56], 'kpoint': <pymatgen.electronic_structure.bandstructure.Kpoint object at 0x7fc5d4b59c50>, 'energy': -0.8822000000000001, 'projections': {'1': [[0.0, 0.0, 0.0001, 0.0001, 0.0, 0.0, 0.0001, 0.0001, 0.0043, 0.0043, 0.0025, 0.0025, 0.0, 0.0, 0.0001, 0.0001, 0.0001, 0.0001, 0.0, 0.0, 0.0, 0.0], [0.0002, 0.0002, 0.0001, 0.0001, 0.0002, 0.0002, 0.0, 0.0, 0.0, 0.0, 0.0002, 0.0002, 0.0, 0.0, 0.0004, 0.0004, 0.0012000000000000001, 0.0012000000000000001, 0.0018000000000000002, 0.0018000000000000002, 0.005200000000000001, 0.005200000000000001], [0.0004, 0.0004, 0.0, 0.0, 0.0004, 0.0004, 0.0004, 0.0004, 0.0029000000000000002, 0.0029000000000000002, 0.002, 0.002, 0.0002, 0.0002, 0.0098, 0.0098, 0.0029000000000000002, 0.0029000000000000002, 0.0012000000000000001, 0.0012000000000000001, 0.0012000000000000001, 0.0012000000000000001], [0.0002, 0.0002, 0.0001, 0.0001, 0.00030000000000000003, 0.00030000000000000003, 0.00030000000000000003, 0.00030000000000000003, 0.0135, 0.0135, 0.0128, 0.0128, 0.1373, 0.1373, 0.015, 0.015, 0.1316, 0.1316, 0.023100000000000002, 0.023100000000000002, 0.0001, 0.0001], [0.0, 0.0, 0.0, 0.0, 0.0, 0.0, 0.0, 0.0, 0.0, 0.0, 0.0, 0.0, 0.0, 0.0, 0.0, 0.0, 0.0, 0.0, 0.0, 0.0, 0.0, 0.0], [0.0, 0.0, 0.0, 0.0, 0.0, 0.0, 0.0, 0.0, 0.0, 0.0, 0.0, 0.0, 0.0, 0.0, 0.0, 0.0, 0.0, 0.0, 0.0, 0.0, 0.0, 0.0], [0.0, 0.0, 0.0, 0.0, 0.0, 0.0, 0.0, 0.0, 0.0, 0.0, 0.0, 0.0, 0.0, 0.0, 0.0, 0.0, 0.0, 0.0, 0.0, 0.0, 0.0, 0.0], [0.0, 0.0, 0.0, 0.0, 0.0, 0.0, 0.0, 0.0, 0.0, 0.0, 0.0, 0.0, 0.0, 0.0, 0.0, 0.0, 0.0, 0.0, 0.0, 0.0, 0.0, 0.0], [0.0, 0.0, 0.0, 0.0, 0.0, 0.0, 0.0, 0.0, 0.0, 0.0, 0.0, 0.0, 0.0, 0.0, 0.0, 0.0, 0.0, 0.0, 0.0, 0.0, 0.0, 0.0]]}}
bs_latimer_munro_efermi: -0.73776682