material_id: mp-696651
band_gap: 4.1033
efermi: -2.81065764
dos_magnetic_ordering: NM
dos_total_task_id: mp-1735370
dos_total_band_gap: 4.0639
dos_total_cbm: 1.2195
dos_total_vbm: -2.8444000000000003
dos_total_efermi: -2.86369329
bs_setyawan_curtarolo_task_id: mp-746802
bs_setyawan_curtarolo_band_gap: 4.1033
bs_setyawan_curtarolo_cbm: {'band_index': {'1': [94]}, 'kpoint_index': [65, 66], 'kpoint': <pymatgen.electronic_structure.bandstructure.Kpoint object at 0x7fc699d63930>, 'energy': 1.2405, 'projections': {}}
bs_setyawan_curtarolo_vbm: {'band_index': {'1': [93]}, 'kpoint_index': [0, 75, 76, 98], 'kpoint': <pymatgen.electronic_structure.bandstructure.Kpoint object at 0x7fc5d4b59c50>, 'energy': -2.8628, 'projections': {}}
bs_setyawan_curtarolo_efermi: -2.81065764
bs_latimer_munro_task_id: mp-2442667
bs_latimer_munro_band_gap: 4.106899999999999
bs_latimer_munro_cbm: {'band_index': {'1': [94]}, 'kpoint_index': [20, 21, 32, 42, 53, 76, 77], 'kpoint': <pymatgen.electronic_structure.bandstructure.Kpoint object at 0x7fc5d4b5a430>, 'energy': 1.242, 'projections': {'1': [[0.0, 0.0, 0.0, 0.0, 0.0, 0.0, 0.0001, 0.0001, 0.0, 0.0, 0.0, 0.0, 0.0, 0.0, 0.0, 0.0, 0.0, 0.0, 0.0, 0.0, 0.0, 0.0, 0.0, 0.0, 0.0, 0.0], [0.0, 0.0, 0.0, 0.0, 0.0, 0.0, 0.0, 0.0, 0.0, 0.0, 0.0, 0.0, 0.0, 0.0, 0.0018000000000000002, 0.0018000000000000002, 0.0018000000000000002, 0.0018000000000000002, 0.016300000000000002, 0.016300000000000002, 0.0167, 0.0167, 0.0, 0.0, 0.0, 0.0], [0.0, 0.0, 0.0, 0.0, 0.0, 0.0, 0.0, 0.0, 0.0, 0.0, 0.0, 0.0, 0.0, 0.0, 0.016300000000000002, 0.016300000000000002, 0.0167, 0.0167, 0.0011, 0.0011, 0.0011, 0.0011, 0.0, 0.0, 0.0, 0.0], [0.0, 0.0, 0.0, 0.0, 0.0, 0.0, 0.0, 0.0, 0.0, 0.0, 0.0, 0.0, 0.0, 0.0, 0.0, 0.0, 0.0, 0.0, 0.0, 0.0, 0.0, 0.0, 0.0, 0.0, 0.0, 0.0], [0.0, 0.0, 0.0, 0.0, 0.0, 0.0, 0.0, 0.0, 0.0, 0.0, 0.0, 0.0, 0.0, 0.0, 0.0, 0.0, 0.0, 0.0, 0.0, 0.0, 0.0, 0.0, 0.0, 0.0, 0.0, 0.0], [0.0, 0.0, 0.0, 0.0, 0.0, 0.0, 0.26380000000000003, 0.2691, 0.0, 0.0, 0.0, 0.0, 0.0, 0.0, 0.0, 0.0, 0.0, 0.0, 0.0, 0.0, 0.0, 0.0, 0.0, 0.0, 0.0, 0.0], [0.0001, 0.0001, 0.0, 0.0, 0.0, 0.0, 0.0825, 0.08410000000000001, 0.0, 0.0, 0.0, 0.0, 0.0, 0.0, 0.0, 0.0, 0.0, 0.0, 0.0, 0.0, 0.0, 0.0, 0.0, 0.0, 0.0, 0.0], [0.0, 0.0, 0.0001, 0.0001, 0.0001, 0.0001, 0.0, 0.0, 0.0, 0.0, 0.0, 0.0, 0.0, 0.0, 0.0, 0.0, 0.0, 0.0, 0.0, 0.0, 0.0, 0.0, 0.0, 0.0, 0.0, 0.0], [0.0004, 0.0004, 0.0, 0.0, 0.0, 0.0, 0.031900000000000005, 0.0324, 0.0, 0.0, 0.0, 0.0, 0.0, 0.0, 0.0, 0.0, 0.0, 0.0, 0.0, 0.0, 0.0, 0.0, 0.0, 0.0, 0.0, 0.0]]}}
bs_latimer_munro_vbm: {'band_index': {'1': [93]}, 'kpoint_index': [86, 87, 101, 145, 146, 176, 177, 198, 211], 'kpoint': <pymatgen.electronic_structure.bandstructure.Kpoint object at 0x7fc5d4b59d30>, 'energy': -2.8649, 'projections': {'1': [[0.0, 0.0, 0.0, 0.0, 0.0, 0.0, 0.0074, 0.0074, 0.0, 0.0, 0.0019, 0.0019, 0.0, 0.0, 0.0, 0.0, 0.0, 0.0, 0.0, 0.0, 0.0, 0.0, 0.0, 0.0, 0.0, 0.0], [0.0, 0.0, 0.001, 0.001, 0.001, 0.001, 0.0, 0.0, 0.0, 0.0, 0.0, 0.0, 0.0, 0.0, 0.0012000000000000001, 0.0012000000000000001, 0.0012000000000000001, 0.0012000000000000001, 0.0001, 0.0001, 0.0001, 0.0001, 0.0002, 0.0002, 0.0002, 0.0002], [0.0, 0.0, 0.0, 0.0, 0.0, 0.0, 0.0, 0.0, 0.0, 0.0, 0.0, 0.0, 0.0, 0.0, 0.0002, 0.0002, 0.0002, 0.0002, 0.0017000000000000001, 0.0017000000000000001, 0.0017000000000000001, 0.0017000000000000001, 0.0008, 0.0008, 0.0008, 0.0008], [0.0, 0.0, 0.0006000000000000001, 0.0006000000000000001, 0.0006000000000000001, 0.0006000000000000001, 0.0349, 0.0349, 0.0, 0.0, 0.2011, 0.20070000000000002, 0.1447, 0.1444, 0.0007, 0.0007, 0.0007, 0.0007, 0.0021000000000000003, 0.0021000000000000003, 0.0021000000000000003, 0.0021000000000000003, 0.0019, 0.0019, 0.0019, 0.0019], [0.0, 0.0, 0.0001, 0.0001, 0.0001, 0.0001, 0.0, 0.0, 0.0, 0.0, 0.0, 0.0, 0.0, 0.0, 0.0, 0.0, 0.0, 0.0, 0.0, 0.0, 0.0, 0.0, 0.0, 0.0, 0.0, 0.0], [0.0, 0.0, 0.0, 0.0, 0.0, 0.0, 0.0, 0.0, 0.0, 0.0, 0.0, 0.0, 0.0, 0.0, 0.0, 0.0, 0.0, 0.0, 0.0, 0.0, 0.0, 0.0, 0.0, 0.0, 0.0, 0.0], [0.0, 0.0, 0.0, 0.0, 0.0, 0.0, 0.0061, 0.0061, 0.0, 0.0, 0.0, 0.0, 0.0, 0.0, 0.0, 0.0, 0.0, 0.0, 0.0, 0.0, 0.0, 0.0, 0.0, 0.0, 0.0, 0.0], [0.0, 0.0, 0.0, 0.0, 0.0, 0.0, 0.0, 0.0, 0.0, 0.0, 0.0, 0.0, 0.0, 0.0, 0.0, 0.0, 0.0, 0.0, 0.0, 0.0, 0.0, 0.0, 0.0, 0.0, 0.0, 0.0], [0.0, 0.0, 0.0, 0.0, 0.0, 0.0, 0.0187, 0.018600000000000002, 0.0, 0.0, 0.0, 0.0, 0.0, 0.0, 0.0, 0.0, 0.0, 0.0, 0.0, 0.0, 0.0, 0.0, 0.0, 0.0, 0.0, 0.0]]}}
bs_latimer_munro_efermi: -2.72513792