material_id: mp-626735
band_gap: 3.9758
efermi: -0.68769717
dos_magnetic_ordering: NM
dos_total_task_id: mp-1731049
dos_total_band_gap: 3.9255
dos_total_cbm: 3.2051
dos_total_vbm: -0.7204
dos_total_efermi: -0.7318666500000001
bs_setyawan_curtarolo_task_id: mp-674470
bs_setyawan_curtarolo_band_gap: 3.9758
bs_setyawan_curtarolo_cbm: {'band_index': {'1': [32]}, 'kpoint_index': [16, 17, 48, 49, 78, 79, 111], 'kpoint': <pymatgen.electronic_structure.bandstructure.Kpoint object at 0x7fc699d63930>, 'energy': 3.255, 'projections': {'1': [[0.027200000000000002, 0.0269, 0.0008, 0.0008, 0.0017000000000000001, 0.0017000000000000001, 0.0004, 0.0004, 0.0005, 0.0004, 0.011300000000000001, 0.0111, 0.0175, 0.0171, 0.018000000000000002, 0.0175], [0.0, 0.0, 0.0095, 0.009300000000000001, 0.0, 0.0, 0.00030000000000000003, 0.00030000000000000003, 0.00030000000000000003, 0.00030000000000000003, 0.001, 0.0012000000000000001, 0.0175, 0.0176, 0.0017000000000000001, 0.0018000000000000002], [0.0, 0.0, 0.0, 0.0, 0.0073, 0.007200000000000001, 0.0001, 0.0001, 0.0002, 0.0001, 0.0034000000000000002, 0.0036000000000000003, 0.0004, 0.0005, 0.0103, 0.01], [0.0, 0.0, 0.0, 0.0, 0.0, 0.0, 0.0008, 0.0009000000000000001, 0.0012000000000000001, 0.0007, 0.0, 0.0, 0.0, 0.0, 0.0001, 0.0], [0.0, 0.0, 0.0, 0.0, 0.0, 0.0, 0.0, 0.0, 0.0, 0.0, 0.0, 0.0, 0.0, 0.0, 0.0, 0.0], [0.0025, 0.0024000000000000002, 0.0, 0.0, 0.0, 0.0, 0.0, 0.0, 0.0, 0.0, 0.0, 0.0, 0.0, 0.0, 0.0, 0.0], [0.00030000000000000003, 0.0004, 0.0, 0.0, 0.0, 0.0, 0.0, 0.0, 0.0, 0.0, 0.0, 0.0, 0.0, 0.0, 0.0, 0.0], [0.0, 0.0, 0.0, 0.0, 0.0, 0.0, 0.0, 0.0, 0.0, 0.0, 0.0, 0.0, 0.0, 0.0, 0.0, 0.0], [0.0002, 0.0001, 0.0, 0.0, 0.0, 0.0, 0.0, 0.0, 0.0, 0.0, 0.0, 0.0, 0.0, 0.0, 0.0, 0.0]]}}
bs_setyawan_curtarolo_vbm: {'band_index': {'1': [31]}, 'kpoint_index': [59], 'kpoint': <pymatgen.electronic_structure.bandstructure.Kpoint object at 0x7fc5d4b5a430>, 'energy': -0.7208, 'projections': {'1': [[0.0, 0.0, 0.0, 0.0, 0.0, 0.0, 0.0, 0.0, 0.0, 0.0, 0.0, 0.0, 0.0, 0.0, 0.0, 0.0], [0.0, 0.0, 0.0, 0.0, 0.0, 0.0, 0.0005, 0.0005, 0.0004, 0.0005, 0.0001, 0.0002, 0.0004, 0.0006000000000000001, 0.0, 0.0002], [0.0, 0.0, 0.0, 0.0, 0.0, 0.0, 0.0001, 0.0001, 0.0001, 0.0001, 0.0, 0.0, 0.0, 0.0006000000000000001, 0.0001, 0.0001], [0.0074, 0.0068000000000000005, 0.0054, 0.0048000000000000004, 0.0006000000000000001, 0.0006000000000000001, 0.00030000000000000003, 0.0002, 0.0002, 0.00030000000000000003, 0.007200000000000001, 0.0064, 0.2924, 0.2548, 0.055600000000000004, 0.0584], [0.0023, 0.0018000000000000002, 0.0, 0.0, 0.0, 0.0, 0.0, 0.0, 0.0, 0.0, 0.0, 0.0, 0.0, 0.0, 0.0, 0.0], [0.0, 0.0, 0.0, 0.0, 0.0, 0.0, 0.0, 0.0, 0.0, 0.0, 0.0, 0.0, 0.0, 0.0, 0.0, 0.0], [0.0, 0.0, 0.0, 0.0, 0.0, 0.0, 0.0, 0.0, 0.0, 0.0, 0.0, 0.0, 0.0, 0.0, 0.0, 0.0], [0.006, 0.0051, 0.0, 0.0, 0.0, 0.0, 0.0, 0.0, 0.0, 0.0, 0.0, 0.0, 0.0, 0.0, 0.0, 0.0], [0.0, 0.0, 0.0, 0.0, 0.0, 0.0, 0.0, 0.0, 0.0, 0.0, 0.0, 0.0, 0.0, 0.0, 0.0, 0.0]]}}
bs_setyawan_curtarolo_efermi: -0.68769717