material_id: mp-6500
band_gap: 6.5991
efermi: -2.78547201
dos_magnetic_ordering: NM
dos_total_task_id: mp-1673293
dos_total_band_gap: 6.8355
dos_total_cbm: 3.8774
dos_total_vbm: -2.9581
dos_total_efermi: -2.9489417700000002
bs_setyawan_curtarolo_task_id: mp-1608033
bs_setyawan_curtarolo_band_gap: 6.5991
bs_setyawan_curtarolo_cbm: {'band_index': {'1': [80]}, 'kpoint_index': [0], 'kpoint': <pymatgen.electronic_structure.bandstructure.Kpoint object at 0x7fc699d63930>, 'energy': 3.6438, 'projections': {'1': [[0.011, 0.011, 0.0183, 0.0183, 0.0183, 0.0183, 0.0135, 0.0135, 0.0054, 0.0054, 0.0054, 0.0054, 0.0054, 0.0054, 0.0054, 0.0054, 0.0053, 0.0053, 0.0053, 0.0053], [0.0, 0.0, 0.0, 0.0, 0.0, 0.0, 0.0, 0.0, 0.0, 0.0, 0.0, 0.0, 0.0001, 0.0001, 0.0001, 0.0001, 0.0, 0.0, 0.0, 0.0], [0.0, 0.0, 0.0, 0.0, 0.0, 0.0, 0.0, 0.0, 0.0, 0.0, 0.0, 0.0, 0.0, 0.0, 0.0, 0.0, 0.0001, 0.0001, 0.0001, 0.0001], [0.0, 0.0, 0.0, 0.0, 0.0, 0.0, 0.0, 0.0, 0.0001, 0.0001, 0.0001, 0.0001, 0.0001, 0.0001, 0.0001, 0.0001, 0.0, 0.0, 0.0, 0.0], [0.0, 0.0, 0.0001, 0.0001, 0.0001, 0.0001, 0.0001, 0.0001, 0.0, 0.0, 0.0, 0.0, 0.0, 0.0, 0.0, 0.0, 0.0, 0.0, 0.0, 0.0], [0.0, 0.0, 0.0, 0.0, 0.0, 0.0, 0.0, 0.0, 0.0, 0.0, 0.0, 0.0, 0.0, 0.0, 0.0, 0.0, 0.0, 0.0, 0.0, 0.0], [0.0, 0.0, 0.0, 0.0, 0.0, 0.0, 0.0, 0.0, 0.0, 0.0, 0.0, 0.0, 0.0, 0.0, 0.0, 0.0, 0.0, 0.0, 0.0, 0.0], [0.0, 0.0, 0.0, 0.0, 0.0, 0.0, 0.0004, 0.0004, 0.0, 0.0, 0.0, 0.0, 0.0, 0.0, 0.0, 0.0, 0.0, 0.0, 0.0, 0.0], [0.0, 0.0, 0.0, 0.0, 0.0, 0.0, 0.0001, 0.0001, 0.0, 0.0, 0.0, 0.0, 0.0, 0.0, 0.0, 0.0, 0.0, 0.0, 0.0, 0.0]]}}
bs_setyawan_curtarolo_vbm: {'band_index': {'1': [78, 79]}, 'kpoint_index': [71, 72, 90], 'kpoint': <pymatgen.electronic_structure.bandstructure.Kpoint object at 0x7fc5d4b59c50>, 'energy': -2.9553000000000003, 'projections': {'1': [[0.0, 0.0, 0.0001, 0.0, 0.0001, 0.0, 0.0, 0.0, 0.0, 0.0, 0.0, 0.0, 0.0, 0.0, 0.0, 0.0, 0.0, 0.0, 0.0, 0.0], [0.0, 0.0001, 0.00030000000000000003, 0.00030000000000000003, 0.00030000000000000003, 0.00030000000000000003, 0.0, 0.0, 0.0352, 0.048600000000000004, 0.0352, 0.048600000000000004, 0.0078000000000000005, 0.012, 0.0078000000000000005, 0.012, 0.0173, 0.0173, 0.0173, 0.0173], [0.0004, 0.0002, 0.0005, 0.0008, 0.0005, 0.0008, 0.0, 0.0, 0.0468, 0.060500000000000005, 0.0468, 0.060500000000000005, 0.0009000000000000001, 0.00030000000000000003, 0.0009000000000000001, 0.00030000000000000003, 0.0026000000000000003, 0.0023, 0.0026000000000000003, 0.0023], [0.0009000000000000001, 0.0007, 0.0009000000000000001, 0.0004, 0.0009000000000000001, 0.0004, 0.0, 0.0, 0.0058000000000000005, 0.008400000000000001, 0.0058000000000000005, 0.008400000000000001, 0.0143, 0.0229, 0.0143, 0.0229, 0.0526, 0.038, 0.0526, 0.038], [0.0, 0.0, 0.0, 0.0, 0.0, 0.0, 0.0, 0.0, 0.0, 0.0, 0.0, 0.0, 0.0, 0.0, 0.0, 0.0, 0.0, 0.0, 0.0, 0.0], [0.0, 0.0, 0.0, 0.0, 0.0, 0.0, 0.0, 0.0, 0.0, 0.0, 0.0, 0.0, 0.0, 0.0, 0.0, 0.0, 0.0, 0.0, 0.0, 0.0], [0.0, 0.0, 0.0, 0.0, 0.0, 0.0, 0.0, 0.0, 0.0, 0.0, 0.0, 0.0, 0.0, 0.0, 0.0, 0.0, 0.0, 0.0, 0.0, 0.0], [0.0, 0.0, 0.0, 0.0001, 0.0, 0.0001, 0.0, 0.0, 0.0, 0.0, 0.0, 0.0, 0.0, 0.0, 0.0, 0.0, 0.0, 0.0, 0.0, 0.0], [0.0, 0.0, 0.0, 0.0, 0.0, 0.0, 0.0, 0.0, 0.0, 0.0, 0.0, 0.0, 0.0, 0.0, 0.0, 0.0, 0.0, 0.0, 0.0, 0.0]]}}
bs_setyawan_curtarolo_efermi: -2.78547201
bs_latimer_munro_task_id: mp-2429658
bs_latimer_munro_band_gap: 6.5991
bs_latimer_munro_cbm: {'band_index': {'1': [80]}, 'kpoint_index': [102, 103, 145, 146, 159, 197, 198], 'kpoint': <pymatgen.electronic_structure.bandstructure.Kpoint object at 0x7fc5d4b5a190>, 'energy': 3.6438, 'projections': {'1': [[0.0111, 0.0111, 0.0184, 0.0183, 0.0183, 0.0183, 0.0135, 0.0135, 0.0054, 0.0054, 0.0054, 0.0054, 0.0054, 0.0054, 0.0054, 0.0054, 0.0053, 0.0053, 0.0053, 0.0053], [0.0, 0.0, 0.0, 0.0, 0.0, 0.0, 0.0, 0.0, 0.0, 0.0, 0.0, 0.0, 0.0001, 0.0001, 0.0001, 0.0001, 0.0, 0.0, 0.0, 0.0], [0.0, 0.0, 0.0, 0.0, 0.0, 0.0, 0.0, 0.0, 0.0, 0.0, 0.0, 0.0, 0.0, 0.0, 0.0, 0.0, 0.0001, 0.0001, 0.0001, 0.0001], [0.0, 0.0, 0.0, 0.0, 0.0, 0.0, 0.0, 0.0, 0.0001, 0.0001, 0.0001, 0.0001, 0.0001, 0.0001, 0.0001, 0.0001, 0.0, 0.0, 0.0, 0.0], [0.0, 0.0, 0.0001, 0.0001, 0.0001, 0.0001, 0.0001, 0.0001, 0.0, 0.0, 0.0, 0.0, 0.0, 0.0, 0.0, 0.0, 0.0, 0.0, 0.0, 0.0], [0.0, 0.0, 0.0, 0.0, 0.0, 0.0, 0.0, 0.0, 0.0, 0.0, 0.0, 0.0, 0.0, 0.0, 0.0, 0.0, 0.0, 0.0, 0.0, 0.0], [0.0, 0.0, 0.0, 0.0, 0.0, 0.0, 0.0, 0.0, 0.0, 0.0, 0.0, 0.0, 0.0, 0.0, 0.0, 0.0, 0.0, 0.0, 0.0, 0.0], [0.0, 0.0, 0.0, 0.0, 0.0, 0.0, 0.0004, 0.0004, 0.0, 0.0, 0.0, 0.0, 0.0, 0.0, 0.0, 0.0, 0.0, 0.0, 0.0, 0.0], [0.0, 0.0, 0.0, 0.0, 0.0, 0.0, 0.0001, 0.0001, 0.0, 0.0, 0.0, 0.0, 0.0, 0.0, 0.0, 0.0, 0.0, 0.0, 0.0, 0.0]]}}
bs_latimer_munro_vbm: {'band_index': {'1': [78, 79]}, 'kpoint_index': [10, 11, 227], 'kpoint': <pymatgen.electronic_structure.bandstructure.Kpoint object at 0x7fc5d4b5a430>, 'energy': -2.9553000000000003, 'projections': {'1': [[0.0, 0.0, 0.0001, 0.0, 0.0001, 0.0, 0.0, 0.0, 0.0, 0.0, 0.0, 0.0, 0.0, 0.0, 0.0, 0.0, 0.0, 0.0, 0.0, 0.0], [0.0, 0.0001, 0.0001, 0.0005, 0.0001, 0.0005, 0.0, 0.0, 0.0473, 0.036500000000000005, 0.0473, 0.036500000000000005, 0.01, 0.0098, 0.01, 0.0098, 0.0095, 0.0251, 0.0095, 0.0251], [0.0004, 0.0002, 0.0001, 0.0012000000000000001, 0.0001, 0.0012000000000000001, 0.0, 0.0, 0.06420000000000001, 0.043000000000000003, 0.06420000000000001, 0.043000000000000003, 0.0012000000000000001, 0.0001, 0.0012000000000000001, 0.0001, 0.0016, 0.0033, 0.0016, 0.0033], [0.0013000000000000002, 0.00030000000000000003, 0.001, 0.00030000000000000003, 0.001, 0.00030000000000000003, 0.0, 0.0, 0.0076, 0.006500000000000001, 0.0076, 0.006500000000000001, 0.0179, 0.0193, 0.0179, 0.0193, 0.0396, 0.051000000000000004, 0.0396, 0.051000000000000004], [0.0, 0.0, 0.0, 0.0, 0.0, 0.0, 0.0, 0.0, 0.0, 0.0, 0.0, 0.0, 0.0, 0.0, 0.0, 0.0, 0.0, 0.0, 0.0, 0.0], [0.0, 0.0, 0.0, 0.0, 0.0, 0.0, 0.0, 0.0, 0.0, 0.0, 0.0, 0.0, 0.0, 0.0, 0.0, 0.0, 0.0, 0.0, 0.0, 0.0], [0.0, 0.0, 0.0, 0.0, 0.0, 0.0, 0.0, 0.0, 0.0, 0.0, 0.0, 0.0, 0.0, 0.0, 0.0, 0.0, 0.0, 0.0, 0.0, 0.0], [0.0, 0.0, 0.0, 0.0001, 0.0, 0.0001, 0.0, 0.0, 0.0, 0.0, 0.0, 0.0, 0.0, 0.0, 0.0, 0.0, 0.0, 0.0, 0.0, 0.0], [0.0, 0.0, 0.0, 0.0, 0.0, 0.0, 0.0, 0.0001, 0.0, 0.0, 0.0, 0.0, 0.0, 0.0, 0.0, 0.0, 0.0, 0.0, 0.0, 0.0]]}}
bs_latimer_munro_efermi: -2.795296989999999