material_id: mp-634979
band_gap: 3.573
efermi: 1.91560892
dos_magnetic_ordering: NM
dos_total_task_id: mp-1760193
dos_total_band_gap: 3.7808
dos_total_cbm: 5.5399
dos_total_vbm: 1.7591
dos_total_efermi: 1.76226405
bs_setyawan_curtarolo_task_id: mp-1628323
bs_setyawan_curtarolo_band_gap: 3.573
bs_setyawan_curtarolo_cbm: {'band_index': {'1': [22]}, 'kpoint_index': [16, 17, 82], 'kpoint': <pymatgen.electronic_structure.bandstructure.Kpoint object at 0x7fc699d63930>, 'energy': 5.4288, 'projections': {'1': [[0.0, 0.0, 0.0, 0.0, 0.0, 0.0], [0.0, 0.0, 0.0, 0.0, 0.0, 0.0], [0.0, 0.0, 0.0, 0.0, 0.0, 0.0], [0.0068000000000000005, 0.0068000000000000005, 0.0099, 0.0099, 0.0097, 0.0097], [0.1587, 0.1587, 0.0, 0.0, 0.0, 0.0], [0.0, 0.0, 0.0, 0.0, 0.0, 0.0], [0.0, 0.0, 0.0, 0.0, 0.0, 0.0], [0.22510000000000002, 0.22510000000000002, 0.0, 0.0, 0.0, 0.0], [0.0, 0.0, 0.0, 0.0, 0.0, 0.0]]}}
bs_setyawan_curtarolo_vbm: {'band_index': {'1': [21]}, 'kpoint_index': [0, 113, 114, 153], 'kpoint': <pymatgen.electronic_structure.bandstructure.Kpoint object at 0x7fc5d4b5a200>, 'energy': 1.8558000000000001, 'projections': {'1': [[0.0, 0.0, 0.00030000000000000003, 0.00030000000000000003, 0.0, 0.0], [0.0049, 0.0049, 0.052700000000000004, 0.052700000000000004, 0.0176, 0.0176], [0.0601, 0.0601, 0.2892, 0.2892, 0.007, 0.007], [0.0, 0.0, 0.0, 0.0, 0.0, 0.0], [0.0, 0.0, 0.0, 0.0, 0.0, 0.0], [0.0025, 0.0025, 0.0, 0.0, 0.0, 0.0], [0.0054, 0.0054, 0.0, 0.0, 0.0, 0.0], [0.0, 0.0, 0.0, 0.0, 0.0, 0.0], [0.0014, 0.0014, 0.0, 0.0, 0.0, 0.0]]}}
bs_setyawan_curtarolo_efermi: 1.91560892
bs_latimer_munro_task_id: mp-2311608
bs_latimer_munro_band_gap: 3.573
bs_latimer_munro_cbm: {'band_index': {'1': [22]}, 'kpoint_index': [146, 147, 159], 'kpoint': <pymatgen.electronic_structure.bandstructure.Kpoint object at 0x7fc5d4b5a350>, 'energy': 5.4288, 'projections': {'1': [[0.0, 0.0, 0.0, 0.0, 0.0, 0.0], [0.0, 0.0, 0.0, 0.0, 0.0, 0.0], [0.0, 0.0, 0.0, 0.0, 0.0, 0.0], [0.0068000000000000005, 0.0068000000000000005, 0.0099, 0.0099, 0.0097, 0.0097], [0.15860000000000002, 0.1587, 0.0, 0.0, 0.0, 0.0], [0.0, 0.0, 0.0, 0.0, 0.0, 0.0], [0.0, 0.0, 0.0, 0.0, 0.0, 0.0], [0.22510000000000002, 0.22510000000000002, 0.0, 0.0, 0.0, 0.0], [0.0, 0.0, 0.0, 0.0, 0.0, 0.0]]}}
bs_latimer_munro_vbm: {'band_index': {'1': [21]}, 'kpoint_index': [19, 20, 90, 91, 112, 175, 176, 214, 232], 'kpoint': <pymatgen.electronic_structure.bandstructure.Kpoint object at 0x7fc5d4b59c50>, 'energy': 1.8558000000000001, 'projections': {'1': [[0.0, 0.0, 0.00030000000000000003, 0.00030000000000000003, 0.0, 0.0], [0.0049, 0.0049, 0.052700000000000004, 0.052700000000000004, 0.0176, 0.0176], [0.0601, 0.0601, 0.2892, 0.2892, 0.007, 0.007], [0.0, 0.0, 0.0, 0.0, 0.0, 0.0], [0.0, 0.0, 0.0, 0.0, 0.0, 0.0], [0.0025, 0.0025, 0.0, 0.0, 0.0, 0.0], [0.0054, 0.0054, 0.0, 0.0, 0.0, 0.0], [0.0, 0.0, 0.0, 0.0, 0.0, 0.0], [0.0014, 0.0014, 0.0, 0.0, 0.0, 0.0]]}}
bs_latimer_munro_efermi: 1.91143754