material_id: mp-771320
band_gap: 0.8851
efermi: 0.12132006000000001
dos_magnetic_ordering: FM
dos_total_task_id: mp-1681547
dos_total_band_gap: 0.961399999999999
dos_total_cbm: 0.9420000000000001
dos_total_vbm: -0.0194
dos_total_efermi: -0.01160453
bs_setyawan_curtarolo_task_id: mp-844875
bs_setyawan_curtarolo_band_gap: 0.8851
bs_setyawan_curtarolo_cbm: {'band_index': {'1': [108], '-1': []}, 'kpoint_index': ['17'], 'kpoint': <pymatgen.electronic_structure.bandstructure.Kpoint object at 0x7fc699d63930>, 'energy': 0.9529000000000001, 'projections': {'1': [[0.0, 0.0, 0.0002, 0.0002, 0.0001, 0.0001, 0.00030000000000000003, 0.0002, 0.0006000000000000001, 0.0005, 0.0002, 0.0001, 0.0002, 0.0004, 0.0, 0.0001, 0.0, 0.0, 0.0001, 0.0, 0.0, 0.00030000000000000003, 0.0001, 0.0, 0.0001, 0.0002, 0.0001, 0.0001, 0.0, 0.0, 0.0, 0.0, 0.0], [0.0, 0.0, 0.0001, 0.00030000000000000003, 0.0005, 0.0005, 0.0007, 0.0004, 0.0002, 0.0002, 0.0043, 0.0014, 0.0026000000000000003, 0.0001, 0.0023, 0.0086, 0.0002, 0.0011, 0.0008, 0.0033, 0.0014, 0.0023, 0.0015, 0.0009000000000000001, 0.0017000000000000001, 0.0001, 0.0103, 0.0023, 0.0004, 0.006900000000000001, 0.0007, 0.0056, 0.0025], [0.0, 0.0, 0.0001, 0.0005, 0.0001, 0.0001, 0.0, 0.0004, 0.0005, 0.0061, 0.0023, 0.0012000000000000001, 0.0008, 0.0023, 0.002, 0.0002, 0.0004, 0.0059, 0.00030000000000000003, 0.0008, 0.002, 0.0001, 0.0006000000000000001, 0.0008, 0.0082, 0.001, 0.00030000000000000003, 0.0037, 0.0033, 0.0005, 0.0004, 0.0036000000000000003, 0.0059], [0.0, 0.0, 0.0, 0.0, 0.0, 0.0, 0.0004, 0.0002, 0.00030000000000000003, 0.0009000000000000001, 0.0009000000000000001, 0.0025, 0.002, 0.0006000000000000001, 0.0023, 0.0015, 0.0061, 0.0014, 0.0007, 0.0043, 0.0053, 0.0024000000000000002, 0.003, 0.0044, 0.0025, 0.001, 0.003, 0.0014, 0.0017000000000000001, 0.001, 0.0007, 0.001, 0.0018000000000000002], [0.0565, 0.0482, 0.002, 0.0, 0.0, 0.0, 0.0, 0.0, 0.0, 0.0, 0.0, 0.0, 0.0, 0.0, 0.0, 0.0, 0.0, 0.0, 0.0, 0.0, 0.0, 0.0, 0.0, 0.0, 0.0, 0.0, 0.0, 0.0, 0.0, 0.0, 0.0, 0.0, 0.0], [0.12430000000000001, 0.1091, 0.0012000000000000001, 0.0, 0.0, 0.0, 0.0, 0.0, 0.0, 0.0, 0.0, 0.0, 0.0, 0.0, 0.0, 0.0, 0.0, 0.0, 0.0, 0.0, 0.0, 0.0, 0.0, 0.0, 0.0, 0.0, 0.0, 0.0, 0.0, 0.0, 0.0, 0.0, 0.0], [0.0821, 0.052000000000000005, 0.001, 0.0, 0.0, 0.0, 0.0, 0.0, 0.0, 0.0, 0.0, 0.0, 0.0, 0.0, 0.0, 0.0, 0.0, 0.0, 0.0, 0.0, 0.0, 0.0, 0.0, 0.0, 0.0, 0.0, 0.0, 0.0, 0.0, 0.0, 0.0, 0.0, 0.0], [0.052500000000000005, 0.037200000000000004, 0.0024000000000000002, 0.0, 0.0, 0.0, 0.0, 0.0, 0.0, 0.0, 0.0, 0.0, 0.0, 0.0, 0.0, 0.0, 0.0, 0.0, 0.0, 0.0, 0.0, 0.0, 0.0, 0.0, 0.0, 0.0, 0.0, 0.0, 0.0, 0.0, 0.0, 0.0, 0.0], [0.0516, 0.0908, 0.0038, 0.0, 0.0, 0.0, 0.0, 0.0, 0.0, 0.0, 0.0, 0.0, 0.0, 0.0, 0.0, 0.0, 0.0, 0.0, 0.0, 0.0, 0.0, 0.0, 0.0, 0.0, 0.0, 0.0, 0.0, 0.0, 0.0, 0.0, 0.0, 0.0, 0.0]]}}
bs_setyawan_curtarolo_vbm: {'band_index': {'1': [107], '-1': []}, 'kpoint_index': ['53'], 'kpoint': <pymatgen.electronic_structure.bandstructure.Kpoint object at 0x7fc5d4b59be0>, 'energy': 0.0678, 'projections': {'1': [[0.0002, 0.0005, 0.0, 0.0004, 0.0004, 0.0001, 0.00030000000000000003, 0.0002, 0.0001, 0.0, 0.0001, 0.0, 0.0, 0.001, 0.0, 0.0001, 0.0, 0.0, 0.0007, 0.0, 0.0, 0.0011, 0.00030000000000000003, 0.0, 0.0002, 0.0002, 0.00030000000000000003, 0.0001, 0.0, 0.0, 0.0004, 0.0, 0.0001], [0.0, 0.0, 0.0002, 0.0002, 0.0004, 0.0, 0.0, 0.0004, 0.0002, 0.0012000000000000001, 0.002, 0.016, 0.0004, 0.006, 0.0022, 0.0036000000000000003, 0.0055000000000000005, 0.0007, 0.016800000000000002, 0.0009000000000000001, 0.004, 0.0257, 0.0125, 0.0024000000000000002, 0.0021000000000000003, 0.0012000000000000001, 0.012100000000000001, 0.0029000000000000002, 0.00030000000000000003, 0.0016, 0.0117, 0.0002, 0.0013000000000000002], [0.0, 0.0001, 0.0001, 0.0001, 0.0001, 0.0002, 0.0007, 0.00030000000000000003, 0.0002, 0.0013000000000000002, 0.0056, 0.0004, 0.0001, 0.0253, 0.0033, 0.0002, 0.0016, 0.0043, 0.0045000000000000005, 0.0047, 0.0049, 0.011, 0.0071, 0.0049, 0.0029000000000000002, 0.0194, 0.0001, 0.0025, 0.0164, 0.00030000000000000003, 0.0019, 0.0068000000000000005, 0.0002], [0.0002, 0.0004, 0.0, 0.00030000000000000003, 0.0002, 0.0001, 0.0002, 0.0002, 0.0, 0.00030000000000000003, 0.0004, 0.009600000000000001, 0.0006000000000000001, 0.0027, 0.0037, 0.0044, 0.0149, 0.0036000000000000003, 0.0046, 0.0073, 0.0016, 0.0033, 0.012, 0.0024000000000000002, 0.0024000000000000002, 0.0143, 0.0001, 0.0027, 0.0, 0.0021000000000000003, 0.014100000000000001, 0.0011, 0.0012000000000000001], [0.0001, 0.0007, 0.1615, 0.0, 0.0, 0.0, 0.0, 0.0, 0.0, 0.0, 0.0, 0.0, 0.0, 0.0, 0.0, 0.0, 0.0, 0.0, 0.0, 0.0, 0.0, 0.0, 0.0, 0.0, 0.0, 0.0, 0.0, 0.0, 0.0, 0.0, 0.0, 0.0, 0.0], [0.0017000000000000001, 0.0005, 0.13440000000000002, 0.0, 0.0, 0.0, 0.0, 0.0, 0.0, 0.0, 0.0, 0.0, 0.0, 0.0, 0.0, 0.0, 0.0, 0.0, 0.0, 0.0, 0.0, 0.0, 0.0, 0.0, 0.0, 0.0, 0.0, 0.0, 0.0, 0.0, 0.0, 0.0, 0.0], [0.0026000000000000003, 0.0017000000000000001, 0.0927, 0.0, 0.0, 0.0, 0.0, 0.0, 0.0, 0.0, 0.0, 0.0, 0.0, 0.0, 0.0, 0.0, 0.0, 0.0, 0.0, 0.0, 0.0, 0.0, 0.0, 0.0, 0.0, 0.0, 0.0, 0.0, 0.0, 0.0, 0.0, 0.0, 0.0], [0.0025, 0.0015, 0.0658, 0.0, 0.0, 0.0, 0.0, 0.0, 0.0, 0.0, 0.0, 0.0, 0.0, 0.0, 0.0, 0.0, 0.0, 0.0, 0.0, 0.0, 0.0, 0.0, 0.0, 0.0, 0.0, 0.0, 0.0, 0.0, 0.0, 0.0, 0.0, 0.0, 0.0], [0.0051, 0.0025, 0.016800000000000002, 0.0, 0.0, 0.0, 0.0, 0.0, 0.0, 0.0, 0.0, 0.0, 0.0, 0.0, 0.0, 0.0, 0.0, 0.0, 0.0, 0.0, 0.0, 0.0, 0.0, 0.0, 0.0, 0.0, 0.0, 0.0, 0.0, 0.0, 0.0, 0.0, 0.0]]}}
bs_setyawan_curtarolo_efermi: 0.12132006000000001