material_id: mp-753947
band_gap: 4.8555
efermi: 0.80609355
dos_magnetic_ordering: NM
dos_total_task_id: mp-1722193
dos_total_band_gap: 4.8378
dos_total_cbm: 5.5944
dos_total_vbm: 0.7566
dos_total_efermi: 0.7582527800000001
bs_setyawan_curtarolo_task_id: mp-855506
bs_setyawan_curtarolo_band_gap: 4.8555
bs_setyawan_curtarolo_cbm: {'band_index': {'1': [22]}, 'kpoint_index': [0, 69, 70], 'kpoint': <pymatgen.electronic_structure.bandstructure.Kpoint object at 0x7fc699d63930>, 'energy': 5.5978, 'projections': {}}
bs_setyawan_curtarolo_vbm: {'band_index': {'1': [21]}, 'kpoint_index': ['50'], 'kpoint': <pymatgen.electronic_structure.bandstructure.Kpoint object at 0x7fc5d4b59c50>, 'energy': 0.7423000000000001, 'projections': {}}
bs_setyawan_curtarolo_efermi: 0.80609355
bs_hinuma_task_id: mp-2090258
bs_hinuma_band_gap: 4.8573
bs_hinuma_cbm: {'band_index': {'1': [22]}, 'kpoint_index': [0, 69, 70], 'kpoint': <pymatgen.electronic_structure.bandstructure.Kpoint object at 0x7fc5d4b5a350>, 'energy': 5.5987, 'projections': {'1': [[0.10650000000000001, 0.10650000000000001, 0.0029000000000000002, 0.0029000000000000002, 0.045200000000000004, 0.0405, 0.045200000000000004, 0.0405], [0.00030000000000000003, 0.00030000000000000003, 0.002, 0.002, 0.0023, 0.0058000000000000005, 0.0023, 0.0058000000000000005], [0.0004, 0.0004, 0.0013000000000000002, 0.0013000000000000002, 0.0002, 0.0002, 0.0002, 0.0002], [0.0, 0.0, 0.0, 0.0, 0.0, 0.0, 0.0, 0.0], [0.0, 0.0, 0.0, 0.0, 0.0, 0.0, 0.0, 0.0], [0.006500000000000001, 0.006500000000000001, 0.0, 0.0, 0.0, 0.0, 0.0, 0.0], [0.0011, 0.0011, 0.0, 0.0, 0.0, 0.0, 0.0, 0.0], [0.0, 0.0, 0.0, 0.0, 0.0, 0.0, 0.0, 0.0], [0.019100000000000002, 0.019100000000000002, 0.0, 0.0, 0.0, 0.0, 0.0, 0.0]]}}
bs_hinuma_vbm: {'band_index': {'1': [21]}, 'kpoint_index': ['50'], 'kpoint': <pymatgen.electronic_structure.bandstructure.Kpoint object at 0x7fc5d4b59e80>, 'energy': 0.7414000000000001, 'projections': {'1': [[0.0019, 0.0019, 0.0001, 0.0001, 0.0, 0.0001, 0.0, 0.0001], [0.005200000000000001, 0.005200000000000001, 0.0048000000000000004, 0.0048000000000000004, 0.0017000000000000001, 0.1287, 0.0017000000000000001, 0.1287], [0.0002, 0.0002, 0.0006000000000000001, 0.0006000000000000001, 0.0436, 0.16540000000000002, 0.0436, 0.16540000000000002], [0.0014, 0.0014, 0.0, 0.0, 0.0079, 0.008700000000000001, 0.0079, 0.008700000000000001], [0.0, 0.0, 0.0, 0.0, 0.0, 0.0, 0.0, 0.0], [0.0001, 0.0001, 0.0, 0.0, 0.0, 0.0, 0.0, 0.0], [0.0041, 0.0041, 0.0, 0.0, 0.0, 0.0, 0.0, 0.0], [0.0, 0.0, 0.0, 0.0, 0.0, 0.0, 0.0, 0.0], [0.0027, 0.0027, 0.0, 0.0, 0.0, 0.0, 0.0, 0.0]]}}
bs_hinuma_efermi: 0.88833862
bs_latimer_munro_task_id: mp-2308327
bs_latimer_munro_band_gap: 4.8573
bs_latimer_munro_cbm: {'band_index': {'1': [22]}, 'kpoint_index': [37, 38, 188, 189, 303, 304], 'kpoint': <pymatgen.electronic_structure.bandstructure.Kpoint object at 0x7fc5d4b59be0>, 'energy': 5.5987, 'projections': {'1': [[0.10650000000000001, 0.10650000000000001, 0.0029000000000000002, 0.0029000000000000002, 0.045200000000000004, 0.0405, 0.045200000000000004, 0.0405], [0.00030000000000000003, 0.00030000000000000003, 0.002, 0.002, 0.0023, 0.0058000000000000005, 0.0023, 0.0058000000000000005], [0.0004, 0.0004, 0.0013000000000000002, 0.0013000000000000002, 0.0002, 0.0002, 0.0002, 0.0002], [0.0, 0.0, 0.0, 0.0, 0.0, 0.0, 0.0, 0.0], [0.0, 0.0, 0.0, 0.0, 0.0, 0.0, 0.0, 0.0], [0.006500000000000001, 0.006500000000000001, 0.0, 0.0, 0.0, 0.0, 0.0, 0.0], [0.0011, 0.0011, 0.0, 0.0, 0.0, 0.0, 0.0, 0.0], [0.0, 0.0, 0.0, 0.0, 0.0, 0.0, 0.0, 0.0], [0.019100000000000002, 0.019100000000000002, 0.0, 0.0, 0.0, 0.0, 0.0, 0.0]]}}
bs_latimer_munro_vbm: {'band_index': {'1': [21]}, 'kpoint_index': ['284'], 'kpoint': <pymatgen.electronic_structure.bandstructure.Kpoint object at 0x7fc5d4b5a200>, 'energy': 0.7414000000000001, 'projections': {'1': [[0.0019, 0.0019, 0.0001, 0.0001, 0.0, 0.0001, 0.0, 0.0001], [0.005200000000000001, 0.005200000000000001, 0.0048000000000000004, 0.0048000000000000004, 0.0017000000000000001, 0.1287, 0.0017000000000000001, 0.1287], [0.0002, 0.0002, 0.0006000000000000001, 0.0006000000000000001, 0.0436, 0.16540000000000002, 0.0436, 0.16540000000000002], [0.0014, 0.0014, 0.0, 0.0, 0.0079, 0.008700000000000001, 0.0079, 0.008700000000000001], [0.0, 0.0, 0.0, 0.0, 0.0, 0.0, 0.0, 0.0], [0.0001, 0.0001, 0.0, 0.0, 0.0, 0.0, 0.0, 0.0], [0.0041, 0.0041, 0.0, 0.0, 0.0, 0.0, 0.0, 0.0], [0.0, 0.0, 0.0, 0.0, 0.0, 0.0, 0.0, 0.0], [0.0027, 0.0027, 0.0, 0.0, 0.0, 0.0, 0.0, 0.0]]}}
bs_latimer_munro_efermi: 0.91001326