material_id: mp-725670
band_gap: 0.7434000000000001
efermi: -2.29106273
dos_magnetic_ordering: FM
dos_total_task_id: mp-2285270
dos_total_band_gap: 5.152
dos_total_cbm: 2.4068
dos_total_vbm: -2.7452
dos_total_efermi: -2.71396593
bs_setyawan_curtarolo_task_id: mp-747201
bs_setyawan_curtarolo_band_gap: 0.7434000000000001
bs_setyawan_curtarolo_cbm: {'band_index': {'-1': [30], '1': []}, 'kpoint_index': ['15'], 'kpoint': <pymatgen.electronic_structure.bandstructure.Kpoint object at 0x7fc699d63930>, 'energy': -1.5876000000000001, 'projections': {'-1': [[0.014400000000000001, 0.014400000000000001, 0.0013000000000000002, 0.0013000000000000002, 0.0013000000000000002, 0.0013000000000000002, 0.001, 0.001, 0.001, 0.001], [0.0, 0.0, 0.0, 0.0, 0.0, 0.0, 0.013300000000000001, 0.013300000000000001, 0.013300000000000001, 0.013300000000000001], [0.0, 0.0, 0.0683, 0.0683, 0.0683, 0.0683, 0.0, 0.0, 0.0, 0.0], [0.0221, 0.0221, 0.013000000000000001, 0.013000000000000001, 0.013000000000000001, 0.013000000000000001, 0.0216, 0.0216, 0.0216, 0.0216], [0.0, 0.0, 0.0, 0.0, 0.0, 0.0, 0.0, 0.0, 0.0, 0.0], [0.0, 0.0, 0.0, 0.0, 0.0, 0.0, 0.0, 0.0, 0.0, 0.0], [0.0086, 0.0086, 0.0, 0.0, 0.0, 0.0, 0.0, 0.0, 0.0, 0.0], [0.0, 0.0, 0.0, 0.0, 0.0, 0.0, 0.0, 0.0, 0.0, 0.0], [0.0145, 0.0145, 0.0, 0.0, 0.0, 0.0, 0.0, 0.0, 0.0, 0.0]]}}
bs_setyawan_curtarolo_vbm: {'band_index': {'-1': [29], '1': []}, 'kpoint_index': [0, 79, 80], 'kpoint': <pymatgen.electronic_structure.bandstructure.Kpoint object at 0x7fc5d4b59c50>, 'energy': -2.331, 'projections': {'-1': [[0.0, 0.0, 0.0, 0.0, 0.0, 0.0, 0.0, 0.0, 0.0, 0.0], [0.0, 0.0, 0.0001, 0.0001, 0.0001, 0.0001, 0.0, 0.0, 0.0, 0.0], [0.0, 0.0, 0.0, 0.0, 0.0, 0.0, 0.1676, 0.1676, 0.1676, 0.1676], [0.0, 0.0, 0.0, 0.0, 0.0, 0.0, 0.0, 0.0, 0.0, 0.0], [0.0, 0.0, 0.0, 0.0, 0.0, 0.0, 0.0, 0.0, 0.0, 0.0], [0.014100000000000001, 0.014100000000000001, 0.0, 0.0, 0.0, 0.0, 0.0, 0.0, 0.0, 0.0], [0.0, 0.0, 0.0, 0.0, 0.0, 0.0, 0.0, 0.0, 0.0, 0.0], [0.0, 0.0, 0.0, 0.0, 0.0, 0.0, 0.0, 0.0, 0.0, 0.0], [0.0, 0.0, 0.0, 0.0, 0.0, 0.0, 0.0, 0.0, 0.0, 0.0]]}}
bs_setyawan_curtarolo_efermi: -2.29106273
bs_hinuma_task_id: mp-2180696
bs_hinuma_band_gap: 0.8684000000000001
bs_hinuma_cbm: {'band_index': {'1': [30], '-1': []}, 'kpoint_index': ['20'], 'kpoint': <pymatgen.electronic_structure.bandstructure.Kpoint object at 0x7fc5d4b5a200>, 'energy': -1.849899999999999, 'projections': {'1': [[0.012700000000000001, 0.012700000000000001, 0.0013000000000000002, 0.0013000000000000002, 0.0013000000000000002, 0.0013000000000000002, 0.0008, 0.0008, 0.0008, 0.0008], [0.0, 0.0, 0.0, 0.0, 0.0, 0.0, 0.0142, 0.0142, 0.0142, 0.0142], [0.0, 0.0, 0.06910000000000001, 0.06910000000000001, 0.06910000000000001, 0.06910000000000001, 0.0, 0.0, 0.0, 0.0], [0.0219, 0.0219, 0.0119, 0.0119, 0.0119, 0.0119, 0.0234, 0.0234, 0.0234, 0.0234], [0.0, 0.0, 0.0, 0.0, 0.0, 0.0, 0.0, 0.0, 0.0, 0.0], [0.0, 0.0, 0.0, 0.0, 0.0, 0.0, 0.0, 0.0, 0.0, 0.0], [0.0079, 0.0079, 0.0, 0.0, 0.0, 0.0, 0.0, 0.0, 0.0, 0.0], [0.0, 0.0, 0.0, 0.0, 0.0, 0.0, 0.0, 0.0, 0.0, 0.0], [0.015600000000000001, 0.015600000000000001, 0.0, 0.0, 0.0, 0.0, 0.0, 0.0, 0.0, 0.0]]}}
bs_hinuma_vbm: {'band_index': {'1': [29], '-1': []}, 'kpoint_index': [0, 35, 36, 54, 95, 96], 'kpoint': <pymatgen.electronic_structure.bandstructure.Kpoint object at 0x7fc5d4b59be0>, 'energy': -2.7183, 'projections': {'1': [[0.0, 0.0, 0.0, 0.0, 0.0, 0.0, 0.0, 0.0, 0.0, 0.0], [0.0, 0.0, 0.0001, 0.0001, 0.0001, 0.0001, 0.0, 0.0, 0.0, 0.0], [0.0, 0.0, 0.0, 0.0, 0.0, 0.0, 0.1663, 0.1663, 0.1663, 0.1663], [0.0, 0.0, 0.0, 0.0, 0.0, 0.0, 0.0, 0.0, 0.0, 0.0], [0.0, 0.0, 0.0, 0.0, 0.0, 0.0, 0.0, 0.0, 0.0, 0.0], [0.0143, 0.0143, 0.0, 0.0, 0.0, 0.0, 0.0, 0.0, 0.0, 0.0], [0.0, 0.0, 0.0, 0.0, 0.0, 0.0, 0.0, 0.0, 0.0, 0.0], [0.0, 0.0, 0.0, 0.0, 0.0, 0.0, 0.0, 0.0, 0.0, 0.0], [0.0, 0.0, 0.0, 0.0, 0.0, 0.0, 0.0, 0.0, 0.0, 0.0]]}}
bs_hinuma_efermi: -2.62065393