material_id: mp-7421
band_gap: 0.2742
efermi: 1.55707252
dos_magnetic_ordering: NM
dos_total_task_id: mp-2287181
dos_total_band_gap: 0.27640000000000003
dos_total_cbm: 1.749099999999999
dos_total_vbm: 1.4727000000000001
dos_total_efermi: 1.47338912
bs_setyawan_curtarolo_task_id: mp-1591935
bs_setyawan_curtarolo_band_gap: 0.2742
bs_setyawan_curtarolo_cbm: {'band_index': {'1': [26]}, 'kpoint_index': [0, 236, 237], 'kpoint': <pymatgen.electronic_structure.bandstructure.Kpoint object at 0x7fc699d63930>, 'energy': 1.7431, 'projections': {'1': [[0.0158, 0.0158, 0.1032, 0.1032, 0.11380000000000001, 0.11380000000000001], [0.0, 0.0, 0.0, 0.0, 0.0, 0.0], [0.0, 0.0, 0.0, 0.0, 0.0, 0.0], [0.0, 0.0, 0.0, 0.0, 0.0, 0.0], [0.0, 0.0, 0.0, 0.0, 0.0, 0.0], [0.0, 0.0, 0.0, 0.0, 0.0, 0.0], [0.0006000000000000001, 0.0006000000000000001, 0.0114, 0.0114, 0.0006000000000000001, 0.0006000000000000001], [0.0, 0.0, 0.0, 0.0, 0.0, 0.0], [0.0, 0.0, 0.0, 0.0, 0.0, 0.0]]}}
bs_setyawan_curtarolo_vbm: {'band_index': {'1': [24, 25]}, 'kpoint_index': [0, 236, 237], 'kpoint': <pymatgen.electronic_structure.bandstructure.Kpoint object at 0x7fc5d4b5a190>, 'energy': 1.4689, 'projections': {'1': [[0.0, 0.0, 0.0, 0.0, 0.0, 0.0], [0.0, 0.0, 0.0, 0.0, 0.0, 0.0], [0.0, 0.0, 0.0, 0.0, 0.0, 0.0], [0.0002, 0.0002, 0.0543, 0.0543, 0.1951, 0.1951], [0.0, 0.0, 0.0383, 0.0383, 0.0015, 0.0015], [0.0, 0.0, 0.0, 0.0, 0.0, 0.0], [0.0, 0.0, 0.0, 0.0, 0.0, 0.0], [0.0, 0.0, 0.0, 0.0, 0.0, 0.0], [0.0, 0.0, 0.0, 0.0, 0.0, 0.0]]}}
bs_setyawan_curtarolo_efermi: 1.55707252
bs_hinuma_task_id: mp-2184838
bs_hinuma_band_gap: 0.2742
bs_hinuma_cbm: {'band_index': {'1': [26]}, 'kpoint_index': [0, 236, 237], 'kpoint': <pymatgen.electronic_structure.bandstructure.Kpoint object at 0x7fc5d4b59e80>, 'energy': 1.7431, 'projections': {'1': [[0.0158, 0.0158, 0.1032, 0.1032, 0.11380000000000001, 0.11380000000000001], [0.0, 0.0, 0.0, 0.0, 0.0, 0.0], [0.0, 0.0, 0.0, 0.0, 0.0, 0.0], [0.0, 0.0, 0.0, 0.0, 0.0, 0.0], [0.0, 0.0, 0.0, 0.0, 0.0, 0.0], [0.0, 0.0, 0.0, 0.0, 0.0, 0.0], [0.0006000000000000001, 0.0006000000000000001, 0.0114, 0.0114, 0.0006000000000000001, 0.0006000000000000001], [0.0, 0.0, 0.0, 0.0, 0.0, 0.0], [0.0, 0.0, 0.0, 0.0, 0.0, 0.0]]}}
bs_hinuma_vbm: {'band_index': {'1': [24, 25]}, 'kpoint_index': [0, 236, 237], 'kpoint': <pymatgen.electronic_structure.bandstructure.Kpoint object at 0x7fc5d4b5a3c0>, 'energy': 1.4689, 'projections': {'1': [[0.0, 0.0, 0.0, 0.0, 0.0, 0.0], [0.0, 0.0, 0.0, 0.0, 0.0, 0.0], [0.0, 0.0, 0.0, 0.0, 0.0, 0.0], [0.0002, 0.0002, 0.0543, 0.0543, 0.1951, 0.1951], [0.0, 0.0, 0.0383, 0.0383, 0.0015, 0.0015], [0.0, 0.0, 0.0, 0.0, 0.0, 0.0], [0.0, 0.0, 0.0, 0.0, 0.0, 0.0], [0.0, 0.0, 0.0, 0.0, 0.0, 0.0], [0.0, 0.0, 0.0, 0.0, 0.0, 0.0]]}}
bs_hinuma_efermi: 1.55707252
bs_latimer_munro_task_id: mp-2687488
bs_latimer_munro_band_gap: 0.2742
bs_latimer_munro_cbm: {'band_index': {'1': [26]}, 'kpoint_index': [142, 143, 655, 656, 688], 'kpoint': <pymatgen.electronic_structure.bandstructure.Kpoint object at 0x7fc5d4b5a430>, 'energy': 1.7431, 'projections': {'1': [[0.0158, 0.0158, 0.1032, 0.1032, 0.11380000000000001, 0.11380000000000001], [0.0, 0.0, 0.0, 0.0, 0.0, 0.0], [0.0, 0.0, 0.0, 0.0, 0.0, 0.0], [0.0, 0.0, 0.0, 0.0, 0.0, 0.0], [0.0, 0.0, 0.0, 0.0, 0.0, 0.0], [0.0, 0.0, 0.0, 0.0, 0.0, 0.0], [0.0006000000000000001, 0.0006000000000000001, 0.0114, 0.0114, 0.0006000000000000001, 0.0006000000000000001], [0.0, 0.0, 0.0, 0.0, 0.0, 0.0], [0.0, 0.0, 0.0, 0.0, 0.0, 0.0]]}}
bs_latimer_munro_vbm: {'band_index': {'1': [24, 25]}, 'kpoint_index': [142, 143, 655, 656, 688], 'kpoint': <pymatgen.electronic_structure.bandstructure.Kpoint object at 0x7fc5d4b59c50>, 'energy': 1.4689, 'projections': {'1': [[0.0, 0.0, 0.0, 0.0, 0.0, 0.0], [0.0, 0.0, 0.0, 0.0, 0.0, 0.0], [0.0, 0.0, 0.0, 0.0, 0.0, 0.0], [0.0002, 0.0002, 0.0543, 0.0543, 0.1951, 0.1951], [0.0, 0.0, 0.0383, 0.0383, 0.0015, 0.0015], [0.0, 0.0, 0.0, 0.0, 0.0, 0.0], [0.0, 0.0, 0.0, 0.0, 0.0, 0.0], [0.0, 0.0, 0.0, 0.0, 0.0, 0.0], [0.0, 0.0, 0.0, 0.0, 0.0, 0.0]]}}
bs_latimer_munro_efermi: 1.55371593