material_id: mp-744672
band_gap: 0.168499999999999
efermi: 2.2153261
dos_magnetic_ordering: FiM
dos_total_task_id: mp-1713716
dos_total_band_gap: 1.0876
dos_total_cbm: 3.0216
dos_total_vbm: 1.9340000000000002
dos_total_efermi: 1.91528315
bs_setyawan_curtarolo_task_id: mp-894083
bs_setyawan_curtarolo_band_gap: 0.168499999999999
bs_setyawan_curtarolo_cbm: {'band_index': {'1': [88]}, 'kpoint_index': ['76'], 'kpoint': <pymatgen.electronic_structure.bandstructure.Kpoint object at 0x7fc699d63930>, 'energy': 2.2473, 'projections': {}}
bs_setyawan_curtarolo_vbm: {'band_index': {'1': [87]}, 'kpoint_index': ['10'], 'kpoint': <pymatgen.electronic_structure.bandstructure.Kpoint object at 0x7fc5d4b5a190>, 'energy': 2.0788, 'projections': {}}
bs_setyawan_curtarolo_efermi: 2.2153261
bs_latimer_munro_task_id: mp-2313952
bs_latimer_munro_band_gap: 1.1067
bs_latimer_munro_cbm: {'band_index': {'1': [86], '-1': []}, 'kpoint_index': [0, 149], 'kpoint': <pymatgen.electronic_structure.bandstructure.Kpoint object at 0x7fc5d4b59be0>, 'energy': 3.035, 'projections': {'1': [[0.0, 0.0, 0.0005, 0.0005, 0.0, 0.0, 0.0, 0.0, 0.0, 0.0, 0.0, 0.0, 0.0, 0.0, 0.0, 0.0, 0.0, 0.0, 0.0, 0.0, 0.0, 0.0, 0.0, 0.0, 0.0, 0.0, 0.0, 0.0, 0.0, 0.0, 0.0], [0.0, 0.0, 0.0, 0.0, 0.0, 0.0, 0.0, 0.0, 0.0, 0.0, 0.0, 0.0, 0.0, 0.0, 0.0, 0.0, 0.0, 0.0, 0.0051, 0.0051, 0.0048000000000000004, 0.0048000000000000004, 0.0, 0.0, 0.0, 0.0, 0.0, 0.0, 0.0, 0.0, 0.0], [0.0, 0.0, 0.0, 0.0, 0.0, 0.0, 0.0, 0.0, 0.0, 0.0, 0.0, 0.0, 0.0, 0.0, 0.0, 0.0, 0.0, 0.0, 0.0001, 0.0001, 0.0001, 0.0001, 0.0, 0.0001, 0.0001, 0.0, 0.0, 0.0, 0.0, 0.0, 0.0], [0.0002, 0.0002, 0.0, 0.0, 0.0009000000000000001, 0.0009000000000000001, 0.0, 0.0, 0.0, 0.0, 0.0, 0.0, 0.0, 0.0, 0.0007, 0.0007, 0.0, 0.0, 0.0235, 0.0235, 0.023700000000000002, 0.023700000000000002, 0.0, 0.0, 0.0, 0.0, 0.0, 0.0007, 0.0007, 0.0005, 0.0005], [0.0006000000000000001, 0.0006000000000000001, 0.1351, 0.1351, 0.0, 0.0, 0.0, 0.0, 0.0, 0.0, 0.0, 0.0, 0.0, 0.0, 0.0, 0.0, 0.0, 0.0, 0.0, 0.0, 0.0, 0.0, 0.0, 0.0, 0.0, 0.0, 0.0, 0.0, 0.0, 0.0, 0.0], [0.0, 0.0, 0.0012000000000000001, 0.0012000000000000001, 0.0, 0.0, 0.0, 0.0, 0.0, 0.0, 0.0, 0.0, 0.0, 0.0, 0.0, 0.0, 0.0, 0.0, 0.0, 0.0, 0.0, 0.0, 0.0, 0.0, 0.0, 0.0, 0.0, 0.0, 0.0, 0.0, 0.0], [0.0, 0.0, 0.0026000000000000003, 0.0026000000000000003, 0.0, 0.0, 0.0, 0.0, 0.0, 0.0, 0.0, 0.0, 0.0, 0.0, 0.0, 0.0, 0.0, 0.0, 0.0, 0.0, 0.0, 0.0, 0.0, 0.0, 0.0, 0.0, 0.0, 0.0, 0.0, 0.0, 0.0], [0.0008, 0.0008, 0.25630000000000003, 0.25620000000000004, 0.0, 0.0, 0.0, 0.0, 0.0, 0.0, 0.0, 0.0, 0.0, 0.0, 0.0, 0.0, 0.0, 0.0, 0.0, 0.0, 0.0, 0.0, 0.0, 0.0, 0.0, 0.0, 0.0, 0.0, 0.0, 0.0, 0.0], [0.0, 0.0, 0.0044, 0.0044, 0.0, 0.0, 0.0, 0.0, 0.0, 0.0, 0.0, 0.0, 0.0, 0.0, 0.0, 0.0, 0.0, 0.0, 0.0, 0.0, 0.0, 0.0, 0.0, 0.0, 0.0, 0.0, 0.0, 0.0, 0.0, 0.0, 0.0]]}}
bs_latimer_munro_vbm: {'band_index': {'-1': [83], '1': []}, 'kpoint_index': [100, 101, 107], 'kpoint': <pymatgen.electronic_structure.bandstructure.Kpoint object at 0x7fc5d4b5a430>, 'energy': 1.9283000000000001, 'projections': {'-1': [[0.0002, 0.0002, 0.0, 0.0, 0.0001, 0.0001, 0.0001, 0.0001, 0.0, 0.0, 0.0, 0.0, 0.0, 0.0, 0.0004, 0.0004, 0.0001, 0.0001, 0.0, 0.0, 0.0, 0.0, 0.0, 0.0, 0.0, 0.0, 0.0, 0.00030000000000000003, 0.00030000000000000003, 0.0, 0.0], [0.0, 0.0, 0.0, 0.0, 0.0002, 0.0002, 0.0001, 0.0001, 0.0, 0.0, 0.0, 0.0, 0.0002, 0.0002, 0.010700000000000001, 0.010700000000000001, 0.0014, 0.0014, 0.0099, 0.0099, 0.0095, 0.0095, 0.0, 0.0, 0.0, 0.0, 0.0, 0.085, 0.085, 0.0016, 0.0016], [0.0002, 0.0002, 0.0, 0.0, 0.0, 0.0, 0.0002, 0.0002, 0.0, 0.0, 0.0001, 0.0001, 0.0012000000000000001, 0.0012000000000000001, 0.014, 0.014, 0.00030000000000000003, 0.00030000000000000003, 0.0044, 0.0044, 0.0041, 0.0041, 0.0, 0.0002, 0.0002, 0.0, 0.0, 0.123, 0.123, 0.0041, 0.0041], [0.0, 0.0, 0.0, 0.0, 0.0, 0.0, 0.0, 0.0, 0.0, 0.0, 0.0, 0.0, 0.0, 0.0, 0.0, 0.0, 0.0, 0.0, 0.0007, 0.0007, 0.0006000000000000001, 0.0006000000000000001, 0.0, 0.0001, 0.0001, 0.0001, 0.0001, 0.0, 0.0, 0.0002, 0.0002], [0.0, 0.0, 0.0621, 0.0621, 0.0, 0.0, 0.0, 0.0, 0.0, 0.0, 0.0, 0.0, 0.0, 0.0, 0.0, 0.0, 0.0, 0.0, 0.0, 0.0, 0.0, 0.0, 0.0, 0.0, 0.0, 0.0, 0.0, 0.0, 0.0, 0.0, 0.0], [0.0005, 0.0005, 0.0009000000000000001, 0.0009000000000000001, 0.0, 0.0, 0.0, 0.0, 0.0, 0.0, 0.0, 0.0, 0.0, 0.0, 0.0, 0.0, 0.0, 0.0, 0.0, 0.0, 0.0, 0.0, 0.0, 0.0, 0.0, 0.0, 0.0, 0.0, 0.0, 0.0, 0.0], [0.0, 0.0, 0.0236, 0.0236, 0.0, 0.0, 0.0, 0.0, 0.0, 0.0, 0.0, 0.0, 0.0, 0.0, 0.0, 0.0, 0.0, 0.0, 0.0, 0.0, 0.0, 0.0, 0.0, 0.0, 0.0, 0.0, 0.0, 0.0, 0.0, 0.0, 0.0], [0.0, 0.0, 0.0476, 0.0475, 0.0, 0.0, 0.0, 0.0, 0.0, 0.0, 0.0, 0.0, 0.0, 0.0, 0.0, 0.0, 0.0, 0.0, 0.0, 0.0, 0.0, 0.0, 0.0, 0.0, 0.0, 0.0, 0.0, 0.0, 0.0, 0.0, 0.0], [0.0001, 0.0001, 0.0055000000000000005, 0.0055000000000000005, 0.0, 0.0, 0.0, 0.0, 0.0, 0.0, 0.0, 0.0, 0.0, 0.0, 0.0, 0.0, 0.0, 0.0, 0.0, 0.0, 0.0, 0.0, 0.0, 0.0, 0.0, 0.0, 0.0, 0.0, 0.0, 0.0, 0.0]]}}
bs_latimer_munro_efermi: 2.04524306