material_id: mp-755060
band_gap: 0.268199999999999
efermi: 2.21584323
dos_magnetic_ordering: NM
dos_total_task_id: mp-1753514
dos_total_band_gap: 0.2654
dos_total_cbm: 2.3321
dos_total_vbm: 2.0667
dos_total_efermi: 2.06886406
bs_setyawan_curtarolo_task_id: mp-1618758
bs_setyawan_curtarolo_band_gap: 0.268199999999999
bs_setyawan_curtarolo_cbm: {'band_index': {'1': [24]}, 'kpoint_index': [0, 243, 244], 'kpoint': <pymatgen.electronic_structure.bandstructure.Kpoint object at 0x7fc699d63930>, 'energy': 2.3411, 'projections': {'1': [[0.020900000000000002, 0.020900000000000002, 0.020900000000000002, 0.020900000000000002, 0.0043, 0.0043], [0.0034000000000000002, 0.0034000000000000002, 0.0034000000000000002, 0.0034000000000000002, 0.0, 0.0], [0.0002, 0.0002, 0.0002, 0.0002, 0.0, 0.0], [0.0, 0.0, 0.0, 0.0, 0.0, 0.0], [0.0, 0.0, 0.0, 0.0, 0.0, 0.0], [0.005200000000000001, 0.005200000000000001, 0.005200000000000001, 0.005200000000000001, 0.0, 0.0], [0.0001, 0.0001, 0.0001, 0.0001, 0.0, 0.0], [0.0, 0.0, 0.0, 0.0, 0.0, 0.0], [0.0002, 0.0002, 0.0002, 0.0002, 0.0, 0.0]]}}
bs_setyawan_curtarolo_vbm: {'band_index': {'1': [22, 23]}, 'kpoint_index': [121, 122, 620], 'kpoint': <pymatgen.electronic_structure.bandstructure.Kpoint object at 0x7fc5d4b59c50>, 'energy': 2.0729, 'projections': {'1': [[0.0006000000000000001, 0.0018000000000000002, 0.0018000000000000002, 0.0006000000000000001, 0.0, 0.0], [0.004, 0.0122, 0.0122, 0.004, 0.0009000000000000001, 0.00030000000000000003], [0.0029000000000000002, 0.0089, 0.0089, 0.0029000000000000002, 0.1296, 0.0425], [0.0019, 0.0006000000000000001, 0.0006000000000000001, 0.0019, 0.1078, 0.32880000000000004], [0.0016, 0.0005, 0.0005, 0.0016, 0.0, 0.0], [0.0006000000000000001, 0.0018000000000000002, 0.0018000000000000002, 0.0006000000000000001, 0.0, 0.0], [0.0004, 0.0012000000000000001, 0.0012000000000000001, 0.0004, 0.0, 0.0], [0.0002, 0.0001, 0.0001, 0.0002, 0.0, 0.0], [0.0, 0.0, 0.0, 0.0, 0.0, 0.0]]}}
bs_setyawan_curtarolo_efermi: 2.21584323
bs_hinuma_task_id: mp-2112991
bs_hinuma_band_gap: 0.268199999999999
bs_hinuma_cbm: {'band_index': {'1': [24]}, 'kpoint_index': [0, 243, 244], 'kpoint': <pymatgen.electronic_structure.bandstructure.Kpoint object at 0x7fc5d4b5a430>, 'energy': 2.3411, 'projections': {'1': [[0.020900000000000002, 0.020900000000000002, 0.020900000000000002, 0.020900000000000002, 0.0043, 0.0043], [0.0034000000000000002, 0.0034000000000000002, 0.0034000000000000002, 0.0034000000000000002, 0.0, 0.0], [0.0002, 0.0002, 0.0002, 0.0002, 0.0, 0.0], [0.0, 0.0, 0.0, 0.0, 0.0, 0.0], [0.0, 0.0, 0.0, 0.0, 0.0, 0.0], [0.005200000000000001, 0.005200000000000001, 0.005200000000000001, 0.005200000000000001, 0.0, 0.0], [0.0001, 0.0001, 0.0001, 0.0001, 0.0, 0.0], [0.0, 0.0, 0.0, 0.0, 0.0, 0.0], [0.0002, 0.0002, 0.0002, 0.0002, 0.0, 0.0]]}}
bs_hinuma_vbm: {'band_index': {'1': [22, 23]}, 'kpoint_index': [121, 122, 620], 'kpoint': <pymatgen.electronic_structure.bandstructure.Kpoint object at 0x7fc5d4b5a190>, 'energy': 2.0729, 'projections': {'1': [[0.0006000000000000001, 0.0018000000000000002, 0.0018000000000000002, 0.0006000000000000001, 0.0, 0.0], [0.004, 0.0122, 0.0122, 0.004, 0.0009000000000000001, 0.00030000000000000003], [0.0029000000000000002, 0.0089, 0.0089, 0.0029000000000000002, 0.1296, 0.0425], [0.0019, 0.0006000000000000001, 0.0006000000000000001, 0.0019, 0.1078, 0.32880000000000004], [0.0016, 0.0005, 0.0005, 0.0016, 0.0, 0.0], [0.0006000000000000001, 0.0018000000000000002, 0.0018000000000000002, 0.0006000000000000001, 0.0, 0.0], [0.0004, 0.0012000000000000001, 0.0012000000000000001, 0.0004, 0.0, 0.0], [0.0002, 0.0001, 0.0001, 0.0002, 0.0, 0.0], [0.0, 0.0, 0.0, 0.0, 0.0, 0.0]]}}
bs_hinuma_efermi: 2.21584323
bs_latimer_munro_task_id: mp-2305102
bs_latimer_munro_band_gap: 0.268199999999999
bs_latimer_munro_cbm: {'band_index': {'1': [24]}, 'kpoint_index': [132, 133, 666, 667, 1062, 1063], 'kpoint': <pymatgen.electronic_structure.bandstructure.Kpoint object at 0x7fc5d4b59be0>, 'energy': 2.3411, 'projections': {'1': [[0.020900000000000002, 0.020900000000000002, 0.020900000000000002, 0.020900000000000002, 0.0043, 0.0043], [0.0034000000000000002, 0.0034000000000000002, 0.0034000000000000002, 0.0034000000000000002, 0.0, 0.0], [0.0002, 0.0002, 0.0002, 0.0002, 0.0, 0.0], [0.0, 0.0, 0.0, 0.0, 0.0, 0.0], [0.0, 0.0, 0.0, 0.0, 0.0, 0.0], [0.005200000000000001, 0.005200000000000001, 0.005200000000000001, 0.005200000000000001, 0.0, 0.0], [0.0001, 0.0001, 0.0001, 0.0001, 0.0, 0.0], [0.0, 0.0, 0.0, 0.0, 0.0, 0.0], [0.0002, 0.0002, 0.0002, 0.0002, 0.0, 0.0]]}}
bs_latimer_munro_vbm: {'band_index': {'1': [22, 23]}, 'kpoint_index': [579, 580, 940, 941], 'kpoint': <pymatgen.electronic_structure.bandstructure.Kpoint object at 0x7fc5d4b59e80>, 'energy': 2.0729, 'projections': {'1': [[0.0023, 0.0001, 0.0001, 0.0023, 0.0, 0.0], [0.0154, 0.0008, 0.0008, 0.0154, 0.0001, 0.0011], [0.0112, 0.0006000000000000001, 0.0006000000000000001, 0.0112, 0.0086, 0.1635], [0.0001, 0.0024000000000000002, 0.0024000000000000002, 0.0001, 0.4147, 0.0219], [0.0001, 0.002, 0.002, 0.0001, 0.0, 0.0], [0.0023, 0.0001, 0.0001, 0.0023, 0.0, 0.0], [0.0015, 0.0001, 0.0001, 0.0015, 0.0, 0.0], [0.0, 0.00030000000000000003, 0.00030000000000000003, 0.0, 0.0, 0.0], [0.0, 0.0, 0.0, 0.0, 0.0, 0.0]]}}
bs_latimer_munro_efermi: 2.21362583