material_id: mp-759343
band_gap: 0.928
efermi: -2.55397327
dos_magnetic_ordering: FM
dos_total_task_id: mp-1753328
dos_total_band_gap: 2.9503999999999992
dos_total_cbm: -0.0506
dos_total_vbm: -3.001
dos_total_efermi: -2.6864035900000003
bs_setyawan_curtarolo_task_id: mp-1623624
bs_setyawan_curtarolo_band_gap: 0.928
bs_setyawan_curtarolo_cbm: {'band_index': {'-1': [44, 45], '1': []}, 'kpoint_index': [37, 38, 176], 'kpoint': <pymatgen.electronic_structure.bandstructure.Kpoint object at 0x7fc699d63930>, 'energy': -1.7596, 'projections': {'-1': [[0.0, 0.0, 0.0, 0.0, 0.0036000000000000003, 0.0028, 0.0029000000000000002, 0.0037, 0.0, 0.0], [0.0, 0.0, 0.0, 0.0, 0.0519, 0.040400000000000005, 0.0415, 0.053, 0.0, 0.0], [0.0, 0.0, 0.0, 0.0, 0.0273, 0.0212, 0.0223, 0.0284, 0.0, 0.0], [0.0, 0.0, 0.0013000000000000002, 0.00030000000000000003, 0.0, 0.0, 0.0, 0.0, 0.0013000000000000002, 0.00030000000000000003], [0.2531, 0.19770000000000001, 0.0, 0.0, 0.0, 0.0, 0.0, 0.0, 0.0, 0.0], [0.0, 0.0, 0.0, 0.0, 0.0, 0.0, 0.0, 0.0, 0.0, 0.0], [0.0, 0.0, 0.0, 0.0, 0.0, 0.0, 0.0, 0.0, 0.0, 0.0], [0.1073, 0.0838, 0.0, 0.0, 0.0, 0.0, 0.0, 0.0, 0.0, 0.0], [0.0, 0.0, 0.0, 0.0, 0.0, 0.0, 0.0, 0.0, 0.0, 0.0]]}}
bs_setyawan_curtarolo_vbm: {'band_index': {'-1': [43], '1': []}, 'kpoint_index': [0, 75, 76], 'kpoint': <pymatgen.electronic_structure.bandstructure.Kpoint object at 0x7fc5d4b5a190>, 'energy': -2.687599999999999, 'projections': {'-1': [[0.0, 0.0, 0.0, 0.0, 0.0, 0.0, 0.0, 0.0, 0.0, 0.0], [0.0, 0.0, 0.0, 0.0, 0.0, 0.0, 0.0, 0.0, 0.0, 0.0], [0.0, 0.0, 0.0, 0.0, 0.0, 0.0, 0.0, 0.0, 0.0, 0.0], [0.0, 0.0, 0.184, 0.184, 0.0, 0.0, 0.0, 0.0, 0.184, 0.184], [0.0233, 0.0233, 0.0, 0.0, 0.0, 0.0, 0.0, 0.0, 0.0, 0.0], [0.0, 0.0, 0.0, 0.0, 0.0, 0.0, 0.0, 0.0, 0.0, 0.0], [0.0, 0.0, 0.0, 0.0, 0.0, 0.0, 0.0, 0.0, 0.0, 0.0], [0.0429, 0.0429, 0.0, 0.0, 0.0, 0.0, 0.0, 0.0, 0.0, 0.0], [0.0, 0.0, 0.0, 0.0, 0.0, 0.0, 0.0, 0.0, 0.0, 0.0]]}}
bs_setyawan_curtarolo_efermi: -2.55397327
bs_hinuma_task_id: mp-2114507
bs_hinuma_band_gap: 0.928
bs_hinuma_cbm: {'band_index': {'-1': [44, 45], '1': []}, 'kpoint_index': [37, 38, 176], 'kpoint': <pymatgen.electronic_structure.bandstructure.Kpoint object at 0x7fc5d4b59d30>, 'energy': -1.7596, 'projections': {'-1': [[0.0, 0.0, 0.0, 0.0, 0.0036000000000000003, 0.0028, 0.0029000000000000002, 0.0037, 0.0, 0.0], [0.0, 0.0, 0.0, 0.0, 0.0519, 0.040400000000000005, 0.0415, 0.053, 0.0, 0.0], [0.0, 0.0, 0.0, 0.0, 0.0273, 0.0212, 0.0223, 0.0284, 0.0, 0.0], [0.0, 0.0, 0.0013000000000000002, 0.00030000000000000003, 0.0, 0.0, 0.0, 0.0, 0.0013000000000000002, 0.00030000000000000003], [0.2531, 0.19770000000000001, 0.0, 0.0, 0.0, 0.0, 0.0, 0.0, 0.0, 0.0], [0.0, 0.0, 0.0, 0.0, 0.0, 0.0, 0.0, 0.0, 0.0, 0.0], [0.0, 0.0, 0.0, 0.0, 0.0, 0.0, 0.0, 0.0, 0.0, 0.0], [0.1073, 0.0838, 0.0, 0.0, 0.0, 0.0, 0.0, 0.0, 0.0, 0.0], [0.0, 0.0, 0.0, 0.0, 0.0, 0.0, 0.0, 0.0, 0.0, 0.0]]}}
bs_hinuma_vbm: {'band_index': {'-1': [43], '1': []}, 'kpoint_index': [0, 75, 76], 'kpoint': <pymatgen.electronic_structure.bandstructure.Kpoint object at 0x7fc5d4b5a350>, 'energy': -2.687599999999999, 'projections': {'-1': [[0.0, 0.0, 0.0, 0.0, 0.0, 0.0, 0.0, 0.0, 0.0, 0.0], [0.0, 0.0, 0.0, 0.0, 0.0, 0.0, 0.0, 0.0, 0.0, 0.0], [0.0, 0.0, 0.0, 0.0, 0.0, 0.0, 0.0, 0.0, 0.0, 0.0], [0.0, 0.0, 0.184, 0.184, 0.0, 0.0, 0.0, 0.0, 0.184, 0.184], [0.0233, 0.0233, 0.0, 0.0, 0.0, 0.0, 0.0, 0.0, 0.0, 0.0], [0.0, 0.0, 0.0, 0.0, 0.0, 0.0, 0.0, 0.0, 0.0, 0.0], [0.0, 0.0, 0.0, 0.0, 0.0, 0.0, 0.0, 0.0, 0.0, 0.0], [0.0429, 0.0429, 0.0, 0.0, 0.0, 0.0, 0.0, 0.0, 0.0, 0.0], [0.0, 0.0, 0.0, 0.0, 0.0, 0.0, 0.0, 0.0, 0.0, 0.0]]}}
bs_hinuma_efermi: -2.55397327
bs_latimer_munro_task_id: mp-2307456
bs_latimer_munro_band_gap: 0.928
bs_latimer_munro_cbm: {'band_index': {'-1': [44, 45], '1': []}, 'kpoint_index': [158, 159, 254, 255], 'kpoint': <pymatgen.electronic_structure.bandstructure.Kpoint object at 0x7fc5d4b59e80>, 'energy': -1.7596, 'projections': {'-1': [[0.0, 0.0, 0.0, 0.0, 0.0023, 0.0043, 0.004200000000000001, 0.0021000000000000003, 0.0, 0.0], [0.0, 0.0, 0.0, 0.0, 0.0325, 0.061900000000000004, 0.061, 0.0315, 0.0, 0.0], [0.0, 0.0, 0.0, 0.0, 0.017400000000000002, 0.033, 0.0322, 0.0166, 0.0, 0.0], [0.0, 0.0, 0.0004, 0.0012000000000000001, 0.0, 0.0, 0.0, 0.0, 0.0004, 0.0012000000000000001], [0.15430000000000002, 0.2964, 0.0, 0.0, 0.0, 0.0, 0.0, 0.0, 0.0, 0.0], [0.0, 0.0, 0.0, 0.0, 0.0, 0.0, 0.0, 0.0, 0.0, 0.0], [0.0, 0.0, 0.0, 0.0, 0.0, 0.0, 0.0, 0.0, 0.0, 0.0], [0.0654, 0.1257, 0.0, 0.0, 0.0, 0.0, 0.0, 0.0, 0.0, 0.0], [0.0, 0.0, 0.0, 0.0, 0.0, 0.0, 0.0, 0.0, 0.0, 0.0]]}}
bs_latimer_munro_vbm: {'band_index': {'-1': [43], '1': []}, 'kpoint_index': [38, 39, 184, 185, 292, 293], 'kpoint': <pymatgen.electronic_structure.bandstructure.Kpoint object at 0x7fc5d4b59be0>, 'energy': -2.687599999999999, 'projections': {'-1': [[0.0, 0.0, 0.0, 0.0, 0.0, 0.0, 0.0, 0.0, 0.0, 0.0], [0.0, 0.0, 0.0, 0.0, 0.0, 0.0, 0.0, 0.0, 0.0, 0.0], [0.0, 0.0, 0.0, 0.0, 0.0, 0.0, 0.0, 0.0, 0.0, 0.0], [0.0, 0.0, 0.184, 0.184, 0.0, 0.0, 0.0, 0.0, 0.184, 0.184], [0.0233, 0.0233, 0.0, 0.0, 0.0, 0.0, 0.0, 0.0, 0.0, 0.0], [0.0, 0.0, 0.0, 0.0, 0.0, 0.0, 0.0, 0.0, 0.0, 0.0], [0.0, 0.0, 0.0, 0.0, 0.0, 0.0, 0.0, 0.0, 0.0, 0.0], [0.0429, 0.0429, 0.0, 0.0, 0.0, 0.0, 0.0, 0.0, 0.0, 0.0], [0.0, 0.0, 0.0, 0.0, 0.0, 0.0, 0.0, 0.0, 0.0, 0.0]]}}
bs_latimer_munro_efermi: -2.5960445500000002