material_id: mp-755313
band_gap: 4.127599999999999
efermi: 2.35704349
dos_magnetic_ordering: NM
dos_total_task_id: mp-1752766
dos_total_band_gap: 4.1394
dos_total_cbm: 6.4067
dos_total_vbm: 2.2673
dos_total_efermi: 2.27690691
bs_setyawan_curtarolo_task_id: mp-863161
bs_setyawan_curtarolo_band_gap: 4.127599999999999
bs_setyawan_curtarolo_cbm: {'band_index': {'1': [40]}, 'kpoint_index': ['72'], 'kpoint': <pymatgen.electronic_structure.bandstructure.Kpoint object at 0x7fc699d63930>, 'energy': 6.3904, 'projections': {}}
bs_setyawan_curtarolo_vbm: {'band_index': {'1': [39]}, 'kpoint_index': [0, 57, 58], 'kpoint': <pymatgen.electronic_structure.bandstructure.Kpoint object at 0x7fc5d4b5a430>, 'energy': 2.2628, 'projections': {}}
bs_setyawan_curtarolo_efermi: 2.35704349
bs_hinuma_task_id: mp-2096255
bs_hinuma_band_gap: 4.128
bs_hinuma_cbm: {'band_index': {'1': [40]}, 'kpoint_index': ['72'], 'kpoint': <pymatgen.electronic_structure.bandstructure.Kpoint object at 0x7fc5d4b5a190>, 'energy': 6.3946, 'projections': {'1': [[0.0002, 0.0002, 0.0002, 0.0002, 0.0001, 0.0013000000000000002, 0.0001, 0.0001, 0.0013000000000000002, 0.0001], [0.0006000000000000001, 0.0006000000000000001, 0.0006000000000000001, 0.0006000000000000001, 0.0015, 0.0015, 0.0015, 0.0015, 0.0015, 0.0015], [0.0002, 0.0002, 0.0002, 0.0002, 0.0015, 0.0, 0.0015, 0.0015, 0.0, 0.0015], [0.00030000000000000003, 0.00030000000000000003, 0.00030000000000000003, 0.00030000000000000003, 0.0004, 0.0, 0.0004, 0.0004, 0.0, 0.0004], [0.0063, 0.0063, 0.0063, 0.0063, 0.0, 0.0, 0.0, 0.0, 0.0, 0.0], [0.0287, 0.028800000000000003, 0.0287, 0.0287, 0.0, 0.0, 0.0, 0.0, 0.0, 0.0], [0.0434, 0.0434, 0.0434, 0.0434, 0.0, 0.0, 0.0, 0.0, 0.0, 0.0], [0.0159, 0.0159, 0.0159, 0.0159, 0.0, 0.0, 0.0, 0.0, 0.0, 0.0], [0.1008, 0.1008, 0.1008, 0.1008, 0.0, 0.0, 0.0, 0.0, 0.0, 0.0]]}}
bs_hinuma_vbm: {'band_index': {'1': [39]}, 'kpoint_index': [0, 57, 58, 102], 'kpoint': <pymatgen.electronic_structure.bandstructure.Kpoint object at 0x7fc5d4b59be0>, 'energy': 2.2666, 'projections': {'1': [[0.0018000000000000002, 0.0018000000000000002, 0.0018000000000000002, 0.0018000000000000002, 0.0, 0.0, 0.0, 0.0, 0.0, 0.0], [0.0, 0.0, 0.0, 0.0, 0.0009000000000000001, 0.0, 0.0009000000000000001, 0.0009000000000000001, 0.0, 0.0009000000000000001], [0.0002, 0.0002, 0.0002, 0.0002, 0.0149, 0.0051, 0.0149, 0.0149, 0.0051, 0.0149], [0.0016, 0.0016, 0.0016, 0.0016, 0.10260000000000001, 0.11330000000000001, 0.10260000000000001, 0.10260000000000001, 0.11330000000000001, 0.10260000000000001], [0.0, 0.0, 0.0, 0.0, 0.0, 0.0, 0.0, 0.0, 0.0, 0.0], [0.0, 0.0, 0.0, 0.0, 0.0, 0.0, 0.0, 0.0, 0.0, 0.0], [0.0017000000000000001, 0.0017000000000000001, 0.0017000000000000001, 0.0017000000000000001, 0.0, 0.0, 0.0, 0.0, 0.0, 0.0], [0.0034000000000000002, 0.0034000000000000002, 0.0034000000000000002, 0.0034000000000000002, 0.0, 0.0, 0.0, 0.0, 0.0, 0.0], [0.0081, 0.0081, 0.0081, 0.0081, 0.0, 0.0, 0.0, 0.0, 0.0, 0.0]]}}
bs_hinuma_efermi: 2.46835437
bs_latimer_munro_task_id: mp-2305077
bs_latimer_munro_band_gap: 4.128
bs_latimer_munro_cbm: {'band_index': {'1': [40]}, 'kpoint_index': ['4'], 'kpoint': <pymatgen.electronic_structure.bandstructure.Kpoint object at 0x7fc5d4b59e80>, 'energy': 6.3946, 'projections': {'1': [[0.0002, 0.0002, 0.0002, 0.0002, 0.0013000000000000002, 0.0001, 0.0001, 0.0001, 0.0001, 0.0013000000000000002], [0.0001, 0.0006000000000000001, 0.0006000000000000001, 0.0001, 0.0004, 0.0006000000000000001, 0.0026000000000000003, 0.0026000000000000003, 0.0006000000000000001, 0.0004], [0.0006000000000000001, 0.0004, 0.0004, 0.0006000000000000001, 0.001, 0.0025, 0.0002, 0.0002, 0.0025, 0.001], [0.0004, 0.0001, 0.0001, 0.0004, 0.0001, 0.00030000000000000003, 0.0006000000000000001, 0.0006000000000000001, 0.00030000000000000003, 0.0001], [0.0359, 0.0439, 0.0439, 0.0359, 0.0, 0.0, 0.0, 0.0, 0.0, 0.0], [0.0128, 0.049300000000000004, 0.049300000000000004, 0.0128, 0.0, 0.0, 0.0, 0.0, 0.0, 0.0], [0.0551, 0.0274, 0.0274, 0.0551, 0.0, 0.0, 0.0, 0.0, 0.0, 0.0], [0.0653, 0.027100000000000003, 0.027100000000000003, 0.0653, 0.0, 0.0, 0.0, 0.0, 0.0, 0.0], [0.026000000000000002, 0.0472, 0.0472, 0.026000000000000002, 0.0, 0.0, 0.0, 0.0, 0.0, 0.0]]}}
bs_latimer_munro_vbm: {'band_index': {'1': [39]}, 'kpoint_index': [18, 19, 77, 78, 96, 136, 186], 'kpoint': <pymatgen.electronic_structure.bandstructure.Kpoint object at 0x7fc5d4b59d30>, 'energy': 2.2666, 'projections': {'1': [[0.0018000000000000002, 0.0018000000000000002, 0.0018000000000000002, 0.0018000000000000002, 0.0, 0.0, 0.0, 0.0, 0.0, 0.0], [0.0, 0.0, 0.0, 0.0, 0.0009000000000000001, 0.0, 0.0009000000000000001, 0.0009000000000000001, 0.0, 0.0009000000000000001], [0.0002, 0.0002, 0.0002, 0.0002, 0.0149, 0.0051, 0.0149, 0.0149, 0.0051, 0.0149], [0.0016, 0.0016, 0.0016, 0.0016, 0.10260000000000001, 0.11330000000000001, 0.10260000000000001, 0.10260000000000001, 0.11330000000000001, 0.10260000000000001], [0.0, 0.0, 0.0, 0.0, 0.0, 0.0, 0.0, 0.0, 0.0, 0.0], [0.0, 0.0, 0.0, 0.0, 0.0, 0.0, 0.0, 0.0, 0.0, 0.0], [0.0017000000000000001, 0.0017000000000000001, 0.0017000000000000001, 0.0017000000000000001, 0.0, 0.0, 0.0, 0.0, 0.0, 0.0], [0.0034000000000000002, 0.0034000000000000002, 0.0034000000000000002, 0.0034000000000000002, 0.0, 0.0, 0.0, 0.0, 0.0, 0.0], [0.0081, 0.0081, 0.0081, 0.0081, 0.0, 0.0, 0.0, 0.0, 0.0, 0.0]]}}
bs_latimer_munro_efermi: 2.47216899