material_id: mp-769381
band_gap: 4.5215
efermi: 0.5806762400000001
dos_magnetic_ordering: NM
dos_total_task_id: mp-1681724
dos_total_band_gap: 4.5213
dos_total_cbm: 4.9923
dos_total_vbm: 0.47100000000000003
dos_total_efermi: 0.47436645
bs_setyawan_curtarolo_task_id: mp-790635
bs_setyawan_curtarolo_band_gap: 4.5215
bs_setyawan_curtarolo_cbm: {'band_index': {'1': [100]}, 'kpoint_index': [0, 55, 56], 'kpoint': <pymatgen.electronic_structure.bandstructure.Kpoint object at 0x7fc699d63930>, 'energy': 4.9824, 'projections': {'1': [[0.0081, 0.0078000000000000005, 0.0081, 0.0081, 0.0077, 0.0081, 0.0132, 0.0132, 0.0132, 0.0132, 0.0077, 0.0077, 0.008, 0.008, 0.0088, 0.0088, 0.0077, 0.0077, 0.0077, 0.0077, 0.008, 0.0088, 0.0088, 0.008, 0.0077, 0.0077], [0.0, 0.0, 0.0, 0.0, 0.0, 0.0, 0.0004, 0.0004, 0.0004, 0.0004, 0.0001, 0.0001, 0.0002, 0.0002, 0.0017000000000000001, 0.0017000000000000001, 0.0001, 0.0001, 0.0001, 0.0001, 0.0002, 0.0017000000000000001, 0.0017000000000000001, 0.0002, 0.0001, 0.0001], [0.0, 0.0, 0.0, 0.0, 0.0, 0.0, 0.0, 0.0, 0.0, 0.0, 0.0, 0.0, 0.0, 0.0, 0.00030000000000000003, 0.00030000000000000003, 0.0, 0.0, 0.0, 0.0, 0.0, 0.00030000000000000003, 0.00030000000000000003, 0.0, 0.0, 0.0], [0.0, 0.0, 0.0, 0.0, 0.0, 0.0, 0.0, 0.0, 0.0, 0.0, 0.00030000000000000003, 0.00030000000000000003, 0.0, 0.0, 0.0, 0.0, 0.00030000000000000003, 0.00030000000000000003, 0.00030000000000000003, 0.00030000000000000003, 0.0, 0.0, 0.0, 0.0, 0.00030000000000000003, 0.00030000000000000003], [0.0, 0.0, 0.0, 0.0, 0.0, 0.0, 0.0, 0.0, 0.0, 0.0, 0.0, 0.0, 0.0, 0.0, 0.0, 0.0, 0.0, 0.0, 0.0, 0.0, 0.0, 0.0, 0.0, 0.0, 0.0, 0.0], [0.0, 0.0001, 0.0, 0.0, 0.0001, 0.0, 0.0014, 0.0014, 0.0014, 0.0014, 0.0, 0.0, 0.0, 0.0, 0.0, 0.0, 0.0, 0.0, 0.0, 0.0, 0.0, 0.0, 0.0, 0.0, 0.0, 0.0], [0.0001, 0.00030000000000000003, 0.0001, 0.0001, 0.00030000000000000003, 0.0001, 0.0024000000000000002, 0.0024000000000000002, 0.0024000000000000002, 0.0024000000000000002, 0.0, 0.0, 0.0, 0.0, 0.0, 0.0, 0.0, 0.0, 0.0, 0.0, 0.0, 0.0, 0.0, 0.0, 0.0, 0.0], [0.0001, 0.0, 0.0001, 0.0001, 0.0, 0.0001, 0.0, 0.0, 0.0, 0.0, 0.0, 0.0, 0.0, 0.0, 0.0, 0.0, 0.0, 0.0, 0.0, 0.0, 0.0, 0.0, 0.0, 0.0, 0.0, 0.0], [0.0002, 0.004200000000000001, 0.0002, 0.0002, 0.004200000000000001, 0.0002, 0.0, 0.0, 0.0, 0.0, 0.0, 0.0, 0.0, 0.0, 0.0, 0.0, 0.0, 0.0, 0.0, 0.0, 0.0, 0.0, 0.0, 0.0, 0.0, 0.0]]}}
bs_setyawan_curtarolo_vbm: {'band_index': {'1': [99]}, 'kpoint_index': [0, 55, 56], 'kpoint': <pymatgen.electronic_structure.bandstructure.Kpoint object at 0x7fc5d4b5a350>, 'energy': 0.46090000000000003, 'projections': {'1': [[0.0, 0.0, 0.0, 0.0, 0.0, 0.0, 0.0, 0.0, 0.0, 0.0, 0.0, 0.0, 0.0, 0.0, 0.0, 0.0, 0.0, 0.0, 0.0, 0.0, 0.0, 0.0, 0.0, 0.0, 0.0, 0.0], [0.0, 0.0002, 0.0, 0.0, 0.0002, 0.0, 0.0066, 0.0066, 0.0066, 0.0066, 0.0746, 0.0746, 0.0001, 0.0001, 0.0076, 0.0076, 0.0746, 0.0746, 0.0746, 0.0746, 0.0001, 0.0076, 0.0076, 0.0001, 0.0746, 0.0746], [0.0002, 0.0008, 0.0002, 0.0002, 0.0008, 0.0002, 0.0002, 0.0002, 0.0002, 0.0002, 0.0005, 0.0005, 0.013000000000000001, 0.013000000000000001, 0.00030000000000000003, 0.00030000000000000003, 0.0005, 0.0005, 0.0005, 0.0005, 0.013000000000000001, 0.00030000000000000003, 0.00030000000000000003, 0.013000000000000001, 0.0005, 0.0005], [0.0004, 0.0, 0.0004, 0.0004, 0.0, 0.0004, 0.0, 0.0, 0.0, 0.0, 0.0018000000000000002, 0.0018000000000000002, 0.0, 0.0, 0.0, 0.0, 0.0018000000000000002, 0.0018000000000000002, 0.0018000000000000002, 0.0018000000000000002, 0.0, 0.0, 0.0, 0.0, 0.0018000000000000002, 0.0018000000000000002], [0.0001, 0.0, 0.0001, 0.0001, 0.0, 0.0001, 0.0, 0.0, 0.0, 0.0, 0.0, 0.0, 0.0, 0.0, 0.0, 0.0, 0.0, 0.0, 0.0, 0.0, 0.0, 0.0, 0.0, 0.0, 0.0, 0.0], [0.0004, 0.0, 0.0004, 0.0004, 0.0, 0.0004, 0.001, 0.001, 0.001, 0.001, 0.0, 0.0, 0.0, 0.0, 0.0, 0.0, 0.0, 0.0, 0.0, 0.0, 0.0, 0.0, 0.0, 0.0, 0.0, 0.0], [0.0, 0.0, 0.0, 0.0, 0.0, 0.0, 0.0002, 0.0002, 0.0002, 0.0002, 0.0, 0.0, 0.0, 0.0, 0.0, 0.0, 0.0, 0.0, 0.0, 0.0, 0.0, 0.0, 0.0, 0.0, 0.0, 0.0], [0.0, 0.0, 0.0, 0.0, 0.0, 0.0, 0.0, 0.0, 0.0, 0.0, 0.0, 0.0, 0.0, 0.0, 0.0, 0.0, 0.0, 0.0, 0.0, 0.0, 0.0, 0.0, 0.0, 0.0, 0.0, 0.0], [0.0, 0.0, 0.0, 0.0, 0.0, 0.0, 0.0, 0.0, 0.0, 0.0, 0.0, 0.0, 0.0, 0.0, 0.0, 0.0, 0.0, 0.0, 0.0, 0.0, 0.0, 0.0, 0.0, 0.0, 0.0, 0.0]]}}
bs_setyawan_curtarolo_efermi: 0.5806762400000001