material_id: mp-757524
band_gap: 1.2893
efermi: -0.08251139
dos_magnetic_ordering: FM
dos_total_task_id: mp-1755335
dos_total_band_gap: 1.2941
dos_total_cbm: 1.0739
dos_total_vbm: -0.2202
dos_total_efermi: -0.21100471
bs_setyawan_curtarolo_task_id: mp-844574
bs_setyawan_curtarolo_band_gap: 1.2893
bs_setyawan_curtarolo_cbm: {'band_index': {'1': [28], '-1': []}, 'kpoint_index': [16, 17, 110], 'kpoint': <pymatgen.electronic_structure.bandstructure.Kpoint object at 0x7fc699d63930>, 'energy': 1.0963, 'projections': {'1': [[0.0, 0.0005, 0.0005, 0.00030000000000000003, 0.0033, 0.0, 0.0, 0.0033, 0.00030000000000000003], [0.0, 0.0007, 0.0007, 0.017, 0.0, 0.008700000000000001, 0.008700000000000001, 0.0, 0.017], [0.0, 0.0047, 0.0047, 0.0027, 0.0009000000000000001, 0.0088, 0.0088, 0.0009000000000000001, 0.0027], [0.0, 0.0091, 0.0091, 0.0027, 0.0067, 0.0001, 0.0001, 0.0067, 0.0027], [0.1915, 0.0, 0.0, 0.0, 0.0, 0.0, 0.0, 0.0, 0.0], [0.5249, 0.0, 0.0, 0.0, 0.0, 0.0, 0.0, 0.0, 0.0], [0.013600000000000001, 0.0, 0.0, 0.0, 0.0, 0.0, 0.0, 0.0, 0.0], [0.0327, 0.0, 0.0, 0.0, 0.0, 0.0, 0.0, 0.0, 0.0], [0.0002, 0.0, 0.0, 0.0, 0.0, 0.0, 0.0, 0.0, 0.0]]}}
bs_setyawan_curtarolo_vbm: {'band_index': {'1': [27], '-1': []}, 'kpoint_index': [79], 'kpoint': <pymatgen.electronic_structure.bandstructure.Kpoint object at 0x7fc5d4b59e80>, 'energy': -0.193, 'projections': {'1': [[0.0031000000000000003, 0.0, 0.0, 0.0002, 0.0, 0.0005, 0.0005, 0.0, 0.0002], [0.0002, 0.0009000000000000001, 0.0009000000000000001, 0.0105, 0.0041, 0.0114, 0.0114, 0.0041, 0.0105], [0.0001, 0.001, 0.001, 0.010400000000000001, 0.0085, 0.0071, 0.0071, 0.0085, 0.010400000000000001], [0.0, 0.00030000000000000003, 0.00030000000000000003, 0.0279, 0.0485, 0.054200000000000005, 0.054200000000000005, 0.0485, 0.0279], [0.0, 0.0, 0.0, 0.0, 0.0, 0.0, 0.0, 0.0, 0.0], [0.0013000000000000002, 0.0, 0.0, 0.0, 0.0, 0.0, 0.0, 0.0, 0.0], [0.1061, 0.0, 0.0, 0.0, 0.0, 0.0, 0.0, 0.0, 0.0], [0.0845, 0.0, 0.0, 0.0, 0.0, 0.0, 0.0, 0.0, 0.0], [0.3103, 0.0, 0.0, 0.0, 0.0, 0.0, 0.0, 0.0, 0.0]]}}
bs_setyawan_curtarolo_efermi: -0.08251139
bs_hinuma_task_id: mp-2111443
bs_hinuma_band_gap: 1.3273000000000001
bs_hinuma_cbm: {'band_index': {'1': [28], '-1': []}, 'kpoint_index': [42, 43], 'kpoint': <pymatgen.electronic_structure.bandstructure.Kpoint object at 0x7fc5d4b5a430>, 'energy': 1.0994, 'projections': {'1': [[0.0, 0.0005, 0.0005, 0.0, 0.00030000000000000003, 0.0033, 0.0033, 0.00030000000000000003, 0.0], [0.0, 0.0005, 0.0005, 0.016, 0.0094, 0.0017000000000000001, 0.0017000000000000001, 0.0094, 0.016], [0.0, 0.00030000000000000003, 0.00030000000000000003, 0.0014, 0.0114, 0.0018000000000000002, 0.0018000000000000002, 0.0114, 0.0014], [0.0, 0.013900000000000001, 0.013900000000000001, 0.0, 0.0014, 0.0039000000000000003, 0.0039000000000000003, 0.0014, 0.0], [0.07680000000000001, 0.0, 0.0, 0.0, 0.0, 0.0, 0.0, 0.0, 0.0], [0.048, 0.0, 0.0, 0.0, 0.0, 0.0, 0.0, 0.0, 0.0], [0.4197, 0.0, 0.0, 0.0, 0.0, 0.0, 0.0, 0.0, 0.0], [0.0001, 0.0, 0.0, 0.0, 0.0, 0.0, 0.0, 0.0, 0.0], [0.2187, 0.0, 0.0, 0.0, 0.0, 0.0, 0.0, 0.0, 0.0]]}}
bs_hinuma_vbm: {'band_index': {'1': [27], '-1': []}, 'kpoint_index': [79], 'kpoint': <pymatgen.electronic_structure.bandstructure.Kpoint object at 0x7fc5d4b5a3c0>, 'energy': -0.22790000000000002, 'projections': {'1': [[0.003, 0.0, 0.0, 0.0005, 0.0002, 0.0, 0.0, 0.0002, 0.0005], [0.0, 0.0008, 0.0008, 0.0045000000000000005, 0.004, 0.013600000000000001, 0.013600000000000001, 0.004, 0.0045000000000000005], [0.0002, 0.0013000000000000002, 0.0013000000000000002, 0.0207, 0.0041, 0.0162, 0.0162, 0.0041, 0.0207], [0.0002, 0.0, 0.0, 0.0489, 0.0413, 0.0325, 0.0325, 0.0413, 0.0489], [0.0007, 0.0, 0.0, 0.0, 0.0, 0.0, 0.0, 0.0, 0.0], [0.0001, 0.0, 0.0, 0.0, 0.0, 0.0, 0.0, 0.0, 0.0], [0.061200000000000004, 0.0, 0.0, 0.0, 0.0, 0.0, 0.0, 0.0, 0.0], [0.07830000000000001, 0.0, 0.0, 0.0, 0.0, 0.0, 0.0, 0.0, 0.0], [0.3536, 0.0, 0.0, 0.0, 0.0, 0.0, 0.0, 0.0, 0.0]]}}
bs_hinuma_efermi: -0.13806698
bs_latimer_munro_task_id: mp-2304281
bs_latimer_munro_band_gap: 1.4571
bs_latimer_munro_cbm: {'band_index': {'1': [28], '-1': []}, 'kpoint_index': [29], 'kpoint': <pymatgen.electronic_structure.bandstructure.Kpoint object at 0x7fc5d4b59be0>, 'energy': 1.0994, 'projections': {'1': [[0.0, 0.0005, 0.0005, 0.00030000000000000003, 0.0033, 0.0, 0.0, 0.0033, 0.00030000000000000003], [0.0, 0.0007, 0.0007, 0.016800000000000002, 0.0, 0.008700000000000001, 0.008700000000000001, 0.0, 0.016800000000000002], [0.0, 0.0047, 0.0047, 0.0027, 0.0008, 0.0086, 0.0086, 0.0008, 0.0027], [0.0, 0.0092, 0.0092, 0.0027, 0.0066, 0.0001, 0.0001, 0.0066, 0.0027], [0.1899, 0.0, 0.0, 0.0, 0.0, 0.0, 0.0, 0.0, 0.0], [0.5279, 0.0, 0.0, 0.0, 0.0, 0.0, 0.0, 0.0, 0.0], [0.014, 0.0, 0.0, 0.0, 0.0, 0.0, 0.0, 0.0, 0.0], [0.031400000000000004, 0.0, 0.0, 0.0, 0.0, 0.0, 0.0, 0.0, 0.0], [0.0002, 0.0, 0.0, 0.0, 0.0, 0.0, 0.0, 0.0, 0.0]]}}
bs_latimer_munro_vbm: {'band_index': {'1': [27], '-1': []}, 'kpoint_index': ['42'], 'kpoint': <pymatgen.electronic_structure.bandstructure.Kpoint object at 0x7fc5d4b5a190>, 'energy': -0.3577, 'projections': {'1': [[0.0001, 0.0, 0.0, 0.0004, 0.0006000000000000001, 0.0001, 0.0001, 0.0006000000000000001, 0.0004], [0.0, 0.0005, 0.0005, 0.0463, 0.006200000000000001, 0.041, 0.041, 0.006200000000000001, 0.0463], [0.0078000000000000005, 0.0006000000000000001, 0.0006000000000000001, 0.013800000000000002, 0.0392, 0.0346, 0.0346, 0.0392, 0.013800000000000002], [0.0001, 0.0024000000000000002, 0.0024000000000000002, 0.0419, 0.0173, 0.0108, 0.0108, 0.0173, 0.0419], [0.0001, 0.0, 0.0, 0.0, 0.0, 0.0, 0.0, 0.0, 0.0], [0.0015, 0.0, 0.0, 0.0, 0.0, 0.0, 0.0, 0.0, 0.0], [0.0103, 0.0, 0.0, 0.0, 0.0, 0.0, 0.0, 0.0, 0.0], [0.043500000000000004, 0.0, 0.0, 0.0, 0.0, 0.0, 0.0, 0.0, 0.0], [0.2685, 0.0, 0.0, 0.0, 0.0, 0.0, 0.0, 0.0, 0.0]]}}
bs_latimer_munro_efermi: -0.2222875