material_id: mp-7434
band_gap: 0.6322999999999991
efermi: 5.00931179
dos_magnetic_ordering: NM
dos_total_task_id: mp-2286374
dos_total_band_gap: 0.8708
dos_total_cbm: 5.6184
dos_total_vbm: 4.7476
dos_total_efermi: 4.75303992
bs_setyawan_curtarolo_task_id: mp-1588729
bs_setyawan_curtarolo_band_gap: 0.6322999999999991
bs_setyawan_curtarolo_cbm: {'band_index': {'1': [30]}, 'kpoint_index': [0, 53, 54], 'kpoint': <pymatgen.electronic_structure.bandstructure.Kpoint object at 0x7fc699d63930>, 'energy': 5.3385, 'projections': {'1': [[0.049600000000000005, 0.049600000000000005, 0.0354, 0.0354, 0.11410000000000001, 0.11410000000000001], [0.0, 0.0, 0.0, 0.0, 0.0, 0.0], [0.0001, 0.0001, 0.0, 0.0, 0.0044, 0.0044], [0.0, 0.0, 0.0, 0.0, 0.0, 0.0], [0.0, 0.0, 0.0, 0.0, 0.0, 0.0], [0.0, 0.0, 0.0, 0.0, 0.0, 0.0], [0.0, 0.0, 0.0, 0.0, 0.0, 0.0], [0.0, 0.0, 0.0, 0.0, 0.0, 0.0], [0.0, 0.0, 0.0, 0.0, 0.0, 0.0]]}}
bs_setyawan_curtarolo_vbm: {'band_index': {'1': [28, 29]}, 'kpoint_index': [0, 53, 54], 'kpoint': <pymatgen.electronic_structure.bandstructure.Kpoint object at 0x7fc5d4b59e80>, 'energy': 4.7062, 'projections': {'1': [[0.0, 0.0, 0.0, 0.0, 0.0, 0.0], [0.0004, 0.0004, 0.0004, 0.0004, 0.0263, 0.0263], [0.0, 0.0, 0.0, 0.0, 0.0, 0.0], [0.0019, 0.0019, 0.0024000000000000002, 0.0024000000000000002, 0.1453, 0.1453], [0.0, 0.0, 0.0, 0.0, 0.0, 0.0], [0.0, 0.0, 0.027800000000000002, 0.027800000000000002, 0.0001, 0.0001], [0.0, 0.0, 0.0, 0.0, 0.0, 0.0], [0.0, 0.0, 0.1539, 0.1539, 0.0006000000000000001, 0.0006000000000000001], [0.0, 0.0, 0.0, 0.0, 0.0, 0.0]]}}
bs_setyawan_curtarolo_efermi: 5.00931179
bs_hinuma_task_id: mp-2063713
bs_hinuma_band_gap: 0.6322999999999991
bs_hinuma_cbm: {'band_index': {'1': [30]}, 'kpoint_index': [0, 53, 54], 'kpoint': <pymatgen.electronic_structure.bandstructure.Kpoint object at 0x7fc5d4b5a350>, 'energy': 5.3385, 'projections': {'1': [[0.049600000000000005, 0.049600000000000005, 0.0354, 0.0354, 0.11410000000000001, 0.11410000000000001], [0.0, 0.0, 0.0, 0.0, 0.0, 0.0], [0.0001, 0.0001, 0.0, 0.0, 0.0044, 0.0044], [0.0, 0.0, 0.0, 0.0, 0.0, 0.0], [0.0, 0.0, 0.0, 0.0, 0.0, 0.0], [0.0, 0.0, 0.0, 0.0, 0.0, 0.0], [0.0, 0.0, 0.0, 0.0, 0.0, 0.0], [0.0, 0.0, 0.0, 0.0, 0.0, 0.0], [0.0, 0.0, 0.0, 0.0, 0.0, 0.0]]}}
bs_hinuma_vbm: {'band_index': {'1': [28, 29]}, 'kpoint_index': [0, 53, 54], 'kpoint': <pymatgen.electronic_structure.bandstructure.Kpoint object at 0x7fc5d4b5a200>, 'energy': 4.7062, 'projections': {'1': [[0.0, 0.0, 0.0, 0.0, 0.0, 0.0], [0.0004, 0.0004, 0.0004, 0.0004, 0.0263, 0.0263], [0.0, 0.0, 0.0, 0.0, 0.0, 0.0], [0.0019, 0.0019, 0.0024000000000000002, 0.0024000000000000002, 0.1453, 0.1453], [0.0, 0.0, 0.0, 0.0, 0.0, 0.0], [0.0, 0.0, 0.027800000000000002, 0.027800000000000002, 0.0001, 0.0001], [0.0, 0.0, 0.0, 0.0, 0.0, 0.0], [0.0, 0.0, 0.1539, 0.1539, 0.0006000000000000001, 0.0006000000000000001], [0.0, 0.0, 0.0, 0.0, 0.0, 0.0]]}}
bs_hinuma_efermi: 5.00931179
bs_latimer_munro_task_id: mp-2432088
bs_latimer_munro_band_gap: 0.6322999999999991
bs_latimer_munro_cbm: {'band_index': {'1': [30]}, 'kpoint_index': [33, 34, 155, 156, 166], 'kpoint': <pymatgen.electronic_structure.bandstructure.Kpoint object at 0x7fc5d4b59be0>, 'energy': 5.3385, 'projections': {'1': [[0.049600000000000005, 0.049600000000000005, 0.0354, 0.035300000000000005, 0.11410000000000001, 0.11410000000000001], [0.0, 0.0, 0.0, 0.0, 0.0, 0.0], [0.0001, 0.0001, 0.0, 0.0, 0.0044, 0.0044], [0.0, 0.0, 0.0, 0.0, 0.0, 0.0], [0.0, 0.0, 0.0, 0.0, 0.0, 0.0], [0.0, 0.0, 0.0, 0.0, 0.0, 0.0], [0.0, 0.0, 0.0, 0.0, 0.0, 0.0], [0.0, 0.0, 0.0, 0.0, 0.0, 0.0], [0.0, 0.0, 0.0, 0.0, 0.0, 0.0]]}}
bs_latimer_munro_vbm: {'band_index': {'1': [28, 29]}, 'kpoint_index': [33, 34, 155, 156, 166], 'kpoint': <pymatgen.electronic_structure.bandstructure.Kpoint object at 0x7fc5d4b59c50>, 'energy': 4.7062, 'projections': {'1': [[0.0, 0.0, 0.0, 0.0, 0.0, 0.0], [0.0001, 0.0001, 0.0001, 0.0001, 0.009000000000000001, 0.009000000000000001], [0.0, 0.0, 0.0, 0.0, 0.0, 0.0], [0.0022, 0.0022, 0.0027, 0.0027, 0.1626, 0.1626], [0.0, 0.0, 0.0, 0.0, 0.0, 0.0], [0.0, 0.0, 0.0095, 0.0095, 0.0, 0.0], [0.0, 0.0, 0.0, 0.0, 0.0, 0.0], [0.0, 0.0, 0.1723, 0.1723, 0.0006000000000000001, 0.0006000000000000001], [0.0, 0.0, 0.0, 0.0, 0.0, 0.0]]}}
bs_latimer_munro_efermi: 5.00958855