material_id: mp-7489
band_gap: 0.9396999999999991
efermi: 0.62491769
dos_magnetic_ordering: FM
dos_total_task_id: mp-2284644
dos_total_band_gap: 4.2531
dos_total_cbm: 1.4436
dos_total_vbm: -2.8095
dos_total_efermi: 0.53118084
bs_setyawan_curtarolo_task_id: mp-1590948
bs_setyawan_curtarolo_band_gap: 0.9396999999999991
bs_setyawan_curtarolo_cbm: {'band_index': {'1': [33], '-1': []}, 'kpoint_index': [110, 111], 'kpoint': <pymatgen.electronic_structure.bandstructure.Kpoint object at 0x7fc699d63930>, 'energy': 1.4546000000000001, 'projections': {'1': [[0.0, 0.0, 0.0, 0.0, 0.0, 0.0, 0.0, 0.0], [0.0, 0.0, 0.0, 0.009000000000000001, 0.0082, 0.009000000000000001, 0.0, 0.0082], [0.0, 0.0, 0.0014, 0.00030000000000000003, 0.0046, 0.00030000000000000003, 0.0014, 0.0046], [0.0, 0.0, 0.004, 0.0006000000000000001, 0.0019, 0.0006000000000000001, 0.004, 0.0019], [0.0001, 0.0, 0.0, 0.0, 0.0, 0.0, 0.0, 0.0], [0.0002, 0.0, 0.0, 0.0, 0.0, 0.0, 0.0, 0.0], [0.0, 0.0, 0.0, 0.0, 0.0, 0.0, 0.0, 0.0], [0.0, 0.0, 0.0, 0.0, 0.0, 0.0, 0.0, 0.0], [0.0, 0.0, 0.0, 0.0, 0.0, 0.0, 0.0, 0.0], [0.0, 0.0779, 0.0, 0.0, 0.0, 0.0, 0.0, 0.0], [0.0, 0.2521, 0.0, 0.0, 0.0, 0.0, 0.0, 0.0], [0.0, 0.0665, 0.0, 0.0, 0.0, 0.0, 0.0, 0.0], [0.0, 0.22440000000000002, 0.0, 0.0, 0.0, 0.0, 0.0, 0.0], [0.0, 0.0009000000000000001, 0.0, 0.0, 0.0, 0.0, 0.0, 0.0], [0.0, 0.1631, 0.0, 0.0, 0.0, 0.0, 0.0, 0.0], [0.0, 0.12840000000000001, 0.0, 0.0, 0.0, 0.0, 0.0, 0.0]]}}
bs_setyawan_curtarolo_vbm: {'band_index': {'1': [32], '-1': []}, 'kpoint_index': [0, 63, 64], 'kpoint': <pymatgen.electronic_structure.bandstructure.Kpoint object at 0x7fc5d4b59c50>, 'energy': 0.5149, 'projections': {'1': [[0.0, 0.0, 0.0, 0.0, 0.0, 0.0, 0.0, 0.0], [0.0, 0.0, 0.0, 0.0, 0.0, 0.0, 0.0, 0.0], [0.0002, 0.0, 0.0, 0.0001, 0.0, 0.0001, 0.0, 0.0], [0.0002, 0.0, 0.0001, 0.0, 0.0, 0.0, 0.0001, 0.0], [0.0, 0.0, 0.0, 0.0, 0.0, 0.0, 0.0, 0.0], [0.0, 0.0, 0.0, 0.0, 0.0, 0.0, 0.0, 0.0], [0.0, 0.0, 0.0, 0.0, 0.0, 0.0, 0.0, 0.0], [0.0, 0.0, 0.0, 0.0, 0.0, 0.0, 0.0, 0.0], [0.0, 0.0, 0.0, 0.0, 0.0, 0.0, 0.0, 0.0], [0.0, 0.07060000000000001, 0.0, 0.0, 0.0, 0.0, 0.0, 0.0], [0.0, 0.0829, 0.0, 0.0, 0.0, 0.0, 0.0, 0.0], [0.0, 0.0755, 0.0, 0.0, 0.0, 0.0, 0.0, 0.0], [0.0, 0.154, 0.0, 0.0, 0.0, 0.0, 0.0, 0.0], [0.0, 0.275, 0.0, 0.0, 0.0, 0.0, 0.0, 0.0], [0.0, 0.0449, 0.0, 0.0, 0.0, 0.0, 0.0, 0.0], [0.0, 0.2674, 0.0, 0.0, 0.0, 0.0, 0.0, 0.0]]}}
bs_setyawan_curtarolo_efermi: 0.62491769
bs_hinuma_task_id: mp-2189245
bs_hinuma_band_gap: 0.9396999999999991
bs_hinuma_cbm: {'band_index': {'1': [33], '-1': []}, 'kpoint_index': [12, 13], 'kpoint': <pymatgen.electronic_structure.bandstructure.Kpoint object at 0x7fc5d4b5a200>, 'energy': 1.4546000000000001, 'projections': {'1': [[0.0, 0.0, 0.0, 0.0, 0.0, 0.0, 0.0, 0.0], [0.0, 0.0, 0.0, 0.009000000000000001, 0.0082, 0.009000000000000001, 0.0, 0.0082], [0.0, 0.0, 0.0014, 0.00030000000000000003, 0.0045000000000000005, 0.00030000000000000003, 0.0014, 0.0046], [0.0, 0.0, 0.004, 0.0006000000000000001, 0.0019, 0.0006000000000000001, 0.004, 0.0019], [0.0001, 0.0, 0.0, 0.0, 0.0, 0.0, 0.0, 0.0], [0.0002, 0.0, 0.0, 0.0, 0.0, 0.0, 0.0, 0.0], [0.0, 0.0, 0.0, 0.0, 0.0, 0.0, 0.0, 0.0], [0.0, 0.0, 0.0, 0.0, 0.0, 0.0, 0.0, 0.0], [0.0, 0.0, 0.0, 0.0, 0.0, 0.0, 0.0, 0.0], [0.0, 0.0779, 0.0, 0.0, 0.0, 0.0, 0.0, 0.0], [0.0, 0.2521, 0.0, 0.0, 0.0, 0.0, 0.0, 0.0], [0.0, 0.0665, 0.0, 0.0, 0.0, 0.0, 0.0, 0.0], [0.0, 0.22440000000000002, 0.0, 0.0, 0.0, 0.0, 0.0, 0.0], [0.0, 0.0009000000000000001, 0.0, 0.0, 0.0, 0.0, 0.0, 0.0], [0.0, 0.1631, 0.0, 0.0, 0.0, 0.0, 0.0, 0.0], [0.0, 0.12840000000000001, 0.0, 0.0, 0.0, 0.0, 0.0, 0.0]]}}
bs_hinuma_vbm: {'band_index': {'1': [32], '-1': []}, 'kpoint_index': [0, 53, 54], 'kpoint': <pymatgen.electronic_structure.bandstructure.Kpoint object at 0x7fc5d4b5a430>, 'energy': 0.5149, 'projections': {'1': [[0.0, 0.0, 0.0, 0.0, 0.0, 0.0, 0.0, 0.0], [0.0, 0.0, 0.0, 0.0, 0.0, 0.0, 0.0, 0.0], [0.0002, 0.0, 0.0, 0.0001, 0.0, 0.0001, 0.0, 0.0], [0.0002, 0.0, 0.0001, 0.0, 0.0, 0.0, 0.0001, 0.0], [0.0, 0.0, 0.0, 0.0, 0.0, 0.0, 0.0, 0.0], [0.0, 0.0, 0.0, 0.0, 0.0, 0.0, 0.0, 0.0], [0.0, 0.0, 0.0, 0.0, 0.0, 0.0, 0.0, 0.0], [0.0, 0.0, 0.0, 0.0, 0.0, 0.0, 0.0, 0.0], [0.0, 0.0, 0.0, 0.0, 0.0, 0.0, 0.0, 0.0], [0.0, 0.07060000000000001, 0.0, 0.0, 0.0, 0.0, 0.0, 0.0], [0.0, 0.0829, 0.0, 0.0, 0.0, 0.0, 0.0, 0.0], [0.0, 0.0755, 0.0, 0.0, 0.0, 0.0, 0.0, 0.0], [0.0, 0.154, 0.0, 0.0, 0.0, 0.0, 0.0, 0.0], [0.0, 0.275, 0.0, 0.0, 0.0, 0.0, 0.0, 0.0], [0.0, 0.0449, 0.0, 0.0, 0.0, 0.0, 0.0, 0.0], [0.0, 0.2674, 0.0, 0.0, 0.0, 0.0, 0.0, 0.0]]}}
bs_hinuma_efermi: 0.62028156
bs_latimer_munro_task_id: mp-2687717
bs_latimer_munro_band_gap: 0.9396999999999991
bs_latimer_munro_cbm: {'band_index': {'1': [33], '-1': []}, 'kpoint_index': [54], 'kpoint': <pymatgen.electronic_structure.bandstructure.Kpoint object at 0x7fc5d4b59d30>, 'energy': 1.4546000000000001, 'projections': {'1': [[0.0, 0.0, 0.0, 0.0, 0.0, 0.0, 0.0, 0.0], [0.0, 0.0, 0.0021000000000000003, 0.0131, 0.0037, 0.0131, 0.0021000000000000003, 0.0037], [0.0, 0.0, 0.007, 0.0013000000000000002, 0.0017000000000000001, 0.0013000000000000002, 0.007, 0.0017000000000000001], [0.0, 0.0, 0.0008, 0.00030000000000000003, 0.0, 0.00030000000000000003, 0.0008, 0.0], [0.0, 0.0, 0.0, 0.0, 0.0, 0.0, 0.0, 0.0], [0.0001, 0.0, 0.0, 0.0, 0.0, 0.0, 0.0, 0.0], [0.0001, 0.0, 0.0, 0.0, 0.0, 0.0, 0.0, 0.0], [0.0, 0.0, 0.0, 0.0, 0.0, 0.0, 0.0, 0.0], [0.0001, 0.0, 0.0, 0.0, 0.0, 0.0, 0.0, 0.0], [0.0, 0.3361, 0.0, 0.0, 0.0, 0.0, 0.0, 0.0], [0.0, 0.016, 0.0, 0.0, 0.0, 0.0, 0.0, 0.0], [0.0, 0.13, 0.0, 0.0, 0.0, 0.0, 0.0, 0.0], [0.0, 0.0195, 0.0, 0.0, 0.0, 0.0, 0.0, 0.0], [0.0, 0.0473, 0.0, 0.0, 0.0, 0.0, 0.0, 0.0], [0.0, 0.1794, 0.0, 0.0, 0.0, 0.0, 0.0, 0.0], [0.0, 0.1849, 0.0, 0.0, 0.0, 0.0, 0.0, 0.0]]}}
bs_latimer_munro_vbm: {'band_index': {'1': [32], '-1': []}, 'kpoint_index': [24, 25, 42], 'kpoint': <pymatgen.electronic_structure.bandstructure.Kpoint object at 0x7fc5d4b59e80>, 'energy': 0.5149, 'projections': {'1': [[0.0, 0.0, 0.0, 0.0, 0.0, 0.0, 0.0, 0.0], [0.0, 0.0, 0.0, 0.0, 0.0, 0.0, 0.0, 0.0], [0.0002, 0.0, 0.0, 0.0001, 0.0, 0.0001, 0.0, 0.0], [0.0002, 0.0, 0.0001, 0.0, 0.0, 0.0, 0.0001, 0.0], [0.0, 0.0, 0.0, 0.0, 0.0, 0.0, 0.0, 0.0], [0.0, 0.0, 0.0, 0.0, 0.0, 0.0, 0.0, 0.0], [0.0, 0.0, 0.0, 0.0, 0.0, 0.0, 0.0, 0.0], [0.0, 0.0, 0.0, 0.0, 0.0, 0.0, 0.0, 0.0], [0.0, 0.0, 0.0, 0.0, 0.0, 0.0, 0.0, 0.0], [0.0, 0.07060000000000001, 0.0, 0.0, 0.0, 0.0, 0.0, 0.0], [0.0, 0.0829, 0.0, 0.0, 0.0, 0.0, 0.0, 0.0], [0.0, 0.0755, 0.0, 0.0, 0.0, 0.0, 0.0, 0.0], [0.0, 0.154, 0.0, 0.0, 0.0, 0.0, 0.0, 0.0], [0.0, 0.275, 0.0, 0.0, 0.0, 0.0, 0.0, 0.0], [0.0, 0.0449, 0.0, 0.0, 0.0, 0.0, 0.0, 0.0], [0.0, 0.2674, 0.0, 0.0, 0.0, 0.0, 0.0, 0.0]]}}
bs_latimer_munro_efermi: 0.62074264