material_id: mp-7094
band_gap: 2.3102
efermi: 0.21006047
dos_magnetic_ordering: NM
dos_total_task_id: mp-1698327
dos_total_band_gap: 2.3031
dos_total_cbm: 2.4474
dos_total_vbm: 0.1443
dos_total_efermi: 0.15267024
bs_setyawan_curtarolo_task_id: mp-1597203
bs_setyawan_curtarolo_band_gap: 2.3102
bs_setyawan_curtarolo_cbm: {'band_index': {'1': [48]}, 'kpoint_index': ['55'], 'kpoint': <pymatgen.electronic_structure.bandstructure.Kpoint object at 0x7fc699d63930>, 'energy': 2.4466, 'projections': {'1': [[0.0, 0.0, 0.0499, 0.0499, 0.0011, 0.0011, 0.0011, 0.0011, 0.0011, 0.0011, 0.0011, 0.0011], [0.0, 0.0, 0.0, 0.0, 0.006200000000000001, 0.0041, 0.0041, 0.006200000000000001, 0.006200000000000001, 0.0041, 0.0041, 0.006200000000000001], [0.001, 0.001, 0.0001, 0.0001, 0.008400000000000001, 0.008400000000000001, 0.008400000000000001, 0.008400000000000001, 0.008400000000000001, 0.008400000000000001, 0.008400000000000001, 0.008400000000000001], [0.0, 0.0, 0.0, 0.0, 0.0041, 0.006200000000000001, 0.006200000000000001, 0.0041, 0.0041, 0.006200000000000001, 0.006200000000000001, 0.0041], [0.0459, 0.0459, 0.0001, 0.0001, 0.0, 0.0, 0.0, 0.0, 0.0, 0.0, 0.0, 0.0], [0.0, 0.0, 0.0, 0.0, 0.0, 0.0, 0.0, 0.0, 0.0, 0.0, 0.0, 0.0], [0.184, 0.184, 0.0033, 0.0033, 0.0, 0.0, 0.0, 0.0, 0.0, 0.0, 0.0, 0.0], [0.0, 0.0, 0.0, 0.0, 0.0, 0.0, 0.0, 0.0, 0.0, 0.0, 0.0, 0.0], [0.010100000000000001, 0.010100000000000001, 0.0013000000000000002, 0.0013000000000000002, 0.0, 0.0, 0.0, 0.0, 0.0, 0.0, 0.0, 0.0]]}}
bs_setyawan_curtarolo_vbm: {'band_index': {'1': [46, 47]}, 'kpoint_index': [59, 60, 111], 'kpoint': <pymatgen.electronic_structure.bandstructure.Kpoint object at 0x7fc5d4b59c50>, 'energy': 0.1364, 'projections': {'1': [[0.0, 0.0, 0.0, 0.0, 0.0, 0.0007, 0.0007, 0.0, 0.0, 0.0007, 0.0007, 0.0], [0.0022, 0.0022, 0.0001, 0.0001, 0.0041, 0.013800000000000002, 0.013800000000000002, 0.0041, 0.0041, 0.013900000000000001, 0.013900000000000001, 0.0041], [0.0, 0.0, 0.0, 0.0, 0.0175, 0.0261, 0.0261, 0.0175, 0.0178, 0.0264, 0.0264, 0.0178], [0.0026000000000000003, 0.0027, 0.0, 0.0, 0.0102, 0.0036000000000000003, 0.0036000000000000003, 0.0102, 0.0103, 0.0035, 0.0035, 0.0103], [0.0, 0.0, 0.0, 0.0, 0.0, 0.0, 0.0, 0.0, 0.0, 0.0, 0.0, 0.0], [0.00030000000000000003, 0.00030000000000000003, 0.166, 0.1675, 0.0, 0.0, 0.0, 0.0, 0.0, 0.0, 0.0, 0.0], [0.0, 0.0, 0.0, 0.0, 0.0, 0.0, 0.0, 0.0, 0.0, 0.0, 0.0, 0.0], [0.0008, 0.0008, 0.1277, 0.1262, 0.0, 0.0, 0.0, 0.0, 0.0, 0.0, 0.0, 0.0], [0.0, 0.0, 0.0, 0.0, 0.0, 0.0, 0.0, 0.0, 0.0, 0.0, 0.0, 0.0]]}}
bs_setyawan_curtarolo_efermi: 0.21006047
bs_hinuma_task_id: mp-2069538
bs_hinuma_band_gap: 2.3102
bs_hinuma_cbm: {'band_index': {'1': [48]}, 'kpoint_index': ['59'], 'kpoint': <pymatgen.electronic_structure.bandstructure.Kpoint object at 0x7fc5d4b5a350>, 'energy': 2.4466, 'projections': {'1': [[0.0, 0.0, 0.0499, 0.0499, 0.0011, 0.0011, 0.0011, 0.0011, 0.0011, 0.0011, 0.0011, 0.0011], [0.0, 0.0, 0.0, 0.0, 0.006200000000000001, 0.0041, 0.0041, 0.006200000000000001, 0.006200000000000001, 0.0041, 0.0041, 0.006200000000000001], [0.001, 0.001, 0.0001, 0.0001, 0.008400000000000001, 0.008400000000000001, 0.008400000000000001, 0.008400000000000001, 0.008400000000000001, 0.008400000000000001, 0.008400000000000001, 0.008400000000000001], [0.0, 0.0, 0.0, 0.0, 0.0041, 0.006200000000000001, 0.006200000000000001, 0.0041, 0.0041, 0.006200000000000001, 0.006200000000000001, 0.0041], [0.0459, 0.0459, 0.0001, 0.0001, 0.0, 0.0, 0.0, 0.0, 0.0, 0.0, 0.0, 0.0], [0.0, 0.0, 0.0, 0.0, 0.0, 0.0, 0.0, 0.0, 0.0, 0.0, 0.0, 0.0], [0.184, 0.184, 0.0033, 0.0033, 0.0, 0.0, 0.0, 0.0, 0.0, 0.0, 0.0, 0.0], [0.0, 0.0, 0.0, 0.0, 0.0, 0.0, 0.0, 0.0, 0.0, 0.0, 0.0, 0.0], [0.010100000000000001, 0.010100000000000001, 0.0013000000000000002, 0.0013000000000000002, 0.0, 0.0, 0.0, 0.0, 0.0, 0.0, 0.0, 0.0]]}}
bs_hinuma_vbm: {'band_index': {'1': [46, 47]}, 'kpoint_index': [63, 64, 107], 'kpoint': <pymatgen.electronic_structure.bandstructure.Kpoint object at 0x7fc5d4b5a430>, 'energy': 0.1364, 'projections': {'1': [[0.0, 0.0, 0.0, 0.0, 0.0, 0.0007, 0.0007, 0.0, 0.0, 0.0007, 0.0007, 0.0], [0.0022, 0.0022, 0.0001, 0.0001, 0.0041, 0.013900000000000001, 0.013900000000000001, 0.0041, 0.0041, 0.0137, 0.0137, 0.0041], [0.0, 0.0, 0.0, 0.0, 0.0178, 0.0264, 0.0264, 0.0178, 0.0175, 0.0261, 0.0261, 0.0175], [0.0027, 0.0026000000000000003, 0.0, 0.0, 0.0103, 0.0035, 0.0035, 0.0103, 0.0102, 0.0036000000000000003, 0.0036000000000000003, 0.0102], [0.0, 0.0, 0.0, 0.0, 0.0, 0.0, 0.0, 0.0, 0.0, 0.0, 0.0, 0.0], [0.00030000000000000003, 0.00030000000000000003, 0.16770000000000002, 0.16590000000000002, 0.0, 0.0, 0.0, 0.0, 0.0, 0.0, 0.0, 0.0], [0.0, 0.0, 0.0, 0.0, 0.0, 0.0, 0.0, 0.0, 0.0, 0.0, 0.0, 0.0], [0.0008, 0.0008, 0.126, 0.1278, 0.0, 0.0, 0.0, 0.0, 0.0, 0.0, 0.0, 0.0], [0.0, 0.0, 0.0, 0.0, 0.0, 0.0, 0.0, 0.0, 0.0, 0.0, 0.0, 0.0]]}}
bs_hinuma_efermi: 0.22887998
bs_latimer_munro_task_id: mp-2330627
bs_latimer_munro_band_gap: 2.3
bs_latimer_munro_cbm: {'band_index': {'1': [48]}, 'kpoint_index': ['108'], 'kpoint': <pymatgen.electronic_structure.bandstructure.Kpoint object at 0x7fc5d4b5a3c0>, 'energy': 2.4466, 'projections': {'1': [[0.0, 0.0, 0.0499, 0.0499, 0.0011, 0.0011, 0.0011, 0.0011, 0.0011, 0.0011, 0.0011, 0.0011], [0.0, 0.0, 0.0, 0.0, 0.006200000000000001, 0.0041, 0.0041, 0.006200000000000001, 0.006200000000000001, 0.0041, 0.0041, 0.006200000000000001], [0.001, 0.001, 0.0001, 0.0001, 0.008400000000000001, 0.008400000000000001, 0.008400000000000001, 0.008400000000000001, 0.008400000000000001, 0.008400000000000001, 0.008400000000000001, 0.008400000000000001], [0.0, 0.0, 0.0, 0.0, 0.0041, 0.006200000000000001, 0.006200000000000001, 0.0041, 0.0041, 0.006200000000000001, 0.006200000000000001, 0.0041], [0.0459, 0.0459, 0.0001, 0.0001, 0.0, 0.0, 0.0, 0.0, 0.0, 0.0, 0.0, 0.0], [0.0, 0.0, 0.0, 0.0, 0.0, 0.0, 0.0, 0.0, 0.0, 0.0, 0.0, 0.0], [0.184, 0.184, 0.0033, 0.0033, 0.0, 0.0, 0.0, 0.0, 0.0, 0.0, 0.0, 0.0], [0.0, 0.0, 0.0, 0.0, 0.0, 0.0, 0.0, 0.0, 0.0, 0.0, 0.0, 0.0], [0.010100000000000001, 0.010100000000000001, 0.0013000000000000002, 0.0013000000000000002, 0.0, 0.0, 0.0, 0.0, 0.0, 0.0, 0.0, 0.0]]}}
bs_latimer_munro_vbm: {'band_index': {'1': [47]}, 'kpoint_index': ['28'], 'kpoint': <pymatgen.electronic_structure.bandstructure.Kpoint object at 0x7fc5d4b59e80>, 'energy': 0.1466, 'projections': {'1': [[0.0002, 0.0002, 0.0001, 0.0001, 0.0001, 0.0002, 0.0002, 0.0001, 0.0001, 0.0002, 0.0002, 0.0001], [0.001, 0.001, 0.0001, 0.0001, 0.0031000000000000003, 0.0071, 0.0071, 0.0031000000000000003, 0.0031000000000000003, 0.0071, 0.0071, 0.0031000000000000003], [0.0004, 0.0004, 0.0001, 0.0001, 0.026600000000000002, 0.0078000000000000005, 0.0078000000000000005, 0.026600000000000002, 0.026600000000000002, 0.0078000000000000005, 0.0078000000000000005, 0.026600000000000002], [0.0028, 0.0028, 0.0, 0.0, 0.023700000000000002, 0.0078000000000000005, 0.0078000000000000005, 0.023700000000000002, 0.023700000000000002, 0.0078000000000000005, 0.0078000000000000005, 0.023700000000000002], [0.0001, 0.0001, 0.1211, 0.1211, 0.0, 0.0, 0.0, 0.0, 0.0, 0.0, 0.0, 0.0], [0.0, 0.0, 0.12560000000000002, 0.12560000000000002, 0.0, 0.0, 0.0, 0.0, 0.0, 0.0, 0.0, 0.0], [0.0004, 0.0004, 0.0114, 0.0114, 0.0, 0.0, 0.0, 0.0, 0.0, 0.0, 0.0, 0.0], [0.0, 0.0, 0.006500000000000001, 0.006500000000000001, 0.0, 0.0, 0.0, 0.0, 0.0, 0.0, 0.0, 0.0], [0.0002, 0.0002, 0.0297, 0.0297, 0.0, 0.0, 0.0, 0.0, 0.0, 0.0, 0.0, 0.0]]}}
bs_latimer_munro_efermi: 0.25536535