material_id: mp-754759
band_gap: 4.4468
efermi: 1.57171387
dos_magnetic_ordering: NM
dos_total_task_id: mp-1752207
dos_total_band_gap: 4.4294
dos_total_cbm: 5.8857
dos_total_vbm: 1.4563000000000001
dos_total_efermi: 1.4397487
bs_setyawan_curtarolo_task_id: mp-860251
bs_setyawan_curtarolo_band_gap: 4.4468
bs_setyawan_curtarolo_cbm: {'band_index': {'1': [40]}, 'kpoint_index': [0, 53, 54], 'kpoint': <pymatgen.electronic_structure.bandstructure.Kpoint object at 0x7fc699d63930>, 'energy': 5.8927, 'projections': {}}
bs_setyawan_curtarolo_vbm: {'band_index': {'1': [39]}, 'kpoint_index': ['62'], 'kpoint': <pymatgen.electronic_structure.bandstructure.Kpoint object at 0x7fc5d4b5a430>, 'energy': 1.4459, 'projections': {}}
bs_setyawan_curtarolo_efermi: 1.57171387
bs_hinuma_task_id: mp-2098254
bs_hinuma_band_gap: 4.45
bs_hinuma_cbm: {'band_index': {'1': [40]}, 'kpoint_index': [0, 53, 54, 93], 'kpoint': <pymatgen.electronic_structure.bandstructure.Kpoint object at 0x7fc5d4b5a190>, 'energy': 5.8941, 'projections': {'1': [[0.0307, 0.0307, 0.0307, 0.0307, 0.0158, 0.0158, 0.0158, 0.0158, 0.0158, 0.0158], [0.0, 0.0, 0.0, 0.0, 0.0, 0.0001, 0.0, 0.0, 0.0001, 0.0], [0.0004, 0.0004, 0.0004, 0.0004, 0.0001, 0.0, 0.0001, 0.0001, 0.0, 0.0001], [0.0036000000000000003, 0.0036000000000000003, 0.0036000000000000003, 0.0036000000000000003, 0.0, 0.0, 0.0, 0.0, 0.0, 0.0], [0.0, 0.0, 0.0, 0.0, 0.0, 0.0, 0.0, 0.0, 0.0, 0.0], [0.0, 0.0, 0.0, 0.0, 0.0, 0.0, 0.0, 0.0, 0.0, 0.0], [0.0044, 0.0044, 0.0044, 0.0044, 0.0, 0.0, 0.0, 0.0, 0.0, 0.0], [0.0095, 0.0095, 0.0095, 0.0095, 0.0, 0.0, 0.0, 0.0, 0.0, 0.0], [0.0218, 0.0218, 0.0218, 0.0218, 0.0, 0.0, 0.0, 0.0, 0.0, 0.0]]}}
bs_hinuma_vbm: {'band_index': {'1': [39]}, 'kpoint_index': ['62'], 'kpoint': <pymatgen.electronic_structure.bandstructure.Kpoint object at 0x7fc5d4b59d30>, 'energy': 1.4441, 'projections': {'1': [[0.0015, 0.0015, 0.0015, 0.0015, 0.0, 0.0, 0.0, 0.0, 0.0, 0.0], [0.0088, 0.0088, 0.0088, 0.0088, 0.0517, 0.0, 0.0517, 0.0517, 0.0, 0.0517], [0.0024000000000000002, 0.0024000000000000002, 0.0024000000000000002, 0.0024000000000000002, 0.0194, 0.075, 0.0194, 0.0194, 0.075, 0.0194], [0.0, 0.0, 0.0, 0.0, 0.0258, 0.07640000000000001, 0.0258, 0.0257, 0.07640000000000001, 0.0258], [0.0012000000000000001, 0.0012000000000000001, 0.0012000000000000001, 0.0012000000000000001, 0.0, 0.0, 0.0, 0.0, 0.0, 0.0], [0.0005, 0.0005, 0.0005, 0.0005, 0.0, 0.0, 0.0, 0.0, 0.0, 0.0], [0.00030000000000000003, 0.00030000000000000003, 0.00030000000000000003, 0.00030000000000000003, 0.0, 0.0, 0.0, 0.0, 0.0, 0.0], [0.0001, 0.0001, 0.0001, 0.0001, 0.0, 0.0, 0.0, 0.0, 0.0, 0.0], [0.0011, 0.0011, 0.0011, 0.0011, 0.0, 0.0, 0.0, 0.0, 0.0, 0.0]]}}
bs_hinuma_efermi: 1.64740365
bs_latimer_munro_task_id: mp-2307239
bs_latimer_munro_band_gap: 4.4436
bs_latimer_munro_cbm: {'band_index': {'1': [40]}, 'kpoint_index': [16, 17, 70, 71, 88, 133, 134], 'kpoint': <pymatgen.electronic_structure.bandstructure.Kpoint object at 0x7fc5d4b5a350>, 'energy': 5.8941, 'projections': {'1': [[0.0307, 0.0307, 0.0307, 0.0307, 0.0158, 0.0158, 0.0158, 0.0158, 0.0158, 0.0158], [0.0, 0.0, 0.0, 0.0, 0.0, 0.0001, 0.0, 0.0, 0.0001, 0.0], [0.0004, 0.0004, 0.0004, 0.0004, 0.0001, 0.0, 0.0001, 0.0001, 0.0, 0.0001], [0.0036000000000000003, 0.0036000000000000003, 0.0036000000000000003, 0.0036000000000000003, 0.0, 0.0, 0.0, 0.0, 0.0, 0.0], [0.0, 0.0, 0.0, 0.0, 0.0, 0.0, 0.0, 0.0, 0.0, 0.0], [0.0, 0.0, 0.0, 0.0, 0.0, 0.0, 0.0, 0.0, 0.0, 0.0], [0.0044, 0.0044, 0.0044, 0.0044, 0.0, 0.0, 0.0, 0.0, 0.0, 0.0], [0.0095, 0.0095, 0.0095, 0.0095, 0.0, 0.0, 0.0, 0.0, 0.0, 0.0], [0.0218, 0.0218, 0.0218, 0.0218, 0.0, 0.0, 0.0, 0.0, 0.0, 0.0]]}}
bs_latimer_munro_vbm: {'band_index': {'1': [39]}, 'kpoint_index': ['85'], 'kpoint': <pymatgen.electronic_structure.bandstructure.Kpoint object at 0x7fc5d4b59be0>, 'energy': 1.4505, 'projections': {'1': [[0.0002, 0.0002, 0.0002, 0.0002, 0.0, 0.0, 0.0, 0.0, 0.0, 0.0], [0.011, 0.0095, 0.0095, 0.011, 0.0587, 0.0726, 0.020900000000000002, 0.020900000000000002, 0.0726, 0.0587], [0.0086, 0.0092, 0.0092, 0.0086, 0.053500000000000006, 0.049300000000000004, 0.053, 0.053, 0.049300000000000004, 0.053500000000000006], [0.0019, 0.0028, 0.0028, 0.0019, 0.0154, 0.0057, 0.0173, 0.0173, 0.0057, 0.0154], [0.0005, 0.0001, 0.0001, 0.0005, 0.0, 0.0, 0.0, 0.0, 0.0, 0.0], [0.0, 0.0, 0.0, 0.0, 0.0, 0.0, 0.0, 0.0, 0.0, 0.0], [0.0, 0.00030000000000000003, 0.00030000000000000003, 0.0, 0.0, 0.0, 0.0, 0.0, 0.0, 0.0], [0.00030000000000000003, 0.0002, 0.0002, 0.00030000000000000003, 0.0, 0.0, 0.0, 0.0, 0.0, 0.0], [0.0001, 0.00030000000000000003, 0.00030000000000000003, 0.0001, 0.0, 0.0, 0.0, 0.0, 0.0, 0.0]]}}
bs_latimer_munro_efermi: 1.63913282