material_id: mp-775918
band_gap: 1.2144
efermi: 7.32833417
dos_magnetic_ordering: NM
dos_total_task_id: mp-1681595
dos_total_band_gap: 1.1868
dos_total_cbm: 8.4357
dos_total_vbm: 7.2489
dos_total_efermi: 7.25028427
bs_setyawan_curtarolo_task_id: mp-793881
bs_setyawan_curtarolo_band_gap: 1.2144
bs_setyawan_curtarolo_cbm: {'band_index': {'1': [76]}, 'kpoint_index': ['5'], 'kpoint': <pymatgen.electronic_structure.bandstructure.Kpoint object at 0x7fc699d63930>, 'energy': 8.4486, 'projections': {'1': [[0.0, 0.0001, 0.0, 0.0001, 0.0, 0.0, 0.0, 0.0, 0.0, 0.0, 0.0, 0.0, 0.0, 0.0, 0.0, 0.0, 0.0, 0.0, 0.0, 0.0], [0.0, 0.0, 0.0, 0.0, 0.0, 0.0, 0.0, 0.0, 0.0, 0.0, 0.0, 0.0, 0.0001, 0.0, 0.0002, 0.0001, 0.0001, 0.0, 0.0002, 0.0001], [0.0001, 0.0001, 0.0001, 0.0001, 0.0, 0.0, 0.0, 0.0, 0.0, 0.0, 0.0, 0.0, 0.0002, 0.0, 0.0002, 0.0, 0.0002, 0.0, 0.0002, 0.0], [0.0, 0.0, 0.0, 0.0, 0.0, 0.0, 0.0, 0.0, 0.0, 0.0, 0.0, 0.0, 0.0001, 0.0, 0.0001, 0.0, 0.0001, 0.0, 0.0001, 0.0], [0.0001, 0.0001, 0.0001, 0.0001, 0.0002, 0.1353, 0.0002, 0.1353, 0.0, 0.0, 0.0, 0.0, 0.0, 0.0, 0.0, 0.0, 0.0, 0.0, 0.0, 0.0], [0.0, 0.0, 0.0, 0.0, 0.0002, 0.0, 0.0002, 0.0, 0.0, 0.0, 0.0, 0.0, 0.0, 0.0, 0.0, 0.0, 0.0, 0.0, 0.0, 0.0], [0.0, 0.0, 0.0, 0.0, 0.0, 0.0, 0.0, 0.0, 0.0, 0.0, 0.0, 0.0, 0.0, 0.0, 0.0, 0.0, 0.0, 0.0, 0.0, 0.0], [0.0001, 0.0001, 0.0001, 0.0001, 0.0012000000000000001, 0.00030000000000000003, 0.0012000000000000001, 0.00030000000000000003, 0.0, 0.0, 0.0, 0.0, 0.0, 0.0, 0.0, 0.0, 0.0, 0.0, 0.0, 0.0], [0.0043, 0.0043, 0.0043, 0.0043, 0.00030000000000000003, 0.27740000000000004, 0.00030000000000000003, 0.27740000000000004, 0.0, 0.0, 0.0, 0.0, 0.0, 0.0, 0.0, 0.0, 0.0, 0.0, 0.0, 0.0], [0.0, 0.0, 0.0, 0.0, 0.0, 0.0, 0.0, 0.0, 0.0, 0.0, 0.0, 0.0, 0.0, 0.0, 0.0, 0.0, 0.0, 0.0, 0.0, 0.0], [0.0, 0.0, 0.0, 0.0, 0.0, 0.0, 0.0, 0.0, 0.0, 0.0, 0.0, 0.0, 0.0, 0.0, 0.0, 0.0, 0.0, 0.0, 0.0, 0.0], [0.0, 0.0, 0.0, 0.0, 0.0, 0.0, 0.0, 0.0, 0.0, 0.0, 0.0, 0.0, 0.0, 0.0, 0.0, 0.0, 0.0, 0.0, 0.0, 0.0], [0.0, 0.0, 0.0, 0.0, 0.0, 0.0, 0.0, 0.0, 0.0, 0.0, 0.0, 0.0, 0.0, 0.0, 0.0, 0.0, 0.0, 0.0, 0.0, 0.0], [0.0, 0.0, 0.0, 0.0, 0.0, 0.0, 0.0, 0.0, 0.0, 0.0, 0.0, 0.0, 0.0, 0.0, 0.0, 0.0, 0.0, 0.0, 0.0, 0.0], [0.0039000000000000003, 0.004, 0.0039000000000000003, 0.004, 0.0, 0.0, 0.0, 0.0, 0.0, 0.0, 0.0, 0.0, 0.0, 0.0, 0.0, 0.0, 0.0, 0.0, 0.0, 0.0], [0.0, 0.0, 0.0, 0.0, 0.0, 0.0, 0.0, 0.0, 0.0, 0.0, 0.0, 0.0, 0.0, 0.0, 0.0, 0.0, 0.0, 0.0, 0.0, 0.0]]}}
bs_setyawan_curtarolo_vbm: {'band_index': {'1': [75]}, 'kpoint_index': [0], 'kpoint': <pymatgen.electronic_structure.bandstructure.Kpoint object at 0x7fc5d4b59d30>, 'energy': 7.2342, 'projections': {'1': [[0.0001, 0.0, 0.0001, 0.0, 0.0026000000000000003, 0.0001, 0.0026000000000000003, 0.0001, 0.0, 0.0001, 0.0, 0.0001, 0.0001, 0.0004, 0.0002, 0.0001, 0.0001, 0.0004, 0.0002, 0.0001], [0.0002, 0.0001, 0.0002, 0.0001, 0.0001, 0.0, 0.0001, 0.0, 0.0317, 0.0013000000000000002, 0.0317, 0.0013000000000000002, 0.0031000000000000003, 0.0149, 0.0005, 0.0007, 0.0031000000000000003, 0.0148, 0.0005, 0.0007], [0.001, 0.0009000000000000001, 0.001, 0.0009000000000000001, 0.0, 0.0, 0.0, 0.0, 0.0005, 0.0002, 0.0005, 0.0002, 0.0005, 0.0001, 0.0007, 0.0, 0.0005, 0.0001, 0.0007, 0.0], [0.0009000000000000001, 0.0015, 0.0009000000000000001, 0.0015, 0.0036000000000000003, 0.0001, 0.0036000000000000003, 0.0001, 0.17500000000000002, 0.0089, 0.17500000000000002, 0.0089, 0.0035, 0.0292, 0.0002, 0.0022, 0.0035, 0.0292, 0.0002, 0.0022], [0.002, 0.0012000000000000001, 0.002, 0.0012000000000000001, 0.025, 0.0, 0.025, 0.0, 0.0, 0.0, 0.0, 0.0, 0.0, 0.0, 0.0, 0.0, 0.0, 0.0, 0.0, 0.0], [0.0029000000000000002, 0.0009000000000000001, 0.0029000000000000002, 0.0009000000000000001, 0.0007, 0.0, 0.0007, 0.0, 0.0, 0.0, 0.0, 0.0, 0.0, 0.0, 0.0, 0.0, 0.0, 0.0, 0.0, 0.0], [0.0047, 0.0044, 0.0047, 0.0044, 0.01, 0.0001, 0.01, 0.0001, 0.0, 0.0, 0.0, 0.0, 0.0, 0.0, 0.0, 0.0, 0.0, 0.0, 0.0, 0.0], [0.0035, 0.0031000000000000003, 0.0035, 0.0031000000000000003, 0.00030000000000000003, 0.0011, 0.00030000000000000003, 0.0011, 0.0, 0.0, 0.0, 0.0, 0.0, 0.0, 0.0, 0.0, 0.0, 0.0, 0.0, 0.0], [0.0002, 0.0004, 0.0002, 0.0004, 0.0045000000000000005, 0.0, 0.0045000000000000005, 0.0, 0.0, 0.0, 0.0, 0.0, 0.0, 0.0, 0.0, 0.0, 0.0, 0.0, 0.0, 0.0], [0.0006000000000000001, 0.0002, 0.0006000000000000001, 0.0002, 0.0, 0.0, 0.0, 0.0, 0.0, 0.0, 0.0, 0.0, 0.0, 0.0, 0.0, 0.0, 0.0, 0.0, 0.0, 0.0], [0.0015, 0.0009000000000000001, 0.0015, 0.0009000000000000001, 0.0, 0.0, 0.0, 0.0, 0.0, 0.0, 0.0, 0.0, 0.0, 0.0, 0.0, 0.0, 0.0, 0.0, 0.0, 0.0], [0.0007, 0.0011, 0.0007, 0.0011, 0.0, 0.0, 0.0, 0.0, 0.0, 0.0, 0.0, 0.0, 0.0, 0.0, 0.0, 0.0, 0.0, 0.0, 0.0, 0.0], [0.0021000000000000003, 0.002, 0.0021000000000000003, 0.002, 0.0, 0.0, 0.0, 0.0, 0.0, 0.0, 0.0, 0.0, 0.0, 0.0, 0.0, 0.0, 0.0, 0.0, 0.0, 0.0], [0.0029000000000000002, 0.0007, 0.0029000000000000002, 0.0007, 0.0, 0.0, 0.0, 0.0, 0.0, 0.0, 0.0, 0.0, 0.0, 0.0, 0.0, 0.0, 0.0, 0.0, 0.0, 0.0], [0.00030000000000000003, 0.00030000000000000003, 0.00030000000000000003, 0.00030000000000000003, 0.0, 0.0, 0.0, 0.0, 0.0, 0.0, 0.0, 0.0, 0.0, 0.0, 0.0, 0.0, 0.0, 0.0, 0.0, 0.0], [0.0, 0.0002, 0.0, 0.0002, 0.0, 0.0, 0.0, 0.0, 0.0, 0.0, 0.0, 0.0, 0.0, 0.0, 0.0, 0.0, 0.0, 0.0, 0.0, 0.0]]}}
bs_setyawan_curtarolo_efermi: 7.32833417