material_id: mp-7583
band_gap: 3.2415
efermi: 2.51527352
dos_magnetic_ordering: NM
dos_total_task_id: mp-2284998
dos_total_band_gap: 3.315999999999999
dos_total_cbm: 5.6366
dos_total_vbm: 2.320599999999999
dos_total_efermi: 2.32130187
bs_setyawan_curtarolo_task_id: mp-1071134
bs_setyawan_curtarolo_band_gap: 3.2415
bs_setyawan_curtarolo_cbm: {'band_index': {'1': [16]}, 'kpoint_index': [0, 51, 52], 'kpoint': <pymatgen.electronic_structure.bandstructure.Kpoint object at 0x7fc699d63930>, 'energy': 5.7231000000000005, 'projections': {'1': [[0.0, 0.0, 0.0028, 0.0028, 0.0028, 0.0028], [0.0, 0.0, 0.018000000000000002, 0.018000000000000002, 0.0, 0.0], [0.054900000000000004, 0.054900000000000004, 0.0, 0.0, 0.0, 0.0], [0.0, 0.0, 0.0, 0.0, 0.018000000000000002, 0.018000000000000002], [0.0, 0.0, 0.0, 0.0, 0.0, 0.0], [0.0, 0.0, 0.0, 0.0, 0.0, 0.0], [0.0, 0.0, 0.0, 0.0, 0.0, 0.0], [0.0, 0.0, 0.0, 0.0, 0.0, 0.0], [0.0, 0.0, 0.0, 0.0, 0.0, 0.0]]}}
bs_setyawan_curtarolo_vbm: {'band_index': {'1': [15]}, 'kpoint_index': ['95'], 'kpoint': <pymatgen.electronic_structure.bandstructure.Kpoint object at 0x7fc5d4b5a190>, 'energy': 2.4816000000000003, 'projections': {'1': [[0.0, 0.0, 0.0, 0.0001, 0.0012000000000000001, 0.0009000000000000001], [0.0023, 0.0004, 0.0005, 0.0059, 0.08700000000000001, 0.12090000000000001], [0.00030000000000000003, 0.0005, 0.0692, 0.0765, 0.016300000000000002, 0.0708], [0.0004, 0.0002, 0.031100000000000003, 0.044, 0.0151, 0.010100000000000001], [0.0, 0.0, 0.0, 0.0, 0.0, 0.0], [0.0, 0.0, 0.0, 0.0, 0.0, 0.0], [0.0, 0.0, 0.0, 0.0, 0.0, 0.0], [0.0, 0.0, 0.0, 0.0, 0.0, 0.0], [0.0, 0.0, 0.0, 0.0, 0.0, 0.0]]}}
bs_setyawan_curtarolo_efermi: 2.51527352
bs_hinuma_task_id: mp-2056089
bs_hinuma_band_gap: 3.2999
bs_hinuma_cbm: {'band_index': {'1': [16]}, 'kpoint_index': ['75'], 'kpoint': <pymatgen.electronic_structure.bandstructure.Kpoint object at 0x7fc5d4b5a430>, 'energy': 5.6245, 'projections': {'1': [[0.0669, 0.0669, 0.0131, 0.0014, 0.0014, 0.0131], [0.0206, 0.0206, 0.0, 0.0001, 0.0001, 0.0], [0.0055000000000000005, 0.0055000000000000005, 0.0, 0.02, 0.02, 0.0], [0.0064, 0.0064, 0.014100000000000001, 0.0267, 0.0267, 0.014100000000000001], [0.0, 0.0, 0.0, 0.0, 0.0, 0.0], [0.0, 0.0, 0.0, 0.0, 0.0, 0.0], [0.0, 0.0, 0.0, 0.0, 0.0, 0.0], [0.0, 0.0, 0.0, 0.0, 0.0, 0.0], [0.0, 0.0, 0.0, 0.0, 0.0, 0.0]]}}
bs_hinuma_vbm: {'band_index': {'1': [15]}, 'kpoint_index': [77], 'kpoint': <pymatgen.electronic_structure.bandstructure.Kpoint object at 0x7fc5d4b59be0>, 'energy': 2.3246, 'projections': {'1': [[0.0, 0.0, 0.0, 0.0005, 0.0005, 0.0], [0.0002, 0.0002, 0.026000000000000002, 0.013600000000000001, 0.013600000000000001, 0.026000000000000002], [0.0001, 0.0001, 0.0645, 0.0608, 0.0608, 0.0645], [0.0007, 0.0007, 0.0, 0.1135, 0.1135, 0.0], [0.0, 0.0, 0.0, 0.0, 0.0, 0.0], [0.0, 0.0, 0.0, 0.0, 0.0, 0.0], [0.0, 0.0, 0.0, 0.0, 0.0, 0.0], [0.0, 0.0, 0.0, 0.0, 0.0, 0.0], [0.0, 0.0, 0.0, 0.0, 0.0, 0.0]]}}
bs_hinuma_efermi: 2.49280039
bs_latimer_munro_task_id: mp-2613585
bs_latimer_munro_band_gap: 3.2999
bs_latimer_munro_cbm: {'band_index': {'1': [16]}, 'kpoint_index': ['160'], 'kpoint': <pymatgen.electronic_structure.bandstructure.Kpoint object at 0x7fc5d4b59c50>, 'energy': 5.6245, 'projections': {'1': [[0.0669, 0.0669, 0.0131, 0.0014, 0.0014, 0.0131], [0.0206, 0.0206, 0.0, 0.0001, 0.0001, 0.0], [0.0055000000000000005, 0.0055000000000000005, 0.0, 0.02, 0.02, 0.0], [0.0064, 0.0064, 0.014100000000000001, 0.0267, 0.0267, 0.014100000000000001], [0.0, 0.0, 0.0, 0.0, 0.0, 0.0], [0.0, 0.0, 0.0, 0.0, 0.0, 0.0], [0.0, 0.0, 0.0, 0.0, 0.0, 0.0], [0.0, 0.0, 0.0, 0.0, 0.0, 0.0], [0.0, 0.0, 0.0, 0.0, 0.0, 0.0]]}}
bs_latimer_munro_vbm: {'band_index': {'1': [15]}, 'kpoint_index': [57, 58, 157, 158], 'kpoint': <pymatgen.electronic_structure.bandstructure.Kpoint object at 0x7fc5d4b5a3c0>, 'energy': 2.3246, 'projections': {'1': [[0.0, 0.0, 0.0, 0.0005, 0.0005, 0.0], [0.0002, 0.0002, 0.026000000000000002, 0.013600000000000001, 0.013600000000000001, 0.026000000000000002], [0.0001, 0.0001, 0.0645, 0.0608, 0.0608, 0.0645], [0.0007, 0.0007, 0.0, 0.1135, 0.1135, 0.0], [0.0, 0.0, 0.0, 0.0, 0.0, 0.0], [0.0, 0.0, 0.0, 0.0, 0.0, 0.0], [0.0, 0.0, 0.0, 0.0, 0.0, 0.0], [0.0, 0.0, 0.0, 0.0, 0.0, 0.0], [0.0, 0.0, 0.0, 0.0, 0.0, 0.0]]}}
bs_latimer_munro_efermi: 2.49621741