material_id: mp-754962
band_gap: 0.0
efermi: 1.07174021
dos_magnetic_ordering: FM
dos_total_task_id: mp-1722473
dos_total_band_gap: 1.1913
dos_total_cbm: 1.8527
dos_total_vbm: 0.6614
dos_total_efermi: 0.62701878
bs_setyawan_curtarolo_task_id: mp-902713
bs_setyawan_curtarolo_band_gap: 0.0
bs_setyawan_curtarolo_cbm: None
bs_setyawan_curtarolo_vbm: None
bs_setyawan_curtarolo_efermi: 1.07174021
bs_latimer_munro_task_id: mp-2302518
bs_latimer_munro_band_gap: 1.1941
bs_latimer_munro_cbm: {'band_index': {'1': [39], '-1': []}, 'kpoint_index': ['52'], 'kpoint': <pymatgen.electronic_structure.bandstructure.Kpoint object at 0x7fc699d63930>, 'energy': 1.8199, 'projections': {'1': [[0.0001, 0.0001, 0.0, 0.0001, 0.0015, 0.0001, 0.0094, 0.0094, 0.0015], [0.0001, 0.0001, 0.0006000000000000001, 0.0, 0.0001, 0.0, 0.009600000000000001, 0.009600000000000001, 0.0001], [0.0002, 0.0002, 0.0024000000000000002, 0.0007, 0.0, 0.0007, 0.0927, 0.0927, 0.0], [0.0004, 0.0004, 0.0, 0.0001, 0.0, 0.0001, 0.0499, 0.0499, 0.0], [0.0026000000000000003, 0.0025, 0.0, 0.0, 0.0, 0.0, 0.0, 0.0, 0.0], [0.0097, 0.0097, 0.0, 0.0, 0.0, 0.0, 0.0, 0.0, 0.0], [0.0015, 0.0015, 0.0, 0.0, 0.0, 0.0, 0.0, 0.0, 0.0], [0.0058000000000000005, 0.0058000000000000005, 0.45580000000000004, 0.0, 0.0, 0.0, 0.0, 0.0, 0.0], [0.0151, 0.0151, 0.0, 0.0, 0.0, 0.0, 0.0, 0.0, 0.0]]}}
bs_latimer_munro_vbm: {'band_index': {'1': [38], '-1': []}, 'kpoint_index': ['186'], 'kpoint': <pymatgen.electronic_structure.bandstructure.Kpoint object at 0x7fc5d4b5a350>, 'energy': 0.6258, 'projections': {'1': [[0.0, 0.0, 0.0, 0.00030000000000000003, 0.0002, 0.00030000000000000003, 0.0001, 0.0001, 0.0002], [0.0008, 0.0008, 0.00030000000000000003, 0.0707, 0.0804, 0.0707, 0.0579, 0.0579, 0.0804], [0.0015, 0.0015, 0.0001, 0.0538, 0.059000000000000004, 0.0538, 0.0223, 0.0223, 0.0589], [0.0, 0.0, 0.0, 0.0171, 0.016300000000000002, 0.0171, 0.0073, 0.0073, 0.016300000000000002], [0.007200000000000001, 0.007200000000000001, 0.0036000000000000003, 0.0, 0.0, 0.0, 0.0, 0.0, 0.0], [0.0008, 0.0008, 0.0, 0.0, 0.0, 0.0, 0.0, 0.0, 0.0], [0.0001, 0.0001, 0.0, 0.0, 0.0, 0.0, 0.0, 0.0, 0.0], [0.0006000000000000001, 0.0006000000000000001, 0.0, 0.0, 0.0, 0.0, 0.0, 0.0, 0.0], [0.0, 0.0, 0.0, 0.0, 0.0, 0.0, 0.0, 0.0, 0.0]]}}
bs_latimer_munro_efermi: 0.66804596