material_id: mp-768500
band_gap: 3.101199999999999
efermi: 0.98323393
dos_magnetic_ordering: NM
dos_total_task_id: mp-1680054
dos_total_band_gap: 3.0806
dos_total_cbm: 4.0639
dos_total_vbm: 0.9833000000000001
dos_total_efermi: 0.98363509
bs_setyawan_curtarolo_task_id: mp-856457
bs_setyawan_curtarolo_band_gap: 3.101199999999999
bs_setyawan_curtarolo_cbm: {'band_index': {'1': [100]}, 'kpoint_index': [0, 35, 36], 'kpoint': <pymatgen.electronic_structure.bandstructure.Kpoint object at 0x7fc699d63930>, 'energy': 4.0687, 'projections': {'1': [[0.0004, 0.0004, 0.0004, 0.0004, 0.0126, 0.0126, 0.0126, 0.0126, 0.0126, 0.0126, 0.0066, 0.0066, 0.0029000000000000002, 0.0029000000000000002, 0.0066, 0.0066, 0.0066, 0.0029000000000000002, 0.0029000000000000002, 0.0029000000000000002, 0.0029000000000000002, 0.0066, 0.0066, 0.0029000000000000002, 0.0029000000000000002, 0.0029000000000000002, 0.0029000000000000002, 0.0066, 0.0066, 0.0066, 0.0029000000000000002, 0.0029000000000000002, 0.0066, 0.0066], [0.0, 0.0, 0.0, 0.0, 0.0011, 0.0011, 0.004200000000000001, 0.004200000000000001, 0.0011, 0.0011, 0.0004, 0.0, 0.0006000000000000001, 0.0, 0.0008, 0.0004, 0.0008, 0.0006000000000000001, 0.0008, 0.0, 0.0008, 0.0, 0.0, 0.0, 0.0008, 0.0006000000000000001, 0.0008, 0.0008, 0.0004, 0.0008, 0.0006000000000000001, 0.0, 0.0, 0.0004], [0.0095, 0.0095, 0.0095, 0.0095, 0.0028, 0.0028, 0.0, 0.0, 0.0028, 0.0028, 0.0008, 0.00030000000000000003, 0.0008, 0.00030000000000000003, 0.00030000000000000003, 0.0008, 0.00030000000000000003, 0.0008, 0.0005, 0.00030000000000000003, 0.0005, 0.00030000000000000003, 0.00030000000000000003, 0.00030000000000000003, 0.0005, 0.0008, 0.0005, 0.00030000000000000003, 0.0008, 0.00030000000000000003, 0.0008, 0.00030000000000000003, 0.00030000000000000003, 0.0008], [0.07640000000000001, 0.07640000000000001, 0.07640000000000001, 0.07640000000000001, 0.0004, 0.0004, 0.0, 0.0, 0.0004, 0.0004, 0.0004, 0.0013000000000000002, 0.0007, 0.0018000000000000002, 0.0006000000000000001, 0.0004, 0.0006000000000000001, 0.0007, 0.0008, 0.0018000000000000002, 0.0008, 0.0013000000000000002, 0.0013000000000000002, 0.0018000000000000002, 0.0008, 0.0007, 0.0008, 0.0006000000000000001, 0.0004, 0.0006000000000000001, 0.0007, 0.0018000000000000002, 0.0013000000000000002, 0.0004], [0.0, 0.0, 0.0, 0.0, 0.0, 0.0, 0.0, 0.0, 0.0, 0.0, 0.0, 0.0, 0.0, 0.0, 0.0, 0.0, 0.0, 0.0, 0.0, 0.0, 0.0, 0.0, 0.0, 0.0, 0.0, 0.0, 0.0, 0.0, 0.0, 0.0, 0.0, 0.0, 0.0, 0.0], [0.0, 0.0, 0.0, 0.0, 0.0, 0.0, 0.0, 0.0, 0.0, 0.0, 0.0, 0.0, 0.0, 0.0, 0.0, 0.0, 0.0, 0.0, 0.0, 0.0, 0.0, 0.0, 0.0, 0.0, 0.0, 0.0, 0.0, 0.0, 0.0, 0.0, 0.0, 0.0, 0.0, 0.0], [0.0, 0.0, 0.0, 0.0, 0.0, 0.0, 0.0, 0.0, 0.0, 0.0, 0.0, 0.0, 0.0, 0.0, 0.0, 0.0, 0.0, 0.0, 0.0, 0.0, 0.0, 0.0, 0.0, 0.0, 0.0, 0.0, 0.0, 0.0, 0.0, 0.0, 0.0, 0.0, 0.0, 0.0], [0.0, 0.0, 0.0, 0.0, 0.0, 0.0, 0.0, 0.0, 0.0, 0.0, 0.0, 0.0, 0.0, 0.0, 0.0, 0.0, 0.0, 0.0, 0.0, 0.0, 0.0, 0.0, 0.0, 0.0, 0.0, 0.0, 0.0, 0.0, 0.0, 0.0, 0.0, 0.0, 0.0, 0.0], [0.0001, 0.0001, 0.0001, 0.0001, 0.0, 0.0, 0.0, 0.0, 0.0, 0.0, 0.0, 0.0, 0.0, 0.0, 0.0, 0.0, 0.0, 0.0, 0.0, 0.0, 0.0, 0.0, 0.0, 0.0, 0.0, 0.0, 0.0, 0.0, 0.0, 0.0, 0.0, 0.0, 0.0, 0.0]]}}
bs_setyawan_curtarolo_vbm: {'band_index': {'1': [99]}, 'kpoint_index': [0, 35, 36], 'kpoint': <pymatgen.electronic_structure.bandstructure.Kpoint object at 0x7fc5d4b59e80>, 'energy': 0.9675, 'projections': {'1': [[0.0487, 0.0487, 0.0487, 0.0487, 0.0, 0.0, 0.0, 0.0, 0.0, 0.0, 0.0013000000000000002, 0.0013000000000000002, 0.0007, 0.0007, 0.0013000000000000002, 0.0013000000000000002, 0.0013000000000000002, 0.0007, 0.0007, 0.0007, 0.0007, 0.0013000000000000002, 0.0013000000000000002, 0.0007, 0.0007, 0.0007, 0.0007, 0.0013000000000000002, 0.0013000000000000002, 0.0013000000000000002, 0.0007, 0.0007, 0.0013000000000000002, 0.0013000000000000002], [0.0, 0.0, 0.0, 0.0, 0.0015, 0.0015, 0.0, 0.0, 0.0015, 0.0015, 0.006, 0.001, 0.0017000000000000001, 0.0115, 0.0021000000000000003, 0.006, 0.0021000000000000003, 0.0017000000000000001, 0.022, 0.0115, 0.022, 0.001, 0.001, 0.0115, 0.022, 0.0017000000000000001, 0.022, 0.0021000000000000003, 0.006, 0.0021000000000000003, 0.0017000000000000001, 0.0115, 0.001, 0.006], [0.0, 0.0, 0.0, 0.0, 0.0001, 0.0001, 0.0028, 0.0028, 0.0001, 0.0001, 0.0016, 0.0132, 0.0204, 0.01, 0.0001, 0.0016, 0.0001, 0.0204, 0.0011, 0.01, 0.0011, 0.0132, 0.0132, 0.01, 0.0011, 0.0204, 0.0011, 0.0001, 0.0016, 0.0001, 0.0204, 0.01, 0.0132, 0.0016], [0.0, 0.0, 0.0, 0.0, 0.0013000000000000002, 0.0013000000000000002, 0.0002, 0.0002, 0.0013000000000000002, 0.0013000000000000002, 0.019, 0.012400000000000001, 0.0015, 0.0021000000000000003, 0.024300000000000002, 0.019, 0.024300000000000002, 0.0015, 0.0005, 0.0021000000000000003, 0.0005, 0.012400000000000001, 0.012400000000000001, 0.0021000000000000003, 0.0005, 0.0015, 0.0005, 0.024300000000000002, 0.019, 0.024300000000000002, 0.0015, 0.0021000000000000003, 0.012400000000000001, 0.019], [0.0, 0.0, 0.0, 0.0, 0.0, 0.0, 0.0, 0.0, 0.0, 0.0, 0.0, 0.0, 0.0, 0.0, 0.0, 0.0, 0.0, 0.0, 0.0, 0.0, 0.0, 0.0, 0.0, 0.0, 0.0, 0.0, 0.0, 0.0, 0.0, 0.0, 0.0, 0.0, 0.0, 0.0], [0.0, 0.0, 0.0, 0.0, 0.0, 0.0, 0.0, 0.0, 0.0, 0.0, 0.0, 0.0, 0.0, 0.0, 0.0, 0.0, 0.0, 0.0, 0.0, 0.0, 0.0, 0.0, 0.0, 0.0, 0.0, 0.0, 0.0, 0.0, 0.0, 0.0, 0.0, 0.0, 0.0, 0.0], [0.0, 0.0, 0.0, 0.0, 0.0, 0.0, 0.0, 0.0, 0.0, 0.0, 0.0, 0.0, 0.0, 0.0, 0.0, 0.0, 0.0, 0.0, 0.0, 0.0, 0.0, 0.0, 0.0, 0.0, 0.0, 0.0, 0.0, 0.0, 0.0, 0.0, 0.0, 0.0, 0.0, 0.0], [0.0, 0.0, 0.0, 0.0, 0.0, 0.0, 0.0, 0.0, 0.0, 0.0, 0.0, 0.0, 0.0, 0.0, 0.0, 0.0, 0.0, 0.0, 0.0, 0.0, 0.0, 0.0, 0.0, 0.0, 0.0, 0.0, 0.0, 0.0, 0.0, 0.0, 0.0, 0.0, 0.0, 0.0], [0.0, 0.0, 0.0, 0.0, 0.0, 0.0, 0.0, 0.0, 0.0, 0.0, 0.0, 0.0, 0.0, 0.0, 0.0, 0.0, 0.0, 0.0, 0.0, 0.0, 0.0, 0.0, 0.0, 0.0, 0.0, 0.0, 0.0, 0.0, 0.0, 0.0, 0.0, 0.0, 0.0, 0.0]]}}
bs_setyawan_curtarolo_efermi: 0.98323393