material_id: mp-754513
band_gap: 2.5635
efermi: 3.08823783
dos_magnetic_ordering: FM
dos_total_task_id: mp-1752568
dos_total_band_gap: 2.5635
dos_total_cbm: 5.647
dos_total_vbm: 3.0835
dos_total_efermi: 3.08823783
bs_setyawan_curtarolo_task_id: mp-844517
bs_setyawan_curtarolo_band_gap: 2.9252000000000002
bs_setyawan_curtarolo_cbm: {'band_index': {'-1': [38]}, 'kpoint_index': ['70'], 'kpoint': <pymatgen.electronic_structure.bandstructure.Kpoint object at 0x7fc699d63930>, 'energy': 5.8476, 'projections': {}}
bs_setyawan_curtarolo_vbm: {'band_index': {'1': [46, 47]}, 'kpoint_index': [0, 54, 55], 'kpoint': <pymatgen.electronic_structure.bandstructure.Kpoint object at 0x7fc5d4b59be0>, 'energy': 2.9224, 'projections': {}}
bs_setyawan_curtarolo_efermi: 3.00287477
bs_hinuma_task_id: mp-2100055
bs_hinuma_band_gap: 2.6175
bs_hinuma_cbm: {'band_index': {'1': [42], '-1': []}, 'kpoint_index': [0, 54, 55, 97], 'kpoint': <pymatgen.electronic_structure.bandstructure.Kpoint object at 0x7fc5d4b5a190>, 'energy': 5.6756, 'projections': {'1': [[0.005200000000000001, 0.005200000000000001, 0.0217, 0.0217, 0.0068000000000000005, 0.0068000000000000005, 0.0068000000000000005, 0.0068000000000000005, 0.0068000000000000005, 0.0068000000000000005], [0.0, 0.0, 0.0, 0.0, 0.0016, 0.0029000000000000002, 0.0029000000000000002, 0.0002, 0.0002, 0.0016], [0.0006000000000000001, 0.0006000000000000001, 0.0001, 0.0001, 0.0022, 0.0006000000000000001, 0.0006000000000000001, 0.0017000000000000001, 0.0017000000000000001, 0.0022], [0.0053, 0.0054, 0.0006000000000000001, 0.0006000000000000001, 0.0004, 0.0007, 0.0007, 0.0022, 0.0022, 0.0004], [0.0, 0.0, 0.0, 0.0, 0.0, 0.0, 0.0, 0.0, 0.0, 0.0], [0.0, 0.0, 0.0, 0.0, 0.0, 0.0, 0.0, 0.0, 0.0, 0.0], [0.0199, 0.0199, 0.0126, 0.0126, 0.0, 0.0, 0.0, 0.0, 0.0, 0.0], [0.0405, 0.0405, 0.0257, 0.0257, 0.0, 0.0, 0.0, 0.0, 0.0, 0.0], [0.096, 0.096, 0.061, 0.061, 0.0, 0.0, 0.0, 0.0, 0.0, 0.0]]}}
bs_hinuma_vbm: {'band_index': {'1': [40, 41], '-1': []}, 'kpoint_index': [0, 54, 55, 97], 'kpoint': <pymatgen.electronic_structure.bandstructure.Kpoint object at 0x7fc5d4b5a200>, 'energy': 3.0581, 'projections': {'1': [[0.0, 0.0, 0.0, 0.0, 0.0008, 0.0, 0.0, 0.001, 0.001, 0.0008], [0.0019, 0.0019, 0.0005, 0.0005, 0.0235, 0.0222, 0.0222, 0.0014, 0.0014, 0.0235], [0.0002, 0.0002, 0.0004, 0.0004, 0.0109, 0.0149, 0.0149, 0.0419, 0.042, 0.0109], [0.0, 0.0, 0.0, 0.0, 0.0077, 0.0, 0.0, 0.0082, 0.0082, 0.0076], [0.0034000000000000002, 0.0034000000000000002, 0.0257, 0.0258, 0.0, 0.0, 0.0, 0.0, 0.0, 0.0], [0.0011, 0.0011, 0.008700000000000001, 0.008700000000000001, 0.0, 0.0, 0.0, 0.0, 0.0, 0.0], [0.0011, 0.0011, 0.0823, 0.08220000000000001, 0.0, 0.0, 0.0, 0.0, 0.0, 0.0], [0.0001, 0.0001, 0.1763, 0.1763, 0.0, 0.0, 0.0, 0.0, 0.0, 0.0], [0.0001, 0.0001, 0.020200000000000003, 0.020200000000000003, 0.0, 0.0, 0.0, 0.0, 0.0, 0.0]]}}
bs_hinuma_efermi: 3.25407929
bs_latimer_munro_task_id: mp-2301796
bs_latimer_munro_band_gap: 2.6175
bs_latimer_munro_cbm: {'band_index': {'1': [42], '-1': []}, 'kpoint_index': [17, 18, 36, 91, 92, 141, 142], 'kpoint': <pymatgen.electronic_structure.bandstructure.Kpoint object at 0x7fc5d4b5a430>, 'energy': 5.6756, 'projections': {'1': [[0.005200000000000001, 0.005200000000000001, 0.0217, 0.0217, 0.0068000000000000005, 0.0068000000000000005, 0.0068000000000000005, 0.0068000000000000005, 0.0068000000000000005, 0.0068000000000000005], [0.0, 0.0, 0.0, 0.0, 0.0016, 0.0029000000000000002, 0.0029000000000000002, 0.0002, 0.0002, 0.0016], [0.0006000000000000001, 0.0006000000000000001, 0.0001, 0.0001, 0.0022, 0.0006000000000000001, 0.0006000000000000001, 0.0017000000000000001, 0.0017000000000000001, 0.0022], [0.0053, 0.0053, 0.0006000000000000001, 0.0006000000000000001, 0.0004, 0.0007, 0.0007, 0.0022, 0.0022, 0.0004], [0.0, 0.0, 0.0, 0.0, 0.0, 0.0, 0.0, 0.0, 0.0, 0.0], [0.0, 0.0, 0.0, 0.0, 0.0, 0.0, 0.0, 0.0, 0.0, 0.0], [0.0199, 0.0199, 0.012700000000000001, 0.0126, 0.0, 0.0, 0.0, 0.0, 0.0, 0.0], [0.0405, 0.0405, 0.0257, 0.0257, 0.0, 0.0, 0.0, 0.0, 0.0, 0.0], [0.096, 0.096, 0.0611, 0.0611, 0.0, 0.0, 0.0, 0.0, 0.0, 0.0]]}}
bs_latimer_munro_vbm: {'band_index': {'1': [40, 41], '-1': []}, 'kpoint_index': [17, 18, 36, 91, 92, 141, 142], 'kpoint': <pymatgen.electronic_structure.bandstructure.Kpoint object at 0x7fc5d4b59e80>, 'energy': 3.0581, 'projections': {'1': [[0.0, 0.0, 0.0, 0.0, 0.0008, 0.0, 0.0, 0.001, 0.001, 0.0008], [0.0019, 0.0019, 0.0005, 0.0005, 0.0235, 0.0222, 0.0222, 0.0014, 0.0014, 0.0235], [0.0002, 0.0002, 0.0004, 0.0004, 0.0109, 0.0149, 0.0149, 0.042, 0.0419, 0.0109], [0.0, 0.0, 0.0, 0.0, 0.0077, 0.0, 0.0, 0.0082, 0.0082, 0.0076], [0.0034000000000000002, 0.0034000000000000002, 0.0257, 0.0258, 0.0, 0.0, 0.0, 0.0, 0.0, 0.0], [0.0011, 0.0011, 0.008700000000000001, 0.008700000000000001, 0.0, 0.0, 0.0, 0.0, 0.0, 0.0], [0.0011, 0.0011, 0.08220000000000001, 0.08220000000000001, 0.0, 0.0, 0.0, 0.0, 0.0, 0.0], [0.0001, 0.0001, 0.1763, 0.1763, 0.0, 0.0, 0.0, 0.0, 0.0, 0.0], [0.0001, 0.0001, 0.020200000000000003, 0.020200000000000003, 0.0, 0.0, 0.0, 0.0, 0.0, 0.0]]}}
bs_latimer_munro_efermi: 3.1544642