material_id: mp-753670
band_gap: 2.823299999999999
efermi: 1.08686994
dos_magnetic_ordering: NM
dos_total_task_id: mp-1734064
dos_total_band_gap: 2.9308
dos_total_cbm: 3.8946
dos_total_vbm: 0.9638000000000001
dos_total_efermi: 0.94135131
bs_setyawan_curtarolo_task_id: mp-1621058
bs_setyawan_curtarolo_band_gap: 2.823299999999999
bs_setyawan_curtarolo_cbm: {'band_index': {'1': [26]}, 'kpoint_index': [9, 10, 59], 'kpoint': <pymatgen.electronic_structure.bandstructure.Kpoint object at 0x7fc699d63930>, 'energy': 3.8352, 'projections': {'1': [[0.0, 0.0, 0.025400000000000002, 0.0029000000000000002, 0.025400000000000002, 0.0029000000000000002], [0.0012000000000000001, 0.2612, 0.0119, 0.0043, 0.0119, 0.0043], [0.0011, 0.0175, 0.0051, 0.0007, 0.0051, 0.0007], [0.0, 0.0, 0.0, 0.0, 0.0, 0.0], [0.0, 0.0, 0.0, 0.0, 0.0, 0.0], [0.0, 0.0, 0.0008, 0.0019, 0.0008, 0.0019], [0.0, 0.0, 0.0015, 0.0012000000000000001, 0.0015, 0.0012000000000000001], [0.0, 0.0, 0.0, 0.0, 0.0, 0.0], [0.0, 0.0, 0.0035, 0.0001, 0.0035, 0.0001]]}}
bs_setyawan_curtarolo_vbm: {'band_index': {'1': [25]}, 'kpoint_index': [22, 23], 'kpoint': <pymatgen.electronic_structure.bandstructure.Kpoint object at 0x7fc5d4b5a190>, 'energy': 1.0119, 'projections': {'1': [[0.0, 0.11900000000000001, 0.0001, 0.0, 0.0001, 0.0], [0.0002, 0.0, 0.1303, 0.0, 0.1303, 0.0], [0.0, 0.0, 0.0258, 0.0925, 0.0258, 0.0925], [0.0, 0.0, 0.0, 0.0, 0.0, 0.0], [0.0, 0.0, 0.0, 0.0, 0.0, 0.0], [0.0, 0.0001, 0.0, 0.0, 0.0, 0.0], [0.0, 0.0, 0.0001, 0.0001, 0.0001, 0.0001], [0.0, 0.0, 0.0, 0.0, 0.0, 0.0], [0.0, 0.0016, 0.0002, 0.0, 0.0002, 0.0]]}}
bs_setyawan_curtarolo_efermi: 1.08686994