material_id: mp-754840
band_gap: 2.6967
efermi: 2.62339551
dos_magnetic_ordering: NM
dos_total_task_id: mp-1744007
dos_total_band_gap: 2.779699999999999
dos_total_cbm: 5.188
dos_total_vbm: 2.4083
dos_total_efermi: 2.38241778
bs_setyawan_curtarolo_task_id: mp-1655167
bs_setyawan_curtarolo_band_gap: 2.6967
bs_setyawan_curtarolo_cbm: {'band_index': {'1': [40]}, 'kpoint_index': ['48'], 'kpoint': <pymatgen.electronic_structure.bandstructure.Kpoint object at 0x7fc699d63930>, 'energy': 5.1382, 'projections': {'1': [[0.0011, 0.0011, 0.0, 0.0, 0.0015, 0.0, 0.0022, 0.0, 0.0015, 0.0, 0.0022, 0.0], [0.0009000000000000001, 0.0009000000000000001, 0.0167, 0.0167, 0.0037, 0.0001, 0.0027, 0.0005, 0.0037, 0.0001, 0.0027, 0.0005], [0.0001, 0.0001, 0.009300000000000001, 0.009300000000000001, 0.0025, 0.0006000000000000001, 0.0043, 0.0006000000000000001, 0.0025, 0.0006000000000000001, 0.0043, 0.0006000000000000001], [0.0001, 0.0001, 0.0026000000000000003, 0.0026000000000000003, 0.001, 0.00030000000000000003, 0.0004, 0.0018000000000000002, 0.001, 0.00030000000000000003, 0.0004, 0.0018000000000000002], [0.0722, 0.0722, 0.0007, 0.0007, 0.0, 0.0, 0.0, 0.0, 0.0, 0.0, 0.0, 0.0], [0.0333, 0.0333, 0.0005, 0.0005, 0.0, 0.0, 0.0, 0.0, 0.0, 0.0, 0.0, 0.0], [0.1364, 0.1364, 0.0004, 0.0004, 0.0, 0.0, 0.0, 0.0, 0.0, 0.0, 0.0, 0.0], [0.0845, 0.0845, 0.00030000000000000003, 0.00030000000000000003, 0.0, 0.0, 0.0, 0.0, 0.0, 0.0, 0.0, 0.0], [0.0091, 0.0091, 0.0, 0.0, 0.0, 0.0, 0.0, 0.0, 0.0, 0.0, 0.0, 0.0]]}}
bs_setyawan_curtarolo_vbm: {'band_index': {'1': [39]}, 'kpoint_index': [56, 57], 'kpoint': <pymatgen.electronic_structure.bandstructure.Kpoint object at 0x7fc5d4b5a200>, 'energy': 2.4415, 'projections': {'1': [[0.00030000000000000003, 0.00030000000000000003, 0.059300000000000005, 0.059300000000000005, 0.0001, 0.0007, 0.0008, 0.0001, 0.0001, 0.0007, 0.0008, 0.0001], [0.001, 0.001, 0.009300000000000001, 0.009300000000000001, 0.0, 0.021400000000000002, 0.027, 0.00030000000000000003, 0.0, 0.021400000000000002, 0.027, 0.00030000000000000003], [0.0051, 0.0051, 0.0357, 0.0357, 0.0646, 0.0167, 0.019100000000000002, 0.036000000000000004, 0.0646, 0.0167, 0.019100000000000002, 0.036000000000000004], [0.0, 0.0, 0.0011, 0.0011, 0.024200000000000003, 0.0167, 0.0041, 0.0349, 0.024200000000000003, 0.0167, 0.0041, 0.0349], [0.0005, 0.0005, 0.0, 0.0, 0.0, 0.0, 0.0, 0.0, 0.0, 0.0, 0.0, 0.0], [0.0004, 0.0004, 0.0005, 0.0005, 0.0, 0.0, 0.0, 0.0, 0.0, 0.0, 0.0, 0.0], [0.0008, 0.0008, 0.0002, 0.0002, 0.0, 0.0, 0.0, 0.0, 0.0, 0.0, 0.0, 0.0], [0.0088, 0.0088, 0.001, 0.001, 0.0, 0.0, 0.0, 0.0, 0.0, 0.0, 0.0, 0.0], [0.0001, 0.0001, 0.0006000000000000001, 0.0006000000000000001, 0.0, 0.0, 0.0, 0.0, 0.0, 0.0, 0.0, 0.0]]}}
bs_setyawan_curtarolo_efermi: 2.62339551