material_id: mp-754536
band_gap: 0.625699999999999
efermi: 2.15531997
dos_magnetic_ordering: FM
dos_total_task_id: mp-1685264
dos_total_band_gap: 3.5036
dos_total_cbm: 5.2914
dos_total_vbm: 1.7878
dos_total_efermi: 1.8929471900000001
bs_setyawan_curtarolo_task_id: mp-818092
bs_setyawan_curtarolo_band_gap: 0.625699999999999
bs_setyawan_curtarolo_cbm: {'band_index': {'-1': [111], '1': []}, 'kpoint_index': [0], 'kpoint': <pymatgen.electronic_structure.bandstructure.Kpoint object at 0x7fc699d63930>, 'energy': 2.6188000000000002, 'projections': {'-1': [[0.0, 0.0, 0.00030000000000000003, 0.0002, 0.00030000000000000003, 0.0, 0.0, 0.0, 0.0, 0.0, 0.0, 0.0, 0.0, 0.0, 0.0, 0.0, 0.0, 0.0, 0.0, 0.0, 0.0, 0.0, 0.0, 0.0, 0.0, 0.0, 0.0, 0.0, 0.0, 0.0001], [0.0, 0.0, 0.0, 0.0, 0.0, 0.0, 0.00030000000000000003, 0.0, 0.0002, 0.0, 0.0008, 0.0012000000000000001, 0.0, 0.0011, 0.0001, 0.0011, 0.0002, 0.0002, 0.0014, 0.0, 0.0022, 0.0017000000000000001, 0.0, 0.0, 0.0, 0.0, 0.0026000000000000003, 0.0005, 0.0006000000000000001, 0.0019], [0.0, 0.0, 0.0001, 0.0, 0.0001, 0.0, 0.0, 0.0, 0.0, 0.0, 0.0, 0.0, 0.0, 0.0001, 0.0, 0.0001, 0.0, 0.0, 0.0, 0.0, 0.00030000000000000003, 0.0004, 0.0, 0.0, 0.0, 0.0, 0.0022, 0.0, 0.0, 0.002], [0.0, 0.0, 0.0, 0.0, 0.0, 0.0, 0.0001, 0.0, 0.0001, 0.0, 0.0005, 0.0009000000000000001, 0.0, 0.0012000000000000001, 0.0007, 0.0008, 0.00030000000000000003, 0.0002, 0.0022, 0.0, 0.0006000000000000001, 0.00030000000000000003, 0.0, 0.0001, 0.0001, 0.0, 0.0009000000000000001, 0.0002, 0.0001, 0.0006000000000000001], [0.0, 0.0, 0.0, 0.002, 0.0001, 0.0, 0.0, 0.0002, 0.0, 0.0, 0.0, 0.0, 0.0, 0.0, 0.0, 0.0, 0.0, 0.0, 0.0, 0.0, 0.0, 0.0, 0.0, 0.0, 0.0, 0.0, 0.0, 0.0, 0.0, 0.0], [0.0001, 0.0, 0.0011, 0.0, 0.0007, 0.0, 0.0632, 0.0001, 0.07050000000000001, 0.0, 0.0, 0.0, 0.0, 0.0, 0.0, 0.0, 0.0, 0.0, 0.0, 0.0, 0.0, 0.0, 0.0, 0.0, 0.0, 0.0, 0.0, 0.0, 0.0, 0.0], [0.0, 0.0, 0.0015, 0.005200000000000001, 0.0006000000000000001, 0.0, 0.00030000000000000003, 0.0001, 0.0005, 0.0001, 0.0, 0.0, 0.0, 0.0, 0.0, 0.0, 0.0, 0.0, 0.0, 0.0, 0.0, 0.0, 0.0, 0.0, 0.0, 0.0, 0.0, 0.0, 0.0, 0.0], [0.0001, 0.0, 0.0, 0.0, 0.0, 0.0, 0.059000000000000004, 0.0, 0.0625, 0.0, 0.0, 0.0, 0.0, 0.0, 0.0, 0.0, 0.0, 0.0, 0.0, 0.0, 0.0, 0.0, 0.0, 0.0, 0.0, 0.0, 0.0, 0.0, 0.0, 0.0], [0.0006000000000000001, 0.0, 0.012400000000000001, 0.5584, 0.022600000000000002, 0.0006000000000000001, 0.0011, 0.0036000000000000003, 0.001, 0.0023, 0.0, 0.0, 0.0, 0.0, 0.0, 0.0, 0.0, 0.0, 0.0, 0.0, 0.0, 0.0, 0.0, 0.0, 0.0, 0.0, 0.0, 0.0, 0.0, 0.0]]}}
bs_setyawan_curtarolo_vbm: {'band_index': {'-1': [110], '1': []}, 'kpoint_index': [92], 'kpoint': <pymatgen.electronic_structure.bandstructure.Kpoint object at 0x7fc5d4b59e80>, 'energy': 1.9931, 'projections': {'-1': [[0.0004, 0.001, 0.0013000000000000002, 0.0001, 0.0, 0.0, 0.0, 0.0006000000000000001, 0.0, 0.0, 0.0, 0.0, 0.0, 0.0, 0.0, 0.0, 0.0, 0.0, 0.0, 0.0, 0.0, 0.0, 0.0, 0.0, 0.0, 0.0, 0.0001, 0.0, 0.0, 0.0], [0.0, 0.0, 0.0, 0.0, 0.0, 0.0004, 0.0, 0.0012000000000000001, 0.0, 0.0, 0.0046, 0.0, 0.0002, 0.0005, 0.0, 0.0, 0.0, 0.0, 0.0, 0.0034000000000000002, 0.0001, 0.0, 0.0002, 0.0002, 0.0, 0.002, 0.0, 0.005200000000000001, 0.0, 0.0], [0.0002, 0.0, 0.0001, 0.0, 0.0, 0.0, 0.0, 0.0, 0.0, 0.0, 0.0011, 0.0002, 0.0, 0.0, 0.0, 0.0, 0.0, 0.0001, 0.0, 0.00030000000000000003, 0.0, 0.0, 0.0, 0.0, 0.0, 0.0024000000000000002, 0.0008, 0.0011, 0.0002, 0.0001], [0.0, 0.0, 0.0, 0.0, 0.0, 0.00030000000000000003, 0.0, 0.0007, 0.0, 0.0, 0.0079, 0.0, 0.0001, 0.0002, 0.0, 0.0, 0.0, 0.0006000000000000001, 0.0, 0.004, 0.0001, 0.0, 0.0001, 0.0, 0.0, 0.0029000000000000002, 0.0, 0.0054, 0.0, 0.0], [0.0024000000000000002, 0.24760000000000001, 0.0199, 0.00030000000000000003, 0.0002, 0.0001, 0.0002, 0.0037, 0.0, 0.0, 0.0, 0.0, 0.0, 0.0, 0.0, 0.0, 0.0, 0.0, 0.0, 0.0, 0.0, 0.0, 0.0, 0.0, 0.0, 0.0, 0.0, 0.0, 0.0, 0.0], [0.0, 0.002, 0.0047, 0.0001, 0.0, 0.0001, 0.0, 0.0001, 0.0, 0.0, 0.0, 0.0, 0.0, 0.0, 0.0, 0.0, 0.0, 0.0, 0.0, 0.0, 0.0, 0.0, 0.0, 0.0, 0.0, 0.0, 0.0, 0.0, 0.0, 0.0], [0.0002, 0.5914, 0.008700000000000001, 0.0001, 0.0001, 0.0, 0.0001, 0.002, 0.0, 0.0, 0.0, 0.0, 0.0, 0.0, 0.0, 0.0, 0.0, 0.0, 0.0, 0.0, 0.0, 0.0, 0.0, 0.0, 0.0, 0.0, 0.0, 0.0, 0.0, 0.0], [0.0001, 0.0033, 0.0038, 0.0, 0.0, 0.0002, 0.00030000000000000003, 0.0007, 0.0, 0.0, 0.0, 0.0, 0.0, 0.0, 0.0, 0.0, 0.0, 0.0, 0.0, 0.0, 0.0, 0.0, 0.0, 0.0, 0.0, 0.0, 0.0, 0.0, 0.0, 0.0], [0.0001, 0.0012000000000000001, 0.0, 0.0, 0.0, 0.0, 0.0002, 0.0006000000000000001, 0.0, 0.0001, 0.0, 0.0, 0.0, 0.0, 0.0, 0.0, 0.0, 0.0, 0.0, 0.0, 0.0, 0.0, 0.0, 0.0, 0.0, 0.0, 0.0, 0.0, 0.0, 0.0]]}}
bs_setyawan_curtarolo_efermi: 2.15531997