material_id: mp-772771
band_gap: 4.555999999999999
efermi: 4.95929543
dos_magnetic_ordering: NM
dos_total_task_id: mp-1679241
dos_total_band_gap: 4.5134
dos_total_cbm: 9.4246
dos_total_vbm: 4.9112
dos_total_efermi: 4.91684306
bs_setyawan_curtarolo_task_id: mp-791485
bs_setyawan_curtarolo_band_gap: 4.555999999999999
bs_setyawan_curtarolo_cbm: {'band_index': {'1': [152]}, 'kpoint_index': [0, 90, 91, 122], 'kpoint': <pymatgen.electronic_structure.bandstructure.Kpoint object at 0x7fc699d63930>, 'energy': 9.4942, 'projections': {'1': [[0.0, 0.0001, 0.0, 0.0001, 0.0001, 0.0, 0.0001, 0.0, 0.0002, 0.0, 0.0, 0.0002, 0.0, 0.0, 0.0, 0.0, 0.0002, 0.0, 0.0, 0.0002, 0.0001, 0.0001, 0.0002, 0.0, 0.0001, 0.0001, 0.0002, 0.0002, 0.0, 0.0, 0.0001, 0.0001, 0.0002, 0.0, 0.0, 0.0002, 0.0001, 0.0001, 0.0, 0.0, 0.0002, 0.0002, 0.0001, 0.0001, 0.0, 0.0, 0.0002, 0.0001, 0.0001, 0.0], [0.0, 0.0001, 0.0, 0.0001, 0.0001, 0.0, 0.0001, 0.0, 0.0006000000000000001, 0.0006000000000000001, 0.0001, 0.0006000000000000001, 0.0006000000000000001, 0.0001, 0.0001, 0.0006000000000000001, 0.0006000000000000001, 0.0001, 0.0006000000000000001, 0.0006000000000000001, 0.0, 0.0, 0.0009000000000000001, 0.0, 0.0, 0.0, 0.0, 0.0009000000000000001, 0.0, 0.0, 0.0, 0.0, 0.0, 0.0, 0.0, 0.0, 0.0, 0.0, 0.0, 0.0, 0.0009000000000000001, 0.0, 0.0, 0.0, 0.0001, 0.0, 0.0009000000000000001, 0.0, 0.0, 0.0001], [0.0, 0.0001, 0.0, 0.0001, 0.0001, 0.0, 0.0001, 0.0, 0.0002, 0.0, 0.0001, 0.0002, 0.0, 0.0001, 0.0001, 0.0, 0.0002, 0.0001, 0.0, 0.0002, 0.0, 0.0, 0.0, 0.0, 0.0, 0.0, 0.001, 0.0, 0.0, 0.00030000000000000003, 0.0, 0.0, 0.001, 0.00030000000000000003, 0.00030000000000000003, 0.001, 0.0, 0.0, 0.00030000000000000003, 0.0, 0.0, 0.001, 0.0, 0.0, 0.0001, 0.0, 0.0, 0.0, 0.0, 0.0001], [0.0, 0.0001, 0.0, 0.0001, 0.0001, 0.0, 0.0001, 0.0, 0.0004, 0.0001, 0.0, 0.0004, 0.0001, 0.0, 0.0, 0.0001, 0.0004, 0.0, 0.0001, 0.0004, 0.0, 0.0002, 0.0, 0.0, 0.0, 0.0002, 0.0004, 0.0, 0.0, 0.00030000000000000003, 0.0, 0.0, 0.0004, 0.00030000000000000003, 0.00030000000000000003, 0.0004, 0.0, 0.0, 0.00030000000000000003, 0.0, 0.0, 0.0004, 0.0002, 0.0, 0.0, 0.0, 0.0, 0.0002, 0.0, 0.0], [0.0182, 0.0049, 0.0182, 0.0049, 0.0049, 0.0182, 0.0049, 0.0182, 0.0, 0.0, 0.0, 0.0, 0.0, 0.0, 0.0, 0.0, 0.0, 0.0, 0.0, 0.0, 0.0, 0.0, 0.0, 0.0, 0.0, 0.0, 0.0, 0.0, 0.0, 0.0, 0.0, 0.0, 0.0, 0.0, 0.0, 0.0, 0.0, 0.0, 0.0, 0.0, 0.0, 0.0, 0.0, 0.0, 0.0, 0.0, 0.0, 0.0, 0.0, 0.0], [0.0016, 0.0017000000000000001, 0.0016, 0.0017000000000000001, 0.0017000000000000001, 0.0016, 0.0017000000000000001, 0.0016, 0.0, 0.0, 0.0, 0.0, 0.0, 0.0, 0.0, 0.0, 0.0, 0.0, 0.0, 0.0, 0.0, 0.0, 0.0, 0.0, 0.0, 0.0, 0.0, 0.0, 0.0, 0.0, 0.0, 0.0, 0.0, 0.0, 0.0, 0.0, 0.0, 0.0, 0.0, 0.0, 0.0, 0.0, 0.0, 0.0, 0.0, 0.0, 0.0, 0.0, 0.0, 0.0], [0.006900000000000001, 0.0015, 0.006900000000000001, 0.0015, 0.0015, 0.006900000000000001, 0.0015, 0.006900000000000001, 0.0, 0.0, 0.0, 0.0, 0.0, 0.0, 0.0, 0.0, 0.0, 0.0, 0.0, 0.0, 0.0, 0.0, 0.0, 0.0, 0.0, 0.0, 0.0, 0.0, 0.0, 0.0, 0.0, 0.0, 0.0, 0.0, 0.0, 0.0, 0.0, 0.0, 0.0, 0.0, 0.0, 0.0, 0.0, 0.0, 0.0, 0.0, 0.0, 0.0, 0.0, 0.0], [0.00030000000000000003, 0.0022, 0.00030000000000000003, 0.0022, 0.0022, 0.00030000000000000003, 0.0022, 0.00030000000000000003, 0.0, 0.0, 0.0, 0.0, 0.0, 0.0, 0.0, 0.0, 0.0, 0.0, 0.0, 0.0, 0.0, 0.0, 0.0, 0.0, 0.0, 0.0, 0.0, 0.0, 0.0, 0.0, 0.0, 0.0, 0.0, 0.0, 0.0, 0.0, 0.0, 0.0, 0.0, 0.0, 0.0, 0.0, 0.0, 0.0, 0.0, 0.0, 0.0, 0.0, 0.0, 0.0], [0.0002, 0.0004, 0.00030000000000000003, 0.0004, 0.0004, 0.0002, 0.0004, 0.0002, 0.0, 0.0, 0.0, 0.0, 0.0, 0.0, 0.0, 0.0, 0.0, 0.0, 0.0, 0.0, 0.0, 0.0, 0.0, 0.0, 0.0, 0.0, 0.0, 0.0, 0.0, 0.0, 0.0, 0.0, 0.0, 0.0, 0.0, 0.0, 0.0, 0.0, 0.0, 0.0, 0.0, 0.0, 0.0, 0.0, 0.0, 0.0, 0.0, 0.0, 0.0, 0.0], [0.0001, 0.01, 0.0001, 0.0099, 0.01, 0.0001, 0.01, 0.0001, 0.0, 0.0, 0.0, 0.0, 0.0, 0.0, 0.0, 0.0, 0.0, 0.0, 0.0, 0.0, 0.0, 0.0, 0.0, 0.0, 0.0, 0.0, 0.0, 0.0, 0.0, 0.0, 0.0, 0.0, 0.0, 0.0, 0.0, 0.0, 0.0, 0.0, 0.0, 0.0, 0.0, 0.0, 0.0, 0.0, 0.0, 0.0, 0.0, 0.0, 0.0, 0.0], [0.0068000000000000005, 0.041800000000000004, 0.0068000000000000005, 0.041800000000000004, 0.041800000000000004, 0.0068000000000000005, 0.041800000000000004, 0.0068000000000000005, 0.0, 0.0, 0.0, 0.0, 0.0, 0.0, 0.0, 0.0, 0.0, 0.0, 0.0, 0.0, 0.0, 0.0, 0.0, 0.0, 0.0, 0.0, 0.0, 0.0, 0.0, 0.0, 0.0, 0.0, 0.0, 0.0, 0.0, 0.0, 0.0, 0.0, 0.0, 0.0, 0.0, 0.0, 0.0, 0.0, 0.0, 0.0, 0.0, 0.0, 0.0, 0.0], [0.0247, 0.0106, 0.0247, 0.0106, 0.0106, 0.0247, 0.0106, 0.0247, 0.0, 0.0, 0.0, 0.0, 0.0, 0.0, 0.0, 0.0, 0.0, 0.0, 0.0, 0.0, 0.0, 0.0, 0.0, 0.0, 0.0, 0.0, 0.0, 0.0, 0.0, 0.0, 0.0, 0.0, 0.0, 0.0, 0.0, 0.0, 0.0, 0.0, 0.0, 0.0, 0.0, 0.0, 0.0, 0.0, 0.0, 0.0, 0.0, 0.0, 0.0, 0.0], [0.0, 0.0053, 0.0, 0.0053, 0.0053, 0.0, 0.0053, 0.0, 0.0, 0.0, 0.0, 0.0, 0.0, 0.0, 0.0, 0.0, 0.0, 0.0, 0.0, 0.0, 0.0, 0.0, 0.0, 0.0, 0.0, 0.0, 0.0, 0.0, 0.0, 0.0, 0.0, 0.0, 0.0, 0.0, 0.0, 0.0, 0.0, 0.0, 0.0, 0.0, 0.0, 0.0, 0.0, 0.0, 0.0, 0.0, 0.0, 0.0, 0.0, 0.0], [0.0068000000000000005, 0.0079, 0.0068000000000000005, 0.0079, 0.0079, 0.0068000000000000005, 0.0079, 0.0068000000000000005, 0.0, 0.0, 0.0, 0.0, 0.0, 0.0, 0.0, 0.0, 0.0, 0.0, 0.0, 0.0, 0.0, 0.0, 0.0, 0.0, 0.0, 0.0, 0.0, 0.0, 0.0, 0.0, 0.0, 0.0, 0.0, 0.0, 0.0, 0.0, 0.0, 0.0, 0.0, 0.0, 0.0, 0.0, 0.0, 0.0, 0.0, 0.0, 0.0, 0.0, 0.0, 0.0], [0.011, 0.0059, 0.011, 0.0059, 0.0059, 0.011, 0.0059, 0.011, 0.0, 0.0, 0.0, 0.0, 0.0, 0.0, 0.0, 0.0, 0.0, 0.0, 0.0, 0.0, 0.0, 0.0, 0.0, 0.0, 0.0, 0.0, 0.0, 0.0, 0.0, 0.0, 0.0, 0.0, 0.0, 0.0, 0.0, 0.0, 0.0, 0.0, 0.0, 0.0, 0.0, 0.0, 0.0, 0.0, 0.0, 0.0, 0.0, 0.0, 0.0, 0.0], [0.0234, 0.0018000000000000002, 0.0234, 0.0018000000000000002, 0.0018000000000000002, 0.0234, 0.0018000000000000002, 0.0234, 0.0, 0.0, 0.0, 0.0, 0.0, 0.0, 0.0, 0.0, 0.0, 0.0, 0.0, 0.0, 0.0, 0.0, 0.0, 0.0, 0.0, 0.0, 0.0, 0.0, 0.0, 0.0, 0.0, 0.0, 0.0, 0.0, 0.0, 0.0, 0.0, 0.0, 0.0, 0.0, 0.0, 0.0, 0.0, 0.0, 0.0, 0.0, 0.0, 0.0, 0.0, 0.0]]}}
bs_setyawan_curtarolo_vbm: {'band_index': {'1': [151]}, 'kpoint_index': [107], 'kpoint': <pymatgen.electronic_structure.bandstructure.Kpoint object at 0x7fc5d4b5a200>, 'energy': 4.9382, 'projections': {'1': [[0.0006000000000000001, 0.0001, 0.0, 0.0, 0.0, 0.0, 0.0001, 0.0006000000000000001, 0.0001, 0.0001, 0.0, 0.0002, 0.0001, 0.0, 0.0, 0.0001, 0.0002, 0.0, 0.0001, 0.0001, 0.0, 0.0, 0.0002, 0.0, 0.0, 0.0, 0.0001, 0.0001, 0.0, 0.0001, 0.0, 0.0, 0.0, 0.0001, 0.0001, 0.0, 0.0, 0.0, 0.0001, 0.0, 0.0001, 0.0001, 0.0, 0.0, 0.0, 0.0, 0.0002, 0.0, 0.0, 0.0], [0.0002, 0.0, 0.0063, 0.0008, 0.0008, 0.0063, 0.0, 0.0002, 0.0, 0.0, 0.0, 0.0001, 0.0, 0.0, 0.0, 0.0, 0.0001, 0.0, 0.0, 0.0, 0.0001, 0.0004, 0.0892, 0.007, 0.0001, 0.0004, 0.0022, 0.0189, 0.0009000000000000001, 0.009000000000000001, 0.0, 0.0, 0.0002, 0.0027, 0.0027, 0.0002, 0.0, 0.0, 0.009000000000000001, 0.0009000000000000001, 0.0189, 0.0022, 0.0004, 0.0001, 0.018000000000000002, 0.007, 0.0892, 0.0004, 0.0001, 0.018000000000000002], [0.0, 0.0002, 0.0007, 0.0, 0.0, 0.0007, 0.0002, 0.0, 0.0002, 0.00030000000000000003, 0.0, 0.0001, 0.0007, 0.0, 0.0, 0.0007, 0.0001, 0.0, 0.00030000000000000003, 0.0002, 0.0, 0.0006000000000000001, 0.012, 0.0, 0.0, 0.0005, 0.0162, 0.0094, 0.0021000000000000003, 0.0024000000000000002, 0.0, 0.0001, 0.0017000000000000001, 0.0009000000000000001, 0.0009000000000000001, 0.0017000000000000001, 0.0001, 0.0, 0.0024000000000000002, 0.0021000000000000003, 0.0094, 0.0162, 0.0005, 0.0, 0.005, 0.0, 0.012, 0.0006000000000000001, 0.0, 0.005], [0.0017000000000000001, 0.0, 0.0009000000000000001, 0.0, 0.0, 0.0009000000000000001, 0.0, 0.0017000000000000001, 0.0, 0.0002, 0.0, 0.0, 0.0002, 0.0001, 0.0001, 0.0002, 0.0, 0.0, 0.0002, 0.0, 0.0165, 0.001, 0.0005, 0.0017000000000000001, 0.0165, 0.0015, 0.0, 0.0002, 0.0012000000000000001, 0.0896, 0.0004, 0.0001, 0.006900000000000001, 0.0184, 0.0184, 0.006900000000000001, 0.0001, 0.0004, 0.0896, 0.0012000000000000001, 0.0002, 0.0, 0.0015, 0.0165, 0.0, 0.0017000000000000001, 0.0005, 0.001, 0.0165, 0.0], [0.0001, 0.0001, 0.0004, 0.00030000000000000003, 0.00030000000000000003, 0.0004, 0.0001, 0.0001, 0.0, 0.0, 0.0, 0.0, 0.0, 0.0, 0.0, 0.0, 0.0, 0.0, 0.0, 0.0, 0.0, 0.0, 0.0, 0.0, 0.0, 0.0, 0.0, 0.0, 0.0, 0.0, 0.0, 0.0, 0.0, 0.0, 0.0, 0.0, 0.0, 0.0, 0.0, 0.0, 0.0, 0.0, 0.0, 0.0, 0.0, 0.0, 0.0, 0.0, 0.0, 0.0], [0.001, 0.0, 0.0004, 0.0, 0.0, 0.0004, 0.0, 0.001, 0.0, 0.0, 0.0, 0.0, 0.0, 0.0, 0.0, 0.0, 0.0, 0.0, 0.0, 0.0, 0.0, 0.0, 0.0, 0.0, 0.0, 0.0, 0.0, 0.0, 0.0, 0.0, 0.0, 0.0, 0.0, 0.0, 0.0, 0.0, 0.0, 0.0, 0.0, 0.0, 0.0, 0.0, 0.0, 0.0, 0.0, 0.0, 0.0, 0.0, 0.0, 0.0], [0.0002, 0.0001, 0.0001, 0.0, 0.0, 0.0001, 0.0001, 0.0002, 0.0, 0.0, 0.0, 0.0, 0.0, 0.0, 0.0, 0.0, 0.0, 0.0, 0.0, 0.0, 0.0, 0.0, 0.0, 0.0, 0.0, 0.0, 0.0, 0.0, 0.0, 0.0, 0.0, 0.0, 0.0, 0.0, 0.0, 0.0, 0.0, 0.0, 0.0, 0.0, 0.0, 0.0, 0.0, 0.0, 0.0, 0.0, 0.0, 0.0, 0.0, 0.0], [0.0015, 0.0006000000000000001, 0.00030000000000000003, 0.0, 0.0, 0.00030000000000000003, 0.0006000000000000001, 0.0015, 0.0, 0.0, 0.0, 0.0, 0.0, 0.0, 0.0, 0.0, 0.0, 0.0, 0.0, 0.0, 0.0, 0.0, 0.0, 0.0, 0.0, 0.0, 0.0, 0.0, 0.0, 0.0, 0.0, 0.0, 0.0, 0.0, 0.0, 0.0, 0.0, 0.0, 0.0, 0.0, 0.0, 0.0, 0.0, 0.0, 0.0, 0.0, 0.0, 0.0, 0.0, 0.0], [0.001, 0.0, 0.0, 0.0006000000000000001, 0.0006000000000000001, 0.0, 0.0, 0.001, 0.0, 0.0, 0.0, 0.0, 0.0, 0.0, 0.0, 0.0, 0.0, 0.0, 0.0, 0.0, 0.0, 0.0, 0.0, 0.0, 0.0, 0.0, 0.0, 0.0, 0.0, 0.0, 0.0, 0.0, 0.0, 0.0, 0.0, 0.0, 0.0, 0.0, 0.0, 0.0, 0.0, 0.0, 0.0, 0.0, 0.0, 0.0, 0.0, 0.0, 0.0, 0.0], [0.0008, 0.00030000000000000003, 0.0008, 0.0, 0.0, 0.0008, 0.00030000000000000003, 0.0008, 0.0, 0.0, 0.0, 0.0, 0.0, 0.0, 0.0, 0.0, 0.0, 0.0, 0.0, 0.0, 0.0, 0.0, 0.0, 0.0, 0.0, 0.0, 0.0, 0.0, 0.0, 0.0, 0.0, 0.0, 0.0, 0.0, 0.0, 0.0, 0.0, 0.0, 0.0, 0.0, 0.0, 0.0, 0.0, 0.0, 0.0, 0.0, 0.0, 0.0, 0.0, 0.0], [0.0005, 0.0001, 0.00030000000000000003, 0.0001, 0.0001, 0.00030000000000000003, 0.0001, 0.0005, 0.0, 0.0, 0.0, 0.0, 0.0, 0.0, 0.0, 0.0, 0.0, 0.0, 0.0, 0.0, 0.0, 0.0, 0.0, 0.0, 0.0, 0.0, 0.0, 0.0, 0.0, 0.0, 0.0, 0.0, 0.0, 0.0, 0.0, 0.0, 0.0, 0.0, 0.0, 0.0, 0.0, 0.0, 0.0, 0.0, 0.0, 0.0, 0.0, 0.0, 0.0, 0.0], [0.0001, 0.0001, 0.001, 0.0002, 0.0002, 0.001, 0.0001, 0.0001, 0.0, 0.0, 0.0, 0.0, 0.0, 0.0, 0.0, 0.0, 0.0, 0.0, 0.0, 0.0, 0.0, 0.0, 0.0, 0.0, 0.0, 0.0, 0.0, 0.0, 0.0, 0.0, 0.0, 0.0, 0.0, 0.0, 0.0, 0.0, 0.0, 0.0, 0.0, 0.0, 0.0, 0.0, 0.0, 0.0, 0.0, 0.0, 0.0, 0.0, 0.0, 0.0], [0.0001, 0.0001, 0.0, 0.0, 0.0, 0.0, 0.0001, 0.0001, 0.0, 0.0, 0.0, 0.0, 0.0, 0.0, 0.0, 0.0, 0.0, 0.0, 0.0, 0.0, 0.0, 0.0, 0.0, 0.0, 0.0, 0.0, 0.0, 0.0, 0.0, 0.0, 0.0, 0.0, 0.0, 0.0, 0.0, 0.0, 0.0, 0.0, 0.0, 0.0, 0.0, 0.0, 0.0, 0.0, 0.0, 0.0, 0.0, 0.0, 0.0, 0.0], [0.0021000000000000003, 0.0011, 0.0007, 0.0001, 0.0001, 0.0007, 0.0011, 0.0021000000000000003, 0.0, 0.0, 0.0, 0.0, 0.0, 0.0, 0.0, 0.0, 0.0, 0.0, 0.0, 0.0, 0.0, 0.0, 0.0, 0.0, 0.0, 0.0, 0.0, 0.0, 0.0, 0.0, 0.0, 0.0, 0.0, 0.0, 0.0, 0.0, 0.0, 0.0, 0.0, 0.0, 0.0, 0.0, 0.0, 0.0, 0.0, 0.0, 0.0, 0.0, 0.0, 0.0], [0.0002, 0.0001, 0.0006000000000000001, 0.0, 0.0, 0.0006000000000000001, 0.0001, 0.0002, 0.0, 0.0, 0.0, 0.0, 0.0, 0.0, 0.0, 0.0, 0.0, 0.0, 0.0, 0.0, 0.0, 0.0, 0.0, 0.0, 0.0, 0.0, 0.0, 0.0, 0.0, 0.0, 0.0, 0.0, 0.0, 0.0, 0.0, 0.0, 0.0, 0.0, 0.0, 0.0, 0.0, 0.0, 0.0, 0.0, 0.0, 0.0, 0.0, 0.0, 0.0, 0.0], [0.0001, 0.0005, 0.0002, 0.00030000000000000003, 0.00030000000000000003, 0.0002, 0.0005, 0.0001, 0.0, 0.0, 0.0, 0.0, 0.0, 0.0, 0.0, 0.0, 0.0, 0.0, 0.0, 0.0, 0.0, 0.0, 0.0, 0.0, 0.0, 0.0, 0.0, 0.0, 0.0, 0.0, 0.0, 0.0, 0.0, 0.0, 0.0, 0.0, 0.0, 0.0, 0.0, 0.0, 0.0, 0.0, 0.0, 0.0, 0.0, 0.0, 0.0, 0.0, 0.0, 0.0]]}}
bs_setyawan_curtarolo_efermi: 4.95929543