material_id: mp-707190
band_gap: 1.5568
efermi: -0.51383531
dos_magnetic_ordering: NM
dos_total_task_id: mp-1768061
dos_total_band_gap: 1.5268000000000002
dos_total_cbm: 0.9685
dos_total_vbm: -0.5583
dos_total_efermi: -0.5774064600000001
bs_setyawan_curtarolo_task_id: mp-1609427
bs_setyawan_curtarolo_band_gap: 1.5568
bs_setyawan_curtarolo_cbm: {'band_index': {'1': [74]}, 'kpoint_index': [0, 32, 33], 'kpoint': <pymatgen.electronic_structure.bandstructure.Kpoint object at 0x7fc699d63930>, 'energy': 0.9794, 'projections': {'1': [[0.0001, 0.0001, 0.0001, 0.0001, 0.1328, 0.1328, 0.0022, 0.0022, 0.0022, 0.0022, 0.0032, 0.0032, 0.0032, 0.0032, 0.0032, 0.0032, 0.0032, 0.0032], [0.0, 0.0, 0.0, 0.0, 0.0, 0.0, 0.0, 0.0, 0.0, 0.0, 0.0304, 0.0019, 0.0304, 0.0019, 0.0304, 0.0304, 0.0019, 0.0019], [0.0, 0.0, 0.0, 0.0, 0.0, 0.0, 0.024900000000000002, 0.024900000000000002, 0.024900000000000002, 0.024900000000000002, 0.0, 0.0, 0.0, 0.0, 0.0, 0.0, 0.0, 0.0], [0.0, 0.0, 0.0, 0.0, 0.0, 0.0, 0.0, 0.0, 0.0, 0.0, 0.0019, 0.0304, 0.0019, 0.0304, 0.0019, 0.0019, 0.0304, 0.0304], [0.0, 0.0, 0.0, 0.0, 0.0, 0.0, 0.0, 0.0, 0.0, 0.0, 0.0006000000000000001, 0.0006000000000000001, 0.0006000000000000001, 0.0006000000000000001, 0.0006000000000000001, 0.0006000000000000001, 0.0006000000000000001, 0.0006000000000000001], [0.0, 0.0, 0.0, 0.0, 0.0, 0.0, 0.0, 0.0, 0.0, 0.0, 0.0, 0.0, 0.0, 0.0, 0.0, 0.0, 0.0, 0.0], [0.0001, 0.0001, 0.0001, 0.0001, 0.0001, 0.0001, 0.0011, 0.0011, 0.0011, 0.0011, 0.00030000000000000003, 0.00030000000000000003, 0.00030000000000000003, 0.00030000000000000003, 0.00030000000000000003, 0.00030000000000000003, 0.00030000000000000003, 0.00030000000000000003], [0.0, 0.0, 0.0, 0.0, 0.0, 0.0, 0.0, 0.0, 0.0, 0.0, 0.0, 0.0, 0.0, 0.0, 0.0, 0.0, 0.0, 0.0], [0.0, 0.0, 0.0, 0.0, 0.0, 0.0, 0.0, 0.0, 0.0, 0.0, 0.0, 0.0, 0.0, 0.0, 0.0, 0.0, 0.0, 0.0]]}}
bs_setyawan_curtarolo_vbm: {'band_index': {'1': [72, 73]}, 'kpoint_index': [0, 32, 33], 'kpoint': <pymatgen.electronic_structure.bandstructure.Kpoint object at 0x7fc5d4b5a430>, 'energy': -0.5774, 'projections': {'1': [[0.0, 0.0, 0.0, 0.0, 0.0, 0.0, 0.0, 0.0, 0.0, 0.0, 0.0, 0.0, 0.0, 0.0, 0.0, 0.0, 0.0, 0.0], [0.0001, 0.0001, 0.0001, 0.0001, 0.0, 0.0, 0.0465, 0.016, 0.0465, 0.016, 0.0, 0.0, 0.0, 0.0, 0.0, 0.0, 0.0, 0.0], [0.0, 0.0, 0.0, 0.0, 0.0, 0.0, 0.0, 0.0, 0.0, 0.0, 0.07980000000000001, 0.07980000000000001, 0.07980000000000001, 0.07980000000000001, 0.0078000000000000005, 0.0078000000000000005, 0.0077, 0.0077], [0.0, 0.0001, 0.0, 0.0001, 0.0, 0.0, 0.0327, 0.0632, 0.0327, 0.0632, 0.0, 0.0, 0.0, 0.0, 0.0, 0.0, 0.0, 0.0], [0.0, 0.0, 0.0, 0.0, 0.0, 0.0, 0.0, 0.0, 0.0, 0.0, 0.0, 0.0, 0.0, 0.0, 0.0, 0.0, 0.0, 0.0], [0.0, 0.0, 0.0, 0.0, 0.0, 0.0, 0.0, 0.0, 0.0, 0.0, 0.0, 0.0, 0.0, 0.0, 0.0, 0.0, 0.0, 0.0], [0.0, 0.0, 0.0, 0.0, 0.0, 0.0, 0.0, 0.0, 0.0, 0.0, 0.0, 0.0, 0.0, 0.0, 0.0, 0.0, 0.0, 0.0], [0.0, 0.0, 0.0, 0.0, 0.0, 0.0, 0.0, 0.0, 0.0, 0.0, 0.0, 0.0, 0.0, 0.0, 0.0, 0.0, 0.0, 0.0], [0.0, 0.0, 0.0, 0.0, 0.0, 0.0, 0.0, 0.0, 0.0, 0.0, 0.0, 0.0, 0.0, 0.0, 0.0, 0.0, 0.0, 0.0]]}}
bs_setyawan_curtarolo_efermi: -0.51383531
bs_hinuma_task_id: mp-2174274
bs_hinuma_band_gap: 1.5568
bs_hinuma_cbm: {'band_index': {'1': [74]}, 'kpoint_index': [0, 32, 33], 'kpoint': <pymatgen.electronic_structure.bandstructure.Kpoint object at 0x7fc5d4b59be0>, 'energy': 0.9794, 'projections': {'1': [[0.0001, 0.0001, 0.0001, 0.0001, 0.1328, 0.1328, 0.0022, 0.0022, 0.0022, 0.0022, 0.0032, 0.0032, 0.0032, 0.0032, 0.0032, 0.0032, 0.0032, 0.0032], [0.0, 0.0, 0.0, 0.0, 0.0, 0.0, 0.0, 0.0, 0.0, 0.0, 0.0304, 0.0019, 0.0304, 0.0019, 0.0304, 0.0304, 0.0019, 0.0019], [0.0, 0.0, 0.0, 0.0, 0.0, 0.0, 0.024900000000000002, 0.024900000000000002, 0.024900000000000002, 0.024900000000000002, 0.0, 0.0, 0.0, 0.0, 0.0, 0.0, 0.0, 0.0], [0.0, 0.0, 0.0, 0.0, 0.0, 0.0, 0.0, 0.0, 0.0, 0.0, 0.0019, 0.0304, 0.0019, 0.0304, 0.0019, 0.0019, 0.0304, 0.0304], [0.0, 0.0, 0.0, 0.0, 0.0, 0.0, 0.0, 0.0, 0.0, 0.0, 0.0006000000000000001, 0.0006000000000000001, 0.0006000000000000001, 0.0006000000000000001, 0.0006000000000000001, 0.0006000000000000001, 0.0006000000000000001, 0.0006000000000000001], [0.0, 0.0, 0.0, 0.0, 0.0, 0.0, 0.0, 0.0, 0.0, 0.0, 0.0, 0.0, 0.0, 0.0, 0.0, 0.0, 0.0, 0.0], [0.0001, 0.0001, 0.0001, 0.0001, 0.0001, 0.0001, 0.0011, 0.0011, 0.0011, 0.0011, 0.00030000000000000003, 0.00030000000000000003, 0.00030000000000000003, 0.00030000000000000003, 0.00030000000000000003, 0.00030000000000000003, 0.00030000000000000003, 0.00030000000000000003], [0.0, 0.0, 0.0, 0.0, 0.0, 0.0, 0.0, 0.0, 0.0, 0.0, 0.0, 0.0, 0.0, 0.0, 0.0, 0.0, 0.0, 0.0], [0.0, 0.0, 0.0, 0.0, 0.0, 0.0, 0.0, 0.0, 0.0, 0.0, 0.0, 0.0, 0.0, 0.0, 0.0, 0.0, 0.0, 0.0]]}}
bs_hinuma_vbm: {'band_index': {'1': [72, 73]}, 'kpoint_index': [0, 32, 33], 'kpoint': <pymatgen.electronic_structure.bandstructure.Kpoint object at 0x7fc5d4b59e80>, 'energy': -0.5774, 'projections': {'1': [[0.0, 0.0, 0.0, 0.0, 0.0, 0.0, 0.0, 0.0, 0.0, 0.0, 0.0, 0.0, 0.0, 0.0, 0.0, 0.0, 0.0, 0.0], [0.0001, 0.0001, 0.0001, 0.0001, 0.0, 0.0, 0.0465, 0.016, 0.0465, 0.016, 0.0, 0.0, 0.0, 0.0, 0.0, 0.0, 0.0, 0.0], [0.0, 0.0, 0.0, 0.0, 0.0, 0.0, 0.0, 0.0, 0.0, 0.0, 0.07980000000000001, 0.07980000000000001, 0.07980000000000001, 0.07980000000000001, 0.0078000000000000005, 0.0078000000000000005, 0.0077, 0.0077], [0.0, 0.0001, 0.0, 0.0001, 0.0, 0.0, 0.0327, 0.0632, 0.0327, 0.0632, 0.0, 0.0, 0.0, 0.0, 0.0, 0.0, 0.0, 0.0], [0.0, 0.0, 0.0, 0.0, 0.0, 0.0, 0.0, 0.0, 0.0, 0.0, 0.0, 0.0, 0.0, 0.0, 0.0, 0.0, 0.0, 0.0], [0.0, 0.0, 0.0, 0.0, 0.0, 0.0, 0.0, 0.0, 0.0, 0.0, 0.0, 0.0, 0.0, 0.0, 0.0, 0.0, 0.0, 0.0], [0.0, 0.0, 0.0, 0.0, 0.0, 0.0, 0.0, 0.0, 0.0, 0.0, 0.0, 0.0, 0.0, 0.0, 0.0, 0.0, 0.0, 0.0], [0.0, 0.0, 0.0, 0.0, 0.0, 0.0, 0.0, 0.0, 0.0, 0.0, 0.0, 0.0, 0.0, 0.0, 0.0, 0.0, 0.0, 0.0], [0.0, 0.0, 0.0, 0.0, 0.0, 0.0, 0.0, 0.0, 0.0, 0.0, 0.0, 0.0, 0.0, 0.0, 0.0, 0.0, 0.0, 0.0]]}}
bs_hinuma_efermi: -0.51383531
bs_latimer_munro_task_id: mp-2606780
bs_latimer_munro_band_gap: 1.5568
bs_latimer_munro_cbm: {'band_index': {'1': [74]}, 'kpoint_index': [21, 22, 98, 99, 106], 'kpoint': <pymatgen.electronic_structure.bandstructure.Kpoint object at 0x7fc5d4b59c50>, 'energy': 0.9794, 'projections': {'1': [[0.0001, 0.0001, 0.0001, 0.0001, 0.1328, 0.1328, 0.0022, 0.0022, 0.0022, 0.0022, 0.0032, 0.0032, 0.0032, 0.0032, 0.0032, 0.0032, 0.0032, 0.0032], [0.0, 0.0, 0.0, 0.0, 0.0, 0.0, 0.0, 0.0, 0.0, 0.0, 0.0304, 0.0019, 0.0304, 0.0019, 0.0304, 0.0304, 0.0019, 0.0019], [0.0, 0.0, 0.0, 0.0, 0.0, 0.0, 0.024900000000000002, 0.024900000000000002, 0.024900000000000002, 0.024900000000000002, 0.0, 0.0, 0.0, 0.0, 0.0, 0.0, 0.0, 0.0], [0.0, 0.0, 0.0, 0.0, 0.0, 0.0, 0.0, 0.0, 0.0, 0.0, 0.0019, 0.0304, 0.0019, 0.0304, 0.0019, 0.0019, 0.0304, 0.0304], [0.0, 0.0, 0.0, 0.0, 0.0, 0.0, 0.0, 0.0, 0.0, 0.0, 0.0006000000000000001, 0.0006000000000000001, 0.0006000000000000001, 0.0006000000000000001, 0.0006000000000000001, 0.0006000000000000001, 0.0006000000000000001, 0.0006000000000000001], [0.0, 0.0, 0.0, 0.0, 0.0, 0.0, 0.0, 0.0, 0.0, 0.0, 0.0, 0.0, 0.0, 0.0, 0.0, 0.0, 0.0, 0.0], [0.0001, 0.0001, 0.0001, 0.0001, 0.0001, 0.0001, 0.0011, 0.0011, 0.0011, 0.0011, 0.00030000000000000003, 0.00030000000000000003, 0.00030000000000000003, 0.00030000000000000003, 0.00030000000000000003, 0.00030000000000000003, 0.00030000000000000003, 0.00030000000000000003], [0.0, 0.0, 0.0, 0.0, 0.0, 0.0, 0.0, 0.0, 0.0, 0.0, 0.0, 0.0, 0.0, 0.0, 0.0, 0.0, 0.0, 0.0], [0.0, 0.0, 0.0, 0.0, 0.0, 0.0, 0.0, 0.0, 0.0, 0.0, 0.0, 0.0, 0.0, 0.0, 0.0, 0.0, 0.0, 0.0]]}}
bs_latimer_munro_vbm: {'band_index': {'1': [72, 73]}, 'kpoint_index': [21, 22, 98, 99, 106], 'kpoint': <pymatgen.electronic_structure.bandstructure.Kpoint object at 0x7fc5d4b5a350>, 'energy': -0.5774, 'projections': {'1': [[0.0, 0.0, 0.0, 0.0, 0.0, 0.0, 0.0, 0.0, 0.0, 0.0, 0.0, 0.0, 0.0, 0.0, 0.0, 0.0, 0.0, 0.0], [0.0001, 0.0001, 0.0001, 0.0001, 0.0, 0.0, 0.0245, 0.0424, 0.0245, 0.0424, 0.0, 0.0, 0.0, 0.0, 0.0, 0.0, 0.0, 0.0], [0.0, 0.0, 0.0, 0.0, 0.0, 0.0, 0.0, 0.0, 0.0, 0.0, 0.0227, 0.0227, 0.0227, 0.0227, 0.0649, 0.0649, 0.0649, 0.0649], [0.0, 0.0, 0.0, 0.0, 0.0, 0.0, 0.0546, 0.0367, 0.0546, 0.0367, 0.0, 0.0, 0.0, 0.0, 0.0, 0.0, 0.0, 0.0], [0.0, 0.0, 0.0, 0.0, 0.0, 0.0, 0.0, 0.0, 0.0, 0.0, 0.0, 0.0, 0.0, 0.0, 0.0, 0.0, 0.0, 0.0], [0.0, 0.0, 0.0, 0.0, 0.0, 0.0, 0.0, 0.0, 0.0, 0.0, 0.0, 0.0, 0.0, 0.0, 0.0, 0.0, 0.0, 0.0], [0.0, 0.0, 0.0, 0.0, 0.0, 0.0, 0.0, 0.0, 0.0, 0.0, 0.0, 0.0, 0.0, 0.0, 0.0, 0.0, 0.0, 0.0], [0.0, 0.0, 0.0, 0.0, 0.0, 0.0, 0.0, 0.0, 0.0, 0.0, 0.0, 0.0, 0.0, 0.0, 0.0, 0.0, 0.0, 0.0], [0.0, 0.0, 0.0, 0.0, 0.0, 0.0, 0.0, 0.0, 0.0, 0.0, 0.0, 0.0, 0.0, 0.0, 0.0, 0.0, 0.0, 0.0]]}}
bs_latimer_munro_efermi: -0.50697384