material_id: mp-7079
band_gap: 4.5532
efermi: 2.02258129
dos_magnetic_ordering: NM
dos_total_task_id: mp-1699789
dos_total_band_gap: 4.5731
dos_total_cbm: 6.438
dos_total_vbm: 1.8649
dos_total_efermi: 1.87469174
bs_setyawan_curtarolo_task_id: mp-710523
bs_setyawan_curtarolo_band_gap: 4.5532
bs_setyawan_curtarolo_cbm: {'band_index': {'1': [36]}, 'kpoint_index': [87, 88], 'kpoint': <pymatgen.electronic_structure.bandstructure.Kpoint object at 0x7fc699d63930>, 'energy': 6.4192, 'projections': {}}
bs_setyawan_curtarolo_vbm: {'band_index': {'1': [35]}, 'kpoint_index': [0, 103, 104, 134], 'kpoint': <pymatgen.electronic_structure.bandstructure.Kpoint object at 0x7fc5d4b5a430>, 'energy': 1.866, 'projections': {}}
bs_setyawan_curtarolo_efermi: 2.02258129
bs_latimer_munro_task_id: mp-2440329
bs_latimer_munro_band_gap: 4.5556
bs_latimer_munro_cbm: {'band_index': {'1': [36]}, 'kpoint_index': [19, 20, 52, 53, 226, 227, 258], 'kpoint': <pymatgen.electronic_structure.bandstructure.Kpoint object at 0x7fc5d4b5a200>, 'energy': 6.4193, 'projections': {'1': [[0.0005, 0.0018000000000000002, 0.006, 0.006, 0.001, 0.001, 0.0, 0.0, 0.00030000000000000003, 0.0001, 0.0001], [0.0, 0.0, 0.0019, 0.0019, 0.0008, 0.0008, 0.0002, 0.0002, 0.0, 0.0002, 0.0002], [0.0, 0.0, 0.0001, 0.0001, 0.0016, 0.0016, 0.0183, 0.0183, 0.0, 0.009000000000000001, 0.009000000000000001], [0.0002, 0.0, 0.0009000000000000001, 0.0009000000000000001, 0.0027, 0.0027, 0.006, 0.006, 0.0019, 0.004, 0.004], [0.0, 0.0, 0.0, 0.0, 0.0, 0.0, 0.0, 0.0, 0.0, 0.0, 0.0], [0.007500000000000001, 0.0346, 0.0, 0.0, 0.0, 0.0, 0.0, 0.0, 0.0, 0.0, 0.0], [0.018600000000000002, 0.5187, 0.0, 0.0, 0.0, 0.0, 0.0, 0.0, 0.0, 0.0, 0.0], [0.0, 0.0, 0.0, 0.0, 0.0, 0.0, 0.0, 0.0, 0.0, 0.0, 0.0], [0.0073, 0.0611, 0.0, 0.0, 0.0, 0.0, 0.0, 0.0, 0.0, 0.0, 0.0]]}}
bs_latimer_munro_vbm: {'band_index': {'1': [35]}, 'kpoint_index': [129, 130, 151, 171, 191, 211, 259, 274, 292], 'kpoint': <pymatgen.electronic_structure.bandstructure.Kpoint object at 0x7fc5d4b59d30>, 'energy': 1.8637000000000001, 'projections': {'1': [[0.0, 0.0, 0.0001, 0.0001, 0.0001, 0.0001, 0.0, 0.0, 0.0, 0.0, 0.0], [0.0005, 0.00030000000000000003, 0.00030000000000000003, 0.00030000000000000003, 0.0031000000000000003, 0.0031000000000000003, 0.0009000000000000001, 0.0009000000000000001, 0.0364, 0.1774, 0.1774], [0.0014, 0.0001, 0.00030000000000000003, 0.00030000000000000003, 0.0443, 0.0443, 0.0148, 0.0148, 0.046200000000000005, 0.06570000000000001, 0.06570000000000001], [0.0, 0.0, 0.0, 0.0, 0.0195, 0.0195, 0.00030000000000000003, 0.00030000000000000003, 0.0, 0.0012000000000000001, 0.0012000000000000001], [0.0015, 0.0001, 0.0, 0.0, 0.0, 0.0, 0.0, 0.0, 0.0, 0.0, 0.0], [0.0, 0.0, 0.0, 0.0, 0.0, 0.0, 0.0, 0.0, 0.0, 0.0, 0.0], [0.0, 0.0, 0.0, 0.0, 0.0, 0.0, 0.0, 0.0, 0.0, 0.0, 0.0], [0.0, 0.0001, 0.0, 0.0, 0.0, 0.0, 0.0, 0.0, 0.0, 0.0, 0.0], [0.0, 0.0, 0.0, 0.0, 0.0, 0.0, 0.0, 0.0, 0.0, 0.0, 0.0]]}}
bs_latimer_munro_efermi: 1.96030481