material_id: mp-722267
band_gap: 3.2826
efermi: -0.68515825
dos_magnetic_ordering: NM
dos_total_task_id: mp-1751531
dos_total_band_gap: 3.5314
dos_total_cbm: 2.7233
dos_total_vbm: -0.8081
dos_total_efermi: -0.80273772
bs_setyawan_curtarolo_task_id: mp-1620173
bs_setyawan_curtarolo_band_gap: 3.2826
bs_setyawan_curtarolo_cbm: {'band_index': {'1': [87]}, 'kpoint_index': [9, 10, 35, 36, 64, 65, 83], 'kpoint': <pymatgen.electronic_structure.bandstructure.Kpoint object at 0x7fc699d63930>, 'energy': 2.4861, 'projections': {'1': [[0.004200000000000001, 0.0105, 0.0105, 0.006, 0.006, 0.0015, 0.0008, 0.0008, 0.0002, 0.0002, 0.0004, 0.0004, 0.0367, 0.0367, 0.024800000000000003, 0.024800000000000003, 0.0089, 0.0089, 0.01, 0.01, 0.0079, 0.0079, 0.006900000000000001, 0.006900000000000001, 0.0071, 0.0071, 0.006200000000000001, 0.006200000000000001, 0.0044, 0.0044, 0.0054, 0.0054, 0.0029000000000000002, 0.0029000000000000002], [0.0, 0.0, 0.0, 0.0, 0.0, 0.0, 0.0001, 0.0001, 0.0, 0.0, 0.0002, 0.0002, 0.0, 0.0, 0.0002, 0.0002, 0.0033, 0.0033, 0.0067, 0.0067, 0.0204, 0.0204, 0.00030000000000000003, 0.00030000000000000003, 0.011, 0.011, 0.0053, 0.0053, 0.0019, 0.0019, 0.0026000000000000003, 0.0026000000000000003, 0.0005, 0.0005], [0.0, 0.0, 0.0, 0.0, 0.0, 0.0, 0.0006000000000000001, 0.0006000000000000001, 0.0001, 0.0001, 0.0006000000000000001, 0.0006000000000000001, 0.0001, 0.0001, 0.0008, 0.0008, 0.0017000000000000001, 0.0017000000000000001, 0.0001, 0.0001, 0.0033, 0.0033, 0.021500000000000002, 0.021500000000000002, 0.0007, 0.0007, 0.00030000000000000003, 0.00030000000000000003, 0.013600000000000001, 0.013600000000000001, 0.0, 0.0, 0.0002, 0.0002], [0.0, 0.0, 0.0, 0.0, 0.0, 0.0, 0.0, 0.0, 0.00030000000000000003, 0.00030000000000000003, 0.0, 0.0, 0.0, 0.0, 0.0, 0.0, 0.0132, 0.0132, 0.0152, 0.0152, 0.0001, 0.0001, 0.0024000000000000002, 0.0024000000000000002, 0.00030000000000000003, 0.00030000000000000003, 0.0088, 0.0088, 0.0004, 0.0004, 0.014700000000000001, 0.014700000000000001, 0.0001, 0.0001], [0.0, 0.0, 0.0, 0.0, 0.0, 0.0, 0.0, 0.0, 0.0, 0.0, 0.0, 0.0, 0.0004, 0.0004, 0.0, 0.0, 0.0, 0.0, 0.0, 0.0, 0.0, 0.0, 0.0, 0.0, 0.0, 0.0, 0.0, 0.0, 0.0, 0.0, 0.0, 0.0, 0.0, 0.0], [0.0, 0.0, 0.0, 0.0, 0.0, 0.0, 0.0, 0.0, 0.0, 0.0, 0.0, 0.0, 0.0001, 0.0001, 0.001, 0.001, 0.0, 0.0, 0.0, 0.0, 0.0, 0.0, 0.0, 0.0, 0.0, 0.0, 0.0, 0.0, 0.0, 0.0, 0.0, 0.0, 0.0, 0.0], [0.0, 0.0, 0.0, 0.0, 0.0, 0.0, 0.0, 0.0, 0.0, 0.0, 0.0, 0.0, 0.0, 0.0, 0.0, 0.0, 0.0, 0.0, 0.0, 0.0, 0.0, 0.0, 0.0, 0.0, 0.0, 0.0, 0.0, 0.0, 0.0, 0.0, 0.0, 0.0, 0.0, 0.0], [0.0, 0.0, 0.0, 0.0, 0.0, 0.0, 0.0, 0.0, 0.0, 0.0, 0.0, 0.0, 0.00030000000000000003, 0.00030000000000000003, 0.0, 0.0, 0.0, 0.0, 0.0, 0.0, 0.0, 0.0, 0.0, 0.0, 0.0, 0.0, 0.0, 0.0, 0.0, 0.0, 0.0, 0.0, 0.0, 0.0], [0.0, 0.0, 0.0, 0.0, 0.0, 0.0, 0.0, 0.0, 0.0, 0.0, 0.0, 0.0, 0.0, 0.0, 0.0004, 0.0004, 0.0, 0.0, 0.0, 0.0, 0.0, 0.0, 0.0, 0.0, 0.0, 0.0, 0.0, 0.0, 0.0, 0.0, 0.0, 0.0, 0.0, 0.0]]}}
bs_setyawan_curtarolo_vbm: {'band_index': {'1': [86]}, 'kpoint_index': [72], 'kpoint': <pymatgen.electronic_structure.bandstructure.Kpoint object at 0x7fc5d4b5a190>, 'energy': -0.7965, 'projections': {'1': [[0.0, 0.0001, 0.0001, 0.0001, 0.0001, 0.0, 0.0, 0.0, 0.0001, 0.0001, 0.0, 0.0, 0.0, 0.0, 0.0, 0.0, 0.0, 0.0, 0.0, 0.0, 0.0, 0.0, 0.0, 0.0, 0.0, 0.0, 0.0, 0.0, 0.0001, 0.0001, 0.0001, 0.0001, 0.0, 0.0], [0.0001, 0.0, 0.0, 0.0001, 0.0001, 0.0, 0.0, 0.0, 0.0002, 0.0002, 0.0001, 0.0001, 0.0, 0.0, 0.0, 0.0, 0.001, 0.001, 0.00030000000000000003, 0.00030000000000000003, 0.00030000000000000003, 0.00030000000000000003, 0.0019, 0.0019, 0.0002, 0.0002, 0.0064, 0.0064, 0.0001, 0.0001, 0.020800000000000003, 0.020800000000000003, 0.0103, 0.0103], [0.0001, 0.0001, 0.0001, 0.0, 0.0, 0.0, 0.0, 0.0, 0.0001, 0.0001, 0.0001, 0.0001, 0.0, 0.0, 0.0001, 0.0001, 0.0036000000000000003, 0.0036000000000000003, 0.0017000000000000001, 0.0017000000000000001, 0.0015, 0.0015, 0.0, 0.0, 0.0004, 0.0004, 0.0487, 0.0487, 0.0024000000000000002, 0.0024000000000000002, 0.07060000000000001, 0.07060000000000001, 0.0038, 0.0038], [0.0004, 0.0002, 0.0002, 0.0001, 0.0001, 0.0, 0.0, 0.0, 0.0001, 0.0001, 0.0002, 0.0002, 0.0, 0.0, 0.0002, 0.0002, 0.0002, 0.0002, 0.0, 0.0, 0.0007, 0.0007, 0.0002, 0.0002, 0.0036000000000000003, 0.0036000000000000003, 0.0201, 0.0201, 0.1477, 0.1477, 0.0055000000000000005, 0.0055000000000000005, 0.0137, 0.0137], [0.0, 0.0, 0.0, 0.0, 0.0, 0.0, 0.0, 0.0, 0.0, 0.0, 0.0, 0.0, 0.0, 0.0, 0.0004, 0.0004, 0.0, 0.0, 0.0, 0.0, 0.0, 0.0, 0.0, 0.0, 0.0, 0.0, 0.0, 0.0, 0.0, 0.0, 0.0, 0.0, 0.0, 0.0], [0.0, 0.0, 0.0, 0.0, 0.0, 0.0, 0.0, 0.0, 0.0, 0.0, 0.0, 0.0, 0.0, 0.0, 0.0, 0.0, 0.0, 0.0, 0.0, 0.0, 0.0, 0.0, 0.0, 0.0, 0.0, 0.0, 0.0, 0.0, 0.0, 0.0, 0.0, 0.0, 0.0, 0.0], [0.0, 0.0, 0.0, 0.0, 0.0, 0.0, 0.0, 0.0, 0.0, 0.0, 0.0, 0.0, 0.0, 0.0, 0.0002, 0.0002, 0.0, 0.0, 0.0, 0.0, 0.0, 0.0, 0.0, 0.0, 0.0, 0.0, 0.0, 0.0, 0.0, 0.0, 0.0, 0.0, 0.0, 0.0], [0.0, 0.0, 0.0, 0.0, 0.0, 0.0, 0.0, 0.0, 0.0, 0.0, 0.0, 0.0, 0.0001, 0.0001, 0.0002, 0.0002, 0.0, 0.0, 0.0, 0.0, 0.0, 0.0, 0.0, 0.0, 0.0, 0.0, 0.0, 0.0, 0.0, 0.0, 0.0, 0.0, 0.0, 0.0], [0.0, 0.0, 0.0, 0.0, 0.0, 0.0, 0.0, 0.0, 0.0, 0.0, 0.0, 0.0, 0.0, 0.0, 0.0002, 0.0002, 0.0, 0.0, 0.0, 0.0, 0.0, 0.0, 0.0, 0.0, 0.0, 0.0, 0.0, 0.0, 0.0, 0.0, 0.0, 0.0, 0.0, 0.0]]}}
bs_setyawan_curtarolo_efermi: -0.68515825
bs_hinuma_task_id: mp-2111649
bs_hinuma_band_gap: 3.2826
bs_hinuma_cbm: {'band_index': {'1': [87]}, 'kpoint_index': [0, 21, 22, 45, 46, 69, 70], 'kpoint': <pymatgen.electronic_structure.bandstructure.Kpoint object at 0x7fc5d4b59be0>, 'energy': 2.4861, 'projections': {'1': [[0.004200000000000001, 0.0105, 0.0105, 0.006, 0.006, 0.0015, 0.0008, 0.0008, 0.0002, 0.0002, 0.0004, 0.0004, 0.0367, 0.0367, 0.024800000000000003, 0.024800000000000003, 0.0089, 0.0089, 0.01, 0.01, 0.0079, 0.0079, 0.006900000000000001, 0.006900000000000001, 0.0071, 0.0071, 0.006200000000000001, 0.006200000000000001, 0.0044, 0.0044, 0.0054, 0.0054, 0.0029000000000000002, 0.0029000000000000002], [0.0, 0.0, 0.0, 0.0, 0.0, 0.0, 0.0001, 0.0001, 0.0, 0.0, 0.0002, 0.0002, 0.0, 0.0, 0.0002, 0.0002, 0.0033, 0.0033, 0.0067, 0.0067, 0.0204, 0.0204, 0.00030000000000000003, 0.00030000000000000003, 0.011, 0.011, 0.0053, 0.0053, 0.0019, 0.0019, 0.0026000000000000003, 0.0026000000000000003, 0.0005, 0.0005], [0.0, 0.0, 0.0, 0.0, 0.0, 0.0, 0.0006000000000000001, 0.0006000000000000001, 0.0001, 0.0001, 0.0006000000000000001, 0.0006000000000000001, 0.0001, 0.0001, 0.0008, 0.0008, 0.0017000000000000001, 0.0017000000000000001, 0.0001, 0.0001, 0.0033, 0.0033, 0.021500000000000002, 0.021500000000000002, 0.0007, 0.0007, 0.00030000000000000003, 0.00030000000000000003, 0.013600000000000001, 0.013600000000000001, 0.0, 0.0, 0.0002, 0.0002], [0.0, 0.0, 0.0, 0.0, 0.0, 0.0, 0.0, 0.0, 0.00030000000000000003, 0.00030000000000000003, 0.0, 0.0, 0.0, 0.0, 0.0, 0.0, 0.0132, 0.0132, 0.0152, 0.0152, 0.0001, 0.0001, 0.0024000000000000002, 0.0024000000000000002, 0.00030000000000000003, 0.00030000000000000003, 0.0088, 0.0088, 0.0004, 0.0004, 0.014700000000000001, 0.014700000000000001, 0.0001, 0.0001], [0.0, 0.0, 0.0, 0.0, 0.0, 0.0, 0.0, 0.0, 0.0, 0.0, 0.0, 0.0, 0.0004, 0.0004, 0.0, 0.0, 0.0, 0.0, 0.0, 0.0, 0.0, 0.0, 0.0, 0.0, 0.0, 0.0, 0.0, 0.0, 0.0, 0.0, 0.0, 0.0, 0.0, 0.0], [0.0, 0.0, 0.0, 0.0, 0.0, 0.0, 0.0, 0.0, 0.0, 0.0, 0.0, 0.0, 0.0001, 0.0001, 0.001, 0.001, 0.0, 0.0, 0.0, 0.0, 0.0, 0.0, 0.0, 0.0, 0.0, 0.0, 0.0, 0.0, 0.0, 0.0, 0.0, 0.0, 0.0, 0.0], [0.0, 0.0, 0.0, 0.0, 0.0, 0.0, 0.0, 0.0, 0.0, 0.0, 0.0, 0.0, 0.0, 0.0, 0.0, 0.0, 0.0, 0.0, 0.0, 0.0, 0.0, 0.0, 0.0, 0.0, 0.0, 0.0, 0.0, 0.0, 0.0, 0.0, 0.0, 0.0, 0.0, 0.0], [0.0, 0.0, 0.0, 0.0, 0.0, 0.0, 0.0, 0.0, 0.0, 0.0, 0.0, 0.0, 0.00030000000000000003, 0.00030000000000000003, 0.0, 0.0, 0.0, 0.0, 0.0, 0.0, 0.0, 0.0, 0.0, 0.0, 0.0, 0.0, 0.0, 0.0, 0.0, 0.0, 0.0, 0.0, 0.0, 0.0], [0.0, 0.0, 0.0, 0.0, 0.0, 0.0, 0.0, 0.0, 0.0, 0.0, 0.0, 0.0, 0.0, 0.0, 0.0004, 0.0004, 0.0, 0.0, 0.0, 0.0, 0.0, 0.0, 0.0, 0.0, 0.0, 0.0, 0.0, 0.0, 0.0, 0.0, 0.0, 0.0, 0.0, 0.0]]}}
bs_hinuma_vbm: {'band_index': {'1': [86]}, 'kpoint_index': [29], 'kpoint': <pymatgen.electronic_structure.bandstructure.Kpoint object at 0x7fc5d4b5a3c0>, 'energy': -0.7965, 'projections': {'1': [[0.0, 0.0001, 0.0001, 0.0001, 0.0001, 0.0, 0.0, 0.0, 0.0001, 0.0001, 0.0, 0.0, 0.0, 0.0, 0.0, 0.0, 0.0, 0.0, 0.0, 0.0, 0.0, 0.0, 0.0, 0.0, 0.0, 0.0, 0.0, 0.0, 0.0001, 0.0001, 0.0001, 0.0001, 0.0, 0.0], [0.0001, 0.0, 0.0, 0.0001, 0.0001, 0.0, 0.0, 0.0, 0.0002, 0.0002, 0.0001, 0.0001, 0.0, 0.0, 0.0, 0.0, 0.001, 0.001, 0.00030000000000000003, 0.00030000000000000003, 0.00030000000000000003, 0.00030000000000000003, 0.0019, 0.0019, 0.0002, 0.0002, 0.0064, 0.0064, 0.0001, 0.0001, 0.020800000000000003, 0.020800000000000003, 0.0103, 0.0103], [0.0001, 0.0001, 0.0001, 0.0, 0.0, 0.0, 0.0, 0.0, 0.0001, 0.0001, 0.0001, 0.0001, 0.0, 0.0, 0.0001, 0.0001, 0.0036000000000000003, 0.0036000000000000003, 0.0017000000000000001, 0.0017000000000000001, 0.0015, 0.0015, 0.0, 0.0, 0.0004, 0.0004, 0.0487, 0.0487, 0.0024000000000000002, 0.0024000000000000002, 0.07060000000000001, 0.07060000000000001, 0.0038, 0.0038], [0.0004, 0.0002, 0.0002, 0.0001, 0.0001, 0.0, 0.0, 0.0, 0.0001, 0.0001, 0.0002, 0.0002, 0.0, 0.0, 0.0002, 0.0002, 0.0002, 0.0002, 0.0, 0.0, 0.0007, 0.0007, 0.0002, 0.0002, 0.0036000000000000003, 0.0036000000000000003, 0.0201, 0.0201, 0.1477, 0.1477, 0.0055000000000000005, 0.0055000000000000005, 0.0137, 0.0137], [0.0, 0.0, 0.0, 0.0, 0.0, 0.0, 0.0, 0.0, 0.0, 0.0, 0.0, 0.0, 0.0, 0.0, 0.0004, 0.0004, 0.0, 0.0, 0.0, 0.0, 0.0, 0.0, 0.0, 0.0, 0.0, 0.0, 0.0, 0.0, 0.0, 0.0, 0.0, 0.0, 0.0, 0.0], [0.0, 0.0, 0.0, 0.0, 0.0, 0.0, 0.0, 0.0, 0.0, 0.0, 0.0, 0.0, 0.0, 0.0, 0.0, 0.0, 0.0, 0.0, 0.0, 0.0, 0.0, 0.0, 0.0, 0.0, 0.0, 0.0, 0.0, 0.0, 0.0, 0.0, 0.0, 0.0, 0.0, 0.0], [0.0, 0.0, 0.0, 0.0, 0.0, 0.0, 0.0, 0.0, 0.0, 0.0, 0.0, 0.0, 0.0, 0.0, 0.0002, 0.0002, 0.0, 0.0, 0.0, 0.0, 0.0, 0.0, 0.0, 0.0, 0.0, 0.0, 0.0, 0.0, 0.0, 0.0, 0.0, 0.0, 0.0, 0.0], [0.0, 0.0, 0.0, 0.0, 0.0, 0.0, 0.0, 0.0, 0.0, 0.0, 0.0, 0.0, 0.0001, 0.0001, 0.0002, 0.0002, 0.0, 0.0, 0.0, 0.0, 0.0, 0.0, 0.0, 0.0, 0.0, 0.0, 0.0, 0.0, 0.0, 0.0, 0.0, 0.0, 0.0, 0.0], [0.0, 0.0, 0.0, 0.0, 0.0, 0.0, 0.0, 0.0, 0.0, 0.0, 0.0, 0.0, 0.0, 0.0, 0.0002, 0.0002, 0.0, 0.0, 0.0, 0.0, 0.0, 0.0, 0.0, 0.0, 0.0, 0.0, 0.0, 0.0, 0.0, 0.0, 0.0, 0.0, 0.0, 0.0]]}}
bs_hinuma_efermi: -0.70277406
bs_latimer_munro_task_id: mp-2302620
bs_latimer_munro_band_gap: 3.2826
bs_latimer_munro_cbm: {'band_index': {'1': [87]}, 'kpoint_index': [10, 11, 21, 35, 47, 60, 68], 'kpoint': <pymatgen.electronic_structure.bandstructure.Kpoint object at 0x7fc5d4b5a200>, 'energy': 2.4861, 'projections': {'1': [[0.004200000000000001, 0.0105, 0.0105, 0.006, 0.006, 0.0015, 0.0008, 0.0008, 0.0002, 0.0002, 0.0004, 0.0004, 0.0367, 0.0367, 0.0247, 0.024800000000000003, 0.0089, 0.0089, 0.01, 0.01, 0.0079, 0.0079, 0.006900000000000001, 0.006900000000000001, 0.0071, 0.0071, 0.006200000000000001, 0.006200000000000001, 0.0044, 0.0044, 0.0054, 0.0054, 0.0029000000000000002, 0.0029000000000000002], [0.0, 0.0, 0.0, 0.0, 0.0, 0.0, 0.0001, 0.0001, 0.0, 0.0, 0.0002, 0.0002, 0.0, 0.0, 0.0002, 0.0002, 0.0033, 0.0033, 0.0067, 0.0067, 0.0204, 0.0204, 0.00030000000000000003, 0.00030000000000000003, 0.011, 0.011, 0.0053, 0.0053, 0.0019, 0.0019, 0.0026000000000000003, 0.0026000000000000003, 0.0005, 0.0005], [0.0, 0.0, 0.0, 0.0, 0.0, 0.0, 0.0006000000000000001, 0.0006000000000000001, 0.0001, 0.0001, 0.0006000000000000001, 0.0006000000000000001, 0.0001, 0.0001, 0.0008, 0.0008, 0.0017000000000000001, 0.0017000000000000001, 0.0001, 0.0001, 0.0033, 0.0033, 0.021500000000000002, 0.021500000000000002, 0.0007, 0.0007, 0.00030000000000000003, 0.00030000000000000003, 0.013600000000000001, 0.013600000000000001, 0.0, 0.0, 0.0002, 0.0002], [0.0, 0.0, 0.0, 0.0, 0.0, 0.0, 0.0, 0.0, 0.00030000000000000003, 0.00030000000000000003, 0.0, 0.0, 0.0, 0.0, 0.0, 0.0, 0.0132, 0.0132, 0.0152, 0.0152, 0.0001, 0.0001, 0.0024000000000000002, 0.0024000000000000002, 0.00030000000000000003, 0.00030000000000000003, 0.0088, 0.0088, 0.0004, 0.0004, 0.014700000000000001, 0.014700000000000001, 0.0001, 0.0001], [0.0, 0.0, 0.0, 0.0, 0.0, 0.0, 0.0, 0.0, 0.0, 0.0, 0.0, 0.0, 0.0004, 0.0004, 0.0, 0.0, 0.0, 0.0, 0.0, 0.0, 0.0, 0.0, 0.0, 0.0, 0.0, 0.0, 0.0, 0.0, 0.0, 0.0, 0.0, 0.0, 0.0, 0.0], [0.0, 0.0, 0.0, 0.0, 0.0, 0.0, 0.0, 0.0, 0.0, 0.0, 0.0, 0.0, 0.0001, 0.0001, 0.001, 0.001, 0.0, 0.0, 0.0, 0.0, 0.0, 0.0, 0.0, 0.0, 0.0, 0.0, 0.0, 0.0, 0.0, 0.0, 0.0, 0.0, 0.0, 0.0], [0.0, 0.0, 0.0, 0.0, 0.0, 0.0, 0.0, 0.0, 0.0, 0.0, 0.0, 0.0, 0.0, 0.0, 0.0, 0.0, 0.0, 0.0, 0.0, 0.0, 0.0, 0.0, 0.0, 0.0, 0.0, 0.0, 0.0, 0.0, 0.0, 0.0, 0.0, 0.0, 0.0, 0.0], [0.0, 0.0, 0.0, 0.0, 0.0, 0.0, 0.0, 0.0, 0.0, 0.0, 0.0, 0.0, 0.00030000000000000003, 0.00030000000000000003, 0.0, 0.0, 0.0, 0.0, 0.0, 0.0, 0.0, 0.0, 0.0, 0.0, 0.0, 0.0, 0.0, 0.0, 0.0, 0.0, 0.0, 0.0, 0.0, 0.0], [0.0, 0.0, 0.0, 0.0, 0.0, 0.0, 0.0, 0.0, 0.0, 0.0, 0.0, 0.0, 0.0, 0.0, 0.0004, 0.0004, 0.0, 0.0, 0.0, 0.0, 0.0, 0.0, 0.0, 0.0, 0.0, 0.0, 0.0, 0.0, 0.0, 0.0, 0.0, 0.0, 0.0, 0.0]]}}
bs_latimer_munro_vbm: {'band_index': {'1': [86]}, 'kpoint_index': [67], 'kpoint': <pymatgen.electronic_structure.bandstructure.Kpoint object at 0x7fc5d4b59e80>, 'energy': -0.7965, 'projections': {'1': [[0.0, 0.0001, 0.0001, 0.0001, 0.0001, 0.0, 0.0, 0.0, 0.0001, 0.0001, 0.0, 0.0, 0.0, 0.0, 0.0, 0.0, 0.0, 0.0, 0.0, 0.0, 0.0, 0.0, 0.0, 0.0, 0.0, 0.0, 0.0, 0.0, 0.0001, 0.0001, 0.0001, 0.0001, 0.0, 0.0], [0.0001, 0.0, 0.0, 0.0001, 0.0001, 0.0, 0.0, 0.0, 0.0002, 0.0002, 0.0001, 0.0001, 0.0, 0.0, 0.0, 0.0, 0.001, 0.001, 0.00030000000000000003, 0.00030000000000000003, 0.00030000000000000003, 0.00030000000000000003, 0.0019, 0.0019, 0.0002, 0.0002, 0.0064, 0.0064, 0.0001, 0.0001, 0.020800000000000003, 0.020800000000000003, 0.0103, 0.0103], [0.0001, 0.0001, 0.0001, 0.0, 0.0, 0.0, 0.0, 0.0, 0.0001, 0.0001, 0.0001, 0.0001, 0.0, 0.0, 0.0001, 0.0001, 0.0036000000000000003, 0.0036000000000000003, 0.0017000000000000001, 0.0017000000000000001, 0.0015, 0.0015, 0.0, 0.0, 0.0004, 0.0004, 0.0487, 0.0487, 0.0024000000000000002, 0.0024000000000000002, 0.07060000000000001, 0.07060000000000001, 0.0038, 0.0038], [0.0004, 0.0002, 0.0002, 0.0001, 0.0001, 0.0, 0.0, 0.0, 0.0001, 0.0001, 0.0002, 0.0002, 0.0, 0.0, 0.0002, 0.0002, 0.0002, 0.0002, 0.0, 0.0, 0.0007, 0.0007, 0.0002, 0.0002, 0.0036000000000000003, 0.0036000000000000003, 0.0201, 0.0201, 0.1477, 0.1477, 0.0055000000000000005, 0.0055000000000000005, 0.0137, 0.0137], [0.0, 0.0, 0.0, 0.0, 0.0, 0.0, 0.0, 0.0, 0.0, 0.0, 0.0, 0.0, 0.0, 0.0, 0.0004, 0.0004, 0.0, 0.0, 0.0, 0.0, 0.0, 0.0, 0.0, 0.0, 0.0, 0.0, 0.0, 0.0, 0.0, 0.0, 0.0, 0.0, 0.0, 0.0], [0.0, 0.0, 0.0, 0.0, 0.0, 0.0, 0.0, 0.0, 0.0, 0.0, 0.0, 0.0, 0.0, 0.0, 0.0, 0.0, 0.0, 0.0, 0.0, 0.0, 0.0, 0.0, 0.0, 0.0, 0.0, 0.0, 0.0, 0.0, 0.0, 0.0, 0.0, 0.0, 0.0, 0.0], [0.0, 0.0, 0.0, 0.0, 0.0, 0.0, 0.0, 0.0, 0.0, 0.0, 0.0, 0.0, 0.0, 0.0, 0.0002, 0.0002, 0.0, 0.0, 0.0, 0.0, 0.0, 0.0, 0.0, 0.0, 0.0, 0.0, 0.0, 0.0, 0.0, 0.0, 0.0, 0.0, 0.0, 0.0], [0.0, 0.0, 0.0, 0.0, 0.0, 0.0, 0.0, 0.0, 0.0, 0.0, 0.0, 0.0, 0.0001, 0.0001, 0.0002, 0.0002, 0.0, 0.0, 0.0, 0.0, 0.0, 0.0, 0.0, 0.0, 0.0, 0.0, 0.0, 0.0, 0.0, 0.0, 0.0, 0.0, 0.0, 0.0], [0.0, 0.0, 0.0, 0.0, 0.0, 0.0, 0.0, 0.0, 0.0, 0.0, 0.0, 0.0, 0.0, 0.0, 0.0002, 0.0002, 0.0, 0.0, 0.0, 0.0, 0.0, 0.0, 0.0, 0.0, 0.0, 0.0, 0.0, 0.0, 0.0, 0.0, 0.0, 0.0, 0.0, 0.0]]}}
bs_latimer_munro_efermi: -0.7024133300000001