material_id: mp-706585
band_gap: 4.8870000000000005
efermi: 0.73760497
dos_magnetic_ordering: NM
dos_total_task_id: mp-1766013
dos_total_band_gap: 4.8839
dos_total_cbm: 5.518
dos_total_vbm: 0.6341
dos_total_efermi: 0.641956
bs_setyawan_curtarolo_task_id: mp-1617699
bs_setyawan_curtarolo_band_gap: 4.8870000000000005
bs_setyawan_curtarolo_cbm: {'band_index': {'1': [72]}, 'kpoint_index': [9, 10, 37, 38, 67, 68, 88], 'kpoint': <pymatgen.electronic_structure.bandstructure.Kpoint object at 0x7fc699d63930>, 'energy': 5.5281, 'projections': {'1': [[0.015, 0.015, 0.007, 0.0162, 0.0162, 0.007, 0.0029000000000000002, 0.0015, 0.0012000000000000001, 0.004, 0.001, 0.0012000000000000001, 0.0015, 0.0029000000000000002, 0.0125, 0.0122, 0.0067, 0.0091, 0.0173, 0.019, 0.0082, 0.0112, 0.0112, 0.0082, 0.019, 0.0173, 0.0091, 0.0067, 0.0122, 0.0125], [0.0001, 0.0001, 0.0002, 0.0, 0.0, 0.0002, 0.0029000000000000002, 0.0, 0.0, 0.0, 0.0, 0.0, 0.0, 0.0029000000000000002, 0.0006000000000000001, 0.0014, 0.0, 0.0002, 0.001, 0.0007, 0.0007, 0.0008, 0.0008, 0.0007, 0.0007, 0.001, 0.0002, 0.0, 0.0014, 0.0006000000000000001], [0.0004, 0.0004, 0.0, 0.0, 0.0, 0.0, 0.0006000000000000001, 0.0008, 0.0, 0.0, 0.0, 0.0, 0.0008, 0.0006000000000000001, 0.0004, 0.0015, 0.00030000000000000003, 0.0, 0.0008, 0.00030000000000000003, 0.0001, 0.0029000000000000002, 0.0029000000000000002, 0.0001, 0.00030000000000000003, 0.0008, 0.0, 0.00030000000000000003, 0.0015, 0.0004], [0.0002, 0.0002, 0.0002, 0.0001, 0.0001, 0.0002, 0.0, 0.0015, 0.0002, 0.0, 0.0, 0.0002, 0.0015, 0.0, 0.0005, 0.0001, 0.0007, 0.0, 0.0011, 0.0002, 0.00030000000000000003, 0.0009000000000000001, 0.0009000000000000001, 0.00030000000000000003, 0.0002, 0.0011, 0.0, 0.0007, 0.0001, 0.0005], [0.003, 0.003, 0.0, 0.0, 0.0, 0.0, 0.0, 0.0, 0.0, 0.0, 0.0, 0.0, 0.0, 0.0, 0.0, 0.0, 0.0, 0.0, 0.0, 0.0, 0.0, 0.0, 0.0, 0.0, 0.0, 0.0, 0.0, 0.0, 0.0, 0.0], [0.0001, 0.0001, 0.0, 0.0, 0.0, 0.0, 0.0, 0.0, 0.0, 0.0, 0.0, 0.0, 0.0, 0.0, 0.0, 0.0, 0.0, 0.0, 0.0, 0.0, 0.0, 0.0, 0.0, 0.0, 0.0, 0.0, 0.0, 0.0, 0.0, 0.0], [0.0001, 0.0001, 0.0, 0.0, 0.0, 0.0, 0.0, 0.0, 0.0, 0.0, 0.0, 0.0, 0.0, 0.0, 0.0, 0.0, 0.0, 0.0, 0.0, 0.0, 0.0, 0.0, 0.0, 0.0, 0.0, 0.0, 0.0, 0.0, 0.0, 0.0], [0.0013000000000000002, 0.0013000000000000002, 0.0, 0.0, 0.0, 0.0, 0.0, 0.0, 0.0, 0.0, 0.0, 0.0, 0.0, 0.0, 0.0, 0.0, 0.0, 0.0, 0.0, 0.0, 0.0, 0.0, 0.0, 0.0, 0.0, 0.0, 0.0, 0.0, 0.0, 0.0], [0.0002, 0.0002, 0.0, 0.0, 0.0, 0.0, 0.0, 0.0, 0.0, 0.0, 0.0, 0.0, 0.0, 0.0, 0.0, 0.0, 0.0, 0.0, 0.0, 0.0, 0.0, 0.0, 0.0, 0.0, 0.0, 0.0, 0.0, 0.0, 0.0, 0.0]]}}
bs_setyawan_curtarolo_vbm: {'band_index': {'1': [71]}, 'kpoint_index': [0], 'kpoint': <pymatgen.electronic_structure.bandstructure.Kpoint object at 0x7fc5d4b59d30>, 'energy': 0.6411, 'projections': {'1': [[0.0, 0.0, 0.0, 0.0, 0.0, 0.0, 0.0001, 0.0001, 0.00030000000000000003, 0.0, 0.0, 0.00030000000000000003, 0.0001, 0.0001, 0.0, 0.0001, 0.0, 0.0, 0.0, 0.0, 0.0, 0.0, 0.0, 0.0, 0.0, 0.0, 0.0, 0.0, 0.0001, 0.0], [0.0, 0.0, 0.0001, 0.0, 0.0, 0.0001, 0.0, 0.0, 0.0, 0.0, 0.0021000000000000003, 0.0, 0.0, 0.0, 0.0016, 0.0001, 0.0383, 0.0235, 0.0, 0.0002, 0.00030000000000000003, 0.0017000000000000001, 0.0017000000000000001, 0.00030000000000000003, 0.0002, 0.0, 0.0235, 0.0383, 0.0001, 0.0016], [0.0, 0.0, 0.0001, 0.0, 0.0, 0.0001, 0.0, 0.0, 0.0001, 0.0, 0.0026000000000000003, 0.0001, 0.0, 0.0, 0.0001, 0.0002, 0.0931, 0.0066, 0.0004, 0.0002, 0.0743, 0.0, 0.0, 0.0743, 0.0002, 0.0004, 0.0066, 0.093, 0.0002, 0.0001], [0.00030000000000000003, 0.00030000000000000003, 0.0001, 0.0, 0.0, 0.0001, 0.0, 0.0, 0.001, 0.0, 0.0007, 0.001, 0.0, 0.0, 0.0001, 0.0053, 0.0395, 0.040400000000000005, 0.0, 0.00030000000000000003, 0.031400000000000004, 0.0074, 0.0074, 0.031400000000000004, 0.00030000000000000003, 0.0, 0.040400000000000005, 0.0395, 0.0053, 0.0001], [0.0009000000000000001, 0.0009000000000000001, 0.0, 0.0, 0.0, 0.0, 0.0, 0.0, 0.0, 0.0, 0.0, 0.0, 0.0, 0.0, 0.0, 0.0, 0.0, 0.0, 0.0, 0.0, 0.0, 0.0, 0.0, 0.0, 0.0, 0.0, 0.0, 0.0, 0.0, 0.0], [0.0004, 0.0004, 0.0, 0.0, 0.0, 0.0, 0.0, 0.0, 0.0, 0.0, 0.0, 0.0, 0.0, 0.0, 0.0, 0.0, 0.0, 0.0, 0.0, 0.0, 0.0, 0.0, 0.0, 0.0, 0.0, 0.0, 0.0, 0.0, 0.0, 0.0], [0.0002, 0.0002, 0.0, 0.0, 0.0, 0.0, 0.0, 0.0, 0.0, 0.0, 0.0, 0.0, 0.0, 0.0, 0.0, 0.0, 0.0, 0.0, 0.0, 0.0, 0.0, 0.0, 0.0, 0.0, 0.0, 0.0, 0.0, 0.0, 0.0, 0.0], [0.0001, 0.0001, 0.0, 0.0, 0.0, 0.0, 0.0, 0.0, 0.0, 0.0, 0.0, 0.0, 0.0, 0.0, 0.0, 0.0, 0.0, 0.0, 0.0, 0.0, 0.0, 0.0, 0.0, 0.0, 0.0, 0.0, 0.0, 0.0, 0.0, 0.0], [0.0, 0.0, 0.0, 0.0, 0.0, 0.0, 0.0, 0.0, 0.0, 0.0, 0.0, 0.0, 0.0, 0.0, 0.0, 0.0, 0.0, 0.0, 0.0, 0.0, 0.0, 0.0, 0.0, 0.0, 0.0, 0.0, 0.0, 0.0, 0.0, 0.0]]}}
bs_setyawan_curtarolo_efermi: 0.73760497
bs_hinuma_task_id: mp-2165641
bs_hinuma_band_gap: 4.8870000000000005
bs_hinuma_cbm: {'band_index': {'1': [72]}, 'kpoint_index': [0, 22, 23, 48, 49, 73, 74], 'kpoint': <pymatgen.electronic_structure.bandstructure.Kpoint object at 0x7fc5d4b59be0>, 'energy': 5.5281, 'projections': {'1': [[0.015, 0.015, 0.007, 0.0162, 0.0162, 0.007, 0.0029000000000000002, 0.0015, 0.0012000000000000001, 0.004, 0.001, 0.0012000000000000001, 0.0015, 0.0029000000000000002, 0.0125, 0.0122, 0.0067, 0.0091, 0.0173, 0.019, 0.0082, 0.0112, 0.0112, 0.0082, 0.019, 0.0173, 0.0091, 0.0067, 0.0122, 0.0125], [0.0001, 0.0001, 0.0002, 0.0, 0.0, 0.0002, 0.0029000000000000002, 0.0, 0.0, 0.0, 0.0, 0.0, 0.0, 0.0029000000000000002, 0.0006000000000000001, 0.0014, 0.0, 0.0002, 0.001, 0.0007, 0.0007, 0.0008, 0.0008, 0.0007, 0.0007, 0.001, 0.0002, 0.0, 0.0014, 0.0006000000000000001], [0.0004, 0.0004, 0.0, 0.0, 0.0, 0.0, 0.0006000000000000001, 0.0008, 0.0, 0.0, 0.0, 0.0, 0.0008, 0.0006000000000000001, 0.0004, 0.0015, 0.00030000000000000003, 0.0, 0.0008, 0.00030000000000000003, 0.0001, 0.0029000000000000002, 0.0029000000000000002, 0.0001, 0.00030000000000000003, 0.0008, 0.0, 0.00030000000000000003, 0.0015, 0.0004], [0.0002, 0.0002, 0.0002, 0.0001, 0.0001, 0.0002, 0.0, 0.0015, 0.0002, 0.0, 0.0, 0.0002, 0.0015, 0.0, 0.0005, 0.0001, 0.0007, 0.0, 0.0011, 0.0002, 0.00030000000000000003, 0.0009000000000000001, 0.0009000000000000001, 0.00030000000000000003, 0.0002, 0.0011, 0.0, 0.0007, 0.0001, 0.0005], [0.003, 0.003, 0.0, 0.0, 0.0, 0.0, 0.0, 0.0, 0.0, 0.0, 0.0, 0.0, 0.0, 0.0, 0.0, 0.0, 0.0, 0.0, 0.0, 0.0, 0.0, 0.0, 0.0, 0.0, 0.0, 0.0, 0.0, 0.0, 0.0, 0.0], [0.0001, 0.0001, 0.0, 0.0, 0.0, 0.0, 0.0, 0.0, 0.0, 0.0, 0.0, 0.0, 0.0, 0.0, 0.0, 0.0, 0.0, 0.0, 0.0, 0.0, 0.0, 0.0, 0.0, 0.0, 0.0, 0.0, 0.0, 0.0, 0.0, 0.0], [0.0001, 0.0001, 0.0, 0.0, 0.0, 0.0, 0.0, 0.0, 0.0, 0.0, 0.0, 0.0, 0.0, 0.0, 0.0, 0.0, 0.0, 0.0, 0.0, 0.0, 0.0, 0.0, 0.0, 0.0, 0.0, 0.0, 0.0, 0.0, 0.0, 0.0], [0.0013000000000000002, 0.0013000000000000002, 0.0, 0.0, 0.0, 0.0, 0.0, 0.0, 0.0, 0.0, 0.0, 0.0, 0.0, 0.0, 0.0, 0.0, 0.0, 0.0, 0.0, 0.0, 0.0, 0.0, 0.0, 0.0, 0.0, 0.0, 0.0, 0.0, 0.0, 0.0], [0.0002, 0.0002, 0.0, 0.0, 0.0, 0.0, 0.0, 0.0, 0.0, 0.0, 0.0, 0.0, 0.0, 0.0, 0.0, 0.0, 0.0, 0.0, 0.0, 0.0, 0.0, 0.0, 0.0, 0.0, 0.0, 0.0, 0.0, 0.0, 0.0, 0.0]]}}
bs_hinuma_vbm: {'band_index': {'1': [71]}, 'kpoint_index': [13], 'kpoint': <pymatgen.electronic_structure.bandstructure.Kpoint object at 0x7fc5d4b5a190>, 'energy': 0.6411, 'projections': {'1': [[0.0, 0.0, 0.0, 0.0, 0.0, 0.0, 0.0001, 0.0001, 0.00030000000000000003, 0.0, 0.0, 0.00030000000000000003, 0.0001, 0.0001, 0.0, 0.0001, 0.0, 0.0, 0.0, 0.0, 0.0, 0.0, 0.0, 0.0, 0.0, 0.0, 0.0, 0.0, 0.0001, 0.0], [0.0, 0.0, 0.0001, 0.0, 0.0, 0.0001, 0.0, 0.0, 0.0, 0.0, 0.0021000000000000003, 0.0, 0.0, 0.0, 0.0016, 0.0001, 0.0383, 0.0235, 0.0, 0.0002, 0.00030000000000000003, 0.0017000000000000001, 0.0017000000000000001, 0.00030000000000000003, 0.0002, 0.0, 0.0235, 0.0383, 0.0001, 0.0016], [0.0, 0.0, 0.0001, 0.0, 0.0, 0.0001, 0.0, 0.0, 0.0001, 0.0, 0.0026000000000000003, 0.0001, 0.0, 0.0, 0.0001, 0.0002, 0.0931, 0.0066, 0.0004, 0.0002, 0.0743, 0.0, 0.0, 0.0743, 0.0002, 0.0004, 0.0066, 0.0931, 0.0002, 0.0001], [0.00030000000000000003, 0.00030000000000000003, 0.0001, 0.0, 0.0, 0.0001, 0.0, 0.0, 0.001, 0.0, 0.0007, 0.001, 0.0, 0.0, 0.0001, 0.0053, 0.0395, 0.040400000000000005, 0.0, 0.00030000000000000003, 0.031400000000000004, 0.0074, 0.0074, 0.031400000000000004, 0.00030000000000000003, 0.0, 0.040400000000000005, 0.0395, 0.0053, 0.0001], [0.0009000000000000001, 0.0009000000000000001, 0.0, 0.0, 0.0, 0.0, 0.0, 0.0, 0.0, 0.0, 0.0, 0.0, 0.0, 0.0, 0.0, 0.0, 0.0, 0.0, 0.0, 0.0, 0.0, 0.0, 0.0, 0.0, 0.0, 0.0, 0.0, 0.0, 0.0, 0.0], [0.0004, 0.0004, 0.0, 0.0, 0.0, 0.0, 0.0, 0.0, 0.0, 0.0, 0.0, 0.0, 0.0, 0.0, 0.0, 0.0, 0.0, 0.0, 0.0, 0.0, 0.0, 0.0, 0.0, 0.0, 0.0, 0.0, 0.0, 0.0, 0.0, 0.0], [0.0002, 0.0002, 0.0, 0.0, 0.0, 0.0, 0.0, 0.0, 0.0, 0.0, 0.0, 0.0, 0.0, 0.0, 0.0, 0.0, 0.0, 0.0, 0.0, 0.0, 0.0, 0.0, 0.0, 0.0, 0.0, 0.0, 0.0, 0.0, 0.0, 0.0], [0.0001, 0.0001, 0.0, 0.0, 0.0, 0.0, 0.0, 0.0, 0.0, 0.0, 0.0, 0.0, 0.0, 0.0, 0.0, 0.0, 0.0, 0.0, 0.0, 0.0, 0.0, 0.0, 0.0, 0.0, 0.0, 0.0, 0.0, 0.0, 0.0, 0.0], [0.0, 0.0, 0.0, 0.0, 0.0, 0.0, 0.0, 0.0, 0.0, 0.0, 0.0, 0.0, 0.0, 0.0, 0.0, 0.0, 0.0, 0.0, 0.0, 0.0, 0.0, 0.0, 0.0, 0.0, 0.0, 0.0, 0.0, 0.0, 0.0, 0.0]]}}
bs_hinuma_efermi: 0.72471195
bs_latimer_munro_task_id: mp-2610609
bs_latimer_munro_band_gap: 4.8870000000000005
bs_latimer_munro_cbm: {'band_index': {'1': [72]}, 'kpoint_index': [10, 11, 26, 36, 49, 65, 79], 'kpoint': <pymatgen.electronic_structure.bandstructure.Kpoint object at 0x7fc5d4b59c50>, 'energy': 5.5281, 'projections': {'1': [[0.015, 0.015, 0.007, 0.0162, 0.0162, 0.007, 0.0029000000000000002, 0.0015, 0.0012000000000000001, 0.004, 0.001, 0.0012000000000000001, 0.0015, 0.0029000000000000002, 0.0125, 0.0122, 0.0067, 0.0091, 0.0173, 0.019, 0.0082, 0.0112, 0.0112, 0.0082, 0.019, 0.0173, 0.0091, 0.0067, 0.0122, 0.0125], [0.0001, 0.0001, 0.0002, 0.0, 0.0, 0.0002, 0.0029000000000000002, 0.0, 0.0, 0.0, 0.0, 0.0, 0.0, 0.0029000000000000002, 0.0006000000000000001, 0.0014, 0.0, 0.0002, 0.001, 0.0007, 0.0007, 0.0008, 0.0008, 0.0007, 0.0007, 0.001, 0.0002, 0.0, 0.0014, 0.0006000000000000001], [0.0004, 0.0004, 0.0, 0.0, 0.0, 0.0, 0.0006000000000000001, 0.0008, 0.0, 0.0, 0.0, 0.0, 0.0008, 0.0006000000000000001, 0.0004, 0.0015, 0.00030000000000000003, 0.0, 0.0008, 0.00030000000000000003, 0.0001, 0.0029000000000000002, 0.0029000000000000002, 0.0001, 0.00030000000000000003, 0.0008, 0.0, 0.00030000000000000003, 0.0015, 0.0004], [0.0002, 0.0002, 0.0002, 0.0001, 0.0001, 0.0002, 0.0, 0.0015, 0.0002, 0.0, 0.0, 0.0002, 0.0015, 0.0, 0.0005, 0.0001, 0.0007, 0.0, 0.0011, 0.0002, 0.00030000000000000003, 0.0009000000000000001, 0.0009000000000000001, 0.00030000000000000003, 0.0002, 0.0011, 0.0, 0.0007, 0.0001, 0.0005], [0.003, 0.003, 0.0, 0.0, 0.0, 0.0, 0.0, 0.0, 0.0, 0.0, 0.0, 0.0, 0.0, 0.0, 0.0, 0.0, 0.0, 0.0, 0.0, 0.0, 0.0, 0.0, 0.0, 0.0, 0.0, 0.0, 0.0, 0.0, 0.0, 0.0], [0.0001, 0.0001, 0.0, 0.0, 0.0, 0.0, 0.0, 0.0, 0.0, 0.0, 0.0, 0.0, 0.0, 0.0, 0.0, 0.0, 0.0, 0.0, 0.0, 0.0, 0.0, 0.0, 0.0, 0.0, 0.0, 0.0, 0.0, 0.0, 0.0, 0.0], [0.0001, 0.0001, 0.0, 0.0, 0.0, 0.0, 0.0, 0.0, 0.0, 0.0, 0.0, 0.0, 0.0, 0.0, 0.0, 0.0, 0.0, 0.0, 0.0, 0.0, 0.0, 0.0, 0.0, 0.0, 0.0, 0.0, 0.0, 0.0, 0.0, 0.0], [0.0013000000000000002, 0.0013000000000000002, 0.0, 0.0, 0.0, 0.0, 0.0, 0.0, 0.0, 0.0, 0.0, 0.0, 0.0, 0.0, 0.0, 0.0, 0.0, 0.0, 0.0, 0.0, 0.0, 0.0, 0.0, 0.0, 0.0, 0.0, 0.0, 0.0, 0.0, 0.0], [0.0002, 0.0002, 0.0, 0.0, 0.0, 0.0, 0.0, 0.0, 0.0, 0.0, 0.0, 0.0, 0.0, 0.0, 0.0, 0.0, 0.0, 0.0, 0.0, 0.0, 0.0, 0.0, 0.0, 0.0, 0.0, 0.0, 0.0, 0.0, 0.0, 0.0]]}}
bs_latimer_munro_vbm: {'band_index': {'1': [71]}, 'kpoint_index': [35], 'kpoint': <pymatgen.electronic_structure.bandstructure.Kpoint object at 0x7fc5d4b5a3c0>, 'energy': 0.6411, 'projections': {'1': [[0.0, 0.0, 0.0, 0.0, 0.0, 0.0, 0.0001, 0.0001, 0.00030000000000000003, 0.0, 0.0, 0.00030000000000000003, 0.0001, 0.0001, 0.0, 0.0001, 0.0, 0.0, 0.0, 0.0, 0.0, 0.0, 0.0, 0.0, 0.0, 0.0, 0.0, 0.0, 0.0001, 0.0], [0.0, 0.0, 0.0001, 0.0, 0.0, 0.0001, 0.0, 0.0, 0.0, 0.0, 0.0021000000000000003, 0.0, 0.0, 0.0, 0.0016, 0.0001, 0.0383, 0.0235, 0.0, 0.0002, 0.00030000000000000003, 0.0017000000000000001, 0.0017000000000000001, 0.00030000000000000003, 0.0002, 0.0, 0.0235, 0.0383, 0.0001, 0.0016], [0.0, 0.0, 0.0001, 0.0, 0.0, 0.0001, 0.0, 0.0, 0.0001, 0.0, 0.0026000000000000003, 0.0001, 0.0, 0.0, 0.0001, 0.0002, 0.0931, 0.0066, 0.0004, 0.0002, 0.0743, 0.0, 0.0, 0.0743, 0.0002, 0.0004, 0.0066, 0.0931, 0.0002, 0.0001], [0.00030000000000000003, 0.00030000000000000003, 0.0001, 0.0, 0.0, 0.0001, 0.0, 0.0, 0.001, 0.0, 0.0007, 0.001, 0.0, 0.0, 0.0001, 0.0053, 0.0395, 0.040400000000000005, 0.0, 0.00030000000000000003, 0.031400000000000004, 0.0074, 0.0074, 0.031400000000000004, 0.00030000000000000003, 0.0, 0.040400000000000005, 0.0395, 0.0053, 0.0001], [0.0009000000000000001, 0.0009000000000000001, 0.0, 0.0, 0.0, 0.0, 0.0, 0.0, 0.0, 0.0, 0.0, 0.0, 0.0, 0.0, 0.0, 0.0, 0.0, 0.0, 0.0, 0.0, 0.0, 0.0, 0.0, 0.0, 0.0, 0.0, 0.0, 0.0, 0.0, 0.0], [0.0004, 0.0004, 0.0, 0.0, 0.0, 0.0, 0.0, 0.0, 0.0, 0.0, 0.0, 0.0, 0.0, 0.0, 0.0, 0.0, 0.0, 0.0, 0.0, 0.0, 0.0, 0.0, 0.0, 0.0, 0.0, 0.0, 0.0, 0.0, 0.0, 0.0], [0.0002, 0.0002, 0.0, 0.0, 0.0, 0.0, 0.0, 0.0, 0.0, 0.0, 0.0, 0.0, 0.0, 0.0, 0.0, 0.0, 0.0, 0.0, 0.0, 0.0, 0.0, 0.0, 0.0, 0.0, 0.0, 0.0, 0.0, 0.0, 0.0, 0.0], [0.0001, 0.0001, 0.0, 0.0, 0.0, 0.0, 0.0, 0.0, 0.0, 0.0, 0.0, 0.0, 0.0, 0.0, 0.0, 0.0, 0.0, 0.0, 0.0, 0.0, 0.0, 0.0, 0.0, 0.0, 0.0, 0.0, 0.0, 0.0, 0.0, 0.0], [0.0, 0.0, 0.0, 0.0, 0.0, 0.0, 0.0, 0.0, 0.0, 0.0, 0.0, 0.0, 0.0, 0.0, 0.0, 0.0, 0.0, 0.0, 0.0, 0.0, 0.0, 0.0, 0.0, 0.0, 0.0, 0.0, 0.0, 0.0, 0.0, 0.0]]}}
bs_latimer_munro_efermi: 0.75321465