material_id: mp-753135
band_gap: 0.506199999999999
efermi: 3.10336412
dos_magnetic_ordering: NM
dos_total_task_id: mp-1675553
dos_total_band_gap: 0.48130000000000006
dos_total_cbm: 3.4925
dos_total_vbm: 3.0112
dos_total_efermi: 2.99514893
bs_setyawan_curtarolo_task_id: mp-1606179
bs_setyawan_curtarolo_band_gap: 0.506199999999999
bs_setyawan_curtarolo_cbm: {'band_index': {'1': [51]}, 'kpoint_index': [83], 'kpoint': <pymatgen.electronic_structure.bandstructure.Kpoint object at 0x7fc699d63930>, 'energy': 3.5002, 'projections': {'1': [[0.0025, 0.0004, 0.0, 0.0, 0.0015, 0.0, 0.0, 0.0015, 0.0, 0.0, 0.0004, 0.0002, 0.0002, 0.0002, 0.0, 0.0, 0.0002, 0.0001, 0.0012000000000000001, 0.0, 0.0, 0.0, 0.0, 0.0012000000000000001, 0.0001], [0.0, 0.0, 0.0, 0.0, 0.0001, 0.0, 0.0, 0.0001, 0.0, 0.0, 0.0, 0.0, 0.0, 0.0004, 0.0001, 0.0001, 0.0004, 0.0001, 0.0, 0.0005, 0.0002, 0.0002, 0.0005, 0.0, 0.0001], [0.0, 0.0, 0.0, 0.0, 0.0, 0.0, 0.0, 0.0, 0.0, 0.0, 0.0, 0.002, 0.002, 0.0001, 0.0005, 0.0005, 0.0001, 0.0097, 0.0005, 0.0001, 0.0, 0.0, 0.0001, 0.0005, 0.0097], [0.0, 0.0, 0.0, 0.0, 0.0, 0.0, 0.0, 0.0, 0.0, 0.0, 0.0, 0.0001, 0.0001, 0.00030000000000000003, 0.0002, 0.0002, 0.00030000000000000003, 0.0012000000000000001, 0.0, 0.0004, 0.0001, 0.0001, 0.0004, 0.0, 0.0012000000000000001], [0.11470000000000001, 0.0, 0.0, 0.0, 0.0, 0.0, 0.0, 0.0, 0.0, 0.0, 0.0, 0.0, 0.0, 0.0, 0.0, 0.0, 0.0, 0.0, 0.0, 0.0, 0.0, 0.0, 0.0, 0.0, 0.0], [0.37170000000000003, 0.0, 0.0, 0.0, 0.0, 0.0, 0.0, 0.0, 0.0, 0.0, 0.0, 0.0, 0.0, 0.0, 0.0, 0.0, 0.0, 0.0, 0.0, 0.0, 0.0, 0.0, 0.0, 0.0, 0.0], [0.3196, 0.0, 0.0, 0.0, 0.0, 0.0, 0.0, 0.0, 0.0, 0.0, 0.0, 0.0, 0.0, 0.0, 0.0, 0.0, 0.0, 0.0, 0.0, 0.0, 0.0, 0.0, 0.0, 0.0, 0.0], [0.020200000000000003, 0.0, 0.0, 0.0, 0.0, 0.0, 0.0, 0.0, 0.0, 0.0, 0.0, 0.0, 0.0, 0.0, 0.0, 0.0, 0.0, 0.0, 0.0, 0.0, 0.0, 0.0, 0.0, 0.0, 0.0], [0.0216, 0.0, 0.0, 0.0, 0.0, 0.0, 0.0, 0.0, 0.0, 0.0, 0.0, 0.0, 0.0, 0.0, 0.0, 0.0, 0.0, 0.0, 0.0, 0.0, 0.0, 0.0, 0.0, 0.0, 0.0]]}}
bs_setyawan_curtarolo_vbm: {'band_index': {'1': [50]}, 'kpoint_index': [25], 'kpoint': <pymatgen.electronic_structure.bandstructure.Kpoint object at 0x7fc5d4b59d30>, 'energy': 2.993999999999999, 'projections': {'1': [[0.0001, 0.0021000000000000003, 0.0, 0.0, 0.0012000000000000001, 0.0, 0.0, 0.0012000000000000001, 0.0, 0.0, 0.0021000000000000003, 0.0002, 0.0002, 0.0, 0.0, 0.0, 0.0, 0.0007, 0.0, 0.0001, 0.0, 0.0, 0.0001, 0.0, 0.0007], [0.0, 0.0, 0.0, 0.0, 0.0, 0.0, 0.0, 0.0, 0.0, 0.0, 0.0, 0.0002, 0.0002, 0.0005, 0.001, 0.001, 0.0005, 0.0011, 0.0043, 0.0002, 0.0, 0.0, 0.0002, 0.0043, 0.0011], [0.0, 0.0, 0.0, 0.0, 0.0, 0.0, 0.0, 0.0, 0.0, 0.0, 0.0, 0.0002, 0.0002, 0.0, 0.0, 0.0, 0.0, 0.0001, 0.0006000000000000001, 0.0011, 0.0001, 0.0001, 0.0011, 0.0006000000000000001, 0.0001], [0.0, 0.0001, 0.0, 0.0, 0.0, 0.0, 0.0, 0.0, 0.0, 0.0, 0.0001, 0.0014, 0.0014, 0.0, 0.0005, 0.0005, 0.0, 0.0013000000000000002, 0.0002, 0.0001, 0.0004, 0.0004, 0.0001, 0.0002, 0.0013000000000000002], [0.07, 0.0, 0.0, 0.0, 0.0, 0.0, 0.0, 0.0, 0.0, 0.0, 0.0, 0.0, 0.0, 0.0, 0.0, 0.0, 0.0, 0.0, 0.0, 0.0, 0.0, 0.0, 0.0, 0.0, 0.0], [0.004, 0.0, 0.0, 0.0, 0.0, 0.0, 0.0, 0.0, 0.0, 0.0, 0.0, 0.0, 0.0, 0.0, 0.0, 0.0, 0.0, 0.0, 0.0, 0.0, 0.0, 0.0, 0.0, 0.0, 0.0], [0.0922, 0.0, 0.0, 0.0, 0.0, 0.0, 0.0, 0.0, 0.0, 0.0, 0.0, 0.0, 0.0, 0.0, 0.0, 0.0, 0.0, 0.0, 0.0, 0.0, 0.0, 0.0, 0.0, 0.0, 0.0], [0.21080000000000002, 0.0, 0.0, 0.0, 0.0, 0.0, 0.0, 0.0, 0.0, 0.0, 0.0, 0.0, 0.0, 0.0, 0.0, 0.0, 0.0, 0.0, 0.0, 0.0, 0.0, 0.0, 0.0, 0.0, 0.0], [0.49010000000000004, 0.0, 0.0, 0.0, 0.0, 0.0, 0.0, 0.0, 0.0, 0.0, 0.0, 0.0, 0.0, 0.0, 0.0, 0.0, 0.0, 0.0, 0.0, 0.0, 0.0, 0.0, 0.0, 0.0, 0.0]]}}
bs_setyawan_curtarolo_efermi: 3.10336412
bs_hinuma_task_id: mp-2170036
bs_hinuma_band_gap: 0.506199999999999
bs_hinuma_cbm: {'band_index': {'1': [51]}, 'kpoint_index': [34], 'kpoint': <pymatgen.electronic_structure.bandstructure.Kpoint object at 0x7fc5d4b5a350>, 'energy': 3.5002, 'projections': {'1': [[0.0025, 0.0004, 0.0, 0.0, 0.0015, 0.0, 0.0, 0.0015, 0.0, 0.0, 0.0004, 0.0002, 0.0002, 0.0002, 0.0, 0.0, 0.0002, 0.0001, 0.0012000000000000001, 0.0, 0.0, 0.0, 0.0, 0.0012000000000000001, 0.0001], [0.0, 0.0, 0.0, 0.0, 0.0001, 0.0, 0.0, 0.0001, 0.0, 0.0, 0.0, 0.0, 0.0, 0.0004, 0.0001, 0.0001, 0.0004, 0.0001, 0.0, 0.0005, 0.0002, 0.0002, 0.0005, 0.0, 0.0001], [0.0, 0.0, 0.0, 0.0, 0.0, 0.0, 0.0, 0.0, 0.0, 0.0, 0.0, 0.002, 0.002, 0.0001, 0.0005, 0.0005, 0.0001, 0.0097, 0.0005, 0.0001, 0.0, 0.0, 0.0001, 0.0005, 0.0097], [0.0, 0.0, 0.0, 0.0, 0.0, 0.0, 0.0, 0.0, 0.0, 0.0, 0.0, 0.0001, 0.0001, 0.00030000000000000003, 0.0002, 0.0002, 0.00030000000000000003, 0.0012000000000000001, 0.0, 0.0004, 0.0001, 0.0001, 0.0004, 0.0, 0.0012000000000000001], [0.1148, 0.0, 0.0, 0.0, 0.0, 0.0, 0.0, 0.0, 0.0, 0.0, 0.0, 0.0, 0.0, 0.0, 0.0, 0.0, 0.0, 0.0, 0.0, 0.0, 0.0, 0.0, 0.0, 0.0, 0.0], [0.37170000000000003, 0.0, 0.0, 0.0, 0.0, 0.0, 0.0, 0.0, 0.0, 0.0, 0.0, 0.0, 0.0, 0.0, 0.0, 0.0, 0.0, 0.0, 0.0, 0.0, 0.0, 0.0, 0.0, 0.0, 0.0], [0.3196, 0.0, 0.0, 0.0, 0.0, 0.0, 0.0, 0.0, 0.0, 0.0, 0.0, 0.0, 0.0, 0.0, 0.0, 0.0, 0.0, 0.0, 0.0, 0.0, 0.0, 0.0, 0.0, 0.0, 0.0], [0.020200000000000003, 0.0, 0.0, 0.0, 0.0, 0.0, 0.0, 0.0, 0.0, 0.0, 0.0, 0.0, 0.0, 0.0, 0.0, 0.0, 0.0, 0.0, 0.0, 0.0, 0.0, 0.0, 0.0, 0.0, 0.0], [0.0216, 0.0, 0.0, 0.0, 0.0, 0.0, 0.0, 0.0, 0.0, 0.0, 0.0, 0.0, 0.0, 0.0, 0.0, 0.0, 0.0, 0.0, 0.0, 0.0, 0.0, 0.0, 0.0, 0.0, 0.0]]}}
bs_hinuma_vbm: {'band_index': {'1': [50]}, 'kpoint_index': [98], 'kpoint': <pymatgen.electronic_structure.bandstructure.Kpoint object at 0x7fc5d4b5a3c0>, 'energy': 2.993999999999999, 'projections': {'1': [[0.0001, 0.0021000000000000003, 0.0, 0.0, 0.0012000000000000001, 0.0, 0.0, 0.0012000000000000001, 0.0, 0.0, 0.0021000000000000003, 0.0002, 0.0002, 0.0, 0.0, 0.0, 0.0, 0.0007, 0.0, 0.0001, 0.0, 0.0, 0.0001, 0.0, 0.0007], [0.0, 0.0, 0.0, 0.0, 0.0, 0.0, 0.0, 0.0, 0.0, 0.0, 0.0, 0.0002, 0.0002, 0.0005, 0.001, 0.001, 0.0005, 0.0011, 0.0043, 0.0002, 0.0, 0.0, 0.0002, 0.0043, 0.0011], [0.0, 0.0, 0.0, 0.0, 0.0, 0.0, 0.0, 0.0, 0.0, 0.0, 0.0, 0.0002, 0.0002, 0.0, 0.0, 0.0, 0.0, 0.0001, 0.0006000000000000001, 0.0011, 0.0001, 0.0001, 0.0011, 0.0006000000000000001, 0.0001], [0.0, 0.0001, 0.0, 0.0, 0.0, 0.0, 0.0, 0.0, 0.0, 0.0, 0.0001, 0.0014, 0.0014, 0.0, 0.0005, 0.0005, 0.0, 0.0013000000000000002, 0.0002, 0.0001, 0.0004, 0.0004, 0.0001, 0.0002, 0.0013000000000000002], [0.0699, 0.0, 0.0, 0.0, 0.0, 0.0, 0.0, 0.0, 0.0, 0.0, 0.0, 0.0, 0.0, 0.0, 0.0, 0.0, 0.0, 0.0, 0.0, 0.0, 0.0, 0.0, 0.0, 0.0, 0.0], [0.004, 0.0, 0.0, 0.0, 0.0, 0.0, 0.0, 0.0, 0.0, 0.0, 0.0, 0.0, 0.0, 0.0, 0.0, 0.0, 0.0, 0.0, 0.0, 0.0, 0.0, 0.0, 0.0, 0.0, 0.0], [0.0922, 0.0, 0.0, 0.0, 0.0, 0.0, 0.0, 0.0, 0.0, 0.0, 0.0, 0.0, 0.0, 0.0, 0.0, 0.0, 0.0, 0.0, 0.0, 0.0, 0.0, 0.0, 0.0, 0.0, 0.0], [0.21080000000000002, 0.0, 0.0, 0.0, 0.0, 0.0, 0.0, 0.0, 0.0, 0.0, 0.0, 0.0, 0.0, 0.0, 0.0, 0.0, 0.0, 0.0, 0.0, 0.0, 0.0, 0.0, 0.0, 0.0, 0.0], [0.49010000000000004, 0.0, 0.0, 0.0, 0.0, 0.0, 0.0, 0.0, 0.0, 0.0, 0.0, 0.0, 0.0, 0.0, 0.0, 0.0, 0.0, 0.0, 0.0, 0.0, 0.0, 0.0, 0.0, 0.0, 0.0]]}}
bs_hinuma_efermi: 3.1026448
bs_latimer_munro_task_id: mp-2315487
bs_latimer_munro_band_gap: 0.506199999999999
bs_latimer_munro_cbm: {'band_index': {'1': [51]}, 'kpoint_index': [65], 'kpoint': <pymatgen.electronic_structure.bandstructure.Kpoint object at 0x7fc5d4b5a430>, 'energy': 3.5002, 'projections': {'1': [[0.0025, 0.0004, 0.0, 0.0, 0.0015, 0.0, 0.0, 0.0015, 0.0, 0.0, 0.0004, 0.0002, 0.0002, 0.0002, 0.0, 0.0, 0.0002, 0.0001, 0.0012000000000000001, 0.0, 0.0, 0.0, 0.0, 0.0012000000000000001, 0.0001], [0.0, 0.0, 0.0, 0.0, 0.0001, 0.0, 0.0, 0.0001, 0.0, 0.0, 0.0, 0.0, 0.0, 0.0004, 0.0001, 0.0001, 0.0004, 0.0001, 0.0, 0.0005, 0.0002, 0.0002, 0.0005, 0.0, 0.0001], [0.0, 0.0, 0.0, 0.0, 0.0, 0.0, 0.0, 0.0, 0.0, 0.0, 0.0, 0.002, 0.002, 0.0001, 0.0005, 0.0005, 0.0001, 0.0097, 0.0005, 0.0001, 0.0, 0.0, 0.0001, 0.0005, 0.0097], [0.0, 0.0, 0.0, 0.0, 0.0, 0.0, 0.0, 0.0, 0.0, 0.0, 0.0, 0.0001, 0.0001, 0.00030000000000000003, 0.0002, 0.0002, 0.00030000000000000003, 0.0012000000000000001, 0.0, 0.0004, 0.0001, 0.0001, 0.0004, 0.0, 0.0012000000000000001], [0.11470000000000001, 0.0, 0.0, 0.0, 0.0, 0.0, 0.0, 0.0, 0.0, 0.0, 0.0, 0.0, 0.0, 0.0, 0.0, 0.0, 0.0, 0.0, 0.0, 0.0, 0.0, 0.0, 0.0, 0.0, 0.0], [0.37170000000000003, 0.0, 0.0, 0.0, 0.0, 0.0, 0.0, 0.0, 0.0, 0.0, 0.0, 0.0, 0.0, 0.0, 0.0, 0.0, 0.0, 0.0, 0.0, 0.0, 0.0, 0.0, 0.0, 0.0, 0.0], [0.3196, 0.0, 0.0, 0.0, 0.0, 0.0, 0.0, 0.0, 0.0, 0.0, 0.0, 0.0, 0.0, 0.0, 0.0, 0.0, 0.0, 0.0, 0.0, 0.0, 0.0, 0.0, 0.0, 0.0, 0.0], [0.020200000000000003, 0.0, 0.0, 0.0, 0.0, 0.0, 0.0, 0.0, 0.0, 0.0, 0.0, 0.0, 0.0, 0.0, 0.0, 0.0, 0.0, 0.0, 0.0, 0.0, 0.0, 0.0, 0.0, 0.0, 0.0], [0.0216, 0.0, 0.0, 0.0, 0.0, 0.0, 0.0, 0.0, 0.0, 0.0, 0.0, 0.0, 0.0, 0.0, 0.0, 0.0, 0.0, 0.0, 0.0, 0.0, 0.0, 0.0, 0.0, 0.0, 0.0]]}}
bs_latimer_munro_vbm: {'band_index': {'1': [50]}, 'kpoint_index': [42], 'kpoint': <pymatgen.electronic_structure.bandstructure.Kpoint object at 0x7fc5d4b5a200>, 'energy': 2.993999999999999, 'projections': {'1': [[0.0001, 0.0021000000000000003, 0.0, 0.0, 0.0012000000000000001, 0.0, 0.0, 0.0012000000000000001, 0.0, 0.0, 0.0021000000000000003, 0.0002, 0.0002, 0.0, 0.0, 0.0, 0.0, 0.0007, 0.0, 0.0001, 0.0, 0.0, 0.0001, 0.0, 0.0007], [0.0, 0.0, 0.0, 0.0, 0.0, 0.0, 0.0, 0.0, 0.0, 0.0, 0.0, 0.0002, 0.0002, 0.0005, 0.001, 0.001, 0.0005, 0.0011, 0.0043, 0.0002, 0.0, 0.0, 0.0002, 0.0043, 0.0011], [0.0, 0.0, 0.0, 0.0, 0.0, 0.0, 0.0, 0.0, 0.0, 0.0, 0.0, 0.0002, 0.0002, 0.0, 0.0, 0.0, 0.0, 0.0001, 0.0006000000000000001, 0.0011, 0.0001, 0.0001, 0.0011, 0.0006000000000000001, 0.0001], [0.0, 0.0001, 0.0, 0.0, 0.0, 0.0, 0.0, 0.0, 0.0, 0.0, 0.0001, 0.0014, 0.0014, 0.0, 0.0005, 0.0005, 0.0, 0.0013000000000000002, 0.0002, 0.0001, 0.0004, 0.0004, 0.0001, 0.0002, 0.0013000000000000002], [0.0699, 0.0, 0.0, 0.0, 0.0, 0.0, 0.0, 0.0, 0.0, 0.0, 0.0, 0.0, 0.0, 0.0, 0.0, 0.0, 0.0, 0.0, 0.0, 0.0, 0.0, 0.0, 0.0, 0.0, 0.0], [0.004, 0.0, 0.0, 0.0, 0.0, 0.0, 0.0, 0.0, 0.0, 0.0, 0.0, 0.0, 0.0, 0.0, 0.0, 0.0, 0.0, 0.0, 0.0, 0.0, 0.0, 0.0, 0.0, 0.0, 0.0], [0.0922, 0.0, 0.0, 0.0, 0.0, 0.0, 0.0, 0.0, 0.0, 0.0, 0.0, 0.0, 0.0, 0.0, 0.0, 0.0, 0.0, 0.0, 0.0, 0.0, 0.0, 0.0, 0.0, 0.0, 0.0], [0.21080000000000002, 0.0, 0.0, 0.0, 0.0, 0.0, 0.0, 0.0, 0.0, 0.0, 0.0, 0.0, 0.0, 0.0, 0.0, 0.0, 0.0, 0.0, 0.0, 0.0, 0.0, 0.0, 0.0, 0.0, 0.0], [0.49010000000000004, 0.0, 0.0, 0.0, 0.0, 0.0, 0.0, 0.0, 0.0, 0.0, 0.0, 0.0, 0.0, 0.0, 0.0, 0.0, 0.0, 0.0, 0.0, 0.0, 0.0, 0.0, 0.0, 0.0, 0.0]]}}
bs_latimer_munro_efermi: 3.10275822