material_id: mp-7667
band_gap: 1.2855
efermi: 1.63117306
dos_magnetic_ordering: NM
dos_total_task_id: mp-2281573
dos_total_band_gap: 1.3112
dos_total_cbm: 2.8699
dos_total_vbm: 1.5587
dos_total_efermi: 1.5482635500000002
bs_setyawan_curtarolo_task_id: mp-843047
bs_setyawan_curtarolo_band_gap: 1.2855
bs_setyawan_curtarolo_cbm: {'band_index': {'1': [36]}, 'kpoint_index': [79, 80, 111], 'kpoint': <pymatgen.electronic_structure.bandstructure.Kpoint object at 0x7fc699d63930>, 'energy': 2.8433, 'projections': {'1': [[0.0039000000000000003, 0.0039000000000000003, 0.0007, 0.0007, 0.0115, 0.0115, 0.0115, 0.0115, 0.0351, 0.0351], [0.0024000000000000002, 0.0024000000000000002, 0.0002, 0.0002, 0.004200000000000001, 0.004200000000000001, 0.004200000000000001, 0.004200000000000001, 0.0004, 0.0004], [0.0, 0.0, 0.0001, 0.0001, 0.0066, 0.0066, 0.0066, 0.0066, 0.0625, 0.0625], [0.0, 0.0, 0.0, 0.0, 0.027700000000000002, 0.027700000000000002, 0.027700000000000002, 0.027700000000000002, 0.0, 0.0], [0.0, 0.0, 0.0, 0.0, 0.0, 0.0, 0.0, 0.0, 0.0, 0.0], [0.0008, 0.0008, 0.0001, 0.0001, 0.0, 0.0, 0.0, 0.0, 0.0, 0.0], [0.0001, 0.0001, 0.0016, 0.0016, 0.0, 0.0, 0.0, 0.0, 0.0, 0.0], [0.0, 0.0, 0.0, 0.0, 0.0, 0.0, 0.0, 0.0, 0.0, 0.0], [0.0017000000000000001, 0.0017000000000000001, 0.0012000000000000001, 0.0012000000000000001, 0.0, 0.0, 0.0, 0.0, 0.0, 0.0]]}}
bs_setyawan_curtarolo_vbm: {'band_index': {'1': [35]}, 'kpoint_index': ['11'], 'kpoint': <pymatgen.electronic_structure.bandstructure.Kpoint object at 0x7fc5d4b5a3c0>, 'energy': 1.5578, 'projections': {'1': [[0.0002, 0.0002, 0.0001, 0.0001, 0.0, 0.0, 0.0, 0.0, 0.0004, 0.0004], [0.0001, 0.0001, 0.0, 0.0, 0.0597, 0.0597, 0.0597, 0.0597, 0.0954, 0.0954], [0.0, 0.0, 0.0004, 0.0004, 0.0132, 0.0132, 0.0132, 0.0132, 0.0172, 0.0172], [0.0008, 0.0008, 0.0005, 0.0005, 0.0007, 0.0007, 0.0007, 0.0007, 0.0001, 0.0001], [0.0004, 0.0004, 0.00030000000000000003, 0.00030000000000000003, 0.0, 0.0, 0.0, 0.0, 0.0, 0.0], [0.00030000000000000003, 0.00030000000000000003, 0.0, 0.0, 0.0, 0.0, 0.0, 0.0, 0.0, 0.0], [0.0007, 0.0007, 0.00030000000000000003, 0.00030000000000000003, 0.0, 0.0, 0.0, 0.0, 0.0, 0.0], [0.0, 0.0, 0.0001, 0.0001, 0.0, 0.0, 0.0, 0.0, 0.0, 0.0], [0.0002, 0.0002, 0.0004, 0.0004, 0.0, 0.0, 0.0, 0.0, 0.0, 0.0]]}}
bs_setyawan_curtarolo_efermi: 1.63117306
bs_hinuma_task_id: mp-2067187
bs_hinuma_band_gap: 1.3082
bs_hinuma_cbm: {'band_index': {'1': [36]}, 'kpoint_index': [13, 14, 73], 'kpoint': <pymatgen.electronic_structure.bandstructure.Kpoint object at 0x7fc5d4b5a350>, 'energy': 2.8599, 'projections': {'1': [[0.0039000000000000003, 0.0039000000000000003, 0.0007, 0.0007, 0.011600000000000001, 0.011600000000000001, 0.011600000000000001, 0.011600000000000001, 0.0352, 0.0352], [0.0024000000000000002, 0.0024000000000000002, 0.0002, 0.0002, 0.0041, 0.0041, 0.0041, 0.0041, 0.0004, 0.0004], [0.0, 0.0, 0.0001, 0.0001, 0.0067, 0.0067, 0.0067, 0.0067, 0.062, 0.062], [0.0, 0.0, 0.0, 0.0, 0.027600000000000003, 0.027600000000000003, 0.027600000000000003, 0.027600000000000003, 0.0, 0.0], [0.0, 0.0, 0.0, 0.0, 0.0, 0.0, 0.0, 0.0, 0.0, 0.0], [0.0008, 0.0008, 0.0001, 0.0001, 0.0, 0.0, 0.0, 0.0, 0.0, 0.0], [0.0001, 0.0001, 0.0016, 0.0016, 0.0, 0.0, 0.0, 0.0, 0.0, 0.0], [0.0, 0.0, 0.0, 0.0, 0.0, 0.0, 0.0, 0.0, 0.0, 0.0], [0.0017000000000000001, 0.0017000000000000001, 0.0012000000000000001, 0.0012000000000000001, 0.0, 0.0, 0.0, 0.0, 0.0, 0.0]]}}
bs_hinuma_vbm: {'band_index': {'1': [35]}, 'kpoint_index': ['22'], 'kpoint': <pymatgen.electronic_structure.bandstructure.Kpoint object at 0x7fc5d4b59c50>, 'energy': 1.5517, 'projections': {'1': [[0.0002, 0.0002, 0.0001, 0.0001, 0.0, 0.0, 0.0, 0.0, 0.0004, 0.0004], [0.0001, 0.0001, 0.0, 0.0, 0.059800000000000006, 0.059800000000000006, 0.059800000000000006, 0.059800000000000006, 0.09530000000000001, 0.09530000000000001], [0.0, 0.0, 0.0004, 0.0004, 0.0132, 0.0132, 0.0132, 0.0132, 0.0172, 0.0172], [0.0008, 0.0008, 0.0005, 0.0005, 0.0007, 0.0007, 0.0007, 0.0007, 0.0001, 0.0001], [0.0004, 0.0004, 0.00030000000000000003, 0.00030000000000000003, 0.0, 0.0, 0.0, 0.0, 0.0, 0.0], [0.00030000000000000003, 0.00030000000000000003, 0.0, 0.0, 0.0, 0.0, 0.0, 0.0, 0.0, 0.0], [0.0007, 0.0007, 0.00030000000000000003, 0.00030000000000000003, 0.0, 0.0, 0.0, 0.0, 0.0, 0.0], [0.0, 0.0, 0.0001, 0.0001, 0.0, 0.0, 0.0, 0.0, 0.0, 0.0], [0.0002, 0.0002, 0.0004, 0.0004, 0.0, 0.0, 0.0, 0.0, 0.0, 0.0]]}}
bs_hinuma_efermi: 1.61157174
bs_latimer_munro_task_id: mp-2604496
bs_latimer_munro_band_gap: 1.3082
bs_latimer_munro_cbm: {'band_index': {'1': [36]}, 'kpoint_index': [111, 112, 123, 221], 'kpoint': <pymatgen.electronic_structure.bandstructure.Kpoint object at 0x7fc5d4b59d30>, 'energy': 2.8599, 'projections': {'1': [[0.0039000000000000003, 0.0039000000000000003, 0.0007, 0.0007, 0.011600000000000001, 0.011600000000000001, 0.011600000000000001, 0.011600000000000001, 0.0352, 0.0352], [0.0024000000000000002, 0.0024000000000000002, 0.0002, 0.0002, 0.0041, 0.0041, 0.0041, 0.0041, 0.0004, 0.0004], [0.0, 0.0, 0.0001, 0.0001, 0.0067, 0.0067, 0.0067, 0.0067, 0.062, 0.062], [0.0, 0.0, 0.0, 0.0, 0.027600000000000003, 0.027600000000000003, 0.027600000000000003, 0.027600000000000003, 0.0, 0.0], [0.0, 0.0, 0.0, 0.0, 0.0, 0.0, 0.0, 0.0, 0.0, 0.0], [0.0008, 0.0008, 0.0001, 0.0001, 0.0, 0.0, 0.0, 0.0, 0.0, 0.0], [0.0001, 0.0001, 0.0016, 0.0016, 0.0, 0.0, 0.0, 0.0, 0.0, 0.0], [0.0, 0.0, 0.0, 0.0, 0.0, 0.0, 0.0, 0.0, 0.0, 0.0], [0.0017000000000000001, 0.0017000000000000001, 0.0012000000000000001, 0.0012000000000000001, 0.0, 0.0, 0.0, 0.0, 0.0, 0.0]]}}
bs_latimer_munro_vbm: {'band_index': {'1': [35]}, 'kpoint_index': ['164'], 'kpoint': <pymatgen.electronic_structure.bandstructure.Kpoint object at 0x7fc5d4b59be0>, 'energy': 1.5517, 'projections': {'1': [[0.0002, 0.0002, 0.0001, 0.0001, 0.0, 0.0, 0.0, 0.0, 0.0004, 0.0004], [0.0001, 0.0001, 0.0, 0.0, 0.059800000000000006, 0.059800000000000006, 0.059800000000000006, 0.059800000000000006, 0.09530000000000001, 0.09530000000000001], [0.0, 0.0, 0.0004, 0.0004, 0.0132, 0.0132, 0.0132, 0.0132, 0.0172, 0.0172], [0.0008, 0.0008, 0.0005, 0.0005, 0.0007, 0.0007, 0.0007, 0.0007, 0.0001, 0.0001], [0.0004, 0.0004, 0.00030000000000000003, 0.00030000000000000003, 0.0, 0.0, 0.0, 0.0, 0.0, 0.0], [0.00030000000000000003, 0.00030000000000000003, 0.0, 0.0, 0.0, 0.0, 0.0, 0.0, 0.0, 0.0], [0.0007, 0.0007, 0.00030000000000000003, 0.00030000000000000003, 0.0, 0.0, 0.0, 0.0, 0.0, 0.0], [0.0, 0.0, 0.0001, 0.0001, 0.0, 0.0, 0.0, 0.0, 0.0, 0.0], [0.0002, 0.0002, 0.0004, 0.0004, 0.0, 0.0, 0.0, 0.0, 0.0, 0.0]]}}
bs_latimer_munro_efermi: 1.71510735