material_id: mp-761716
band_gap: 0.0
efermi: 5.33177306
dos_magnetic_ordering: FM
dos_total_task_id: mp-1742112
dos_total_band_gap: 0.14449999999999902
dos_total_cbm: 4.8284
dos_total_vbm: 4.6839
dos_total_efermi: 4.68988646
bs_setyawan_curtarolo_task_id: mp-890029
bs_setyawan_curtarolo_band_gap: 0.0
bs_setyawan_curtarolo_cbm: None
bs_setyawan_curtarolo_vbm: None
bs_setyawan_curtarolo_efermi: 5.33177306
bs_hinuma_task_id: mp-2099891
bs_hinuma_band_gap: 0.15810000000000002
bs_hinuma_cbm: {'band_index': {'1': [72], '-1': []}, 'kpoint_index': [0, 192, 193, 481], 'kpoint': <pymatgen.electronic_structure.bandstructure.Kpoint object at 0x7fc699d63930>, 'energy': 4.8525, 'projections': {'1': [[0.048, 0.048, 0.0611, 0.061, 0.0529, 0.0687, 0.038200000000000005, 0.0366, 0.038200000000000005, 0.0366, 0.0366, 0.040600000000000004], [0.0001, 0.0001, 0.0, 0.0, 0.0, 0.0, 0.0, 0.0, 0.0, 0.0, 0.0, 0.0], [0.0, 0.0, 0.0, 0.0, 0.0, 0.0, 0.0, 0.0, 0.0, 0.0, 0.0, 0.0], [0.0, 0.0, 0.0, 0.0, 0.0, 0.0, 0.0, 0.0, 0.0, 0.0, 0.0, 0.0], [0.0, 0.0, 0.0, 0.0, 0.0, 0.0, 0.0, 0.0, 0.0, 0.0, 0.0, 0.0], [0.0, 0.0, 0.0, 0.0, 0.0, 0.0, 0.0, 0.0, 0.0, 0.0, 0.0, 0.0], [0.0, 0.0, 0.0, 0.0, 0.0001, 0.0, 0.0, 0.0, 0.0, 0.0, 0.0, 0.0], [0.0, 0.0, 0.0, 0.0, 0.0, 0.0, 0.0, 0.0, 0.0, 0.0, 0.0, 0.0], [0.0, 0.0, 0.0001, 0.0001, 0.0002, 0.0001, 0.0, 0.0, 0.0, 0.0, 0.0, 0.0]]}}
bs_hinuma_vbm: {'band_index': {'1': [71], '-1': []}, 'kpoint_index': [628, 629], 'kpoint': <pymatgen.electronic_structure.bandstructure.Kpoint object at 0x7fc5d4b59e80>, 'energy': 4.6944, 'projections': {'1': [[0.0, 0.0, 0.0, 0.0, 0.0, 0.0, 0.0, 0.0, 0.0, 0.0, 0.0, 0.0], [0.0, 0.0, 0.0, 0.0, 0.0, 0.0, 0.0, 0.0008, 0.0, 0.0008, 0.0058000000000000005, 0.0], [0.0, 0.0, 0.0001, 0.0001, 0.0, 0.0, 0.09090000000000001, 0.0, 0.09090000000000001, 0.0, 0.0, 0.0001], [0.0001, 0.0001, 0.0, 0.0, 0.0, 0.0, 0.0, 0.1301, 0.0, 0.1301, 0.0018000000000000002, 0.0], [0.0016, 0.0016, 0.0, 0.0, 0.0026000000000000003, 0.0, 0.0, 0.0, 0.0, 0.0, 0.0, 0.0], [0.0, 0.0, 0.0011, 0.0011, 0.0, 0.0041, 0.0, 0.0, 0.0, 0.0, 0.0, 0.0], [0.137, 0.137, 0.0, 0.0, 0.0, 0.0, 0.0, 0.0, 0.0, 0.0, 0.0, 0.0], [0.0, 0.0, 0.0001, 0.0001, 0.0, 0.0, 0.0, 0.0, 0.0, 0.0, 0.0, 0.0], [0.0872, 0.0872, 0.0, 0.0, 0.0009000000000000001, 0.0, 0.0, 0.0, 0.0, 0.0, 0.0, 0.0]]}}
bs_hinuma_efermi: 4.7550175