material_id: mp-758349
band_gap: 3.0795
efermi: 0.057792199999999
dos_magnetic_ordering: FM
dos_total_task_id: mp-1672753
dos_total_band_gap: 5.605
dos_total_cbm: 5.4713
dos_total_vbm: -0.1337
dos_total_efermi: -0.12312488
bs_setyawan_curtarolo_task_id: mp-1607621
bs_setyawan_curtarolo_band_gap: 3.0795
bs_setyawan_curtarolo_cbm: {'band_index': {'-1': [63], '1': []}, 'kpoint_index': [13, 14, 38, 39, 64, 65, 93], 'kpoint': <pymatgen.electronic_structure.bandstructure.Kpoint object at 0x7fc699d63930>, 'energy': 2.9532, 'projections': {'-1': [[0.0001, 0.0001, 0.0004, 0.001, 0.001, 0.0004, 0.0, 0.0, 0.0, 0.0, 0.0002, 0.0, 0.00030000000000000003, 0.00030000000000000003, 0.0002, 0.0001, 0.0, 0.0, 0.0001, 0.0002, 0.00030000000000000003, 0.00030000000000000003, 0.0, 0.0002], [0.0, 0.0, 0.0004, 0.0016, 0.0016, 0.0004, 0.0, 0.0, 0.0, 0.0, 0.0021000000000000003, 0.0004, 0.0048000000000000004, 0.004200000000000001, 0.0001, 0.0, 0.0, 0.0, 0.0, 0.0001, 0.004200000000000001, 0.0048000000000000004, 0.0004, 0.0021000000000000003], [0.0, 0.0, 0.0004, 0.0007, 0.0007, 0.0004, 0.0, 0.0, 0.0, 0.0, 0.0002, 0.0001, 0.0013000000000000002, 0.0, 0.0022, 0.0011, 0.0, 0.0, 0.0011, 0.0022, 0.0, 0.0013000000000000002, 0.0001, 0.0002], [0.0, 0.0, 0.0001, 0.0005, 0.0005, 0.0001, 0.0, 0.0, 0.0, 0.0, 0.0008, 0.0, 0.0041, 0.0, 0.0002, 0.0002, 0.0, 0.0, 0.0002, 0.0002, 0.0, 0.0041, 0.0, 0.0008], [0.0, 0.0461, 0.0, 0.0, 0.0, 0.0, 0.0, 0.0, 0.0, 0.0, 0.0, 0.0, 0.0, 0.0, 0.0, 0.0, 0.0, 0.0, 0.0, 0.0, 0.0, 0.0, 0.0, 0.0], [0.0, 0.14, 0.0, 0.0, 0.0, 0.0, 0.0, 0.0, 0.0, 0.0, 0.0, 0.0, 0.0, 0.0, 0.0, 0.0, 0.0, 0.0, 0.0, 0.0, 0.0, 0.0, 0.0, 0.0], [0.0, 0.0088, 0.0, 0.0, 0.0, 0.0, 0.0, 0.0, 0.0, 0.0, 0.0, 0.0, 0.0, 0.0, 0.0, 0.0, 0.0, 0.0, 0.0, 0.0, 0.0, 0.0, 0.0, 0.0], [0.0001, 0.003, 0.0, 0.0, 0.0, 0.0, 0.0, 0.0, 0.0, 0.0, 0.0, 0.0, 0.0, 0.0, 0.0, 0.0, 0.0, 0.0, 0.0, 0.0, 0.0, 0.0, 0.0, 0.0], [0.0, 0.6598, 0.0, 0.0, 0.0, 0.0, 0.0, 0.0, 0.0, 0.0, 0.0, 0.0, 0.0, 0.0, 0.0, 0.0, 0.0, 0.0, 0.0, 0.0, 0.0, 0.0, 0.0, 0.0]]}}
bs_setyawan_curtarolo_vbm: {'band_index': {'1': [67], '-1': []}, 'kpoint_index': [24], 'kpoint': <pymatgen.electronic_structure.bandstructure.Kpoint object at 0x7fc5d4b5a190>, 'energy': -0.1263, 'projections': {'1': [[0.0, 0.0, 0.0001, 0.0007, 0.0007, 0.0001, 0.00030000000000000003, 0.0007, 0.0007, 0.00030000000000000003, 0.0, 0.0, 0.0001, 0.0004, 0.0001, 0.0001, 0.0002, 0.0002, 0.0001, 0.0001, 0.0004, 0.0001, 0.0, 0.0], [0.0, 0.0, 0.0001, 0.0002, 0.0002, 0.0001, 0.0, 0.00030000000000000003, 0.00030000000000000003, 0.0, 0.0044, 0.011300000000000001, 0.0023, 0.0033, 0.0023, 0.0036000000000000003, 0.0076, 0.0076, 0.0036000000000000003, 0.0023, 0.0033, 0.0023, 0.011300000000000001, 0.0044], [0.0, 0.0, 0.0, 0.0, 0.0, 0.0, 0.0007, 0.0006000000000000001, 0.0006000000000000001, 0.0007, 0.010100000000000001, 0.0053, 0.0179, 0.1263, 0.0007, 0.0054, 0.0088, 0.0088, 0.0054, 0.0007, 0.1263, 0.0179, 0.0053, 0.010100000000000001], [0.0, 0.0, 0.0001, 0.00030000000000000003, 0.00030000000000000003, 0.0001, 0.0001, 0.00030000000000000003, 0.00030000000000000003, 0.0001, 0.0195, 0.015300000000000001, 0.0616, 0.0023, 0.0304, 0.015300000000000001, 0.0049, 0.0049, 0.015300000000000001, 0.0304, 0.0023, 0.0616, 0.015300000000000001, 0.0195], [0.0, 0.0112, 0.0, 0.0, 0.0, 0.0, 0.0, 0.0, 0.0, 0.0, 0.0, 0.0, 0.0, 0.0, 0.0, 0.0, 0.0, 0.0, 0.0, 0.0, 0.0, 0.0, 0.0, 0.0], [0.0, 0.0018000000000000002, 0.0, 0.0, 0.0, 0.0, 0.0, 0.0, 0.0, 0.0, 0.0, 0.0, 0.0, 0.0, 0.0, 0.0, 0.0, 0.0, 0.0, 0.0, 0.0, 0.0, 0.0, 0.0], [0.0, 0.0, 0.0, 0.0, 0.0, 0.0, 0.0, 0.0, 0.0, 0.0, 0.0, 0.0, 0.0, 0.0, 0.0, 0.0, 0.0, 0.0, 0.0, 0.0, 0.0, 0.0, 0.0, 0.0], [0.0, 0.0369, 0.0, 0.0, 0.0, 0.0, 0.0, 0.0, 0.0, 0.0, 0.0, 0.0, 0.0, 0.0, 0.0, 0.0, 0.0, 0.0, 0.0, 0.0, 0.0, 0.0, 0.0, 0.0], [0.0, 0.002, 0.0, 0.0, 0.0, 0.0, 0.0, 0.0, 0.0, 0.0, 0.0, 0.0, 0.0, 0.0, 0.0, 0.0, 0.0, 0.0, 0.0, 0.0, 0.0, 0.0, 0.0, 0.0]]}}
bs_setyawan_curtarolo_efermi: 0.057792199999999
bs_hinuma_task_id: mp-2170613
bs_hinuma_band_gap: 3.0795
bs_hinuma_cbm: {'band_index': {'-1': [63], '1': []}, 'kpoint_index': [0, 23, 24, 49, 50, 78, 79], 'kpoint': <pymatgen.electronic_structure.bandstructure.Kpoint object at 0x7fc5d4b5a3c0>, 'energy': 2.9532, 'projections': {'-1': [[0.0001, 0.0001, 0.0004, 0.001, 0.001, 0.0004, 0.0, 0.0, 0.0, 0.0, 0.0002, 0.0, 0.00030000000000000003, 0.00030000000000000003, 0.0002, 0.0001, 0.0, 0.0, 0.0001, 0.0002, 0.00030000000000000003, 0.00030000000000000003, 0.0, 0.0002], [0.0, 0.0, 0.0004, 0.0016, 0.0016, 0.0004, 0.0, 0.0, 0.0, 0.0, 0.0022, 0.0004, 0.0048000000000000004, 0.004200000000000001, 0.0001, 0.0, 0.0, 0.0, 0.0, 0.0001, 0.004200000000000001, 0.0048000000000000004, 0.0004, 0.0022], [0.0, 0.0, 0.0004, 0.0007, 0.0007, 0.0004, 0.0, 0.0, 0.0, 0.0, 0.0002, 0.0001, 0.0013000000000000002, 0.0, 0.0022, 0.0011, 0.0, 0.0, 0.0011, 0.0022, 0.0, 0.0013000000000000002, 0.0001, 0.0002], [0.0, 0.0, 0.0001, 0.0005, 0.0005, 0.0001, 0.0, 0.0, 0.0, 0.0, 0.0008, 0.0, 0.004200000000000001, 0.0, 0.0002, 0.0002, 0.0, 0.0, 0.0002, 0.0002, 0.0, 0.0041, 0.0, 0.0008], [0.0, 0.0461, 0.0, 0.0, 0.0, 0.0, 0.0, 0.0, 0.0, 0.0, 0.0, 0.0, 0.0, 0.0, 0.0, 0.0, 0.0, 0.0, 0.0, 0.0, 0.0, 0.0, 0.0, 0.0], [0.0, 0.14, 0.0, 0.0, 0.0, 0.0, 0.0, 0.0, 0.0, 0.0, 0.0, 0.0, 0.0, 0.0, 0.0, 0.0, 0.0, 0.0, 0.0, 0.0, 0.0, 0.0, 0.0, 0.0], [0.0, 0.0088, 0.0, 0.0, 0.0, 0.0, 0.0, 0.0, 0.0, 0.0, 0.0, 0.0, 0.0, 0.0, 0.0, 0.0, 0.0, 0.0, 0.0, 0.0, 0.0, 0.0, 0.0, 0.0], [0.0001, 0.003, 0.0, 0.0, 0.0, 0.0, 0.0, 0.0, 0.0, 0.0, 0.0, 0.0, 0.0, 0.0, 0.0, 0.0, 0.0, 0.0, 0.0, 0.0, 0.0, 0.0, 0.0, 0.0], [0.0, 0.6598, 0.0, 0.0, 0.0, 0.0, 0.0, 0.0, 0.0, 0.0, 0.0, 0.0, 0.0, 0.0, 0.0, 0.0, 0.0, 0.0, 0.0, 0.0, 0.0, 0.0, 0.0, 0.0]]}}
bs_hinuma_vbm: {'band_index': {'1': [67], '-1': []}, 'kpoint_index': [93], 'kpoint': <pymatgen.electronic_structure.bandstructure.Kpoint object at 0x7fc5d4b5a350>, 'energy': -0.1263, 'projections': {'1': [[0.0, 0.0, 0.0001, 0.0007, 0.0007, 0.0001, 0.00030000000000000003, 0.0007, 0.0007, 0.00030000000000000003, 0.0, 0.0, 0.0001, 0.0004, 0.0001, 0.0001, 0.0002, 0.0002, 0.0001, 0.0001, 0.0004, 0.0001, 0.0, 0.0], [0.0, 0.0, 0.0001, 0.0002, 0.0002, 0.0001, 0.0, 0.00030000000000000003, 0.00030000000000000003, 0.0, 0.0044, 0.011300000000000001, 0.0023, 0.0033, 0.0023, 0.0036000000000000003, 0.0076, 0.0076, 0.0036000000000000003, 0.0023, 0.0033, 0.0023, 0.011300000000000001, 0.0044], [0.0, 0.0, 0.0, 0.0, 0.0, 0.0, 0.0007, 0.0006000000000000001, 0.0006000000000000001, 0.0007, 0.010100000000000001, 0.0053, 0.0179, 0.1263, 0.0007, 0.0054, 0.0088, 0.0088, 0.0054, 0.0007, 0.1263, 0.0179, 0.0053, 0.010100000000000001], [0.0, 0.0, 0.0001, 0.00030000000000000003, 0.00030000000000000003, 0.0001, 0.0001, 0.00030000000000000003, 0.00030000000000000003, 0.0001, 0.0195, 0.015300000000000001, 0.0616, 0.0023, 0.0304, 0.015300000000000001, 0.0049, 0.0049, 0.015300000000000001, 0.0304, 0.0023, 0.0616, 0.015300000000000001, 0.0195], [0.0, 0.0112, 0.0, 0.0, 0.0, 0.0, 0.0, 0.0, 0.0, 0.0, 0.0, 0.0, 0.0, 0.0, 0.0, 0.0, 0.0, 0.0, 0.0, 0.0, 0.0, 0.0, 0.0, 0.0], [0.0, 0.0018000000000000002, 0.0, 0.0, 0.0, 0.0, 0.0, 0.0, 0.0, 0.0, 0.0, 0.0, 0.0, 0.0, 0.0, 0.0, 0.0, 0.0, 0.0, 0.0, 0.0, 0.0, 0.0, 0.0], [0.0, 0.0, 0.0, 0.0, 0.0, 0.0, 0.0, 0.0, 0.0, 0.0, 0.0, 0.0, 0.0, 0.0, 0.0, 0.0, 0.0, 0.0, 0.0, 0.0, 0.0, 0.0, 0.0, 0.0], [0.0, 0.0369, 0.0, 0.0, 0.0, 0.0, 0.0, 0.0, 0.0, 0.0, 0.0, 0.0, 0.0, 0.0, 0.0, 0.0, 0.0, 0.0, 0.0, 0.0, 0.0, 0.0, 0.0, 0.0], [0.0, 0.002, 0.0, 0.0, 0.0, 0.0, 0.0, 0.0, 0.0, 0.0, 0.0, 0.0, 0.0, 0.0, 0.0, 0.0, 0.0, 0.0, 0.0, 0.0, 0.0, 0.0, 0.0, 0.0]]}}
bs_hinuma_efermi: 0.07293278
bs_latimer_munro_task_id: mp-2429654
bs_latimer_munro_band_gap: 3.0795
bs_latimer_munro_cbm: {'band_index': {'-1': [63], '1': []}, 'kpoint_index': [9, 10, 26, 39, 53, 63, 78], 'kpoint': <pymatgen.electronic_structure.bandstructure.Kpoint object at 0x7fc5d4b59d30>, 'energy': 2.9532, 'projections': {'-1': [[0.0001, 0.0001, 0.0004, 0.001, 0.001, 0.0004, 0.0, 0.0, 0.0, 0.0, 0.0002, 0.0, 0.00030000000000000003, 0.00030000000000000003, 0.0002, 0.0001, 0.0, 0.0, 0.0001, 0.0002, 0.00030000000000000003, 0.00030000000000000003, 0.0, 0.0002], [0.0, 0.0, 0.0004, 0.0016, 0.0016, 0.0004, 0.0, 0.0, 0.0, 0.0, 0.0021000000000000003, 0.0004, 0.0048000000000000004, 0.004200000000000001, 0.0001, 0.0, 0.0, 0.0, 0.0, 0.0001, 0.004200000000000001, 0.0048000000000000004, 0.0004, 0.0022], [0.0, 0.0, 0.0004, 0.0007, 0.0007, 0.0004, 0.0, 0.0, 0.0, 0.0, 0.0002, 0.0001, 0.0013000000000000002, 0.0, 0.0022, 0.0011, 0.0, 0.0, 0.0011, 0.0022, 0.0, 0.0013000000000000002, 0.0001, 0.0002], [0.0, 0.0, 0.0001, 0.0005, 0.0005, 0.0001, 0.0, 0.0, 0.0, 0.0, 0.0008, 0.0, 0.0041, 0.0, 0.0002, 0.0002, 0.0, 0.0, 0.0002, 0.0002, 0.0, 0.0041, 0.0, 0.0008], [0.0, 0.0461, 0.0, 0.0, 0.0, 0.0, 0.0, 0.0, 0.0, 0.0, 0.0, 0.0, 0.0, 0.0, 0.0, 0.0, 0.0, 0.0, 0.0, 0.0, 0.0, 0.0, 0.0, 0.0], [0.0, 0.14, 0.0, 0.0, 0.0, 0.0, 0.0, 0.0, 0.0, 0.0, 0.0, 0.0, 0.0, 0.0, 0.0, 0.0, 0.0, 0.0, 0.0, 0.0, 0.0, 0.0, 0.0, 0.0], [0.0, 0.0088, 0.0, 0.0, 0.0, 0.0, 0.0, 0.0, 0.0, 0.0, 0.0, 0.0, 0.0, 0.0, 0.0, 0.0, 0.0, 0.0, 0.0, 0.0, 0.0, 0.0, 0.0, 0.0], [0.0001, 0.003, 0.0, 0.0, 0.0, 0.0, 0.0, 0.0, 0.0, 0.0, 0.0, 0.0, 0.0, 0.0, 0.0, 0.0, 0.0, 0.0, 0.0, 0.0, 0.0, 0.0, 0.0, 0.0], [0.0, 0.6598, 0.0, 0.0, 0.0, 0.0, 0.0, 0.0, 0.0, 0.0, 0.0, 0.0, 0.0, 0.0, 0.0, 0.0, 0.0, 0.0, 0.0, 0.0, 0.0, 0.0, 0.0, 0.0]]}}
bs_latimer_munro_vbm: {'band_index': {'1': [67], '-1': []}, 'kpoint_index': [77], 'kpoint': <pymatgen.electronic_structure.bandstructure.Kpoint object at 0x7fc5d4b5a430>, 'energy': -0.1263, 'projections': {'1': [[0.0, 0.0, 0.0001, 0.0007, 0.0007, 0.0001, 0.00030000000000000003, 0.0007, 0.0007, 0.00030000000000000003, 0.0, 0.0, 0.0001, 0.0004, 0.0001, 0.0001, 0.0002, 0.0002, 0.0001, 0.0001, 0.0004, 0.0001, 0.0, 0.0], [0.0, 0.0, 0.0001, 0.0002, 0.0002, 0.0001, 0.0, 0.00030000000000000003, 0.00030000000000000003, 0.0, 0.0044, 0.011300000000000001, 0.0023, 0.0033, 0.0023, 0.0036000000000000003, 0.0076, 0.0076, 0.0036000000000000003, 0.0023, 0.0033, 0.0023, 0.011300000000000001, 0.0044], [0.0, 0.0, 0.0, 0.0, 0.0, 0.0, 0.0007, 0.0006000000000000001, 0.0006000000000000001, 0.0007, 0.010100000000000001, 0.0053, 0.0179, 0.1263, 0.0007, 0.0054, 0.0088, 0.0088, 0.0054, 0.0007, 0.1263, 0.0179, 0.0053, 0.010100000000000001], [0.0, 0.0, 0.0001, 0.00030000000000000003, 0.00030000000000000003, 0.0001, 0.0001, 0.00030000000000000003, 0.00030000000000000003, 0.0001, 0.0195, 0.015300000000000001, 0.0616, 0.0023, 0.0304, 0.015300000000000001, 0.0049, 0.0049, 0.015300000000000001, 0.0304, 0.0023, 0.0616, 0.015300000000000001, 0.0195], [0.0, 0.0112, 0.0, 0.0, 0.0, 0.0, 0.0, 0.0, 0.0, 0.0, 0.0, 0.0, 0.0, 0.0, 0.0, 0.0, 0.0, 0.0, 0.0, 0.0, 0.0, 0.0, 0.0, 0.0], [0.0, 0.0018000000000000002, 0.0, 0.0, 0.0, 0.0, 0.0, 0.0, 0.0, 0.0, 0.0, 0.0, 0.0, 0.0, 0.0, 0.0, 0.0, 0.0, 0.0, 0.0, 0.0, 0.0, 0.0, 0.0], [0.0, 0.0, 0.0, 0.0, 0.0, 0.0, 0.0, 0.0, 0.0, 0.0, 0.0, 0.0, 0.0, 0.0, 0.0, 0.0, 0.0, 0.0, 0.0, 0.0, 0.0, 0.0, 0.0, 0.0], [0.0, 0.0369, 0.0, 0.0, 0.0, 0.0, 0.0, 0.0, 0.0, 0.0, 0.0, 0.0, 0.0, 0.0, 0.0, 0.0, 0.0, 0.0, 0.0, 0.0, 0.0, 0.0, 0.0, 0.0], [0.0, 0.002, 0.0, 0.0, 0.0, 0.0, 0.0, 0.0, 0.0, 0.0, 0.0, 0.0, 0.0, 0.0, 0.0, 0.0, 0.0, 0.0, 0.0, 0.0, 0.0, 0.0, 0.0, 0.0]]}}
bs_latimer_munro_efermi: 0.07449243