material_id: mp-722025
band_gap: 1.951
efermi: -1.443552669999999
dos_magnetic_ordering: NM
dos_total_task_id: mp-1738858
dos_total_band_gap: 2.036699999999999
dos_total_cbm: -0.0358
dos_total_vbm: -2.0725
dos_total_efermi: -2.06774759
bs_setyawan_curtarolo_task_id: mp-741624
bs_setyawan_curtarolo_band_gap: 1.951
bs_setyawan_curtarolo_cbm: {'band_index': {'1': [24]}, 'kpoint_index': [60, 61], 'kpoint': <pymatgen.electronic_structure.bandstructure.Kpoint object at 0x7fc699d63930>, 'energy': 0.4706, 'projections': {'1': [[0.0, 0.0, 0.0012000000000000001, 0.0012000000000000001, 0.0012000000000000001, 0.0012000000000000001, 0.0, 0.0, 0.0, 0.0], [0.0, 0.0, 0.0007, 0.0007, 0.0007, 0.0007, 0.0, 0.0, 0.0, 0.0], [0.0, 0.0, 0.0354, 0.0354, 0.0354, 0.0354, 0.0, 0.0, 0.0, 0.0], [0.10640000000000001, 0.10640000000000001, 0.0021000000000000003, 0.0021000000000000003, 0.0021000000000000003, 0.0021000000000000003, 0.0013000000000000002, 0.0013000000000000002, 0.0407, 0.0407], [0.0, 0.0, 0.0, 0.0, 0.0, 0.0, 0.0045000000000000005, 0.0045000000000000005, 0.0, 0.0], [0.0, 0.0, 0.0, 0.0, 0.0, 0.0, 0.0, 0.0, 0.0, 0.0], [0.0, 0.0, 0.0, 0.0, 0.0, 0.0, 0.0, 0.0, 0.0, 0.0], [0.0, 0.0, 0.0, 0.0, 0.0, 0.0, 0.0074, 0.0074, 0.0, 0.0], [0.0, 0.0, 0.0, 0.0, 0.0, 0.0, 0.0, 0.0, 0.0, 0.0]]}}
bs_setyawan_curtarolo_vbm: {'band_index': {'1': [23]}, 'kpoint_index': ['3'], 'kpoint': <pymatgen.electronic_structure.bandstructure.Kpoint object at 0x7fc5d4b5a3c0>, 'energy': -1.4804, 'projections': {'1': [[0.0006000000000000001, 0.0006000000000000001, 0.0106, 0.0106, 0.0106, 0.0106, 0.0009000000000000001, 0.0009000000000000001, 0.0001, 0.0001], [0.0025, 0.0025, 0.0046, 0.0046, 0.0046, 0.0046, 0.005200000000000001, 0.005200000000000001, 0.0026000000000000003, 0.0026000000000000003], [0.002, 0.002, 0.0, 0.0, 0.0, 0.0, 0.0048000000000000004, 0.0048000000000000004, 0.0004, 0.0004], [0.0, 0.0, 0.1183, 0.1183, 0.1183, 0.1183, 0.0, 0.0, 0.0, 0.0], [0.0, 0.0, 0.0, 0.0, 0.0, 0.0, 0.0, 0.0, 0.0, 0.0], [0.0, 0.0, 0.0, 0.0, 0.0, 0.0, 0.0001, 0.0001, 0.0, 0.0], [0.0, 0.0, 0.0, 0.0, 0.0, 0.0, 0.0001, 0.0001, 0.0, 0.0], [0.0, 0.0, 0.0, 0.0, 0.0, 0.0, 0.0, 0.0, 0.0, 0.0], [0.0, 0.0, 0.0, 0.0, 0.0, 0.0, 0.0, 0.0, 0.0, 0.0]]}}
bs_setyawan_curtarolo_efermi: -1.443552669999999