material_id: mp-7139
band_gap: 3.3297
efermi: -2.18398895
dos_magnetic_ordering: NM
dos_total_task_id: mp-1695065
dos_total_band_gap: 3.3574
dos_total_cbm: 0.9896
dos_total_vbm: -2.3678
dos_total_efermi: -2.38132444
bs_setyawan_curtarolo_task_id: mp-1597741
bs_setyawan_curtarolo_band_gap: 3.3297
bs_setyawan_curtarolo_cbm: {'band_index': {'1': [32, 33, 34, 35]}, 'kpoint_index': [59, 60, 87], 'kpoint': <pymatgen.electronic_structure.bandstructure.Kpoint object at 0x7fc699d63930>, 'energy': 0.9896, 'projections': {'1': [[0.0002, 0.00030000000000000003, 0.002, 0.0001, 0.0001, 0.002, 0.00030000000000000003, 0.0002, 0.0, 0.0, 0.0, 0.0], [0.0236, 0.022500000000000003, 0.0112, 0.0071, 0.0071, 0.0112, 0.022500000000000003, 0.0236, 0.030500000000000003, 0.0304, 0.0122, 0.0092], [0.0064, 0.024300000000000002, 0.0049, 0.0287, 0.0287, 0.0049, 0.024300000000000002, 0.0064, 0.0083, 0.0297, 0.0077, 0.0366], [0.007500000000000001, 0.00030000000000000003, 0.0036000000000000003, 0.0531, 0.0531, 0.0036000000000000003, 0.00030000000000000003, 0.007500000000000001, 0.0092, 0.0002, 0.0045000000000000005, 0.0683], [0.0, 0.0, 0.0, 0.0, 0.0, 0.0, 0.0, 0.0, 0.0, 0.0, 0.0, 0.0], [0.0, 0.0, 0.0, 0.0, 0.0, 0.0, 0.0, 0.0, 0.0, 0.0, 0.0, 0.0], [0.0, 0.0, 0.0, 0.0, 0.0, 0.0, 0.0, 0.0, 0.0, 0.0, 0.0, 0.0], [0.0, 0.0, 0.0, 0.0, 0.0, 0.0, 0.0, 0.0, 0.0, 0.0, 0.0, 0.0], [0.0, 0.0, 0.0, 0.0, 0.0, 0.0, 0.0, 0.0, 0.0, 0.0, 0.0, 0.0]]}}
bs_setyawan_curtarolo_vbm: {'band_index': {'1': [30, 31]}, 'kpoint_index': [0, 39, 40], 'kpoint': <pymatgen.electronic_structure.bandstructure.Kpoint object at 0x7fc5d4b59be0>, 'energy': -2.3401, 'projections': {'1': [[0.0, 0.0, 0.0, 0.0, 0.0, 0.0, 0.0, 0.0, 0.0, 0.0, 0.0, 0.0], [0.04, 0.04, 0.04, 0.04, 0.04, 0.04, 0.04, 0.04, 0.0, 0.0, 0.0, 0.0], [0.0001, 0.0001, 0.0001, 0.0001, 0.0001, 0.0001, 0.0001, 0.0001, 0.0, 0.0, 0.0, 0.0], [0.0434, 0.0434, 0.0434, 0.0434, 0.0434, 0.0434, 0.0434, 0.0434, 0.0, 0.0, 0.0, 0.0], [0.0, 0.0, 0.0, 0.0, 0.0, 0.0, 0.0, 0.0, 0.0, 0.0, 0.0, 0.0], [0.0, 0.0, 0.0, 0.0, 0.0, 0.0, 0.0, 0.0, 0.0, 0.0, 0.0, 0.0], [0.0, 0.0, 0.0, 0.0, 0.0, 0.0, 0.0, 0.0, 0.0, 0.0, 0.0, 0.0], [0.0, 0.0, 0.0, 0.0, 0.0, 0.0, 0.0, 0.0, 0.0, 0.0, 0.0, 0.0], [0.0, 0.0, 0.0, 0.0, 0.0, 0.0, 0.0, 0.0, 0.0, 0.0, 0.0, 0.0]]}}
bs_setyawan_curtarolo_efermi: -2.18398895
bs_hinuma_task_id: mp-2069158
bs_hinuma_band_gap: 3.3297
bs_hinuma_cbm: {'band_index': {'1': [32, 33, 34, 35]}, 'kpoint_index': [59, 60, 76], 'kpoint': <pymatgen.electronic_structure.bandstructure.Kpoint object at 0x7fc5d4b5a350>, 'energy': 0.9896, 'projections': {'1': [[0.0002, 0.00030000000000000003, 0.002, 0.0001, 0.0001, 0.002, 0.00030000000000000003, 0.0002, 0.0, 0.0, 0.0, 0.0], [0.0236, 0.022500000000000003, 0.0112, 0.0071, 0.0071, 0.0112, 0.022500000000000003, 0.0236, 0.030500000000000003, 0.0304, 0.0122, 0.0092], [0.0064, 0.024300000000000002, 0.0049, 0.0287, 0.0287, 0.0049, 0.024300000000000002, 0.0064, 0.0083, 0.0297, 0.0077, 0.0366], [0.007500000000000001, 0.00030000000000000003, 0.0036000000000000003, 0.0531, 0.0531, 0.0036000000000000003, 0.00030000000000000003, 0.007500000000000001, 0.0092, 0.0002, 0.0045000000000000005, 0.0683], [0.0, 0.0, 0.0, 0.0, 0.0, 0.0, 0.0, 0.0, 0.0, 0.0, 0.0, 0.0], [0.0, 0.0, 0.0, 0.0, 0.0, 0.0, 0.0, 0.0, 0.0, 0.0, 0.0, 0.0], [0.0, 0.0, 0.0, 0.0, 0.0, 0.0, 0.0, 0.0, 0.0, 0.0, 0.0, 0.0], [0.0, 0.0, 0.0, 0.0, 0.0, 0.0, 0.0, 0.0, 0.0, 0.0, 0.0, 0.0], [0.0, 0.0, 0.0, 0.0, 0.0, 0.0, 0.0, 0.0, 0.0, 0.0, 0.0, 0.0]]}}
bs_hinuma_vbm: {'band_index': {'1': [30, 31]}, 'kpoint_index': [0, 39, 40], 'kpoint': <pymatgen.electronic_structure.bandstructure.Kpoint object at 0x7fc5d4b5a190>, 'energy': -2.3401, 'projections': {'1': [[0.0, 0.0, 0.0, 0.0, 0.0, 0.0, 0.0, 0.0, 0.0, 0.0, 0.0, 0.0], [0.04, 0.04, 0.04, 0.04, 0.04, 0.04, 0.04, 0.04, 0.0, 0.0, 0.0, 0.0], [0.0001, 0.0001, 0.0001, 0.0001, 0.0001, 0.0001, 0.0001, 0.0001, 0.0, 0.0, 0.0, 0.0], [0.0434, 0.0434, 0.0434, 0.0434, 0.0434, 0.0434, 0.0434, 0.0434, 0.0, 0.0, 0.0, 0.0], [0.0, 0.0, 0.0, 0.0, 0.0, 0.0, 0.0, 0.0, 0.0, 0.0, 0.0, 0.0], [0.0, 0.0, 0.0, 0.0, 0.0, 0.0, 0.0, 0.0, 0.0, 0.0, 0.0, 0.0], [0.0, 0.0, 0.0, 0.0, 0.0, 0.0, 0.0, 0.0, 0.0, 0.0, 0.0, 0.0], [0.0, 0.0, 0.0, 0.0, 0.0, 0.0, 0.0, 0.0, 0.0, 0.0, 0.0, 0.0], [0.0, 0.0, 0.0, 0.0, 0.0, 0.0, 0.0, 0.0, 0.0, 0.0, 0.0, 0.0]]}}
bs_hinuma_efermi: -2.18398895