material_id: mp-754462
band_gap: 0.994499999999999
efermi: 1.23796546
dos_magnetic_ordering: NM
dos_total_task_id: mp-1676455
dos_total_band_gap: 1.0472
dos_total_cbm: 2.1825
dos_total_vbm: 1.1353
dos_total_efermi: 1.14032311
bs_setyawan_curtarolo_task_id: mp-1630027
bs_setyawan_curtarolo_band_gap: 0.994499999999999
bs_setyawan_curtarolo_cbm: {'band_index': {'1': [59]}, 'kpoint_index': [70], 'kpoint': <pymatgen.electronic_structure.bandstructure.Kpoint object at 0x7fc699d63930>, 'energy': 2.1835, 'projections': {'1': [[0.0002, 0.0002, 0.0001, 0.0001, 0.0001, 0.0001, 0.0008, 0.0, 0.0, 0.0002, 0.0, 0.0, 0.0, 0.0, 0.0002, 0.0, 0.0, 0.0008], [0.0002, 0.0002, 0.0198, 0.0257, 0.0257, 0.0198, 0.0017000000000000001, 0.0001, 0.0, 0.0, 0.003, 0.0017000000000000001, 0.0017000000000000001, 0.003, 0.0, 0.0, 0.0001, 0.0017000000000000001], [0.0001, 0.0001, 0.0369, 0.054400000000000004, 0.054400000000000004, 0.0369, 0.0004, 0.0, 0.00030000000000000003, 0.0022, 0.0001, 0.00030000000000000003, 0.00030000000000000003, 0.0001, 0.0022, 0.00030000000000000003, 0.0, 0.0004], [0.0007, 0.0007, 0.057800000000000004, 0.056, 0.056, 0.057800000000000004, 0.0001, 0.0, 0.001, 0.0, 0.0, 0.0006000000000000001, 0.0006000000000000001, 0.0, 0.0, 0.001, 0.0, 0.0001], [0.0, 0.0, 0.0001, 0.00030000000000000003, 0.00030000000000000003, 0.0001, 0.0, 0.0, 0.0, 0.0, 0.0, 0.0, 0.0, 0.0, 0.0, 0.0, 0.0, 0.0], [0.0, 0.0, 0.0, 0.0001, 0.0001, 0.0, 0.0, 0.0, 0.0, 0.0, 0.0, 0.0, 0.0, 0.0, 0.0, 0.0, 0.0, 0.0], [0.0001, 0.0001, 0.0, 0.0004, 0.0004, 0.0, 0.0, 0.0, 0.0, 0.0, 0.0, 0.0, 0.0, 0.0, 0.0, 0.0, 0.0, 0.0], [0.0001, 0.0001, 0.0001, 0.0, 0.0, 0.0001, 0.0, 0.0, 0.0, 0.0, 0.0, 0.0, 0.0, 0.0, 0.0, 0.0, 0.0, 0.0], [0.0, 0.0, 0.0007, 0.0001, 0.0001, 0.0007, 0.0, 0.0, 0.0, 0.0, 0.0, 0.0, 0.0, 0.0, 0.0, 0.0, 0.0, 0.0]]}}
bs_setyawan_curtarolo_vbm: {'band_index': {'1': [58]}, 'kpoint_index': [46], 'kpoint': <pymatgen.electronic_structure.bandstructure.Kpoint object at 0x7fc5d4b5a200>, 'energy': 1.189, 'projections': {'1': [[0.0006000000000000001, 0.0006000000000000001, 0.0002, 0.0, 0.0, 0.0002, 0.0001, 0.0, 0.0005, 0.0, 0.0, 0.0, 0.0, 0.0, 0.0, 0.0005, 0.0, 0.0001], [0.0001, 0.0001, 0.014400000000000001, 0.0324, 0.0324, 0.014400000000000001, 0.0004, 0.0, 0.0001, 0.0002, 0.0024000000000000002, 0.0013000000000000002, 0.0013000000000000002, 0.0024000000000000002, 0.0002, 0.0001, 0.0, 0.0004], [0.0, 0.0, 0.0211, 0.0511, 0.0511, 0.0211, 0.0048000000000000004, 0.0, 0.0007, 0.00030000000000000003, 0.00030000000000000003, 0.00030000000000000003, 0.00030000000000000003, 0.00030000000000000003, 0.00030000000000000003, 0.0007, 0.0, 0.0048000000000000004], [0.0001, 0.0001, 0.0392, 0.0922, 0.0922, 0.0392, 0.0017000000000000001, 0.0004, 0.0026000000000000003, 0.00030000000000000003, 0.0, 0.0011, 0.0011, 0.0, 0.00030000000000000003, 0.0026000000000000003, 0.0004, 0.0017000000000000001], [0.0, 0.0, 0.00030000000000000003, 0.0004, 0.0004, 0.00030000000000000003, 0.0, 0.0, 0.0, 0.0, 0.0, 0.0, 0.0, 0.0, 0.0, 0.0, 0.0, 0.0], [0.0, 0.0, 0.0002, 0.0, 0.0, 0.0002, 0.0, 0.0, 0.0, 0.0, 0.0, 0.0, 0.0, 0.0, 0.0, 0.0, 0.0, 0.0], [0.0001, 0.0001, 0.0012000000000000001, 0.0004, 0.0004, 0.0012000000000000001, 0.0, 0.0, 0.0, 0.0, 0.0, 0.0, 0.0, 0.0, 0.0, 0.0, 0.0, 0.0], [0.0, 0.0, 0.00030000000000000003, 0.0002, 0.0002, 0.00030000000000000003, 0.0, 0.0, 0.0, 0.0, 0.0, 0.0, 0.0, 0.0, 0.0, 0.0, 0.0, 0.0], [0.0, 0.0, 0.0001, 0.0001, 0.0001, 0.0001, 0.0, 0.0, 0.0, 0.0, 0.0, 0.0, 0.0, 0.0, 0.0, 0.0, 0.0, 0.0]]}}
bs_setyawan_curtarolo_efermi: 1.23796546
bs_hinuma_task_id: mp-2074237
bs_hinuma_band_gap: 0.994499999999999
bs_hinuma_cbm: {'band_index': {'1': [59]}, 'kpoint_index': [56], 'kpoint': <pymatgen.electronic_structure.bandstructure.Kpoint object at 0x7fc5d4b59c50>, 'energy': 2.1835, 'projections': {'1': [[0.0002, 0.0002, 0.0001, 0.0001, 0.0001, 0.0001, 0.0008, 0.0, 0.0, 0.0002, 0.0, 0.0, 0.0, 0.0, 0.0002, 0.0, 0.0, 0.0008], [0.0002, 0.0002, 0.0198, 0.0257, 0.0257, 0.0198, 0.0017000000000000001, 0.0001, 0.0, 0.0, 0.003, 0.0017000000000000001, 0.0017000000000000001, 0.003, 0.0, 0.0, 0.0001, 0.0017000000000000001], [0.0001, 0.0001, 0.0369, 0.054400000000000004, 0.054400000000000004, 0.0369, 0.0004, 0.0, 0.00030000000000000003, 0.0022, 0.0001, 0.00030000000000000003, 0.00030000000000000003, 0.0001, 0.0022, 0.00030000000000000003, 0.0, 0.0004], [0.0007, 0.0007, 0.057800000000000004, 0.056, 0.056, 0.057800000000000004, 0.0001, 0.0, 0.001, 0.0, 0.0, 0.0006000000000000001, 0.0006000000000000001, 0.0, 0.0, 0.001, 0.0, 0.0001], [0.0, 0.0, 0.0001, 0.00030000000000000003, 0.00030000000000000003, 0.0001, 0.0, 0.0, 0.0, 0.0, 0.0, 0.0, 0.0, 0.0, 0.0, 0.0, 0.0, 0.0], [0.0, 0.0, 0.0, 0.0001, 0.0001, 0.0, 0.0, 0.0, 0.0, 0.0, 0.0, 0.0, 0.0, 0.0, 0.0, 0.0, 0.0, 0.0], [0.0001, 0.0001, 0.0, 0.0004, 0.0004, 0.0, 0.0, 0.0, 0.0, 0.0, 0.0, 0.0, 0.0, 0.0, 0.0, 0.0, 0.0, 0.0], [0.0001, 0.0001, 0.0001, 0.0, 0.0, 0.0001, 0.0, 0.0, 0.0, 0.0, 0.0, 0.0, 0.0, 0.0, 0.0, 0.0, 0.0, 0.0], [0.0, 0.0, 0.0007, 0.0001, 0.0001, 0.0007, 0.0, 0.0, 0.0, 0.0, 0.0, 0.0, 0.0, 0.0, 0.0, 0.0, 0.0, 0.0]]}}
bs_hinuma_vbm: {'band_index': {'1': [58]}, 'kpoint_index': [57], 'kpoint': <pymatgen.electronic_structure.bandstructure.Kpoint object at 0x7fc5d4b5a350>, 'energy': 1.189, 'projections': {'1': [[0.0006000000000000001, 0.0006000000000000001, 0.0002, 0.0, 0.0, 0.0002, 0.0001, 0.0, 0.0005, 0.0, 0.0, 0.0, 0.0, 0.0, 0.0, 0.0005, 0.0, 0.0001], [0.0001, 0.0001, 0.014400000000000001, 0.0324, 0.0324, 0.014400000000000001, 0.0004, 0.0, 0.0001, 0.0002, 0.0024000000000000002, 0.0013000000000000002, 0.0013000000000000002, 0.0024000000000000002, 0.0002, 0.0001, 0.0, 0.0004], [0.0, 0.0, 0.0211, 0.0511, 0.0511, 0.0211, 0.0048000000000000004, 0.0, 0.0007, 0.00030000000000000003, 0.00030000000000000003, 0.00030000000000000003, 0.00030000000000000003, 0.00030000000000000003, 0.00030000000000000003, 0.0007, 0.0, 0.0048000000000000004], [0.0001, 0.0001, 0.0392, 0.0922, 0.0922, 0.0392, 0.0017000000000000001, 0.0004, 0.0026000000000000003, 0.00030000000000000003, 0.0, 0.0011, 0.0011, 0.0, 0.00030000000000000003, 0.0026000000000000003, 0.0004, 0.0017000000000000001], [0.0, 0.0, 0.00030000000000000003, 0.0004, 0.0004, 0.00030000000000000003, 0.0, 0.0, 0.0, 0.0, 0.0, 0.0, 0.0, 0.0, 0.0, 0.0, 0.0, 0.0], [0.0, 0.0, 0.0002, 0.0, 0.0, 0.0002, 0.0, 0.0, 0.0, 0.0, 0.0, 0.0, 0.0, 0.0, 0.0, 0.0, 0.0, 0.0], [0.0001, 0.0001, 0.0012000000000000001, 0.0004, 0.0004, 0.0012000000000000001, 0.0, 0.0, 0.0, 0.0, 0.0, 0.0, 0.0, 0.0, 0.0, 0.0, 0.0, 0.0], [0.0, 0.0, 0.00030000000000000003, 0.0002, 0.0002, 0.00030000000000000003, 0.0, 0.0, 0.0, 0.0, 0.0, 0.0, 0.0, 0.0, 0.0, 0.0, 0.0, 0.0], [0.0, 0.0, 0.0001, 0.0001, 0.0001, 0.0001, 0.0, 0.0, 0.0, 0.0, 0.0, 0.0, 0.0, 0.0, 0.0, 0.0, 0.0, 0.0]]}}
bs_hinuma_efermi: 1.23907836
bs_latimer_munro_task_id: mp-2315635
bs_latimer_munro_band_gap: 0.994499999999999
bs_latimer_munro_cbm: {'band_index': {'1': [59]}, 'kpoint_index': [19], 'kpoint': <pymatgen.electronic_structure.bandstructure.Kpoint object at 0x7fc5d4b59d30>, 'energy': 2.1835, 'projections': {'1': [[0.0002, 0.0002, 0.0001, 0.0001, 0.0001, 0.0001, 0.0008, 0.0, 0.0, 0.0002, 0.0, 0.0, 0.0, 0.0, 0.0002, 0.0, 0.0, 0.0008], [0.0002, 0.0002, 0.0198, 0.0257, 0.0257, 0.0198, 0.0017000000000000001, 0.0001, 0.0, 0.0, 0.003, 0.0017000000000000001, 0.0017000000000000001, 0.003, 0.0, 0.0, 0.0001, 0.0017000000000000001], [0.0001, 0.0001, 0.0369, 0.054400000000000004, 0.054400000000000004, 0.0369, 0.0004, 0.0, 0.00030000000000000003, 0.0022, 0.0001, 0.00030000000000000003, 0.00030000000000000003, 0.0001, 0.0022, 0.00030000000000000003, 0.0, 0.0004], [0.0007, 0.0007, 0.057800000000000004, 0.056, 0.056, 0.057800000000000004, 0.0001, 0.0, 0.001, 0.0, 0.0, 0.0006000000000000001, 0.0006000000000000001, 0.0, 0.0, 0.001, 0.0, 0.0001], [0.0, 0.0, 0.0001, 0.00030000000000000003, 0.00030000000000000003, 0.0001, 0.0, 0.0, 0.0, 0.0, 0.0, 0.0, 0.0, 0.0, 0.0, 0.0, 0.0, 0.0], [0.0, 0.0, 0.0, 0.0001, 0.0001, 0.0, 0.0, 0.0, 0.0, 0.0, 0.0, 0.0, 0.0, 0.0, 0.0, 0.0, 0.0, 0.0], [0.0001, 0.0001, 0.0, 0.0004, 0.0004, 0.0, 0.0, 0.0, 0.0, 0.0, 0.0, 0.0, 0.0, 0.0, 0.0, 0.0, 0.0, 0.0], [0.0001, 0.0001, 0.0001, 0.0, 0.0, 0.0001, 0.0, 0.0, 0.0, 0.0, 0.0, 0.0, 0.0, 0.0, 0.0, 0.0, 0.0, 0.0], [0.0, 0.0, 0.0007, 0.0001, 0.0001, 0.0007, 0.0, 0.0, 0.0, 0.0, 0.0, 0.0, 0.0, 0.0, 0.0, 0.0, 0.0, 0.0]]}}
bs_latimer_munro_vbm: {'band_index': {'1': [58]}, 'kpoint_index': [56], 'kpoint': <pymatgen.electronic_structure.bandstructure.Kpoint object at 0x7fc5d4b5a190>, 'energy': 1.189, 'projections': {'1': [[0.0006000000000000001, 0.0006000000000000001, 0.0002, 0.0, 0.0, 0.0002, 0.0001, 0.0, 0.0005, 0.0, 0.0, 0.0, 0.0, 0.0, 0.0, 0.0005, 0.0, 0.0001], [0.0001, 0.0001, 0.014400000000000001, 0.0324, 0.0324, 0.014400000000000001, 0.0004, 0.0, 0.0001, 0.0002, 0.0024000000000000002, 0.0013000000000000002, 0.0013000000000000002, 0.0024000000000000002, 0.0002, 0.0001, 0.0, 0.0004], [0.0, 0.0, 0.0211, 0.0511, 0.0511, 0.0211, 0.0048000000000000004, 0.0, 0.0007, 0.00030000000000000003, 0.00030000000000000003, 0.00030000000000000003, 0.00030000000000000003, 0.00030000000000000003, 0.00030000000000000003, 0.0007, 0.0, 0.0048000000000000004], [0.0001, 0.0001, 0.0392, 0.0922, 0.0922, 0.0392, 0.0017000000000000001, 0.0004, 0.0026000000000000003, 0.00030000000000000003, 0.0, 0.0011, 0.0011, 0.0, 0.00030000000000000003, 0.0026000000000000003, 0.0004, 0.0017000000000000001], [0.0, 0.0, 0.00030000000000000003, 0.0004, 0.0004, 0.00030000000000000003, 0.0, 0.0, 0.0, 0.0, 0.0, 0.0, 0.0, 0.0, 0.0, 0.0, 0.0, 0.0], [0.0, 0.0, 0.0002, 0.0, 0.0, 0.0002, 0.0, 0.0, 0.0, 0.0, 0.0, 0.0, 0.0, 0.0, 0.0, 0.0, 0.0, 0.0], [0.0001, 0.0001, 0.0012000000000000001, 0.0004, 0.0004, 0.0012000000000000001, 0.0, 0.0, 0.0, 0.0, 0.0, 0.0, 0.0, 0.0, 0.0, 0.0, 0.0, 0.0], [0.0, 0.0, 0.00030000000000000003, 0.0002, 0.0002, 0.00030000000000000003, 0.0, 0.0, 0.0, 0.0, 0.0, 0.0, 0.0, 0.0, 0.0, 0.0, 0.0, 0.0], [0.0, 0.0, 0.0001, 0.0001, 0.0001, 0.0001, 0.0, 0.0, 0.0, 0.0, 0.0, 0.0, 0.0, 0.0, 0.0, 0.0, 0.0, 0.0]]}}
bs_latimer_munro_efermi: 1.24223408