material_id: mp-7249
band_gap: 2.7287
efermi: 2.11558013
dos_magnetic_ordering: NM
dos_total_task_id: mp-1705838
dos_total_band_gap: 2.7041999999999993
dos_total_cbm: 4.7822
dos_total_vbm: 2.078
dos_total_efermi: 2.08182745
bs_setyawan_curtarolo_task_id: mp-691987
bs_setyawan_curtarolo_band_gap: 2.7287
bs_setyawan_curtarolo_cbm: {'band_index': {'1': [59]}, 'kpoint_index': [0, 38, 39], 'kpoint': <pymatgen.electronic_structure.bandstructure.Kpoint object at 0x7fc699d63930>, 'energy': 4.7989, 'projections': {}}
bs_setyawan_curtarolo_vbm: {'band_index': {'1': [57, 58]}, 'kpoint_index': [48, 49, 87], 'kpoint': <pymatgen.electronic_structure.bandstructure.Kpoint object at 0x7fc5d4b5a3c0>, 'energy': 2.0702, 'projections': {}}
bs_setyawan_curtarolo_efermi: 2.11558013
bs_hinuma_task_id: mp-2182670
bs_hinuma_band_gap: 2.7269
bs_hinuma_cbm: {'band_index': {'1': [59]}, 'kpoint_index': [0, 38, 39], 'kpoint': <pymatgen.electronic_structure.bandstructure.Kpoint object at 0x7fc5d4b59c50>, 'energy': 4.7979, 'projections': {'1': [[0.0007, 0.0007, 0.0025, 0.0001, 0.0001, 0.0041, 0.0004, 0.0004, 0.0004, 0.0004, 0.0004, 0.0004, 0.0006000000000000001, 0.0006000000000000001, 0.0006000000000000001], [0.0, 0.0, 0.0, 0.0, 0.0, 0.0, 0.0057, 0.0014, 0.0014, 0.0014, 0.0014, 0.0057, 0.0, 0.0, 0.0], [0.0016, 0.0016, 0.0, 0.0013000000000000002, 0.0013000000000000002, 0.0, 0.012700000000000001, 0.012700000000000001, 0.012700000000000001, 0.012700000000000001, 0.012700000000000001, 0.012700000000000001, 0.0, 0.0, 0.0], [0.0, 0.0, 0.0, 0.0, 0.0, 0.0, 0.0, 0.0043, 0.0043, 0.0043, 0.0043, 0.0, 0.0, 0.0, 0.0], [0.0, 0.0, 0.0, 0.0, 0.0, 0.0, 0.0, 0.0, 0.0, 0.0, 0.0, 0.0, 0.0, 0.0, 0.0], [0.0, 0.0, 0.0, 0.0, 0.0, 0.0, 0.0, 0.0, 0.0, 0.0, 0.0, 0.0, 0.0, 0.0, 0.0], [0.011, 0.011, 0.0123, 0.3179, 0.3179, 0.0109, 0.0, 0.0, 0.0, 0.0, 0.0, 0.0, 0.0, 0.0, 0.0], [0.0, 0.0, 0.0, 0.0, 0.0, 0.0, 0.0, 0.0, 0.0, 0.0, 0.0, 0.0, 0.0, 0.0, 0.0], [0.0, 0.0, 0.0, 0.0, 0.0, 0.0, 0.0, 0.0, 0.0, 0.0, 0.0, 0.0, 0.0, 0.0, 0.0]]}}
bs_hinuma_vbm: {'band_index': {'1': [57, 58]}, 'kpoint_index': [48, 49, 87], 'kpoint': <pymatgen.electronic_structure.bandstructure.Kpoint object at 0x7fc5d4b5a430>, 'energy': 2.071, 'projections': {'1': [[0.0, 0.0, 0.0, 0.0, 0.0, 0.0, 0.0, 0.0, 0.0, 0.0, 0.0, 0.0, 0.0, 0.0, 0.0], [0.0001, 0.0001, 0.0005, 0.0014, 0.0014, 0.0, 0.0014, 0.0031000000000000003, 0.0085, 0.0085, 0.0031000000000000003, 0.0014, 0.049600000000000005, 0.0407, 0.053700000000000005], [0.0, 0.0, 0.0, 0.0, 0.0, 0.0, 0.038200000000000005, 0.07540000000000001, 0.0152, 0.0152, 0.07540000000000001, 0.038200000000000005, 0.059000000000000004, 0.0119, 0.029900000000000003], [0.0001, 0.0001, 0.0007, 0.0017000000000000001, 0.0017000000000000001, 0.0, 0.009000000000000001, 0.0016, 0.0053, 0.0053, 0.0016, 0.009000000000000001, 0.068, 0.058800000000000005, 0.0529], [0.0001, 0.0001, 0.0, 0.0001, 0.0001, 0.0028, 0.0, 0.0, 0.0, 0.0, 0.0, 0.0, 0.0, 0.0, 0.0], [0.0, 0.0, 0.0, 0.0001, 0.0001, 0.0034000000000000002, 0.0, 0.0, 0.0, 0.0, 0.0, 0.0, 0.0, 0.0, 0.0], [0.0, 0.0, 0.0, 0.0, 0.0, 0.0, 0.0, 0.0, 0.0, 0.0, 0.0, 0.0, 0.0, 0.0, 0.0], [0.0, 0.0, 0.0, 0.0001, 0.0001, 0.0043, 0.0, 0.0, 0.0, 0.0, 0.0, 0.0, 0.0, 0.0, 0.0], [0.0001, 0.0001, 0.0, 0.0001, 0.0001, 0.0022, 0.0, 0.0, 0.0, 0.0, 0.0, 0.0, 0.0, 0.0, 0.0]]}}
bs_hinuma_efermi: 2.24819737
bs_latimer_munro_task_id: mp-2446260
bs_latimer_munro_band_gap: 2.7269
bs_latimer_munro_cbm: {'band_index': {'1': [59]}, 'kpoint_index': [25, 26, 111, 112, 128], 'kpoint': <pymatgen.electronic_structure.bandstructure.Kpoint object at 0x7fc5d4b5a190>, 'energy': 4.7979, 'projections': {'1': [[0.0007, 0.0007, 0.0025, 0.0001, 0.0001, 0.0041, 0.0004, 0.0004, 0.0004, 0.0004, 0.0004, 0.0004, 0.0006000000000000001, 0.0006000000000000001, 0.0006000000000000001], [0.0, 0.0, 0.0, 0.0, 0.0, 0.0, 0.0057, 0.0014, 0.0014, 0.0014, 0.0014, 0.0057, 0.0, 0.0, 0.0], [0.0016, 0.0016, 0.0, 0.0013000000000000002, 0.0013000000000000002, 0.0, 0.012700000000000001, 0.012700000000000001, 0.012700000000000001, 0.012700000000000001, 0.012700000000000001, 0.012700000000000001, 0.0, 0.0, 0.0], [0.0, 0.0, 0.0, 0.0, 0.0, 0.0, 0.0, 0.0043, 0.0043, 0.0043, 0.0043, 0.0, 0.0, 0.0, 0.0], [0.0, 0.0, 0.0, 0.0, 0.0, 0.0, 0.0, 0.0, 0.0, 0.0, 0.0, 0.0, 0.0, 0.0, 0.0], [0.0, 0.0, 0.0, 0.0, 0.0, 0.0, 0.0, 0.0, 0.0, 0.0, 0.0, 0.0, 0.0, 0.0, 0.0], [0.011, 0.011, 0.0123, 0.3179, 0.3179, 0.0109, 0.0, 0.0, 0.0, 0.0, 0.0, 0.0, 0.0, 0.0, 0.0], [0.0, 0.0, 0.0, 0.0, 0.0, 0.0, 0.0, 0.0, 0.0, 0.0, 0.0, 0.0, 0.0, 0.0, 0.0], [0.0, 0.0, 0.0, 0.0, 0.0, 0.0, 0.0, 0.0, 0.0, 0.0, 0.0, 0.0, 0.0, 0.0, 0.0]]}}
bs_latimer_munro_vbm: {'band_index': {'1': [57, 58]}, 'kpoint_index': [87, 88, 102], 'kpoint': <pymatgen.electronic_structure.bandstructure.Kpoint object at 0x7fc5d4b59d30>, 'energy': 2.071, 'projections': {'1': [[0.0, 0.0, 0.0, 0.0, 0.0, 0.0, 0.0, 0.0, 0.0, 0.0, 0.0, 0.0, 0.0, 0.0, 0.0], [0.0, 0.0, 0.0, 0.0, 0.0, 0.0, 0.0, 0.0007, 0.0012000000000000001, 0.0012000000000000001, 0.0007, 0.0, 0.0009000000000000001, 0.0, 0.0002], [0.0, 0.0, 0.0, 0.0, 0.0, 0.0, 0.0002, 0.0675, 0.061200000000000004, 0.061200000000000004, 0.0675, 0.0002, 0.052700000000000004, 0.047900000000000005, 0.0001], [0.0002, 0.0002, 0.0012000000000000001, 0.0031000000000000003, 0.0031000000000000003, 0.0, 0.0162, 0.0053, 0.0056, 0.0056, 0.0053, 0.0162, 0.11420000000000001, 0.11320000000000001, 0.095], [0.0002, 0.0002, 0.0, 0.0002, 0.0002, 0.005, 0.0, 0.0, 0.0, 0.0, 0.0, 0.0, 0.0, 0.0, 0.0], [0.0, 0.0, 0.0, 0.0, 0.0, 0.0, 0.0, 0.0, 0.0, 0.0, 0.0, 0.0, 0.0, 0.0, 0.0], [0.0, 0.0, 0.0, 0.0, 0.0, 0.0, 0.0, 0.0, 0.0, 0.0, 0.0, 0.0, 0.0, 0.0, 0.0], [0.0, 0.0, 0.0, 0.0002, 0.0002, 0.0077, 0.0, 0.0, 0.0, 0.0, 0.0, 0.0, 0.0, 0.0, 0.0], [0.0, 0.0, 0.0, 0.0, 0.0, 0.0, 0.0, 0.0, 0.0, 0.0, 0.0, 0.0, 0.0, 0.0, 0.0]]}}
bs_latimer_munro_efermi: 2.24526699