material_id: mp-757203
band_gap: 5.6859
efermi: -0.54139511
dos_magnetic_ordering: NM
dos_total_task_id: mp-1765728
dos_total_band_gap: 5.6688
dos_total_cbm: 5.0834
dos_total_vbm: -0.5854
dos_total_efermi: -0.57973691
bs_setyawan_curtarolo_task_id: mp-1617287
bs_setyawan_curtarolo_band_gap: 5.6859
bs_setyawan_curtarolo_cbm: {'band_index': {'1': [70]}, 'kpoint_index': [0], 'kpoint': <pymatgen.electronic_structure.bandstructure.Kpoint object at 0x7fc699d63930>, 'energy': 5.0919, 'projections': {'1': [[0.0167, 0.0167, 0.013300000000000001, 0.013300000000000001, 0.0019, 0.0023, 0.0014, 0.002, 0.002, 0.0014, 0.0023, 0.0019, 0.0158, 0.0158, 0.0125, 0.0143, 0.013900000000000001, 0.011, 0.0115, 0.010700000000000001, 0.0134, 0.014400000000000001, 0.014400000000000001, 0.0134, 0.010700000000000001, 0.0115, 0.011, 0.013900000000000001, 0.0143, 0.0125], [0.0, 0.0, 0.0, 0.0, 0.0001, 0.0006000000000000001, 0.00030000000000000003, 0.0005, 0.0005, 0.00030000000000000003, 0.0006000000000000001, 0.0001, 0.0, 0.0, 0.0005, 0.0001, 0.0, 0.0026000000000000003, 0.0004, 0.0013000000000000002, 0.0014, 0.0, 0.0, 0.0014, 0.0013000000000000002, 0.0004, 0.0025, 0.0, 0.0001, 0.0005], [0.0, 0.0, 0.0, 0.0, 0.00030000000000000003, 0.0, 0.00030000000000000003, 0.0004, 0.0004, 0.00030000000000000003, 0.0, 0.00030000000000000003, 0.0005, 0.0005, 0.0005, 0.0019, 0.0001, 0.0007, 0.0022, 0.0012000000000000001, 0.0001, 0.0012000000000000001, 0.0012000000000000001, 0.0001, 0.0012000000000000001, 0.0022, 0.0007, 0.0001, 0.0019, 0.0005], [0.0, 0.0, 0.0, 0.0, 0.0005, 0.0005, 0.0005, 0.00030000000000000003, 0.00030000000000000003, 0.0005, 0.0005, 0.0005, 0.0, 0.0, 0.0008, 0.0, 0.0008, 0.0001, 0.0001, 0.0, 0.0027, 0.001, 0.001, 0.0027, 0.0, 0.0001, 0.0001, 0.0008, 0.0, 0.0008], [0.0, 0.0, 0.0, 0.0, 0.0, 0.0, 0.0, 0.0, 0.0, 0.0, 0.0, 0.0, 0.0, 0.0, 0.0, 0.0, 0.0, 0.0, 0.0, 0.0, 0.0, 0.0, 0.0, 0.0, 0.0, 0.0, 0.0, 0.0, 0.0, 0.0], [0.0, 0.0, 0.0, 0.0, 0.0, 0.0, 0.0, 0.0, 0.0, 0.0, 0.0, 0.0, 0.0, 0.0, 0.0, 0.0, 0.0, 0.0, 0.0, 0.0, 0.0, 0.0, 0.0, 0.0, 0.0, 0.0, 0.0, 0.0, 0.0, 0.0], [0.0, 0.0, 0.0, 0.0, 0.0, 0.0, 0.0, 0.0, 0.0, 0.0, 0.0, 0.0, 0.0, 0.0, 0.0, 0.0, 0.0, 0.0, 0.0, 0.0, 0.0, 0.0, 0.0, 0.0, 0.0, 0.0, 0.0, 0.0, 0.0, 0.0], [0.0, 0.0, 0.0, 0.0, 0.0, 0.0, 0.0, 0.0, 0.0, 0.0, 0.0, 0.0, 0.0, 0.0, 0.0, 0.0, 0.0, 0.0, 0.0, 0.0, 0.0, 0.0, 0.0, 0.0, 0.0, 0.0, 0.0, 0.0, 0.0, 0.0], [0.0, 0.0, 0.0, 0.0, 0.0, 0.0, 0.0, 0.0, 0.0, 0.0, 0.0, 0.0, 0.0, 0.0, 0.0, 0.0, 0.0, 0.0, 0.0, 0.0, 0.0, 0.0, 0.0, 0.0, 0.0, 0.0, 0.0, 0.0, 0.0, 0.0]]}}
bs_setyawan_curtarolo_vbm: {'band_index': {'1': [69]}, 'kpoint_index': [0], 'kpoint': <pymatgen.electronic_structure.bandstructure.Kpoint object at 0x7fc5d4b5a430>, 'energy': -0.594, 'projections': {'1': [[0.0005, 0.0005, 0.0, 0.0, 0.0, 0.0, 0.0, 0.00030000000000000003, 0.00030000000000000003, 0.0, 0.0, 0.0, 0.0, 0.0, 0.0, 0.0, 0.0, 0.0001, 0.0, 0.0001, 0.0001, 0.0, 0.0, 0.0001, 0.0001, 0.0, 0.0001, 0.0, 0.0, 0.0], [0.0, 0.0, 0.0, 0.0, 0.0, 0.0011, 0.0006000000000000001, 0.0001, 0.0001, 0.0006000000000000001, 0.0011, 0.0, 0.0, 0.0, 0.0, 0.00030000000000000003, 0.013300000000000001, 0.0213, 0.0021000000000000003, 0.0558, 0.0041, 0.0748, 0.0748, 0.0041, 0.0558, 0.0021000000000000003, 0.0213, 0.013300000000000001, 0.00030000000000000003, 0.0], [0.0, 0.0, 0.0, 0.0, 0.0, 0.0, 0.0005, 0.0001, 0.0001, 0.0005, 0.0, 0.0, 0.0001, 0.0001, 0.0005, 0.0045000000000000005, 0.0122, 0.088, 0.0022, 0.055, 0.0001, 0.002, 0.002, 0.0001, 0.055, 0.0022, 0.088, 0.0122, 0.0045000000000000005, 0.0005], [0.0, 0.0, 0.0, 0.0, 0.0, 0.0001, 0.0002, 0.0, 0.0, 0.0002, 0.0001, 0.0, 0.0, 0.0, 0.0001, 0.016300000000000002, 0.0, 0.0064, 0.013900000000000001, 0.006200000000000001, 0.0001, 0.00030000000000000003, 0.00030000000000000003, 0.0001, 0.006200000000000001, 0.013900000000000001, 0.0064, 0.0, 0.016300000000000002, 0.0001], [0.0, 0.0, 0.0, 0.0, 0.0, 0.0, 0.0, 0.0, 0.0, 0.0, 0.0, 0.0, 0.0, 0.0, 0.0, 0.0, 0.0, 0.0, 0.0, 0.0, 0.0, 0.0, 0.0, 0.0, 0.0, 0.0, 0.0, 0.0, 0.0, 0.0], [0.0, 0.0, 0.0, 0.0, 0.0, 0.0, 0.0, 0.0, 0.0, 0.0, 0.0, 0.0, 0.0, 0.0, 0.0, 0.0, 0.0, 0.0, 0.0, 0.0, 0.0, 0.0, 0.0, 0.0, 0.0, 0.0, 0.0, 0.0, 0.0, 0.0], [0.0, 0.0, 0.0, 0.0, 0.0, 0.0, 0.0, 0.0, 0.0, 0.0, 0.0, 0.0, 0.0, 0.0, 0.0, 0.0, 0.0, 0.0, 0.0, 0.0, 0.0, 0.0, 0.0, 0.0, 0.0, 0.0, 0.0, 0.0, 0.0, 0.0], [0.0, 0.0, 0.0, 0.0, 0.0, 0.0, 0.0, 0.0, 0.0, 0.0, 0.0, 0.0, 0.0, 0.0, 0.0, 0.0, 0.0, 0.0, 0.0, 0.0, 0.0, 0.0, 0.0, 0.0, 0.0, 0.0, 0.0, 0.0, 0.0, 0.0], [0.0, 0.0, 0.0, 0.0, 0.0, 0.0, 0.0, 0.0, 0.0, 0.0, 0.0, 0.0, 0.0, 0.0, 0.0, 0.0, 0.0, 0.0, 0.0, 0.0, 0.0, 0.0, 0.0, 0.0, 0.0, 0.0, 0.0, 0.0, 0.0, 0.0]]}}
bs_setyawan_curtarolo_efermi: -0.54139511
bs_latimer_munro_task_id: mp-2337343
bs_latimer_munro_band_gap: 5.6859
bs_latimer_munro_cbm: {'band_index': {'1': [70]}, 'kpoint_index': [137, 138, 153, 167, 182, 191, 204], 'kpoint': <pymatgen.electronic_structure.bandstructure.Kpoint object at 0x7fc5d4b5a3c0>, 'energy': 5.0919, 'projections': {'1': [[0.0167, 0.0167, 0.013300000000000001, 0.013300000000000001, 0.0019, 0.0023, 0.0014, 0.002, 0.002, 0.0014, 0.0023, 0.0019, 0.0158, 0.0158, 0.0125, 0.0143, 0.013900000000000001, 0.011, 0.0115, 0.010700000000000001, 0.0134, 0.014400000000000001, 0.014400000000000001, 0.0134, 0.010700000000000001, 0.0115, 0.011, 0.013900000000000001, 0.0143, 0.0125], [0.0, 0.0, 0.0, 0.0, 0.0001, 0.0006000000000000001, 0.00030000000000000003, 0.0005, 0.0005, 0.00030000000000000003, 0.0006000000000000001, 0.0001, 0.0, 0.0, 0.0005, 0.0001, 0.0, 0.0025, 0.0004, 0.0013000000000000002, 0.0014, 0.0, 0.0, 0.0014, 0.0013000000000000002, 0.0004, 0.0025, 0.0, 0.0001, 0.0005], [0.0, 0.0, 0.0, 0.0, 0.00030000000000000003, 0.0, 0.00030000000000000003, 0.0004, 0.0004, 0.00030000000000000003, 0.0, 0.00030000000000000003, 0.0005, 0.0005, 0.0005, 0.0019, 0.0001, 0.0007, 0.0022, 0.0012000000000000001, 0.0001, 0.0012000000000000001, 0.0012000000000000001, 0.0001, 0.0012000000000000001, 0.0022, 0.0007, 0.0001, 0.0019, 0.0005], [0.0, 0.0, 0.0, 0.0, 0.0005, 0.0005, 0.0005, 0.00030000000000000003, 0.00030000000000000003, 0.0005, 0.0005, 0.0005, 0.0, 0.0, 0.0008, 0.0, 0.0008, 0.0001, 0.0001, 0.0, 0.0027, 0.001, 0.001, 0.0027, 0.0, 0.0001, 0.0001, 0.0008, 0.0, 0.0008], [0.0, 0.0, 0.0, 0.0, 0.0, 0.0, 0.0, 0.0, 0.0, 0.0, 0.0, 0.0, 0.0, 0.0, 0.0, 0.0, 0.0, 0.0, 0.0, 0.0, 0.0, 0.0, 0.0, 0.0, 0.0, 0.0, 0.0, 0.0, 0.0, 0.0], [0.0, 0.0, 0.0, 0.0, 0.0, 0.0, 0.0, 0.0, 0.0, 0.0, 0.0, 0.0, 0.0, 0.0, 0.0, 0.0, 0.0, 0.0, 0.0, 0.0, 0.0, 0.0, 0.0, 0.0, 0.0, 0.0, 0.0, 0.0, 0.0, 0.0], [0.0, 0.0, 0.0, 0.0, 0.0, 0.0, 0.0, 0.0, 0.0, 0.0, 0.0, 0.0, 0.0, 0.0, 0.0, 0.0, 0.0, 0.0, 0.0, 0.0, 0.0, 0.0, 0.0, 0.0, 0.0, 0.0, 0.0, 0.0, 0.0, 0.0], [0.0, 0.0, 0.0, 0.0, 0.0, 0.0, 0.0, 0.0, 0.0, 0.0, 0.0, 0.0, 0.0, 0.0, 0.0, 0.0, 0.0, 0.0, 0.0, 0.0, 0.0, 0.0, 0.0, 0.0, 0.0, 0.0, 0.0, 0.0, 0.0, 0.0], [0.0, 0.0, 0.0, 0.0, 0.0, 0.0, 0.0, 0.0, 0.0, 0.0, 0.0, 0.0, 0.0, 0.0, 0.0, 0.0, 0.0, 0.0, 0.0, 0.0, 0.0, 0.0, 0.0, 0.0, 0.0, 0.0, 0.0, 0.0, 0.0, 0.0]]}}
bs_latimer_munro_vbm: {'band_index': {'1': [69]}, 'kpoint_index': [137, 138, 153, 167, 182, 191, 204], 'kpoint': <pymatgen.electronic_structure.bandstructure.Kpoint object at 0x7fc5d4b59be0>, 'energy': -0.594, 'projections': {'1': [[0.0005, 0.0005, 0.0, 0.0, 0.0, 0.0, 0.0, 0.00030000000000000003, 0.00030000000000000003, 0.0, 0.0, 0.0, 0.0, 0.0, 0.0, 0.0, 0.0, 0.0001, 0.0, 0.0001, 0.0001, 0.0, 0.0, 0.0001, 0.0001, 0.0, 0.0001, 0.0, 0.0, 0.0], [0.0, 0.0, 0.0, 0.0, 0.0, 0.0011, 0.0006000000000000001, 0.0001, 0.0001, 0.0006000000000000001, 0.0011, 0.0, 0.0, 0.0, 0.0, 0.00030000000000000003, 0.013300000000000001, 0.0213, 0.0021000000000000003, 0.0558, 0.0041, 0.0748, 0.0748, 0.0041, 0.0558, 0.0021000000000000003, 0.0213, 0.013300000000000001, 0.00030000000000000003, 0.0], [0.0, 0.0, 0.0, 0.0, 0.0, 0.0, 0.0005, 0.0001, 0.0001, 0.0005, 0.0, 0.0, 0.0001, 0.0001, 0.0005, 0.0045000000000000005, 0.0122, 0.088, 0.0022, 0.055, 0.0001, 0.002, 0.002, 0.0001, 0.055, 0.0022, 0.088, 0.0122, 0.0045000000000000005, 0.0005], [0.0, 0.0, 0.0, 0.0, 0.0, 0.0001, 0.0002, 0.0, 0.0, 0.0002, 0.0001, 0.0, 0.0, 0.0, 0.0001, 0.016300000000000002, 0.0, 0.0064, 0.013900000000000001, 0.006200000000000001, 0.0001, 0.00030000000000000003, 0.00030000000000000003, 0.0001, 0.006200000000000001, 0.013900000000000001, 0.0064, 0.0, 0.016300000000000002, 0.0001], [0.0, 0.0, 0.0, 0.0, 0.0, 0.0, 0.0, 0.0, 0.0, 0.0, 0.0, 0.0, 0.0, 0.0, 0.0, 0.0, 0.0, 0.0, 0.0, 0.0, 0.0, 0.0, 0.0, 0.0, 0.0, 0.0, 0.0, 0.0, 0.0, 0.0], [0.0, 0.0, 0.0, 0.0, 0.0, 0.0, 0.0, 0.0, 0.0, 0.0, 0.0, 0.0, 0.0, 0.0, 0.0, 0.0, 0.0, 0.0, 0.0, 0.0, 0.0, 0.0, 0.0, 0.0, 0.0, 0.0, 0.0, 0.0, 0.0, 0.0], [0.0, 0.0, 0.0, 0.0, 0.0, 0.0, 0.0, 0.0, 0.0, 0.0, 0.0, 0.0, 0.0, 0.0, 0.0, 0.0, 0.0, 0.0, 0.0, 0.0, 0.0, 0.0, 0.0, 0.0, 0.0, 0.0, 0.0, 0.0, 0.0, 0.0], [0.0, 0.0, 0.0, 0.0, 0.0, 0.0, 0.0, 0.0, 0.0, 0.0, 0.0, 0.0, 0.0, 0.0, 0.0, 0.0, 0.0, 0.0, 0.0, 0.0, 0.0, 0.0, 0.0, 0.0, 0.0, 0.0, 0.0, 0.0, 0.0, 0.0], [0.0, 0.0, 0.0, 0.0, 0.0, 0.0, 0.0, 0.0, 0.0, 0.0, 0.0, 0.0, 0.0, 0.0, 0.0, 0.0, 0.0, 0.0, 0.0, 0.0, 0.0, 0.0, 0.0, 0.0, 0.0, 0.0, 0.0, 0.0, 0.0, 0.0]]}}
bs_latimer_munro_efermi: -0.51359506