material_id: mp-773064
band_gap: 0.209399999999999
efermi: 4.22652687
dos_magnetic_ordering: NM
dos_total_task_id: mp-1742483
dos_total_band_gap: 0.19709999999999903
dos_total_cbm: 4.3223
dos_total_vbm: 4.1252
dos_total_efermi: 4.12765051
bs_setyawan_curtarolo_task_id: mp-1655114
bs_setyawan_curtarolo_band_gap: 0.209399999999999
bs_setyawan_curtarolo_cbm: {'band_index': {'1': [50]}, 'kpoint_index': ['320'], 'kpoint': <pymatgen.electronic_structure.bandstructure.Kpoint object at 0x7fc699d63930>, 'energy': 4.3103, 'projections': {'1': [[0.0004, 0.0004, 0.0001, 0.0001, 0.00030000000000000003, 0.0028, 0.00030000000000000003, 0.0028, 0.00030000000000000003, 0.0028, 0.00030000000000000003, 0.0028], [0.0, 0.0, 0.0, 0.0, 0.0, 0.001, 0.0, 0.0, 0.0, 0.0, 0.0, 0.001], [0.0019, 0.0019, 0.0001, 0.0001, 0.0021000000000000003, 0.0123, 0.0021000000000000003, 0.0123, 0.0021000000000000003, 0.0123, 0.0021000000000000003, 0.0123], [0.0, 0.0, 0.0, 0.0, 0.0, 0.0, 0.0, 0.001, 0.0, 0.001, 0.0, 0.0], [0.0, 0.0, 0.0, 0.0, 0.0, 0.0, 0.0, 0.0, 0.0, 0.0, 0.0, 0.0], [0.0, 0.0, 0.0, 0.0, 0.0, 0.0, 0.0, 0.0, 0.0, 0.0, 0.0, 0.0], [0.2832, 0.2832, 0.0565, 0.0565, 0.0, 0.0, 0.0, 0.0, 0.0, 0.0, 0.0, 0.0], [0.0, 0.0, 0.0, 0.0, 0.0, 0.0, 0.0, 0.0, 0.0, 0.0, 0.0, 0.0], [0.0291, 0.0291, 0.0531, 0.053, 0.0, 0.0, 0.0, 0.0, 0.0, 0.0, 0.0, 0.0]]}}
bs_setyawan_curtarolo_vbm: {'band_index': {'1': [49]}, 'kpoint_index': ['305'], 'kpoint': <pymatgen.electronic_structure.bandstructure.Kpoint object at 0x7fc5d4b59c50>, 'energy': 4.1009, 'projections': {'1': [[0.0, 0.0, 0.0, 0.0, 0.0, 0.0, 0.0, 0.0, 0.0, 0.0, 0.0, 0.0], [0.0, 0.0, 0.0, 0.0, 0.0, 0.0, 0.029400000000000003, 0.0582, 0.029400000000000003, 0.0582, 0.0, 0.0], [0.0, 0.0, 0.0, 0.0, 0.0, 0.0, 0.0, 0.0, 0.0, 0.0, 0.0, 0.0], [0.0, 0.0, 0.0, 0.0, 0.029400000000000003, 0.0582, 0.0, 0.0, 0.0, 0.0, 0.029400000000000003, 0.0582], [0.0031000000000000003, 0.0031000000000000003, 0.2684, 0.2685, 0.0, 0.0, 0.0, 0.0, 0.0, 0.0, 0.0, 0.0], [0.0, 0.0, 0.0, 0.0, 0.0, 0.0, 0.0, 0.0, 0.0, 0.0, 0.0, 0.0], [0.0, 0.0, 0.0, 0.0, 0.0, 0.0, 0.0, 0.0, 0.0, 0.0, 0.0, 0.0], [0.0, 0.0, 0.0, 0.0, 0.0, 0.0, 0.0, 0.0, 0.0, 0.0, 0.0, 0.0], [0.0, 0.0, 0.0, 0.0, 0.0, 0.0, 0.0, 0.0, 0.0, 0.0, 0.0, 0.0]]}}
bs_setyawan_curtarolo_efermi: 4.22652687
bs_hinuma_task_id: mp-2098721
bs_hinuma_band_gap: 0.209399999999999
bs_hinuma_cbm: {'band_index': {'1': [50]}, 'kpoint_index': ['320'], 'kpoint': <pymatgen.electronic_structure.bandstructure.Kpoint object at 0x7fc5d4b59d30>, 'energy': 4.3103, 'projections': {'1': [[0.0004, 0.0004, 0.0001, 0.0001, 0.00030000000000000003, 0.0028, 0.00030000000000000003, 0.0028, 0.00030000000000000003, 0.0028, 0.00030000000000000003, 0.0028], [0.0, 0.0, 0.0, 0.0, 0.0, 0.001, 0.0, 0.0, 0.0, 0.0, 0.0, 0.001], [0.0019, 0.0019, 0.0001, 0.0001, 0.0021000000000000003, 0.0123, 0.0021000000000000003, 0.0123, 0.0021000000000000003, 0.0123, 0.0021000000000000003, 0.0123], [0.0, 0.0, 0.0, 0.0, 0.0, 0.0, 0.0, 0.001, 0.0, 0.001, 0.0, 0.0], [0.0, 0.0, 0.0, 0.0, 0.0, 0.0, 0.0, 0.0, 0.0, 0.0, 0.0, 0.0], [0.0, 0.0, 0.0, 0.0, 0.0, 0.0, 0.0, 0.0, 0.0, 0.0, 0.0, 0.0], [0.2832, 0.2832, 0.0565, 0.0565, 0.0, 0.0, 0.0, 0.0, 0.0, 0.0, 0.0, 0.0], [0.0, 0.0, 0.0, 0.0, 0.0, 0.0, 0.0, 0.0, 0.0, 0.0, 0.0, 0.0], [0.0291, 0.0291, 0.053, 0.053, 0.0, 0.0, 0.0, 0.0, 0.0, 0.0, 0.0, 0.0]]}}
bs_hinuma_vbm: {'band_index': {'1': [49]}, 'kpoint_index': ['305'], 'kpoint': <pymatgen.electronic_structure.bandstructure.Kpoint object at 0x7fc5d4b5a430>, 'energy': 4.1009, 'projections': {'1': [[0.0, 0.0, 0.0, 0.0, 0.0, 0.0, 0.0, 0.0, 0.0, 0.0, 0.0, 0.0], [0.0, 0.0, 0.0, 0.0, 0.0, 0.0, 0.029400000000000003, 0.0582, 0.029400000000000003, 0.0582, 0.0, 0.0], [0.0, 0.0, 0.0, 0.0, 0.0, 0.0, 0.0, 0.0, 0.0, 0.0, 0.0, 0.0], [0.0, 0.0, 0.0, 0.0, 0.029400000000000003, 0.0582, 0.0, 0.0, 0.0, 0.0, 0.029400000000000003, 0.0582], [0.0031000000000000003, 0.0031000000000000003, 0.2685, 0.2685, 0.0, 0.0, 0.0, 0.0, 0.0, 0.0, 0.0, 0.0], [0.0, 0.0, 0.0, 0.0, 0.0, 0.0, 0.0, 0.0, 0.0, 0.0, 0.0, 0.0], [0.0, 0.0, 0.0, 0.0, 0.0, 0.0, 0.0, 0.0, 0.0, 0.0, 0.0, 0.0], [0.0, 0.0, 0.0, 0.0, 0.0, 0.0, 0.0, 0.0, 0.0, 0.0, 0.0, 0.0], [0.0, 0.0, 0.0, 0.0, 0.0, 0.0, 0.0, 0.0, 0.0, 0.0, 0.0, 0.0]]}}
bs_hinuma_efermi: 4.16263335