material_id: mp-8515
band_gap: 2.032
efermi: 2.878633149999999
dos_magnetic_ordering: NM
dos_total_task_id: mp-1708652
dos_total_band_gap: 2.1779
dos_total_cbm: 5.2201
dos_total_vbm: 3.0422
dos_total_efermi: 3.0498426
bs_setyawan_curtarolo_task_id: mp-1602798
bs_setyawan_curtarolo_band_gap: 2.032
bs_setyawan_curtarolo_cbm: {'band_index': {'1': [72]}, 'kpoint_index': ['77'], 'kpoint': <pymatgen.electronic_structure.bandstructure.Kpoint object at 0x7fc699d63930>, 'energy': 4.7455, 'projections': {'1': [[0.0, 0.0, 0.0102, 0.0002, 0.0002, 0.0102, 0.0, 0.0, 0.0, 0.0, 0.0079, 0.0079, 0.00030000000000000003, 0.00030000000000000003, 0.0079, 0.00030000000000000003, 0.0079, 0.00030000000000000003], [0.0, 0.0, 0.0022, 0.0001, 0.0001, 0.0022, 0.0, 0.0, 0.0001, 0.0001, 0.022500000000000003, 0.022500000000000003, 0.0012000000000000001, 0.0012000000000000001, 0.022500000000000003, 0.0012000000000000001, 0.022500000000000003, 0.0012000000000000001], [0.0002, 0.0002, 0.0, 0.0, 0.0, 0.0, 0.0, 0.0, 0.0, 0.0, 0.026600000000000002, 0.026600000000000002, 0.0009000000000000001, 0.0009000000000000001, 0.026600000000000002, 0.0009000000000000001, 0.026600000000000002, 0.0009000000000000001], [0.0, 0.0, 0.0022, 0.0001, 0.0001, 0.0022, 0.0, 0.0, 0.0001, 0.0001, 0.022500000000000003, 0.022500000000000003, 0.0012000000000000001, 0.0012000000000000001, 0.022500000000000003, 0.0012000000000000001, 0.022500000000000003, 0.0012000000000000001], [0.0, 0.0, 0.0317, 0.001, 0.001, 0.0317, 0.0, 0.0, 0.0, 0.0, 0.0, 0.0, 0.0, 0.0, 0.0, 0.0, 0.0, 0.0], [0.0007, 0.00030000000000000003, 0.0, 0.0, 0.0, 0.0, 0.22190000000000001, 0.0005, 0.0, 0.0, 0.0, 0.0, 0.0, 0.0, 0.0, 0.0, 0.0, 0.0], [0.0, 0.0, 0.0002, 0.002, 0.002, 0.0002, 0.0, 0.0, 0.0, 0.0, 0.0, 0.0, 0.0, 0.0, 0.0, 0.0, 0.0, 0.0], [0.00030000000000000003, 0.0007, 0.0, 0.0, 0.0, 0.0, 0.22190000000000001, 0.0005, 0.0, 0.0, 0.0, 0.0, 0.0, 0.0, 0.0, 0.0, 0.0, 0.0], [0.0, 0.0, 0.0, 0.004200000000000001, 0.004200000000000001, 0.0, 0.0, 0.0, 0.0, 0.0, 0.0, 0.0, 0.0, 0.0, 0.0, 0.0, 0.0, 0.0]]}}
bs_setyawan_curtarolo_vbm: {'band_index': {'1': [71]}, 'kpoint_index': [48, 49, 85], 'kpoint': <pymatgen.electronic_structure.bandstructure.Kpoint object at 0x7fc5d4b59c50>, 'energy': 2.7135, 'projections': {'1': [[0.0, 0.0, 0.0, 0.0, 0.0, 0.0, 0.0, 0.0, 0.0, 0.0, 0.0, 0.0, 0.0, 0.0, 0.0, 0.0, 0.0, 0.0], [0.0, 0.0, 0.0, 0.0, 0.0, 0.0, 0.0, 0.0, 0.0, 0.0, 0.0179, 0.0179, 0.0179, 0.0179, 0.0179, 0.0179, 0.0179, 0.0179], [0.0, 0.0, 0.0, 0.0, 0.0, 0.0, 0.0, 0.0, 0.1595, 0.1595, 0.0, 0.0, 0.0, 0.0, 0.0, 0.0, 0.0, 0.0], [0.0, 0.0, 0.0, 0.0, 0.0, 0.0, 0.0, 0.0, 0.0, 0.0, 0.0179, 0.0179, 0.0179, 0.0179, 0.0179, 0.0179, 0.0179, 0.0179], [0.0, 0.0, 0.0, 0.0, 0.0, 0.0, 0.0, 0.0, 0.0, 0.0, 0.0, 0.0, 0.0, 0.0, 0.0, 0.0, 0.0, 0.0], [0.0, 0.0, 0.0006000000000000001, 0.0006000000000000001, 0.0006000000000000001, 0.0006000000000000001, 0.0, 0.0, 0.0, 0.0, 0.0, 0.0, 0.0, 0.0, 0.0, 0.0, 0.0, 0.0], [0.007200000000000001, 0.007200000000000001, 0.0, 0.0, 0.0, 0.0, 0.0, 0.0, 0.0, 0.0, 0.0, 0.0, 0.0, 0.0, 0.0, 0.0, 0.0, 0.0], [0.0, 0.0, 0.0006000000000000001, 0.0006000000000000001, 0.0006000000000000001, 0.0006000000000000001, 0.0, 0.0, 0.0, 0.0, 0.0, 0.0, 0.0, 0.0, 0.0, 0.0, 0.0, 0.0], [0.0, 0.0, 0.0, 0.0, 0.0, 0.0, 0.0767, 0.0767, 0.0, 0.0, 0.0, 0.0, 0.0, 0.0, 0.0, 0.0, 0.0, 0.0]]}}
bs_setyawan_curtarolo_efermi: 2.878633149999999
bs_hinuma_task_id: mp-2136621
bs_hinuma_band_gap: 2.032
bs_hinuma_cbm: {'band_index': {'1': [72]}, 'kpoint_index': ['77'], 'kpoint': <pymatgen.electronic_structure.bandstructure.Kpoint object at 0x7fc5d4b59e80>, 'energy': 4.7455, 'projections': {'1': [[0.0, 0.0, 0.0102, 0.0002, 0.0002, 0.0102, 0.0, 0.0, 0.0, 0.0, 0.0079, 0.0079, 0.00030000000000000003, 0.00030000000000000003, 0.0079, 0.00030000000000000003, 0.0079, 0.00030000000000000003], [0.0, 0.0, 0.0022, 0.0001, 0.0001, 0.0022, 0.0, 0.0, 0.0001, 0.0001, 0.022500000000000003, 0.022500000000000003, 0.0012000000000000001, 0.0012000000000000001, 0.022500000000000003, 0.0012000000000000001, 0.022500000000000003, 0.0012000000000000001], [0.0002, 0.0002, 0.0, 0.0, 0.0, 0.0, 0.0, 0.0, 0.0, 0.0, 0.026600000000000002, 0.026600000000000002, 0.0009000000000000001, 0.0009000000000000001, 0.026600000000000002, 0.0009000000000000001, 0.026600000000000002, 0.0009000000000000001], [0.0, 0.0, 0.0022, 0.0001, 0.0001, 0.0022, 0.0, 0.0, 0.0001, 0.0001, 0.022500000000000003, 0.022500000000000003, 0.0012000000000000001, 0.0012000000000000001, 0.022500000000000003, 0.0012000000000000001, 0.022500000000000003, 0.0012000000000000001], [0.0, 0.0, 0.0317, 0.001, 0.001, 0.0317, 0.0, 0.0, 0.0, 0.0, 0.0, 0.0, 0.0, 0.0, 0.0, 0.0, 0.0, 0.0], [0.0007, 0.00030000000000000003, 0.0, 0.0, 0.0, 0.0, 0.22190000000000001, 0.0005, 0.0, 0.0, 0.0, 0.0, 0.0, 0.0, 0.0, 0.0, 0.0, 0.0], [0.0, 0.0, 0.0002, 0.002, 0.002, 0.0002, 0.0, 0.0, 0.0, 0.0, 0.0, 0.0, 0.0, 0.0, 0.0, 0.0, 0.0, 0.0], [0.00030000000000000003, 0.0007, 0.0, 0.0, 0.0, 0.0, 0.22190000000000001, 0.0005, 0.0, 0.0, 0.0, 0.0, 0.0, 0.0, 0.0, 0.0, 0.0, 0.0], [0.0, 0.0, 0.0, 0.004200000000000001, 0.004200000000000001, 0.0, 0.0, 0.0, 0.0, 0.0, 0.0, 0.0, 0.0, 0.0, 0.0, 0.0, 0.0, 0.0]]}}
bs_hinuma_vbm: {'band_index': {'1': [71]}, 'kpoint_index': [48, 49, 85], 'kpoint': <pymatgen.electronic_structure.bandstructure.Kpoint object at 0x7fc5d4b5a430>, 'energy': 2.7135, 'projections': {'1': [[0.0, 0.0, 0.0, 0.0, 0.0, 0.0, 0.0, 0.0, 0.0, 0.0, 0.0, 0.0, 0.0, 0.0, 0.0, 0.0, 0.0, 0.0], [0.0, 0.0, 0.0, 0.0, 0.0, 0.0, 0.0, 0.0, 0.0, 0.0, 0.0179, 0.0179, 0.0179, 0.0179, 0.0179, 0.0179, 0.0179, 0.0179], [0.0, 0.0, 0.0, 0.0, 0.0, 0.0, 0.0, 0.0, 0.1595, 0.1595, 0.0, 0.0, 0.0, 0.0, 0.0, 0.0, 0.0, 0.0], [0.0, 0.0, 0.0, 0.0, 0.0, 0.0, 0.0, 0.0, 0.0, 0.0, 0.0179, 0.0179, 0.0179, 0.0179, 0.0179, 0.0179, 0.0179, 0.0179], [0.0, 0.0, 0.0, 0.0, 0.0, 0.0, 0.0, 0.0, 0.0, 0.0, 0.0, 0.0, 0.0, 0.0, 0.0, 0.0, 0.0, 0.0], [0.0, 0.0, 0.0006000000000000001, 0.0006000000000000001, 0.0006000000000000001, 0.0006000000000000001, 0.0, 0.0, 0.0, 0.0, 0.0, 0.0, 0.0, 0.0, 0.0, 0.0, 0.0, 0.0], [0.007200000000000001, 0.007200000000000001, 0.0, 0.0, 0.0, 0.0, 0.0, 0.0, 0.0, 0.0, 0.0, 0.0, 0.0, 0.0, 0.0, 0.0, 0.0, 0.0], [0.0, 0.0, 0.0006000000000000001, 0.0006000000000000001, 0.0006000000000000001, 0.0006000000000000001, 0.0, 0.0, 0.0, 0.0, 0.0, 0.0, 0.0, 0.0, 0.0, 0.0, 0.0, 0.0], [0.0, 0.0, 0.0, 0.0, 0.0, 0.0, 0.0767, 0.0767, 0.0, 0.0, 0.0, 0.0, 0.0, 0.0, 0.0, 0.0, 0.0, 0.0]]}}
bs_hinuma_efermi: 2.878633149999999
bs_latimer_munro_task_id: mp-2611211
bs_latimer_munro_band_gap: 2.032
bs_latimer_munro_cbm: {'band_index': {'1': [72]}, 'kpoint_index': ['51'], 'kpoint': <pymatgen.electronic_structure.bandstructure.Kpoint object at 0x7fc5d4b5a200>, 'energy': 4.7455, 'projections': {'1': [[0.0, 0.0, 0.0102, 0.0002, 0.0002, 0.0102, 0.0, 0.0, 0.0, 0.0, 0.0079, 0.0079, 0.00030000000000000003, 0.00030000000000000003, 0.0079, 0.00030000000000000003, 0.0079, 0.00030000000000000003], [0.0, 0.0, 0.0022, 0.0001, 0.0001, 0.0022, 0.0, 0.0, 0.0001, 0.0001, 0.022500000000000003, 0.022500000000000003, 0.0012000000000000001, 0.0012000000000000001, 0.022500000000000003, 0.0012000000000000001, 0.022500000000000003, 0.0012000000000000001], [0.0002, 0.0002, 0.0, 0.0, 0.0, 0.0, 0.0, 0.0, 0.0, 0.0, 0.026600000000000002, 0.026600000000000002, 0.0009000000000000001, 0.0009000000000000001, 0.026600000000000002, 0.0009000000000000001, 0.026600000000000002, 0.0009000000000000001], [0.0, 0.0, 0.0022, 0.0001, 0.0001, 0.0022, 0.0, 0.0, 0.0001, 0.0001, 0.022500000000000003, 0.022500000000000003, 0.0012000000000000001, 0.0012000000000000001, 0.022500000000000003, 0.0012000000000000001, 0.022500000000000003, 0.0012000000000000001], [0.0, 0.0, 0.0317, 0.001, 0.001, 0.0317, 0.0, 0.0, 0.0, 0.0, 0.0, 0.0, 0.0, 0.0, 0.0, 0.0, 0.0, 0.0], [0.0007, 0.00030000000000000003, 0.0, 0.0, 0.0, 0.0, 0.22190000000000001, 0.0005, 0.0, 0.0, 0.0, 0.0, 0.0, 0.0, 0.0, 0.0, 0.0, 0.0], [0.0, 0.0, 0.0002, 0.002, 0.002, 0.0002, 0.0, 0.0, 0.0, 0.0, 0.0, 0.0, 0.0, 0.0, 0.0, 0.0, 0.0, 0.0], [0.00030000000000000003, 0.0007, 0.0, 0.0, 0.0, 0.0, 0.22190000000000001, 0.0005, 0.0, 0.0, 0.0, 0.0, 0.0, 0.0, 0.0, 0.0, 0.0, 0.0], [0.0, 0.0, 0.0, 0.004200000000000001, 0.004200000000000001, 0.0, 0.0, 0.0, 0.0, 0.0, 0.0, 0.0, 0.0, 0.0, 0.0, 0.0, 0.0, 0.0]]}}
bs_latimer_munro_vbm: {'band_index': {'1': [71]}, 'kpoint_index': [59, 60, 137], 'kpoint': <pymatgen.electronic_structure.bandstructure.Kpoint object at 0x7fc5d4b59d30>, 'energy': 2.7135, 'projections': {'1': [[0.0, 0.0, 0.0, 0.0, 0.0, 0.0, 0.0, 0.0, 0.0, 0.0, 0.0, 0.0, 0.0, 0.0, 0.0, 0.0, 0.0, 0.0], [0.0, 0.0, 0.0, 0.0, 0.0, 0.0, 0.0, 0.0, 0.0, 0.0, 0.0179, 0.0179, 0.0179, 0.0179, 0.0179, 0.0179, 0.0179, 0.0179], [0.0, 0.0, 0.0, 0.0, 0.0, 0.0, 0.0, 0.0, 0.1595, 0.1595, 0.0, 0.0, 0.0, 0.0, 0.0, 0.0, 0.0, 0.0], [0.0, 0.0, 0.0, 0.0, 0.0, 0.0, 0.0, 0.0, 0.0, 0.0, 0.0179, 0.0179, 0.0179, 0.0179, 0.0179, 0.0179, 0.0179, 0.0179], [0.0, 0.0, 0.0, 0.0, 0.0, 0.0, 0.0, 0.0, 0.0, 0.0, 0.0, 0.0, 0.0, 0.0, 0.0, 0.0, 0.0, 0.0], [0.0, 0.0, 0.0006000000000000001, 0.0006000000000000001, 0.0006000000000000001, 0.0006000000000000001, 0.0, 0.0, 0.0, 0.0, 0.0, 0.0, 0.0, 0.0, 0.0, 0.0, 0.0, 0.0], [0.007200000000000001, 0.007200000000000001, 0.0, 0.0, 0.0, 0.0, 0.0, 0.0, 0.0, 0.0, 0.0, 0.0, 0.0, 0.0, 0.0, 0.0, 0.0, 0.0], [0.0, 0.0, 0.0006000000000000001, 0.0006000000000000001, 0.0006000000000000001, 0.0006000000000000001, 0.0, 0.0, 0.0, 0.0, 0.0, 0.0, 0.0, 0.0, 0.0, 0.0, 0.0, 0.0], [0.0, 0.0, 0.0, 0.0, 0.0, 0.0, 0.0767, 0.0767, 0.0, 0.0, 0.0, 0.0, 0.0, 0.0, 0.0, 0.0, 0.0, 0.0]]}}
bs_latimer_munro_efermi: 2.86785559