material_id: mp-866818
band_gap: 1.0856
efermi: 2.54244585
dos_magnetic_ordering: NM
dos_total_task_id: mp-1751934
dos_total_band_gap: 1.073899999999999
dos_total_cbm: 3.5502000000000002
dos_total_vbm: 2.4763
dos_total_efermi: 2.47719815
bs_setyawan_curtarolo_task_id: mp-1619477
bs_setyawan_curtarolo_band_gap: 1.0856
bs_setyawan_curtarolo_cbm: {'band_index': {'1': [29]}, 'kpoint_index': [0, 77, 78], 'kpoint': <pymatgen.electronic_structure.bandstructure.Kpoint object at 0x7fc699d63930>, 'energy': 3.5523, 'projections': {'1': [[0.0001, 0.0001, 0.2536, 0.007, 0.007, 0.0236, 0.0236], [0.0, 0.0, 0.0, 0.033600000000000005, 0.033600000000000005, 0.0, 0.0], [0.0, 0.0, 0.0, 0.0, 0.0, 0.0, 0.0], [0.0, 0.0, 0.0, 0.0, 0.0, 0.054700000000000006, 0.054700000000000006], [0.021400000000000002, 0.021400000000000002, 0.0, 0.0, 0.0, 0.0, 0.0], [0.0, 0.0, 0.0, 0.0, 0.0, 0.0, 0.0], [0.002, 0.002, 0.006, 0.0, 0.0, 0.0, 0.0], [0.0, 0.0, 0.0, 0.0, 0.0, 0.0, 0.0], [0.0002, 0.0002, 0.0026000000000000003, 0.0, 0.0, 0.0, 0.0]]}}
bs_setyawan_curtarolo_vbm: {'band_index': {'1': [28]}, 'kpoint_index': [0, 77, 78], 'kpoint': <pymatgen.electronic_structure.bandstructure.Kpoint object at 0x7fc5d4b59e80>, 'energy': 2.4667, 'projections': {'1': [[0.0, 0.0, 0.0, 0.0, 0.0, 0.0, 0.0], [0.0, 0.0, 0.0, 0.0, 0.0, 0.0, 0.0], [0.006, 0.006, 0.0071, 0.2343, 0.2343, 0.0442, 0.0442], [0.0, 0.0, 0.0, 0.0, 0.0, 0.0, 0.0], [0.0, 0.0, 0.0, 0.0, 0.0, 0.0, 0.0], [0.0, 0.0, 0.0, 0.0, 0.0, 0.0, 0.0], [0.0, 0.0, 0.0, 0.0, 0.0, 0.0, 0.0], [0.0, 0.0, 0.0, 0.0, 0.0, 0.0, 0.0], [0.0, 0.0, 0.0, 0.0, 0.0, 0.0, 0.0]]}}
bs_setyawan_curtarolo_efermi: 2.54244585
bs_hinuma_task_id: mp-2095589
bs_hinuma_band_gap: 1.0856
bs_hinuma_cbm: {'band_index': {'1': [29]}, 'kpoint_index': [0, 30, 31, 85], 'kpoint': <pymatgen.electronic_structure.bandstructure.Kpoint object at 0x7fc5d4b5a350>, 'energy': 3.5523, 'projections': {'1': [[0.0001, 0.0001, 0.2536, 0.007, 0.007, 0.0236, 0.0236], [0.0, 0.0, 0.0, 0.033600000000000005, 0.033600000000000005, 0.0, 0.0], [0.0, 0.0, 0.0, 0.0, 0.0, 0.0, 0.0], [0.0, 0.0, 0.0, 0.0, 0.0, 0.054700000000000006, 0.054700000000000006], [0.021400000000000002, 0.021400000000000002, 0.0, 0.0, 0.0, 0.0, 0.0], [0.0, 0.0, 0.0, 0.0, 0.0, 0.0, 0.0], [0.002, 0.002, 0.006, 0.0, 0.0, 0.0, 0.0], [0.0, 0.0, 0.0, 0.0, 0.0, 0.0, 0.0], [0.0002, 0.0002, 0.0026000000000000003, 0.0, 0.0, 0.0, 0.0]]}}
bs_hinuma_vbm: {'band_index': {'1': [28]}, 'kpoint_index': [0, 30, 31, 85], 'kpoint': <pymatgen.electronic_structure.bandstructure.Kpoint object at 0x7fc5d4b5a3c0>, 'energy': 2.4667, 'projections': {'1': [[0.0, 0.0, 0.0, 0.0, 0.0, 0.0, 0.0], [0.0, 0.0, 0.0, 0.0, 0.0, 0.0, 0.0], [0.006, 0.006, 0.0071, 0.2343, 0.2343, 0.0442, 0.0442], [0.0, 0.0, 0.0, 0.0, 0.0, 0.0, 0.0], [0.0, 0.0, 0.0, 0.0, 0.0, 0.0, 0.0], [0.0, 0.0, 0.0, 0.0, 0.0, 0.0, 0.0], [0.0, 0.0, 0.0, 0.0, 0.0, 0.0, 0.0], [0.0, 0.0, 0.0, 0.0, 0.0, 0.0, 0.0], [0.0, 0.0, 0.0, 0.0, 0.0, 0.0, 0.0]]}}
bs_hinuma_efermi: 2.54012699
bs_latimer_munro_task_id: mp-2304561
bs_latimer_munro_band_gap: 1.0856
bs_latimer_munro_cbm: {'band_index': {'1': [29]}, 'kpoint_index': [30, 31, 158, 159, 177, 208, 257], 'kpoint': <pymatgen.electronic_structure.bandstructure.Kpoint object at 0x7fc5d4b5a200>, 'energy': 3.5523, 'projections': {'1': [[0.0001, 0.0001, 0.2536, 0.007, 0.007, 0.0236, 0.0236], [0.0, 0.0, 0.0, 0.033600000000000005, 0.033600000000000005, 0.0, 0.0], [0.0, 0.0, 0.0, 0.0, 0.0, 0.0, 0.0], [0.0, 0.0, 0.0, 0.0, 0.0, 0.054700000000000006, 0.054700000000000006], [0.021400000000000002, 0.021400000000000002, 0.0, 0.0, 0.0, 0.0, 0.0], [0.0, 0.0, 0.0, 0.0, 0.0, 0.0, 0.0], [0.002, 0.002, 0.006, 0.0, 0.0, 0.0, 0.0], [0.0, 0.0, 0.0, 0.0, 0.0, 0.0, 0.0], [0.0002, 0.0002, 0.0026000000000000003, 0.0, 0.0, 0.0, 0.0]]}}
bs_latimer_munro_vbm: {'band_index': {'1': [28]}, 'kpoint_index': [30, 31, 158, 159, 177, 208, 257], 'kpoint': <pymatgen.electronic_structure.bandstructure.Kpoint object at 0x7fc5d4b5a190>, 'energy': 2.4667, 'projections': {'1': [[0.0, 0.0, 0.0, 0.0, 0.0, 0.0, 0.0], [0.0, 0.0, 0.0, 0.0, 0.0, 0.0, 0.0], [0.006, 0.006, 0.0071, 0.2343, 0.2343, 0.0442, 0.0442], [0.0, 0.0, 0.0, 0.0, 0.0, 0.0, 0.0], [0.0, 0.0, 0.0, 0.0, 0.0, 0.0, 0.0], [0.0, 0.0, 0.0, 0.0, 0.0, 0.0, 0.0], [0.0, 0.0, 0.0, 0.0, 0.0, 0.0, 0.0], [0.0, 0.0, 0.0, 0.0, 0.0, 0.0, 0.0], [0.0, 0.0, 0.0, 0.0, 0.0, 0.0, 0.0]]}}
bs_latimer_munro_efermi: 2.54362043