material_id: mp-8260
band_gap: 1.762
efermi: 2.24016607
dos_magnetic_ordering: FM
dos_total_task_id: mp-2299645
dos_total_band_gap: 1.9771
dos_total_cbm: 4.0792
dos_total_vbm: 2.1021
dos_total_efermi: 2.10403101
bs_setyawan_curtarolo_task_id: mp-690038
bs_setyawan_curtarolo_band_gap: 1.762
bs_setyawan_curtarolo_cbm: {'band_index': {'-1': [15], '1': []}, 'kpoint_index': [53, 54, 121], 'kpoint': <pymatgen.electronic_structure.bandstructure.Kpoint object at 0x7fc699d63930>, 'energy': 3.8454, 'projections': {'-1': [[0.0001, 0.0, 0.0, 0.0], [0.0, 0.0, 0.0, 0.0], [0.0, 0.0, 0.0, 0.0], [0.0, 0.00030000000000000003, 0.0001, 0.0001], [0.0, 0.0, 0.0, 0.0], [0.0, 0.0, 0.0, 0.0], [0.0, 0.0, 0.0, 0.0], [0.0, 0.0, 0.0, 0.0], [0.0, 0.0, 0.0, 0.0], [0.0, 0.0, 0.0, 0.0], [0.0, 0.0, 0.0, 0.0], [0.0, 0.0, 0.0, 0.0], [0.0, 0.1526, 0.0, 0.0], [0.0, 0.20770000000000002, 0.0, 0.0], [0.0, 0.4431, 0.0, 0.0], [0.0, 0.1613, 0.0, 0.0]]}}
bs_setyawan_curtarolo_vbm: {'band_index': {'1': [20, 21], '-1': []}, 'kpoint_index': [0, 64, 65], 'kpoint': <pymatgen.electronic_structure.bandstructure.Kpoint object at 0x7fc5d4b5a3c0>, 'energy': 2.0834, 'projections': {'1': [[0.0, 0.0, 0.0, 0.0], [0.0001, 0.00030000000000000003, 0.009000000000000001, 0.009000000000000001], [0.0022, 0.0076, 0.2524, 0.2524], [0.0001, 0.0002, 0.0077, 0.0077], [0.0, 0.0, 0.0, 0.0], [0.0, 0.0, 0.0, 0.0], [0.0, 0.0, 0.0, 0.0], [0.0, 0.0, 0.0, 0.0], [0.0, 0.0, 0.0, 0.0], [0.0, 0.0006000000000000001, 0.0, 0.0], [0.0, 0.0013000000000000002, 0.0, 0.0], [0.0, 0.0002, 0.0, 0.0], [0.0, 0.0008, 0.0, 0.0], [0.0, 0.0407, 0.0, 0.0], [0.0, 0.002, 0.0, 0.0], [0.0, 0.0162, 0.0, 0.0]]}}
bs_setyawan_curtarolo_efermi: 2.24016607
bs_hinuma_task_id: mp-2188396
bs_hinuma_band_gap: 1.8235000000000001
bs_hinuma_cbm: {'band_index': {'-1': [15], '1': []}, 'kpoint_index': [10, 11], 'kpoint': <pymatgen.electronic_structure.bandstructure.Kpoint object at 0x7fc5d4b5a430>, 'energy': 3.8555, 'projections': {'-1': [[0.0001, 0.0, 0.0, 0.0], [0.0, 0.0, 0.0, 0.0], [0.0, 0.0, 0.0, 0.0], [0.0, 0.00030000000000000003, 0.0001, 0.0001], [0.0, 0.0, 0.0, 0.0], [0.0, 0.0, 0.0, 0.0], [0.0, 0.0, 0.0, 0.0], [0.0, 0.0, 0.0, 0.0], [0.0, 0.0, 0.0, 0.0], [0.0, 0.0, 0.0, 0.0], [0.0, 0.0, 0.0, 0.0], [0.0, 0.0, 0.0, 0.0], [0.0, 0.1602, 0.0, 0.0], [0.0, 0.2058, 0.0, 0.0], [0.0, 0.44720000000000004, 0.0, 0.0], [0.0, 0.1563, 0.0, 0.0]]}}
bs_hinuma_vbm: {'band_index': {'1': [20, 21], '-1': []}, 'kpoint_index': [0, 64, 65, 119], 'kpoint': <pymatgen.electronic_structure.bandstructure.Kpoint object at 0x7fc5d4b5a200>, 'energy': 2.032, 'projections': {'1': [[0.0, 0.0, 0.0, 0.0], [0.0, 0.0, 0.0009000000000000001, 0.0009000000000000001], [0.0021000000000000003, 0.0095, 0.2596, 0.2596], [0.0001, 0.00030000000000000003, 0.0079, 0.0079], [0.0, 0.0, 0.0, 0.0], [0.0, 0.0, 0.0, 0.0], [0.0, 0.0, 0.0, 0.0], [0.0, 0.0, 0.0, 0.0], [0.0, 0.0, 0.0, 0.0], [0.0, 0.0001, 0.0, 0.0], [0.0, 0.0001, 0.0, 0.0], [0.0, 0.0, 0.0, 0.0], [0.0, 0.0009000000000000001, 0.0, 0.0], [0.0, 0.0446, 0.0, 0.0], [0.0, 0.0022, 0.0, 0.0], [0.0, 0.0177, 0.0, 0.0]]}}
bs_hinuma_efermi: 2.12977572
bs_latimer_munro_task_id: mp-2341869
bs_latimer_munro_band_gap: 1.8235000000000001
bs_latimer_munro_cbm: {'band_index': {'-1': [15], '1': []}, 'kpoint_index': [61, 62, 83], 'kpoint': <pymatgen.electronic_structure.bandstructure.Kpoint object at 0x7fc5d4b59c50>, 'energy': 3.8555, 'projections': {'-1': [[0.0001, 0.0, 0.0, 0.0], [0.0, 0.0, 0.0, 0.0], [0.0, 0.0, 0.0, 0.0], [0.0, 0.00030000000000000003, 0.0001, 0.0001], [0.0, 0.0, 0.0, 0.0], [0.0, 0.0, 0.0, 0.0], [0.0, 0.0, 0.0, 0.0], [0.0, 0.0, 0.0, 0.0], [0.0, 0.0, 0.0, 0.0], [0.0, 0.0, 0.0, 0.0], [0.0, 0.0, 0.0, 0.0], [0.0, 0.0, 0.0, 0.0], [0.0, 0.16010000000000002, 0.0, 0.0], [0.0, 0.2058, 0.0, 0.0], [0.0, 0.44730000000000003, 0.0, 0.0], [0.0, 0.1562, 0.0, 0.0]]}}
bs_latimer_munro_vbm: {'band_index': {'1': [20, 21], '-1': []}, 'kpoint_index': [22, 23, 93, 94, 115, 156, 213], 'kpoint': <pymatgen.electronic_structure.bandstructure.Kpoint object at 0x7fc5d4b5a350>, 'energy': 2.032, 'projections': {'1': [[0.0, 0.0, 0.0, 0.0], [0.0, 0.0002, 0.0041, 0.0041], [0.0021000000000000003, 0.0094, 0.2565, 0.2565], [0.0001, 0.00030000000000000003, 0.0078000000000000005, 0.0078000000000000005], [0.0, 0.0, 0.0, 0.0], [0.0, 0.0, 0.0, 0.0], [0.0, 0.0, 0.0, 0.0], [0.0, 0.0, 0.0, 0.0], [0.0, 0.0, 0.0, 0.0], [0.0, 0.00030000000000000003, 0.0, 0.0], [0.0, 0.0006000000000000001, 0.0, 0.0], [0.0, 0.0001, 0.0, 0.0], [0.0, 0.0008, 0.0, 0.0], [0.0, 0.0441, 0.0, 0.0], [0.0, 0.0022, 0.0, 0.0], [0.0, 0.0175, 0.0, 0.0]]}}
bs_latimer_munro_efermi: 2.1358442