material_id: mp-851082
band_gap: 1.1139000000000001
efermi: 0.76272572
dos_magnetic_ordering: FiM
dos_total_task_id: mp-1679178
dos_total_band_gap: 1.0548
dos_total_cbm: 1.7521
dos_total_vbm: 0.6973
dos_total_efermi: 0.70929166
bs_setyawan_curtarolo_task_id: mp-859073
bs_setyawan_curtarolo_band_gap: 1.1139000000000001
bs_setyawan_curtarolo_cbm: {'band_index': {'1': [224, 225], '-1': []}, 'kpoint_index': [0, 48, 49], 'kpoint': <pymatgen.electronic_structure.bandstructure.Kpoint object at 0x7fc699d63930>, 'energy': 1.8148, 'projections': {'1': [[0.0, 0.0001, 0.0, 0.0, 0.0, 0.0, 0.0, 0.0001, 0.0, 0.0, 0.0, 0.0, 0.0, 0.0, 0.0, 0.0, 0.0, 0.0025, 0.0015, 0.0, 0.0015, 0.0, 0.0, 0.0025, 0.00030000000000000003, 0.0, 0.0, 0.0024000000000000002, 0.00030000000000000003, 0.0, 0.0, 0.0014, 0.0, 0.0014, 0.0014, 0.0, 0.0, 0.0014, 0.0014, 0.0, 0.0, 0.00030000000000000003, 0.0014, 0.0, 0.0024000000000000002, 0.0, 0.0, 0.00030000000000000003], [0.0001, 0.0, 0.0001, 0.0, 0.0, 0.0001, 0.0019, 0.0, 0.0, 0.0, 0.0, 0.0001, 0.0, 0.0019, 0.0, 0.0, 0.0001, 0.0489, 0.0001, 0.00030000000000000003, 0.0001, 0.00030000000000000003, 0.0001, 0.0489, 0.0, 0.0001, 0.0009000000000000001, 0.0478, 0.0, 0.0002, 0.0006000000000000001, 0.0017000000000000001, 0.0001, 0.0001, 0.0017000000000000001, 0.0005, 0.0001, 0.0001, 0.0017000000000000001, 0.0005, 0.0002, 0.0, 0.0017000000000000001, 0.0006000000000000001, 0.0478, 0.0009000000000000001, 0.0001, 0.0], [0.0002, 0.0, 0.0002, 0.0, 0.0001, 0.0002, 0.0, 0.0, 0.0001, 0.0001, 0.0, 0.0002, 0.0, 0.0, 0.0001, 0.0, 0.0, 0.0005, 0.0015, 0.001, 0.0015, 0.001, 0.0, 0.0005, 0.0001, 0.0005, 0.0, 0.0005, 0.0001, 0.001, 0.0, 0.0001, 0.0005, 0.0014, 0.0, 0.0, 0.0005, 0.0014, 0.0, 0.0, 0.001, 0.0001, 0.0001, 0.0, 0.0005, 0.0, 0.0005, 0.0001], [0.0002, 0.0, 0.0002, 0.0001, 0.0001, 0.0002, 0.0, 0.0, 0.0001, 0.0001, 0.0, 0.0002, 0.0001, 0.0, 0.0001, 0.0, 0.0, 0.033, 0.0006000000000000001, 0.0005, 0.0006000000000000001, 0.0005, 0.0, 0.033, 0.0014, 0.00030000000000000003, 0.0, 0.0322, 0.0014, 0.0005, 0.0, 0.0026000000000000003, 0.00030000000000000003, 0.0006000000000000001, 0.0027, 0.0, 0.00030000000000000003, 0.0006000000000000001, 0.0027, 0.0, 0.0005, 0.0014, 0.0026000000000000003, 0.0, 0.0322, 0.0, 0.00030000000000000003, 0.0014], [0.0041, 0.00030000000000000003, 0.0041, 0.0, 0.0043, 0.004200000000000001, 0.0001, 0.0002, 0.004200000000000001, 0.004200000000000001, 0.0584, 0.004200000000000001, 0.0, 0.0001, 0.0043, 0.2654, 0.0, 0.0, 0.0, 0.0, 0.0, 0.0, 0.0, 0.0, 0.0, 0.0, 0.0, 0.0, 0.0, 0.0, 0.0, 0.0, 0.0, 0.0, 0.0, 0.0, 0.0, 0.0, 0.0, 0.0, 0.0, 0.0, 0.0, 0.0, 0.0, 0.0, 0.0, 0.0], [0.0027, 0.0, 0.0027, 0.0, 0.00030000000000000003, 0.0027, 0.0, 0.0, 0.00030000000000000003, 0.00030000000000000003, 0.001, 0.0027, 0.0, 0.0, 0.00030000000000000003, 0.0022, 0.0, 0.0, 0.0, 0.0, 0.0, 0.0, 0.0, 0.0, 0.0, 0.0, 0.0, 0.0, 0.0, 0.0, 0.0, 0.0, 0.0, 0.0, 0.0, 0.0, 0.0, 0.0, 0.0, 0.0, 0.0, 0.0, 0.0, 0.0, 0.0, 0.0, 0.0, 0.0], [0.0019, 0.0175, 0.0019, 0.0, 0.0016, 0.002, 0.0, 0.0166, 0.0016, 0.0016, 0.0, 0.002, 0.0, 0.0, 0.0016, 0.0001, 0.0, 0.0, 0.0, 0.0, 0.0, 0.0, 0.0, 0.0, 0.0, 0.0, 0.0, 0.0, 0.0, 0.0, 0.0, 0.0, 0.0, 0.0, 0.0, 0.0, 0.0, 0.0, 0.0, 0.0, 0.0, 0.0, 0.0, 0.0, 0.0, 0.0, 0.0, 0.0], [0.0023, 0.0008, 0.0023, 0.0, 0.0005, 0.0023, 0.0, 0.0008, 0.0005, 0.0005, 0.0, 0.0023, 0.0, 0.0, 0.0005, 0.0, 0.0, 0.0, 0.0, 0.0, 0.0, 0.0, 0.0, 0.0, 0.0, 0.0, 0.0, 0.0, 0.0, 0.0, 0.0, 0.0, 0.0, 0.0, 0.0, 0.0, 0.0, 0.0, 0.0, 0.0, 0.0, 0.0, 0.0, 0.0, 0.0, 0.0, 0.0, 0.0], [0.0, 0.0, 0.0, 0.0, 0.0, 0.0, 0.0, 0.0, 0.0, 0.0, 0.0, 0.0, 0.0, 0.0, 0.0, 0.0, 0.0, 0.0, 0.0, 0.0, 0.0, 0.0, 0.0, 0.0, 0.0, 0.0, 0.0, 0.0, 0.0, 0.0, 0.0, 0.0, 0.0, 0.0, 0.0, 0.0, 0.0, 0.0, 0.0, 0.0, 0.0, 0.0, 0.0, 0.0, 0.0, 0.0, 0.0, 0.0]]}}
bs_setyawan_curtarolo_vbm: {'band_index': {'1': [223], '-1': []}, 'kpoint_index': ['2'], 'kpoint': <pymatgen.electronic_structure.bandstructure.Kpoint object at 0x7fc5d4b59be0>, 'energy': 0.7009000000000001, 'projections': {'1': [[0.0, 0.0, 0.0, 0.0, 0.0, 0.0, 0.0, 0.0001, 0.0, 0.0, 0.0001, 0.0, 0.0, 0.0, 0.0, 0.0, 0.0001, 0.0001, 0.0001, 0.0001, 0.0001, 0.0001, 0.0001, 0.0001, 0.0, 0.0, 0.0, 0.0, 0.00030000000000000003, 0.0, 0.00030000000000000003, 0.0, 0.0001, 0.0001, 0.0001, 0.0001, 0.0001, 0.0001, 0.0001, 0.0001, 0.0, 0.00030000000000000003, 0.0, 0.00030000000000000003, 0.0, 0.0, 0.0, 0.0], [0.00030000000000000003, 0.0, 0.00030000000000000003, 0.00030000000000000003, 0.0, 0.0, 0.00030000000000000003, 0.0, 0.00030000000000000003, 0.00030000000000000003, 0.0, 0.0, 0.00030000000000000003, 0.00030000000000000003, 0.0, 0.0, 0.0002, 0.0071, 0.0004, 0.0083, 0.0004, 0.0083, 0.0002, 0.0071, 0.0028, 0.0001, 0.0029000000000000002, 0.0001, 0.0029000000000000002, 0.0, 0.003, 0.0, 0.0081, 0.0, 0.0079, 0.0001, 0.0081, 0.0, 0.0079, 0.0001, 0.0, 0.0029000000000000002, 0.0, 0.003, 0.0001, 0.0029000000000000002, 0.0001, 0.0028], [0.0006000000000000001, 0.0, 0.0006000000000000001, 0.0005, 0.0, 0.0, 0.0006000000000000001, 0.0, 0.0005, 0.0005, 0.0, 0.0, 0.0005, 0.0006000000000000001, 0.0, 0.0, 0.0005, 0.0108, 0.001, 0.0112, 0.001, 0.0112, 0.0005, 0.0108, 0.0055000000000000005, 0.0001, 0.0058000000000000005, 0.0001, 0.016900000000000002, 0.0002, 0.0173, 0.0002, 0.010400000000000001, 0.001, 0.0102, 0.0009000000000000001, 0.010400000000000001, 0.001, 0.0102, 0.0009000000000000001, 0.0002, 0.016900000000000002, 0.0002, 0.0173, 0.0001, 0.0058000000000000005, 0.0001, 0.0055000000000000005], [0.00030000000000000003, 0.0, 0.00030000000000000003, 0.00030000000000000003, 0.0011, 0.001, 0.0002, 0.0, 0.0023, 0.0023, 0.0, 0.001, 0.00030000000000000003, 0.0002, 0.0011, 0.0, 0.0205, 0.0033, 0.021500000000000002, 0.0033, 0.021500000000000002, 0.0033, 0.0205, 0.0033, 0.0028, 0.0001, 0.003, 0.0001, 0.0553, 0.00030000000000000003, 0.0548, 0.0004, 0.0025, 0.0196, 0.0025, 0.0201, 0.0025, 0.0196, 0.0025, 0.0201, 0.00030000000000000003, 0.0553, 0.0004, 0.0548, 0.0001, 0.003, 0.0001, 0.0028], [0.0, 0.0001, 0.0, 0.0, 0.0001, 0.0001, 0.0, 0.0001, 0.0001, 0.0001, 0.0001, 0.0001, 0.0, 0.0, 0.0001, 0.0001, 0.0, 0.0, 0.0, 0.0, 0.0, 0.0, 0.0, 0.0, 0.0, 0.0, 0.0, 0.0, 0.0, 0.0, 0.0, 0.0, 0.0, 0.0, 0.0, 0.0, 0.0, 0.0, 0.0, 0.0, 0.0, 0.0, 0.0, 0.0, 0.0, 0.0, 0.0, 0.0], [0.0, 0.0012000000000000001, 0.0, 0.0, 0.002, 0.0022, 0.0, 0.0013000000000000002, 0.0001, 0.0001, 0.0011, 0.0022, 0.0, 0.0, 0.002, 0.0006000000000000001, 0.0, 0.0, 0.0, 0.0, 0.0, 0.0, 0.0, 0.0, 0.0, 0.0, 0.0, 0.0, 0.0, 0.0, 0.0, 0.0, 0.0, 0.0, 0.0, 0.0, 0.0, 0.0, 0.0, 0.0, 0.0, 0.0, 0.0, 0.0, 0.0, 0.0, 0.0, 0.0], [0.0, 0.0002, 0.0, 0.0001, 0.0, 0.0, 0.0001, 0.0, 0.0, 0.0, 0.0, 0.0, 0.0001, 0.0001, 0.0, 0.00030000000000000003, 0.0, 0.0, 0.0, 0.0, 0.0, 0.0, 0.0, 0.0, 0.0, 0.0, 0.0, 0.0, 0.0, 0.0, 0.0, 0.0, 0.0, 0.0, 0.0, 0.0, 0.0, 0.0, 0.0, 0.0, 0.0, 0.0, 0.0, 0.0, 0.0, 0.0, 0.0, 0.0], [0.0, 0.0012000000000000001, 0.0, 0.0063, 0.0013000000000000002, 0.0013000000000000002, 0.0066, 0.0135, 0.0002, 0.0002, 0.0143, 0.0013000000000000002, 0.0063, 0.0066, 0.0013000000000000002, 0.0006000000000000001, 0.0, 0.0, 0.0, 0.0, 0.0, 0.0, 0.0, 0.0, 0.0, 0.0, 0.0, 0.0, 0.0, 0.0, 0.0, 0.0, 0.0, 0.0, 0.0, 0.0, 0.0, 0.0, 0.0, 0.0, 0.0, 0.0, 0.0, 0.0, 0.0, 0.0, 0.0, 0.0], [0.0, 0.0024000000000000002, 0.0, 0.0, 0.0031000000000000003, 0.0032, 0.0001, 0.0037, 0.0, 0.0, 0.0031000000000000003, 0.0032, 0.0, 0.0001, 0.0031000000000000003, 0.0012000000000000001, 0.0, 0.0, 0.0, 0.0, 0.0, 0.0, 0.0, 0.0, 0.0, 0.0, 0.0, 0.0, 0.0, 0.0, 0.0, 0.0, 0.0, 0.0, 0.0, 0.0, 0.0, 0.0, 0.0, 0.0, 0.0, 0.0, 0.0, 0.0, 0.0, 0.0, 0.0, 0.0]]}}
bs_setyawan_curtarolo_efermi: 0.76272572