material_id: mp-8727
band_gap: 1.8103999999999991
efermi: 2.92278807
dos_magnetic_ordering: NM
dos_total_task_id: mp-1687805
dos_total_band_gap: 1.793099999999999
dos_total_cbm: 4.6762
dos_total_vbm: 2.883099999999999
dos_total_efermi: 2.88381233
bs_setyawan_curtarolo_task_id: mp-1612731
bs_setyawan_curtarolo_band_gap: 1.8103999999999991
bs_setyawan_curtarolo_cbm: {'band_index': {'1': [86]}, 'kpoint_index': ['50'], 'kpoint': <pymatgen.electronic_structure.bandstructure.Kpoint object at 0x7fc699d63930>, 'energy': 4.6804, 'projections': {'1': [[0.001, 0.001, 0.0014, 0.0026000000000000003, 0.0014, 0.0014, 0.0026000000000000003, 0.0014, 0.0005, 0.0005, 0.0043, 0.0023, 0.0001, 0.0001, 0.0023, 0.0043, 0.0043, 0.0023, 0.0001, 0.0001, 0.0043, 0.0023], [0.0, 0.0, 0.0001, 0.0002, 0.0006000000000000001, 0.0001, 0.0002, 0.0006000000000000001, 0.0, 0.0, 0.0015, 0.002, 0.00030000000000000003, 0.0004, 0.0057, 0.0131, 0.0015, 0.002, 0.00030000000000000003, 0.0004, 0.0131, 0.0057], [0.0001, 0.0001, 0.0002, 0.0004, 0.0005, 0.0002, 0.0004, 0.0005, 0.0001, 0.0001, 0.0021000000000000003, 0.0228, 0.0006000000000000001, 0.0002, 0.0009000000000000001, 0.008400000000000001, 0.002, 0.0228, 0.0006000000000000001, 0.0002, 0.008400000000000001, 0.0009000000000000001], [0.0, 0.0, 0.0008, 0.0002, 0.0, 0.0008, 0.0002, 0.0, 0.0001, 0.0001, 0.021, 0.0009000000000000001, 0.0002, 0.0006000000000000001, 0.019100000000000002, 0.0032, 0.021, 0.0009000000000000001, 0.0002, 0.0006000000000000001, 0.0032, 0.019100000000000002], [0.0036000000000000003, 0.0036000000000000003, 0.0017000000000000001, 0.0014, 0.0012000000000000001, 0.0017000000000000001, 0.0014, 0.0012000000000000001, 0.1346, 0.0397, 0.0, 0.0, 0.0, 0.0, 0.0, 0.0, 0.0, 0.0, 0.0, 0.0, 0.0, 0.0], [0.0047, 0.0047, 0.00030000000000000003, 0.0029000000000000002, 0.0027, 0.00030000000000000003, 0.0029000000000000002, 0.0027, 0.0, 0.0333, 0.0, 0.0, 0.0, 0.0, 0.0, 0.0, 0.0, 0.0, 0.0, 0.0, 0.0, 0.0], [0.0012000000000000001, 0.0012000000000000001, 0.0022, 0.0005, 0.0028, 0.0022, 0.0005, 0.0028, 0.0004, 0.0947, 0.0, 0.0, 0.0, 0.0, 0.0, 0.0, 0.0, 0.0, 0.0, 0.0, 0.0, 0.0], [0.0033, 0.0033, 0.0014, 0.0037, 0.0054, 0.0014, 0.0037, 0.0054, 0.0146, 0.0051, 0.0, 0.0, 0.0, 0.0, 0.0, 0.0, 0.0, 0.0, 0.0, 0.0, 0.0, 0.0], [0.0032, 0.0032, 0.0071, 0.0051, 0.0007, 0.0071, 0.0051, 0.0007, 0.031200000000000002, 0.008, 0.0, 0.0, 0.0, 0.0, 0.0, 0.0, 0.0, 0.0, 0.0, 0.0, 0.0, 0.0]]}}
bs_setyawan_curtarolo_vbm: {'band_index': {'1': [85]}, 'kpoint_index': [0, 40, 41], 'kpoint': <pymatgen.electronic_structure.bandstructure.Kpoint object at 0x7fc5d4b5a190>, 'energy': 2.87, 'projections': {'1': [[0.0, 0.0, 0.0, 0.0, 0.0, 0.0, 0.0, 0.0, 0.0, 0.0, 0.0, 0.0, 0.0, 0.0, 0.0, 0.0, 0.0, 0.0, 0.0, 0.0, 0.0, 0.0], [0.0, 0.0, 0.0002, 0.0002, 0.0, 0.0002, 0.0002, 0.0, 0.0, 0.0, 0.0026000000000000003, 0.0057, 0.016, 0.0057, 0.0026000000000000003, 0.016, 0.0026000000000000003, 0.0057, 0.016, 0.0057, 0.016, 0.0026000000000000003], [0.0037, 0.0037, 0.0014, 0.0014, 0.0004, 0.0014, 0.0014, 0.0004, 0.0, 0.0, 0.0356, 0.0001, 0.0066, 0.0001, 0.0356, 0.0066, 0.0356, 0.0001, 0.0066, 0.0001, 0.0066, 0.0356], [0.007500000000000001, 0.007500000000000001, 0.0017000000000000001, 0.0017000000000000001, 0.0029000000000000002, 0.0017000000000000001, 0.0017000000000000001, 0.0029000000000000002, 0.0, 0.0, 0.0043, 0.0367, 0.0199, 0.0367, 0.0043, 0.0199, 0.0043, 0.0367, 0.0199, 0.0367, 0.0199, 0.0043], [0.0, 0.0, 0.0001, 0.0001, 0.0005, 0.0001, 0.0001, 0.0005, 0.0, 0.0, 0.0, 0.0, 0.0, 0.0, 0.0, 0.0, 0.0, 0.0, 0.0, 0.0, 0.0, 0.0], [0.0, 0.0, 0.0001, 0.0001, 0.00030000000000000003, 0.0001, 0.0001, 0.00030000000000000003, 0.0, 0.0, 0.0, 0.0, 0.0, 0.0, 0.0, 0.0, 0.0, 0.0, 0.0, 0.0, 0.0, 0.0], [0.0, 0.0, 0.0004, 0.0004, 0.0, 0.0004, 0.0004, 0.0, 0.0, 0.0, 0.0, 0.0, 0.0, 0.0, 0.0, 0.0, 0.0, 0.0, 0.0, 0.0, 0.0, 0.0], [0.0, 0.0, 0.0001, 0.0001, 0.0, 0.0001, 0.0001, 0.0, 0.08420000000000001, 0.08420000000000001, 0.0, 0.0, 0.0, 0.0, 0.0, 0.0, 0.0, 0.0, 0.0, 0.0, 0.0, 0.0], [0.0, 0.0, 0.0002, 0.0002, 0.0, 0.0002, 0.0002, 0.0, 0.0429, 0.0429, 0.0, 0.0, 0.0, 0.0, 0.0, 0.0, 0.0, 0.0, 0.0, 0.0, 0.0, 0.0]]}}
bs_setyawan_curtarolo_efermi: 2.92278807
bs_hinuma_task_id: mp-2174912
bs_hinuma_band_gap: 1.8103999999999991
bs_hinuma_cbm: {'band_index': {'1': [86]}, 'kpoint_index': ['50'], 'kpoint': <pymatgen.electronic_structure.bandstructure.Kpoint object at 0x7fc5d4b59be0>, 'energy': 4.6804, 'projections': {'1': [[0.001, 0.001, 0.0014, 0.0014, 0.0026000000000000003, 0.0014, 0.0014, 0.0026000000000000003, 0.0005, 0.0005, 0.0001, 0.0043, 0.0023, 0.0043, 0.0001, 0.0023, 0.0001, 0.0043, 0.0023, 0.0043, 0.0023, 0.0001], [0.0002, 0.0002, 0.0005, 0.0005, 0.0009000000000000001, 0.0005, 0.0005, 0.0009000000000000001, 0.0, 0.0, 0.0001, 0.008, 0.013800000000000002, 0.008, 0.0001, 0.013800000000000002, 0.0001, 0.008, 0.013800000000000002, 0.008, 0.013800000000000002, 0.0001], [0.0, 0.0, 0.0005, 0.0005, 0.0, 0.0005, 0.0005, 0.0, 0.0, 0.0, 0.0004, 0.0142, 0.0019, 0.0142, 0.0004, 0.0019, 0.0004, 0.0142, 0.0019, 0.0142, 0.0019, 0.0004], [0.0, 0.0, 0.0002, 0.0002, 0.0, 0.0002, 0.0002, 0.0, 0.0002, 0.0002, 0.0007, 0.0025, 0.01, 0.0025, 0.0007, 0.01, 0.0007, 0.0025, 0.01, 0.0025, 0.01, 0.0007], [0.0, 0.0, 0.0031000000000000003, 0.0031000000000000003, 0.0, 0.0031000000000000003, 0.0031000000000000003, 0.0, 0.028200000000000003, 0.0281, 0.0, 0.0, 0.0, 0.0, 0.0, 0.0, 0.0, 0.0, 0.0, 0.0, 0.0, 0.0], [0.0, 0.0, 0.0047, 0.0047, 0.0, 0.0047, 0.0047, 0.0, 0.0354, 0.0354, 0.0, 0.0, 0.0, 0.0, 0.0, 0.0, 0.0, 0.0, 0.0, 0.0, 0.0, 0.0], [0.0049, 0.0049, 0.0009000000000000001, 0.0009000000000000001, 0.0018000000000000002, 0.0009000000000000001, 0.0009000000000000001, 0.0018000000000000002, 0.10740000000000001, 0.10740000000000001, 0.0, 0.0, 0.0, 0.0, 0.0, 0.0, 0.0, 0.0, 0.0, 0.0, 0.0, 0.0], [0.0064, 0.0064, 0.003, 0.003, 0.0102, 0.003, 0.003, 0.0102, 0.0035, 0.0035, 0.0, 0.0, 0.0, 0.0, 0.0, 0.0, 0.0, 0.0, 0.0, 0.0, 0.0, 0.0], [0.0047, 0.0047, 0.0011, 0.0011, 0.0016, 0.0011, 0.0011, 0.0016, 0.0063, 0.0063, 0.0, 0.0, 0.0, 0.0, 0.0, 0.0, 0.0, 0.0, 0.0, 0.0, 0.0, 0.0]]}}
bs_hinuma_vbm: {'band_index': {'1': [85]}, 'kpoint_index': [0, 40, 41, 70], 'kpoint': <pymatgen.electronic_structure.bandstructure.Kpoint object at 0x7fc5d4b59e80>, 'energy': 2.87, 'projections': {'1': [[0.0, 0.0, 0.0, 0.0, 0.0, 0.0, 0.0, 0.0, 0.0, 0.0, 0.0, 0.0, 0.0, 0.0, 0.0, 0.0, 0.0, 0.0, 0.0, 0.0, 0.0, 0.0], [0.0, 0.0, 0.0002, 0.0002, 0.0, 0.0002, 0.0002, 0.0, 0.0, 0.0, 0.0026000000000000003, 0.0057, 0.016, 0.0057, 0.0026000000000000003, 0.016, 0.0026000000000000003, 0.0057, 0.016, 0.0057, 0.016, 0.0026000000000000003], [0.0037, 0.0037, 0.0014, 0.0014, 0.0004, 0.0014, 0.0014, 0.0004, 0.0, 0.0, 0.0356, 0.0001, 0.0066, 0.0001, 0.0356, 0.0066, 0.0356, 0.0001, 0.0066, 0.0001, 0.0066, 0.0356], [0.007500000000000001, 0.007500000000000001, 0.0017000000000000001, 0.0017000000000000001, 0.0029000000000000002, 0.0017000000000000001, 0.0017000000000000001, 0.0029000000000000002, 0.0, 0.0, 0.0043, 0.0367, 0.0199, 0.0367, 0.0043, 0.0199, 0.0043, 0.0367, 0.0199, 0.0367, 0.0199, 0.0043], [0.0, 0.0, 0.0001, 0.0001, 0.0005, 0.0001, 0.0001, 0.0005, 0.0, 0.0, 0.0, 0.0, 0.0, 0.0, 0.0, 0.0, 0.0, 0.0, 0.0, 0.0, 0.0, 0.0], [0.0, 0.0, 0.0001, 0.0001, 0.00030000000000000003, 0.0001, 0.0001, 0.00030000000000000003, 0.0, 0.0, 0.0, 0.0, 0.0, 0.0, 0.0, 0.0, 0.0, 0.0, 0.0, 0.0, 0.0, 0.0], [0.0, 0.0, 0.0004, 0.0004, 0.0, 0.0004, 0.0004, 0.0, 0.0, 0.0, 0.0, 0.0, 0.0, 0.0, 0.0, 0.0, 0.0, 0.0, 0.0, 0.0, 0.0, 0.0], [0.0, 0.0, 0.0001, 0.0001, 0.0, 0.0001, 0.0001, 0.0, 0.08420000000000001, 0.08420000000000001, 0.0, 0.0, 0.0, 0.0, 0.0, 0.0, 0.0, 0.0, 0.0, 0.0, 0.0, 0.0], [0.0, 0.0, 0.0002, 0.0002, 0.0, 0.0002, 0.0002, 0.0, 0.0429, 0.0429, 0.0, 0.0, 0.0, 0.0, 0.0, 0.0, 0.0, 0.0, 0.0, 0.0, 0.0, 0.0]]}}
bs_hinuma_efermi: 2.94781817
bs_latimer_munro_task_id: mp-2690288
bs_latimer_munro_band_gap: 1.8103999999999991
bs_latimer_munro_cbm: {'band_index': {'1': [86]}, 'kpoint_index': ['25'], 'kpoint': <pymatgen.electronic_structure.bandstructure.Kpoint object at 0x7fc5d4b59c50>, 'energy': 4.6804, 'projections': {'1': [[0.001, 0.001, 0.0014, 0.0014, 0.0026000000000000003, 0.0014, 0.0014, 0.0026000000000000003, 0.0005, 0.0005, 0.0001, 0.0043, 0.0023, 0.0043, 0.0001, 0.0023, 0.0001, 0.0043, 0.0023, 0.0043, 0.0023, 0.0001], [0.0002, 0.0002, 0.0005, 0.0005, 0.0009000000000000001, 0.0005, 0.0005, 0.0009000000000000001, 0.0, 0.0, 0.0001, 0.008, 0.013800000000000002, 0.008, 0.0001, 0.013800000000000002, 0.0001, 0.008, 0.013800000000000002, 0.008, 0.013800000000000002, 0.0001], [0.0, 0.0, 0.0005, 0.0005, 0.0, 0.0005, 0.0005, 0.0, 0.0, 0.0, 0.0004, 0.0142, 0.0019, 0.0142, 0.0004, 0.0019, 0.0004, 0.0142, 0.0019, 0.0142, 0.0019, 0.0004], [0.0, 0.0, 0.0002, 0.0002, 0.0, 0.0002, 0.0002, 0.0, 0.0002, 0.0002, 0.0007, 0.0025, 0.01, 0.0025, 0.0007, 0.01, 0.0007, 0.0025, 0.01, 0.0025, 0.01, 0.0007], [0.0, 0.0, 0.0031000000000000003, 0.0031000000000000003, 0.0, 0.0031000000000000003, 0.0031000000000000003, 0.0, 0.0281, 0.0281, 0.0, 0.0, 0.0, 0.0, 0.0, 0.0, 0.0, 0.0, 0.0, 0.0, 0.0, 0.0], [0.0, 0.0, 0.0047, 0.0047, 0.0, 0.0047, 0.0047, 0.0, 0.0354, 0.0354, 0.0, 0.0, 0.0, 0.0, 0.0, 0.0, 0.0, 0.0, 0.0, 0.0, 0.0, 0.0], [0.0049, 0.0049, 0.0009000000000000001, 0.0009000000000000001, 0.0018000000000000002, 0.0009000000000000001, 0.0009000000000000001, 0.0018000000000000002, 0.10740000000000001, 0.10740000000000001, 0.0, 0.0, 0.0, 0.0, 0.0, 0.0, 0.0, 0.0, 0.0, 0.0, 0.0, 0.0], [0.0064, 0.0064, 0.003, 0.003, 0.0102, 0.003, 0.003, 0.0102, 0.0035, 0.0035, 0.0, 0.0, 0.0, 0.0, 0.0, 0.0, 0.0, 0.0, 0.0, 0.0, 0.0, 0.0], [0.0047, 0.0047, 0.0011, 0.0011, 0.0016, 0.0011, 0.0011, 0.0016, 0.0063, 0.0063, 0.0, 0.0, 0.0, 0.0, 0.0, 0.0, 0.0, 0.0, 0.0, 0.0, 0.0, 0.0]]}}
bs_latimer_munro_vbm: {'band_index': {'1': [85]}, 'kpoint_index': [15, 16, 30, 46, 88, 89, 130], 'kpoint': <pymatgen.electronic_structure.bandstructure.Kpoint object at 0x7fc5d4b5a200>, 'energy': 2.87, 'projections': {'1': [[0.0, 0.0, 0.0, 0.0, 0.0, 0.0, 0.0, 0.0, 0.0, 0.0, 0.0, 0.0, 0.0, 0.0, 0.0, 0.0, 0.0, 0.0, 0.0, 0.0, 0.0, 0.0], [0.0, 0.0, 0.0002, 0.0002, 0.0, 0.0002, 0.0002, 0.0, 0.0, 0.0, 0.0026000000000000003, 0.0057, 0.016, 0.0057, 0.0026000000000000003, 0.016, 0.0026000000000000003, 0.0057, 0.016, 0.0057, 0.016, 0.0026000000000000003], [0.0037, 0.0037, 0.0014, 0.0014, 0.0004, 0.0014, 0.0014, 0.0004, 0.0, 0.0, 0.0356, 0.0001, 0.0066, 0.0001, 0.0356, 0.0066, 0.0356, 0.0001, 0.0066, 0.0001, 0.0066, 0.0356], [0.007500000000000001, 0.007500000000000001, 0.0017000000000000001, 0.0017000000000000001, 0.0029000000000000002, 0.0017000000000000001, 0.0017000000000000001, 0.0029000000000000002, 0.0, 0.0, 0.0043, 0.0367, 0.0199, 0.0367, 0.0043, 0.0199, 0.0043, 0.0367, 0.0199, 0.0367, 0.0199, 0.0043], [0.0, 0.0, 0.0001, 0.0001, 0.0005, 0.0001, 0.0001, 0.0005, 0.0, 0.0, 0.0, 0.0, 0.0, 0.0, 0.0, 0.0, 0.0, 0.0, 0.0, 0.0, 0.0, 0.0], [0.0, 0.0, 0.0001, 0.0001, 0.00030000000000000003, 0.0001, 0.0001, 0.00030000000000000003, 0.0, 0.0, 0.0, 0.0, 0.0, 0.0, 0.0, 0.0, 0.0, 0.0, 0.0, 0.0, 0.0, 0.0], [0.0, 0.0, 0.0004, 0.0004, 0.0, 0.0004, 0.0004, 0.0, 0.0, 0.0, 0.0, 0.0, 0.0, 0.0, 0.0, 0.0, 0.0, 0.0, 0.0, 0.0, 0.0, 0.0], [0.0, 0.0, 0.0001, 0.0001, 0.0, 0.0001, 0.0001, 0.0, 0.08420000000000001, 0.08420000000000001, 0.0, 0.0, 0.0, 0.0, 0.0, 0.0, 0.0, 0.0, 0.0, 0.0, 0.0, 0.0], [0.0, 0.0, 0.0002, 0.0002, 0.0, 0.0002, 0.0002, 0.0, 0.0429, 0.0429, 0.0, 0.0, 0.0, 0.0, 0.0, 0.0, 0.0, 0.0, 0.0, 0.0, 0.0, 0.0]]}}
bs_latimer_munro_efermi: 2.95342284