material_id: mp-8348
band_gap: 4.3334
efermi: -1.42813764
dos_magnetic_ordering: NM
dos_total_task_id: mp-1698743
dos_total_band_gap: 4.3791
dos_total_cbm: 2.8538
dos_total_vbm: -1.5253
dos_total_efermi: -1.5217326500000001
bs_setyawan_curtarolo_task_id: mp-690139
bs_setyawan_curtarolo_band_gap: 4.3334
bs_setyawan_curtarolo_cbm: {'band_index': {'1': [30]}, 'kpoint_index': [116, 117], 'kpoint': <pymatgen.electronic_structure.bandstructure.Kpoint object at 0x7fc699d63930>, 'energy': 2.86, 'projections': {'1': [[0.0, 0.24680000000000002, 0.0076, 0.0076, 0.0076, 0.0076, 0.0126, 0.0126], [0.029, 0.0, 0.0016, 0.0342, 0.0016, 0.0342, 0.021, 0.021], [0.0, 0.0, 0.0014, 0.024, 0.0014, 0.024, 0.0154, 0.0154], [0.0241, 0.0, 0.0627, 0.0074, 0.0627, 0.0074, 0.00030000000000000003, 0.00030000000000000003], [0.0, 0.0001, 0.0, 0.0, 0.0, 0.0, 0.0, 0.0], [0.0, 0.0004, 0.0, 0.0, 0.0, 0.0, 0.0, 0.0], [0.0, 0.0, 0.0, 0.0, 0.0, 0.0, 0.0, 0.0], [0.0, 0.0, 0.0, 0.0, 0.0, 0.0, 0.0, 0.0], [0.0, 0.0001, 0.0, 0.0, 0.0, 0.0, 0.0, 0.0]]}}
bs_setyawan_curtarolo_vbm: {'band_index': {'1': [29]}, 'kpoint_index': ['125'], 'kpoint': <pymatgen.electronic_structure.bandstructure.Kpoint object at 0x7fc5d4b5a3c0>, 'energy': -1.4734, 'projections': {'1': [[0.461, 0.0, 0.0007, 0.0007, 0.0007, 0.0007, 0.00030000000000000003, 0.00030000000000000003], [0.0, 0.0007, 0.0011, 0.026000000000000002, 0.0011, 0.026000000000000002, 0.0189, 0.0189], [0.0, 0.0011, 0.0358, 0.009000000000000001, 0.0358, 0.009000000000000001, 0.0031000000000000003, 0.0031000000000000003], [0.0, 0.0002, 0.0179, 0.019200000000000002, 0.0179, 0.019200000000000002, 0.0342, 0.0342], [0.0, 0.0002, 0.0, 0.0, 0.0, 0.0, 0.0, 0.0], [0.0, 0.0011, 0.0, 0.0, 0.0, 0.0, 0.0, 0.0], [0.0, 0.0012000000000000001, 0.0, 0.0, 0.0, 0.0, 0.0, 0.0], [0.0002, 0.0005, 0.0, 0.0, 0.0, 0.0, 0.0, 0.0], [0.0, 0.0022, 0.0, 0.0, 0.0, 0.0, 0.0, 0.0]]}}
bs_setyawan_curtarolo_efermi: -1.42813764
bs_hinuma_task_id: mp-2062700
bs_hinuma_band_gap: 4.349
bs_hinuma_cbm: {'band_index': {'1': [30]}, 'kpoint_index': [13, 14], 'kpoint': <pymatgen.electronic_structure.bandstructure.Kpoint object at 0x7fc5d4b59c50>, 'energy': 2.807, 'projections': {'1': [[0.0, 0.2482, 0.0076, 0.0126, 0.0126, 0.0076, 0.0076, 0.0076], [0.028200000000000003, 0.0, 0.0015, 0.0212, 0.0212, 0.0015, 0.0342, 0.0342], [0.0, 0.0, 0.0014, 0.015600000000000001, 0.015600000000000001, 0.0014, 0.024, 0.024], [0.024, 0.0, 0.0626, 0.00030000000000000003, 0.00030000000000000003, 0.0626, 0.007200000000000001, 0.007200000000000001], [0.0, 0.0001, 0.0, 0.0, 0.0, 0.0, 0.0, 0.0], [0.0, 0.0004, 0.0, 0.0, 0.0, 0.0, 0.0, 0.0], [0.0, 0.0, 0.0, 0.0, 0.0, 0.0, 0.0, 0.0], [0.0, 0.0, 0.0, 0.0, 0.0, 0.0, 0.0, 0.0], [0.0, 0.0001, 0.0, 0.0, 0.0, 0.0, 0.0, 0.0]]}}
bs_hinuma_vbm: {'band_index': {'1': [29]}, 'kpoint_index': ['22'], 'kpoint': <pymatgen.electronic_structure.bandstructure.Kpoint object at 0x7fc5d4b59d30>, 'energy': -1.542, 'projections': {'1': [[0.4565, 0.0, 0.0006000000000000001, 0.0002, 0.0002, 0.0006000000000000001, 0.0006000000000000001, 0.0006000000000000001], [0.0, 0.0007, 0.0009000000000000001, 0.019700000000000002, 0.019700000000000002, 0.0009000000000000001, 0.0245, 0.0245], [0.0, 0.001, 0.0368, 0.004, 0.004, 0.0368, 0.0089, 0.0089], [0.0, 0.0002, 0.016900000000000002, 0.0346, 0.0346, 0.016900000000000002, 0.0213, 0.0213], [0.0, 0.0002, 0.0, 0.0, 0.0, 0.0, 0.0, 0.0], [0.0, 0.001, 0.0, 0.0, 0.0, 0.0, 0.0, 0.0], [0.0, 0.0011, 0.0, 0.0, 0.0, 0.0, 0.0, 0.0], [0.0001, 0.0004, 0.0, 0.0, 0.0, 0.0, 0.0, 0.0], [0.0, 0.002, 0.0, 0.0, 0.0, 0.0, 0.0, 0.0]]}}
bs_hinuma_efermi: -1.47262423
bs_latimer_munro_task_id: mp-2613622
bs_latimer_munro_band_gap: 4.349
bs_latimer_munro_cbm: {'band_index': {'1': [30]}, 'kpoint_index': [124, 125, 236], 'kpoint': <pymatgen.electronic_structure.bandstructure.Kpoint object at 0x7fc5d4b59be0>, 'energy': 2.807, 'projections': {'1': [[0.0, 0.2482, 0.0076, 0.0076, 0.0076, 0.0076, 0.0126, 0.0126], [0.028200000000000003, 0.0, 0.0015, 0.0342, 0.0342, 0.0015, 0.0212, 0.0212], [0.0, 0.0, 0.0014, 0.024, 0.024, 0.0014, 0.015600000000000001, 0.015600000000000001], [0.024, 0.0, 0.0626, 0.007200000000000001, 0.007200000000000001, 0.0626, 0.00030000000000000003, 0.00030000000000000003], [0.0, 0.0001, 0.0, 0.0, 0.0, 0.0, 0.0, 0.0], [0.0, 0.0004, 0.0, 0.0, 0.0, 0.0, 0.0, 0.0], [0.0, 0.0, 0.0, 0.0, 0.0, 0.0, 0.0, 0.0], [0.0, 0.0, 0.0, 0.0, 0.0, 0.0, 0.0, 0.0], [0.0, 0.0001, 0.0, 0.0, 0.0, 0.0, 0.0, 0.0]]}}
bs_latimer_munro_vbm: {'band_index': {'1': [29]}, 'kpoint_index': ['116'], 'kpoint': <pymatgen.electronic_structure.bandstructure.Kpoint object at 0x7fc5d4b59e80>, 'energy': -1.542, 'projections': {'1': [[0.4565, 0.0, 0.0006000000000000001, 0.0006000000000000001, 0.0006000000000000001, 0.0006000000000000001, 0.0002, 0.0002], [0.0, 0.0007, 0.0009000000000000001, 0.0245, 0.0245, 0.0009000000000000001, 0.019700000000000002, 0.019700000000000002], [0.0, 0.001, 0.0368, 0.0089, 0.0089, 0.0368, 0.004, 0.004], [0.0, 0.0002, 0.016900000000000002, 0.0213, 0.0213, 0.016900000000000002, 0.0346, 0.0346], [0.0, 0.0002, 0.0, 0.0, 0.0, 0.0, 0.0, 0.0], [0.0, 0.001, 0.0, 0.0, 0.0, 0.0, 0.0, 0.0], [0.0, 0.0011, 0.0, 0.0, 0.0, 0.0, 0.0, 0.0], [0.0001, 0.0004, 0.0, 0.0, 0.0, 0.0, 0.0, 0.0], [0.0, 0.002, 0.0, 0.0, 0.0, 0.0, 0.0, 0.0]]}}
bs_latimer_munro_efermi: -1.46877589