material_id: mp-865018
band_gap: 0.47489999999999905
efermi: 5.6987182
dos_magnetic_ordering: NM
dos_total_task_id: mp-1765026
dos_total_band_gap: 0.48430000000000006
dos_total_cbm: 6.0245
dos_total_vbm: 5.5402000000000005
dos_total_efermi: 5.54572768
bs_setyawan_curtarolo_task_id: mp-1052110
bs_setyawan_curtarolo_band_gap: 0.47489999999999905
bs_setyawan_curtarolo_cbm: {'band_index': {'1': [100]}, 'kpoint_index': ['51'], 'kpoint': <pymatgen.electronic_structure.bandstructure.Kpoint object at 0x7fc699d63930>, 'energy': 5.9563, 'projections': {'1': [[0.0058000000000000005, 0.0058000000000000005, 0.0058000000000000005, 0.0058000000000000005, 0.0026000000000000003, 0.0026000000000000003, 0.0026000000000000003, 0.0026000000000000003, 0.00030000000000000003, 0.00030000000000000003, 0.00030000000000000003, 0.00030000000000000003, 0.0102, 0.0102, 0.0102, 0.0102, 0.0007, 0.0007, 0.0007, 0.0007, 0.007200000000000001, 0.007200000000000001, 0.007200000000000001, 0.007200000000000001], [0.0001, 0.0001, 0.0001, 0.0001, 0.040100000000000004, 0.040100000000000004, 0.040100000000000004, 0.040100000000000004, 0.0012000000000000001, 0.0012000000000000001, 0.0012000000000000001, 0.0012000000000000001, 0.0002, 0.0002, 0.0002, 0.0002, 0.0056, 0.0056, 0.0056, 0.0056, 0.0012000000000000001, 0.0012000000000000001, 0.0012000000000000001, 0.0012000000000000001], [0.0006000000000000001, 0.0006000000000000001, 0.0006000000000000001, 0.0006000000000000001, 0.0239, 0.0239, 0.0239, 0.0239, 0.0057, 0.0057, 0.0057, 0.0057, 0.0009000000000000001, 0.0009000000000000001, 0.0009000000000000001, 0.0009000000000000001, 0.0044, 0.0044, 0.0044, 0.0044, 0.0002, 0.0002, 0.0002, 0.0002], [0.0001, 0.0001, 0.0001, 0.0001, 0.0025, 0.0025, 0.0025, 0.0025, 0.0014, 0.0014, 0.0014, 0.0014, 0.0016, 0.0016, 0.0016, 0.0016, 0.0008, 0.0008, 0.0008, 0.0008, 0.0074, 0.0074, 0.0074, 0.0073], [0.0008, 0.0008, 0.0008, 0.0008, 0.0, 0.0, 0.0, 0.0, 0.00030000000000000003, 0.00030000000000000003, 0.00030000000000000003, 0.00030000000000000003, 0.0, 0.0, 0.0, 0.0, 0.0, 0.0, 0.0, 0.0, 0.0, 0.0, 0.0, 0.0], [0.0021000000000000003, 0.0021000000000000003, 0.0021000000000000003, 0.0021000000000000003, 0.001, 0.001, 0.0009000000000000001, 0.0009000000000000001, 0.0061, 0.0061, 0.0061, 0.0061, 0.0, 0.0, 0.0, 0.0, 0.0, 0.0, 0.0, 0.0, 0.0, 0.0, 0.0, 0.0], [0.0005, 0.0005, 0.0005, 0.0005, 0.0, 0.0, 0.0, 0.0, 0.0008, 0.0008, 0.0008, 0.0008, 0.0, 0.0, 0.0, 0.0, 0.0, 0.0, 0.0, 0.0, 0.0, 0.0, 0.0, 0.0], [0.001, 0.001, 0.001, 0.001, 0.0001, 0.0001, 0.0001, 0.0001, 0.0008, 0.0008, 0.0008, 0.0008, 0.0, 0.0, 0.0, 0.0, 0.0, 0.0, 0.0, 0.0, 0.0, 0.0, 0.0, 0.0], [0.0125, 0.0125, 0.0125, 0.0125, 0.00030000000000000003, 0.00030000000000000003, 0.00030000000000000003, 0.00030000000000000003, 0.0235, 0.0235, 0.0235, 0.0235, 0.0, 0.0, 0.0, 0.0, 0.0, 0.0, 0.0, 0.0, 0.0, 0.0, 0.0, 0.0]]}}
bs_setyawan_curtarolo_vbm: {'band_index': {'1': [99]}, 'kpoint_index': [0, 47, 48], 'kpoint': <pymatgen.electronic_structure.bandstructure.Kpoint object at 0x7fc5d4b5a350>, 'energy': 5.4814, 'projections': {'1': [[0.0005, 0.0005, 0.0005, 0.0005, 0.0, 0.0, 0.0, 0.0, 0.0001, 0.0001, 0.0001, 0.0001, 0.0, 0.0, 0.0, 0.0, 0.0, 0.0, 0.0, 0.0, 0.0002, 0.0002, 0.0002, 0.0002], [0.0001, 0.0001, 0.0001, 0.0001, 0.00030000000000000003, 0.00030000000000000003, 0.00030000000000000003, 0.00030000000000000003, 0.0, 0.0, 0.0, 0.0, 0.0, 0.0, 0.0, 0.0, 0.0001, 0.0001, 0.0001, 0.0001, 0.0, 0.0, 0.0, 0.0], [0.0, 0.0, 0.0, 0.0, 0.001, 0.001, 0.001, 0.001, 0.0, 0.0, 0.0, 0.0, 0.0007, 0.0007, 0.0007, 0.0007, 0.00030000000000000003, 0.00030000000000000003, 0.00030000000000000003, 0.00030000000000000003, 0.002, 0.002, 0.002, 0.002], [0.0049, 0.0049, 0.0049, 0.0049, 0.005200000000000001, 0.005200000000000001, 0.005200000000000001, 0.005200000000000001, 0.0, 0.0, 0.0, 0.0, 0.0275, 0.0275, 0.0275, 0.0275, 0.0007, 0.0007, 0.0007, 0.0007, 0.0362, 0.0362, 0.0362, 0.0362], [0.021, 0.021, 0.0211, 0.021, 0.0, 0.0, 0.0, 0.0, 0.027600000000000003, 0.027600000000000003, 0.027600000000000003, 0.027600000000000003, 0.0, 0.0, 0.0, 0.0, 0.0, 0.0, 0.0, 0.0, 0.0, 0.0, 0.0, 0.0], [0.0029000000000000002, 0.0029000000000000002, 0.0029000000000000002, 0.0029000000000000002, 0.0, 0.0, 0.0, 0.0, 0.0, 0.0, 0.0, 0.0, 0.0, 0.0, 0.0, 0.0, 0.0, 0.0, 0.0, 0.0, 0.0, 0.0, 0.0, 0.0], [0.00030000000000000003, 0.00030000000000000003, 0.00030000000000000003, 0.00030000000000000003, 0.0, 0.0, 0.0, 0.0, 0.001, 0.001, 0.001, 0.001, 0.0, 0.0, 0.0, 0.0, 0.0, 0.0, 0.0, 0.0, 0.0, 0.0, 0.0, 0.0], [0.0603, 0.060500000000000005, 0.0604, 0.0604, 0.0017000000000000001, 0.0017000000000000001, 0.0017000000000000001, 0.0017000000000000001, 0.0013000000000000002, 0.0013000000000000002, 0.0013000000000000002, 0.0013000000000000002, 0.0, 0.0, 0.0, 0.0, 0.0, 0.0, 0.0, 0.0, 0.0, 0.0, 0.0, 0.0], [0.0, 0.0, 0.0, 0.0, 0.0, 0.0, 0.0, 0.0, 0.0005, 0.0005, 0.0005, 0.0005, 0.0, 0.0, 0.0, 0.0, 0.0, 0.0, 0.0, 0.0, 0.0, 0.0, 0.0, 0.0]]}}
bs_setyawan_curtarolo_efermi: 5.6987182
bs_hinuma_task_id: mp-2166456
bs_hinuma_band_gap: 0.47580000000000006
bs_hinuma_cbm: {'band_index': {'1': [100]}, 'kpoint_index': ['8'], 'kpoint': <pymatgen.electronic_structure.bandstructure.Kpoint object at 0x7fc5d4b5a200>, 'energy': 5.9922, 'projections': {'1': [[0.006, 0.006, 0.006, 0.006, 0.0027, 0.0027, 0.0027, 0.0027, 0.00030000000000000003, 0.00030000000000000003, 0.00030000000000000003, 0.00030000000000000003, 0.0103, 0.0103, 0.0103, 0.0103, 0.0008, 0.0008, 0.0008, 0.0008, 0.007200000000000001, 0.007200000000000001, 0.007200000000000001, 0.007200000000000001], [0.0001, 0.0001, 0.0001, 0.0001, 0.0023, 0.0023, 0.0023, 0.0023, 0.0014, 0.0014, 0.0014, 0.0014, 0.0017000000000000001, 0.0017000000000000001, 0.0017000000000000001, 0.0017000000000000001, 0.0007, 0.0007, 0.0007, 0.0007, 0.007200000000000001, 0.007200000000000001, 0.007200000000000001, 0.007200000000000001], [0.0001, 0.0001, 0.0001, 0.0001, 0.040400000000000005, 0.040400000000000005, 0.040400000000000005, 0.040400000000000005, 0.0014, 0.0014, 0.0014, 0.0014, 0.0002, 0.0002, 0.0002, 0.0002, 0.0054, 0.0054, 0.0054, 0.0054, 0.0013000000000000002, 0.0013000000000000002, 0.0013000000000000002, 0.0013000000000000002], [0.0005, 0.0005, 0.0005, 0.0005, 0.0236, 0.0236, 0.0236, 0.0236, 0.0058000000000000005, 0.0058000000000000005, 0.0058000000000000005, 0.0058000000000000005, 0.0007, 0.0007, 0.0007, 0.0007, 0.0045000000000000005, 0.0045000000000000005, 0.0045000000000000005, 0.0045000000000000005, 0.0001, 0.0001, 0.0001, 0.0001], [0.001, 0.001, 0.001, 0.001, 0.0001, 0.0001, 0.0001, 0.0001, 0.0007, 0.0007, 0.0007, 0.0007, 0.0, 0.0, 0.0, 0.0, 0.0, 0.0, 0.0, 0.0, 0.0, 0.0, 0.0, 0.0], [0.0008, 0.0008, 0.0008, 0.0008, 0.0, 0.0, 0.0, 0.0, 0.0002, 0.0002, 0.0002, 0.0002, 0.0, 0.0, 0.0, 0.0, 0.0, 0.0, 0.0, 0.0, 0.0, 0.0, 0.0, 0.0], [0.0085, 0.0085, 0.0085, 0.0085, 0.00030000000000000003, 0.00030000000000000003, 0.00030000000000000003, 0.00030000000000000003, 0.0151, 0.0151, 0.0151, 0.0151, 0.0, 0.0, 0.0, 0.0, 0.0, 0.0, 0.0, 0.0, 0.0, 0.0, 0.0, 0.0], [0.0023, 0.0023, 0.0023, 0.0023, 0.001, 0.001, 0.001, 0.001, 0.006500000000000001, 0.006500000000000001, 0.006500000000000001, 0.006500000000000001, 0.0, 0.0, 0.0, 0.0, 0.0, 0.0, 0.0, 0.0, 0.0, 0.0, 0.0, 0.0], [0.0034000000000000002, 0.0034000000000000002, 0.0034000000000000002, 0.0034000000000000002, 0.0002, 0.0002, 0.0002, 0.0002, 0.0098, 0.0098, 0.0098, 0.0098, 0.0, 0.0, 0.0, 0.0, 0.0, 0.0, 0.0, 0.0, 0.0, 0.0, 0.0, 0.0]]}}
bs_hinuma_vbm: {'band_index': {'1': [99]}, 'kpoint_index': [0, 47, 48], 'kpoint': <pymatgen.electronic_structure.bandstructure.Kpoint object at 0x7fc5d4b59c50>, 'energy': 5.5164, 'projections': {'1': [[0.0005, 0.0005, 0.0005, 0.0005, 0.0, 0.0, 0.0, 0.0, 0.0001, 0.0001, 0.0001, 0.0001, 0.0, 0.0, 0.0, 0.0, 0.0, 0.0, 0.0, 0.0, 0.0002, 0.0002, 0.0002, 0.0002], [0.005, 0.005, 0.005, 0.005, 0.005200000000000001, 0.005200000000000001, 0.005200000000000001, 0.005200000000000001, 0.0, 0.0, 0.0, 0.0, 0.0274, 0.0274, 0.0274, 0.0274, 0.0007, 0.0007, 0.0007, 0.0007, 0.0363, 0.0363, 0.0363, 0.0363], [0.0001, 0.0001, 0.0001, 0.0001, 0.00030000000000000003, 0.00030000000000000003, 0.00030000000000000003, 0.00030000000000000003, 0.0, 0.0, 0.0, 0.0, 0.0, 0.0, 0.0, 0.0, 0.0001, 0.0001, 0.0001, 0.0001, 0.0, 0.0, 0.0, 0.0], [0.0, 0.0, 0.0, 0.0, 0.001, 0.001, 0.001, 0.001, 0.0, 0.0, 0.0, 0.0, 0.0007, 0.0007, 0.0007, 0.0007, 0.00030000000000000003, 0.00030000000000000003, 0.00030000000000000003, 0.00030000000000000003, 0.002, 0.002, 0.002, 0.002], [0.0604, 0.0604, 0.0604, 0.0604, 0.0017000000000000001, 0.0017000000000000001, 0.0017000000000000001, 0.0017000000000000001, 0.0013000000000000002, 0.0013000000000000002, 0.0013000000000000002, 0.0013000000000000002, 0.0, 0.0, 0.0, 0.0, 0.0, 0.0, 0.0, 0.0, 0.0, 0.0, 0.0, 0.0], [0.0213, 0.0213, 0.0213, 0.0213, 0.0, 0.0, 0.0, 0.0, 0.0275, 0.0275, 0.0275, 0.0275, 0.0, 0.0, 0.0, 0.0, 0.0, 0.0, 0.0, 0.0, 0.0, 0.0, 0.0, 0.0], [0.0001, 0.0001, 0.0001, 0.0001, 0.0, 0.0, 0.0, 0.0, 0.0012000000000000001, 0.0012000000000000001, 0.0012000000000000001, 0.0012000000000000001, 0.0, 0.0, 0.0, 0.0, 0.0, 0.0, 0.0, 0.0, 0.0, 0.0, 0.0, 0.0], [0.0028, 0.0028, 0.0028, 0.0028, 0.0, 0.0, 0.0, 0.0, 0.0, 0.0, 0.0, 0.0, 0.0, 0.0, 0.0, 0.0, 0.0, 0.0, 0.0, 0.0, 0.0, 0.0, 0.0, 0.0], [0.0002, 0.0002, 0.0002, 0.0002, 0.0, 0.0, 0.0, 0.0, 0.0002, 0.0002, 0.0002, 0.0002, 0.0, 0.0, 0.0, 0.0, 0.0, 0.0, 0.0, 0.0, 0.0, 0.0, 0.0, 0.0]]}}
bs_hinuma_efermi: 5.63118038
bs_latimer_munro_task_id: mp-2445347
bs_latimer_munro_band_gap: 0.47580000000000006
bs_latimer_munro_cbm: {'band_index': {'1': [100]}, 'kpoint_index': ['200'], 'kpoint': <pymatgen.electronic_structure.bandstructure.Kpoint object at 0x7fc5d4b59be0>, 'energy': 5.9922, 'projections': {'1': [[0.006, 0.006, 0.006, 0.006, 0.0027, 0.0027, 0.0027, 0.0027, 0.00030000000000000003, 0.00030000000000000003, 0.00030000000000000003, 0.00030000000000000003, 0.0103, 0.0103, 0.0103, 0.0103, 0.0008, 0.0008, 0.0008, 0.0008, 0.007200000000000001, 0.007200000000000001, 0.007200000000000001, 0.007200000000000001], [0.0001, 0.0001, 0.0001, 0.0001, 0.0023, 0.0023, 0.0023, 0.0023, 0.0014, 0.0014, 0.0014, 0.0014, 0.0017000000000000001, 0.0017000000000000001, 0.0017000000000000001, 0.0017000000000000001, 0.0007, 0.0007, 0.0007, 0.0007, 0.007200000000000001, 0.007200000000000001, 0.007200000000000001, 0.007200000000000001], [0.0001, 0.0001, 0.0001, 0.0001, 0.040400000000000005, 0.040400000000000005, 0.040400000000000005, 0.040400000000000005, 0.0014, 0.0014, 0.0014, 0.0014, 0.0002, 0.0002, 0.0002, 0.0002, 0.0054, 0.0054, 0.0054, 0.0054, 0.0013000000000000002, 0.0013000000000000002, 0.0013000000000000002, 0.0013000000000000002], [0.0005, 0.0005, 0.0005, 0.0005, 0.0236, 0.0236, 0.0236, 0.0236, 0.0058000000000000005, 0.0058000000000000005, 0.0058000000000000005, 0.0058000000000000005, 0.0007, 0.0007, 0.0007, 0.0007, 0.0045000000000000005, 0.0045000000000000005, 0.0045000000000000005, 0.0045000000000000005, 0.0001, 0.0001, 0.0001, 0.0001], [0.001, 0.001, 0.001, 0.001, 0.0001, 0.0001, 0.0001, 0.0001, 0.0007, 0.0007, 0.0007, 0.0007, 0.0, 0.0, 0.0, 0.0, 0.0, 0.0, 0.0, 0.0, 0.0, 0.0, 0.0, 0.0], [0.0008, 0.0008, 0.0008, 0.0008, 0.0, 0.0, 0.0, 0.0, 0.0002, 0.0002, 0.0002, 0.0002, 0.0, 0.0, 0.0, 0.0, 0.0, 0.0, 0.0, 0.0, 0.0, 0.0, 0.0, 0.0], [0.0085, 0.0085, 0.0085, 0.0085, 0.00030000000000000003, 0.00030000000000000003, 0.00030000000000000003, 0.00030000000000000003, 0.0151, 0.0151, 0.0151, 0.0151, 0.0, 0.0, 0.0, 0.0, 0.0, 0.0, 0.0, 0.0, 0.0, 0.0, 0.0, 0.0], [0.0023, 0.0023, 0.0023, 0.0023, 0.001, 0.001, 0.001, 0.001, 0.006500000000000001, 0.006500000000000001, 0.006500000000000001, 0.006500000000000001, 0.0, 0.0, 0.0, 0.0, 0.0, 0.0, 0.0, 0.0, 0.0, 0.0, 0.0, 0.0], [0.0034000000000000002, 0.0034000000000000002, 0.0034000000000000002, 0.0034000000000000002, 0.0002, 0.0002, 0.0002, 0.0002, 0.0098, 0.0098, 0.0098, 0.0098, 0.0, 0.0, 0.0, 0.0, 0.0, 0.0, 0.0, 0.0, 0.0, 0.0, 0.0, 0.0]]}}
bs_latimer_munro_vbm: {'band_index': {'1': [99]}, 'kpoint_index': [24, 25, 120, 121, 191, 192], 'kpoint': <pymatgen.electronic_structure.bandstructure.Kpoint object at 0x7fc5d4b5a430>, 'energy': 5.5164, 'projections': {'1': [[0.0005, 0.0005, 0.0005, 0.0005, 0.0, 0.0, 0.0, 0.0, 0.0001, 0.0001, 0.0001, 0.0001, 0.0, 0.0, 0.0, 0.0, 0.0, 0.0, 0.0, 0.0, 0.0002, 0.0002, 0.0002, 0.0002], [0.005, 0.005, 0.005, 0.005, 0.005200000000000001, 0.005200000000000001, 0.005200000000000001, 0.005200000000000001, 0.0, 0.0, 0.0, 0.0, 0.0274, 0.0274, 0.0274, 0.0274, 0.0007, 0.0007, 0.0007, 0.0007, 0.0363, 0.0363, 0.0363, 0.0363], [0.0001, 0.0001, 0.0001, 0.0001, 0.00030000000000000003, 0.00030000000000000003, 0.00030000000000000003, 0.00030000000000000003, 0.0, 0.0, 0.0, 0.0, 0.0, 0.0, 0.0, 0.0, 0.0001, 0.0001, 0.0001, 0.0001, 0.0, 0.0, 0.0, 0.0], [0.0, 0.0, 0.0, 0.0, 0.001, 0.001, 0.001, 0.001, 0.0, 0.0, 0.0, 0.0, 0.0007, 0.0007, 0.0007, 0.0007, 0.00030000000000000003, 0.00030000000000000003, 0.00030000000000000003, 0.00030000000000000003, 0.002, 0.002, 0.002, 0.002], [0.0604, 0.0604, 0.0604, 0.0604, 0.0017000000000000001, 0.0017000000000000001, 0.0017000000000000001, 0.0017000000000000001, 0.0013000000000000002, 0.0013000000000000002, 0.0013000000000000002, 0.0013000000000000002, 0.0, 0.0, 0.0, 0.0, 0.0, 0.0, 0.0, 0.0, 0.0, 0.0, 0.0, 0.0], [0.0213, 0.0213, 0.0213, 0.0213, 0.0, 0.0, 0.0, 0.0, 0.0275, 0.0275, 0.0275, 0.0275, 0.0, 0.0, 0.0, 0.0, 0.0, 0.0, 0.0, 0.0, 0.0, 0.0, 0.0, 0.0], [0.0001, 0.0001, 0.0001, 0.0001, 0.0, 0.0, 0.0, 0.0, 0.0012000000000000001, 0.0012000000000000001, 0.0012000000000000001, 0.0012000000000000001, 0.0, 0.0, 0.0, 0.0, 0.0, 0.0, 0.0, 0.0, 0.0, 0.0, 0.0, 0.0], [0.0028, 0.0028, 0.0028, 0.0028, 0.0, 0.0, 0.0, 0.0, 0.0, 0.0, 0.0, 0.0, 0.0, 0.0, 0.0, 0.0, 0.0, 0.0, 0.0, 0.0, 0.0, 0.0, 0.0, 0.0], [0.0002, 0.0002, 0.0002, 0.0002, 0.0, 0.0, 0.0, 0.0, 0.0002, 0.0002, 0.0002, 0.0002, 0.0, 0.0, 0.0, 0.0, 0.0, 0.0, 0.0, 0.0, 0.0, 0.0, 0.0, 0.0]]}}
bs_latimer_munro_efermi: 5.60835971