material_id: mp-8211
band_gap: 0.16720000000000002
efermi: 3.56198043
dos_magnetic_ordering: NM
dos_total_task_id: mp-1672757
dos_total_band_gap: 0.26430000000000003
dos_total_cbm: 3.1943
dos_total_vbm: 2.93
dos_total_efermi: 2.93033445
bs_setyawan_curtarolo_task_id: mp-1589538
bs_setyawan_curtarolo_band_gap: 0.16720000000000002
bs_setyawan_curtarolo_cbm: {'band_index': {'1': [33]}, 'kpoint_index': [244, 245, 524], 'kpoint': <pymatgen.electronic_structure.bandstructure.Kpoint object at 0x7fc699d63930>, 'energy': 3.6842, 'projections': {'1': [[0.032600000000000004, 0.032600000000000004, 0.1938, 0.1938, 0.0239, 0.0239], [0.0, 0.0, 0.0, 0.0, 0.0, 0.0], [0.0, 0.0, 0.00030000000000000003, 0.00030000000000000003, 0.00030000000000000003, 0.00030000000000000003], [0.0, 0.0, 0.0347, 0.0347, 0.0323, 0.0323], [0.0, 0.0, 0.0, 0.0, 0.0, 0.0], [0.0, 0.0, 0.0, 0.0, 0.0, 0.0], [0.0, 0.0, 0.0014, 0.0014, 0.0, 0.0], [0.0, 0.0, 0.0002, 0.0002, 0.0, 0.0], [0.0, 0.0, 0.0043, 0.0043, 0.0, 0.0]]}}
bs_setyawan_curtarolo_vbm: {'band_index': {'1': [32]}, 'kpoint_index': [244, 245, 524], 'kpoint': <pymatgen.electronic_structure.bandstructure.Kpoint object at 0x7fc5d4b59c50>, 'energy': 3.517, 'projections': {'1': [[0.0216, 0.0216, 0.0001, 0.0001, 0.0004, 0.0004], [0.0, 0.0, 0.0, 0.0, 0.0, 0.0], [0.0004, 0.0004, 0.0007, 0.0007, 0.0015, 0.0015], [0.0444, 0.0444, 0.0722, 0.0722, 0.1544, 0.1544], [0.0, 0.0, 0.0, 0.0, 0.0, 0.0], [0.0, 0.0, 0.0, 0.0, 0.0, 0.0], [0.0025, 0.0025, 0.002, 0.002, 0.0, 0.0], [0.00030000000000000003, 0.00030000000000000003, 0.0002, 0.0002, 0.0, 0.0], [0.0079, 0.0079, 0.006200000000000001, 0.006200000000000001, 0.0, 0.0]]}}
bs_setyawan_curtarolo_efermi: 3.56198043
bs_hinuma_task_id: mp-2194747
bs_hinuma_band_gap: 0.16720000000000002
bs_hinuma_cbm: {'band_index': {'1': [33]}, 'kpoint_index': [26, 27], 'kpoint': <pymatgen.electronic_structure.bandstructure.Kpoint object at 0x7fc5d4b5a190>, 'energy': 3.6842, 'projections': {'1': [[0.032600000000000004, 0.032600000000000004, 0.1938, 0.1938, 0.0239, 0.0239], [0.0, 0.0, 0.0, 0.0, 0.0, 0.0], [0.0, 0.0, 0.00030000000000000003, 0.00030000000000000003, 0.00030000000000000003, 0.00030000000000000003], [0.0, 0.0, 0.0347, 0.0347, 0.0323, 0.0323], [0.0, 0.0, 0.0, 0.0, 0.0, 0.0], [0.0, 0.0, 0.0, 0.0, 0.0, 0.0], [0.0, 0.0, 0.0014, 0.0014, 0.0, 0.0], [0.0, 0.0, 0.0002, 0.0002, 0.0, 0.0], [0.0, 0.0, 0.0043, 0.0043, 0.0, 0.0]]}}
bs_hinuma_vbm: {'band_index': {'1': [32]}, 'kpoint_index': [26, 27], 'kpoint': <pymatgen.electronic_structure.bandstructure.Kpoint object at 0x7fc5d4b5a3c0>, 'energy': 3.517, 'projections': {'1': [[0.0216, 0.0216, 0.0001, 0.0001, 0.0004, 0.0004], [0.0, 0.0, 0.0, 0.0, 0.0, 0.0], [0.0004, 0.0004, 0.0007, 0.0007, 0.0015, 0.0015], [0.0444, 0.0444, 0.0722, 0.0722, 0.1544, 0.1544], [0.0, 0.0, 0.0, 0.0, 0.0, 0.0], [0.0, 0.0, 0.0, 0.0, 0.0, 0.0], [0.0025, 0.0025, 0.002, 0.002, 0.0, 0.0], [0.00030000000000000003, 0.00030000000000000003, 0.0002, 0.0002, 0.0, 0.0], [0.0079, 0.0079, 0.006200000000000001, 0.006200000000000001, 0.0, 0.0]]}}
bs_hinuma_efermi: 3.58141687
bs_latimer_munro_task_id: mp-2691232
bs_latimer_munro_band_gap: 0.16720000000000002
bs_latimer_munro_cbm: {'band_index': {'1': [33]}, 'kpoint_index': [283, 284, 385], 'kpoint': <pymatgen.electronic_structure.bandstructure.Kpoint object at 0x7fc5d4b5a430>, 'energy': 3.6842, 'projections': {'1': [[0.032600000000000004, 0.032600000000000004, 0.1938, 0.1938, 0.0239, 0.0239], [0.0, 0.0, 0.0, 0.0, 0.0, 0.0], [0.0, 0.0, 0.00030000000000000003, 0.00030000000000000003, 0.00030000000000000003, 0.00030000000000000003], [0.0, 0.0, 0.0347, 0.0347, 0.0323, 0.0323], [0.0, 0.0, 0.0, 0.0, 0.0, 0.0], [0.0, 0.0, 0.0, 0.0, 0.0, 0.0], [0.0, 0.0, 0.0014, 0.0014, 0.0, 0.0], [0.0, 0.0, 0.0002, 0.0002, 0.0, 0.0], [0.0, 0.0, 0.0043, 0.0043, 0.0, 0.0]]}}
bs_latimer_munro_vbm: {'band_index': {'1': [32]}, 'kpoint_index': [283, 284, 385], 'kpoint': <pymatgen.electronic_structure.bandstructure.Kpoint object at 0x7fc5d4b59d30>, 'energy': 3.517, 'projections': {'1': [[0.0216, 0.0216, 0.0001, 0.0001, 0.0004, 0.0004], [0.0, 0.0, 0.0, 0.0, 0.0, 0.0], [0.0004, 0.0004, 0.0007, 0.0007, 0.0015, 0.0015], [0.0444, 0.0444, 0.0722, 0.0722, 0.1544, 0.1544], [0.0, 0.0, 0.0, 0.0, 0.0, 0.0], [0.0, 0.0, 0.0, 0.0, 0.0, 0.0], [0.0025, 0.0025, 0.002, 0.002, 0.0, 0.0], [0.00030000000000000003, 0.00030000000000000003, 0.0002, 0.0002, 0.0, 0.0], [0.0079, 0.0079, 0.006200000000000001, 0.006200000000000001, 0.0, 0.0]]}}
bs_latimer_munro_efermi: 3.5634745