material_id: mp-867311
band_gap: 0.07939999999999901
efermi: 6.03109649
dos_magnetic_ordering: NM
dos_total_task_id: mp-1714077
dos_total_band_gap: 0.1413
dos_total_cbm: 6.1109
dos_total_vbm: 5.9696
dos_total_efermi: 5.95551586
bs_setyawan_curtarolo_task_id: mp-1055121
bs_setyawan_curtarolo_band_gap: 0.07939999999999901
bs_setyawan_curtarolo_cbm: {'band_index': {'1': [17]}, 'kpoint_index': [80, 81, 526], 'kpoint': <pymatgen.electronic_structure.bandstructure.Kpoint object at 0x7fc699d63930>, 'energy': 6.0755, 'projections': {'1': [[0.066, 0.1368, 0.0, 0.0], [0.0, 0.0, 0.0356, 0.0356], [0.0, 0.0, 0.0, 0.0], [0.0, 0.0, 0.0, 0.0], [0.0, 0.0, 0.0, 0.0], [0.0, 0.0, 0.0, 0.0], [0.0129, 0.014400000000000001, 0.0, 0.0], [0.0, 0.0, 0.0148, 0.0148], [0.038700000000000005, 0.0431, 0.0, 0.0], [0.0, 0.0, 0.0, 0.0], [0.0, 0.0, 0.0, 0.0], [0.0, 0.0, 0.0, 0.0], [0.0, 0.0, 0.0, 0.0], [0.0, 0.0, 0.0, 0.0], [0.0, 0.0, 0.0, 0.0], [0.0, 0.0, 0.0, 0.0]]}}
bs_setyawan_curtarolo_vbm: {'band_index': {'1': [16]}, 'kpoint_index': ['120'], 'kpoint': <pymatgen.electronic_structure.bandstructure.Kpoint object at 0x7fc5d4b5a190>, 'energy': 5.9961, 'projections': {'1': [[0.0, 0.0, 0.0, 0.0], [0.0, 0.0, 0.12810000000000002, 0.12810000000000002], [0.0, 0.0, 0.1187, 0.1187], [0.0, 0.0, 0.0, 0.0], [0.0, 0.0, 0.0001, 0.0001], [0.0, 0.0471, 0.0, 0.0], [0.0, 0.0, 0.0, 0.0], [0.0, 0.0, 0.0001, 0.0001], [0.0, 0.0, 0.0, 0.0], [0.0, 0.0, 0.0, 0.0], [0.058800000000000005, 0.0, 0.0, 0.0], [0.0, 0.0, 0.0, 0.0], [0.0, 0.0, 0.0, 0.0], [0.0, 0.0, 0.0, 0.0], [0.0, 0.0, 0.0, 0.0], [0.0, 0.0, 0.0, 0.0]]}}
bs_setyawan_curtarolo_efermi: 6.03109649
bs_hinuma_task_id: mp-2090954
bs_hinuma_band_gap: 0.0748
bs_hinuma_cbm: {'band_index': {'1': [17]}, 'kpoint_index': [80, 81, 366], 'kpoint': <pymatgen.electronic_structure.bandstructure.Kpoint object at 0x7fc5d4b59c50>, 'energy': 6.0799, 'projections': {'1': [[0.0658, 0.137, 0.0, 0.0], [0.0, 0.0, 0.0357, 0.0357], [0.0, 0.0, 0.0, 0.0], [0.0, 0.0, 0.0, 0.0], [0.0, 0.0, 0.0, 0.0], [0.0, 0.0, 0.0, 0.0], [0.0129, 0.0143, 0.0, 0.0], [0.0, 0.0, 0.0148, 0.0148], [0.0386, 0.043000000000000003, 0.0, 0.0], [0.0, 0.0, 0.0, 0.0], [0.0, 0.0, 0.0, 0.0], [0.0, 0.0, 0.0, 0.0], [0.0, 0.0, 0.0, 0.0], [0.0, 0.0, 0.0, 0.0], [0.0, 0.0, 0.0, 0.0], [0.0, 0.0, 0.0, 0.0]]}}
bs_hinuma_vbm: {'band_index': {'1': [16]}, 'kpoint_index': [325, 326], 'kpoint': <pymatgen.electronic_structure.bandstructure.Kpoint object at 0x7fc5d4b5a3c0>, 'energy': 6.0051, 'projections': {'1': [[0.0, 0.0, 0.0, 0.0], [0.0, 0.0, 0.12340000000000001, 0.12340000000000001], [0.0, 0.0, 0.12340000000000001, 0.12340000000000001], [0.0, 0.0, 0.0, 0.0], [0.0, 0.0, 0.0001, 0.0001], [0.0, 0.047, 0.0, 0.0], [0.0, 0.0, 0.0, 0.0], [0.0, 0.0, 0.0001, 0.0001], [0.0, 0.0, 0.0, 0.0], [0.0, 0.0, 0.0, 0.0], [0.0589, 0.0, 0.0, 0.0], [0.0, 0.0, 0.0, 0.0], [0.0, 0.0, 0.0, 0.0], [0.0, 0.0, 0.0, 0.0], [0.0, 0.0, 0.0, 0.0], [0.0, 0.0, 0.0, 0.0]]}}
bs_hinuma_efermi: 6.04288746
bs_latimer_munro_task_id: mp-2311937
bs_latimer_munro_band_gap: 0.0748
bs_latimer_munro_cbm: {'band_index': {'1': [17]}, 'kpoint_index': [236, 237, 537], 'kpoint': <pymatgen.electronic_structure.bandstructure.Kpoint object at 0x7fc5d4b5a430>, 'energy': 6.0799, 'projections': {'1': [[0.0658, 0.137, 0.0, 0.0], [0.0, 0.0, 0.0, 0.0], [0.0, 0.0, 0.0357, 0.0357], [0.0, 0.0, 0.0, 0.0], [0.0, 0.0, 0.0148, 0.0148], [0.0, 0.0, 0.0, 0.0], [0.051500000000000004, 0.0574, 0.0, 0.0], [0.0, 0.0, 0.0, 0.0], [0.0, 0.0, 0.0, 0.0], [0.0, 0.0, 0.0, 0.0], [0.0, 0.0, 0.0, 0.0], [0.0, 0.0, 0.0, 0.0], [0.0, 0.0, 0.0, 0.0], [0.0, 0.0, 0.0, 0.0], [0.0, 0.0, 0.0, 0.0], [0.0, 0.0, 0.0, 0.0]]}}
bs_latimer_munro_vbm: {'band_index': {'1': [16]}, 'kpoint_index': [29, 30, 277, 278], 'kpoint': <pymatgen.electronic_structure.bandstructure.Kpoint object at 0x7fc5d4b5a350>, 'energy': 6.0051, 'projections': {'1': [[0.0, 0.0, 0.0, 0.0], [0.0, 0.0, 0.12340000000000001, 0.12340000000000001], [0.0, 0.0, 0.12340000000000001, 0.12340000000000001], [0.0, 0.0, 0.0, 0.0], [0.0, 0.0, 0.0001, 0.0001], [0.0, 0.047, 0.0, 0.0], [0.0, 0.0, 0.0, 0.0], [0.0, 0.0, 0.0001, 0.0001], [0.0, 0.0, 0.0, 0.0], [0.0, 0.0, 0.0, 0.0], [0.0589, 0.0, 0.0, 0.0], [0.0, 0.0, 0.0, 0.0], [0.0, 0.0, 0.0, 0.0], [0.0, 0.0, 0.0, 0.0], [0.0, 0.0, 0.0, 0.0], [0.0, 0.0, 0.0, 0.0]]}}
bs_latimer_munro_efermi: 6.04311963