material_id: mp-8704
band_gap: 1.4318
efermi: 0.64042548
dos_magnetic_ordering: NM
dos_total_task_id: mp-1671952
dos_total_band_gap: 1.4139
dos_total_cbm: 2.0003
dos_total_vbm: 0.5864
dos_total_efermi: 0.58928205
bs_setyawan_curtarolo_task_id: mp-1606581
bs_setyawan_curtarolo_band_gap: 1.4318
bs_setyawan_curtarolo_cbm: {'band_index': {'1': [56]}, 'kpoint_index': [0, 45, 46], 'kpoint': <pymatgen.electronic_structure.bandstructure.Kpoint object at 0x7fc699d63930>, 'energy': 2.0157, 'projections': {'1': [[0.0008, 0.0008, 0.0008, 0.0008, 0.0008, 0.0008, 0.0859, 0.0859, 0.0008, 0.0007, 0.0008, 0.0008, 0.0008, 0.0008, 0.0008, 0.0007], [0.0, 0.0, 0.0, 0.0, 0.0, 0.0, 0.0, 0.0, 0.0256, 0.0, 0.0002, 0.030500000000000003, 0.0002, 0.0256, 0.030500000000000003, 0.0], [0.0, 0.0, 0.0, 0.0, 0.0, 0.0, 0.0001, 0.0001, 0.0159, 0.015300000000000001, 0.0135, 0.0112, 0.0135, 0.0159, 0.0112, 0.015300000000000001], [0.0, 0.0, 0.0, 0.0, 0.0, 0.0, 0.0001, 0.0001, 0.0002, 0.0275, 0.028, 0.0, 0.028, 0.0002, 0.0, 0.0275], [0.0005, 0.0, 0.0006000000000000001, 0.0006000000000000001, 0.0, 0.0005, 0.0, 0.0, 0.0, 0.0, 0.0, 0.0, 0.0, 0.0, 0.0, 0.0], [0.0, 0.0002, 0.0001, 0.0001, 0.0002, 0.0, 0.0, 0.0, 0.0013000000000000002, 0.0, 0.0, 0.001, 0.0, 0.0013000000000000002, 0.001, 0.0], [0.0002, 0.0007, 0.0002, 0.0002, 0.0007, 0.0002, 0.0, 0.0, 0.0, 0.0, 0.0, 0.0, 0.0, 0.0, 0.0, 0.0], [0.0, 0.0, 0.0001, 0.0001, 0.0, 0.0, 0.0, 0.0, 0.0, 0.0009000000000000001, 0.0011, 0.0, 0.0011, 0.0, 0.0, 0.0009000000000000001], [0.0002, 0.0, 0.0, 0.0, 0.0, 0.0002, 0.0, 0.0, 0.0004, 0.0004, 0.0006000000000000001, 0.0008, 0.0006000000000000001, 0.0004, 0.0008, 0.0004]]}}
bs_setyawan_curtarolo_vbm: {'band_index': {'1': [54, 55]}, 'kpoint_index': [0, 45, 46], 'kpoint': <pymatgen.electronic_structure.bandstructure.Kpoint object at 0x7fc5d4b59c50>, 'energy': 0.5839, 'projections': {'1': [[0.0, 0.0, 0.0, 0.0, 0.0, 0.0, 0.0, 0.0, 0.0, 0.0, 0.0, 0.0, 0.0, 0.0, 0.0, 0.0], [0.0002, 0.0, 0.0, 0.0, 0.0, 0.0002, 0.0, 0.0, 0.0024000000000000002, 0.0008, 0.0031000000000000003, 0.0018000000000000002, 0.0032, 0.0023, 0.0017000000000000001, 0.0006000000000000001], [0.0, 0.0, 0.0, 0.0, 0.0, 0.0, 0.0, 0.0, 0.0002, 0.06770000000000001, 0.059800000000000006, 0.0002, 0.0596, 0.0002, 0.0002, 0.0679], [0.0, 0.0002, 0.0001, 0.0001, 0.0002, 0.0, 0.0, 0.0, 0.0339, 0.037700000000000004, 0.0329, 0.026000000000000002, 0.033100000000000004, 0.0349, 0.025400000000000002, 0.0378], [0.0, 0.0001, 0.00030000000000000003, 0.00030000000000000003, 0.0001, 0.0, 0.0, 0.0, 0.0, 0.0, 0.0, 0.0, 0.0, 0.0, 0.0, 0.0], [0.0001, 0.0, 0.0006000000000000001, 0.0006000000000000001, 0.0, 0.0001, 0.0002, 0.0002, 0.0, 0.0, 0.0, 0.0, 0.0, 0.0, 0.0, 0.0], [0.0, 0.0, 0.0, 0.0, 0.0, 0.0, 0.0, 0.0, 0.0, 0.0001, 0.0, 0.0, 0.0, 0.0, 0.0, 0.0001], [0.0004, 0.0015, 0.0002, 0.0002, 0.0015, 0.0004, 0.0, 0.0, 0.0, 0.0, 0.0, 0.0, 0.0, 0.0, 0.0, 0.0], [0.0, 0.0, 0.0, 0.0, 0.0, 0.0, 0.0, 0.0, 0.0, 0.0, 0.0, 0.0, 0.0, 0.0, 0.0, 0.0]]}}
bs_setyawan_curtarolo_efermi: 0.64042548
bs_hinuma_task_id: mp-2169994
bs_hinuma_band_gap: 1.4318
bs_hinuma_cbm: {'band_index': {'1': [56]}, 'kpoint_index': [0, 36, 37], 'kpoint': <pymatgen.electronic_structure.bandstructure.Kpoint object at 0x7fc5d4b59d30>, 'energy': 2.0157, 'projections': {'1': [[0.0008, 0.0008, 0.0008, 0.0008, 0.0008, 0.0008, 0.0859, 0.0859, 0.0008, 0.0007, 0.0008, 0.0008, 0.0008, 0.0008, 0.0008, 0.0007], [0.0, 0.0, 0.0, 0.0, 0.0, 0.0, 0.0, 0.0, 0.0256, 0.0, 0.0002, 0.030500000000000003, 0.0002, 0.0256, 0.030500000000000003, 0.0], [0.0, 0.0, 0.0, 0.0, 0.0, 0.0, 0.0001, 0.0001, 0.0159, 0.015300000000000001, 0.0135, 0.0112, 0.0135, 0.0159, 0.0112, 0.015300000000000001], [0.0, 0.0, 0.0, 0.0, 0.0, 0.0, 0.0001, 0.0001, 0.0002, 0.0275, 0.028, 0.0, 0.028, 0.0002, 0.0, 0.0275], [0.0005, 0.0, 0.0006000000000000001, 0.0006000000000000001, 0.0, 0.0005, 0.0, 0.0, 0.0, 0.0, 0.0, 0.0, 0.0, 0.0, 0.0, 0.0], [0.0, 0.0002, 0.0001, 0.0001, 0.0002, 0.0, 0.0, 0.0, 0.0013000000000000002, 0.0, 0.0, 0.001, 0.0, 0.0013000000000000002, 0.001, 0.0], [0.0002, 0.0007, 0.0002, 0.0002, 0.0007, 0.0002, 0.0, 0.0, 0.0, 0.0, 0.0, 0.0, 0.0, 0.0, 0.0, 0.0], [0.0, 0.0, 0.0001, 0.0001, 0.0, 0.0, 0.0, 0.0, 0.0, 0.0009000000000000001, 0.0011, 0.0, 0.0011, 0.0, 0.0, 0.0009000000000000001], [0.0002, 0.0, 0.0, 0.0, 0.0, 0.0002, 0.0, 0.0, 0.0004, 0.0004, 0.0006000000000000001, 0.0008, 0.0006000000000000001, 0.0004, 0.0008, 0.0004]]}}
bs_hinuma_vbm: {'band_index': {'1': [54, 55]}, 'kpoint_index': [0, 36, 37], 'kpoint': <pymatgen.electronic_structure.bandstructure.Kpoint object at 0x7fc5d4b59be0>, 'energy': 0.5839, 'projections': {'1': [[0.0, 0.0, 0.0, 0.0, 0.0, 0.0, 0.0, 0.0, 0.0, 0.0, 0.0, 0.0, 0.0, 0.0, 0.0, 0.0], [0.0002, 0.0, 0.0, 0.0, 0.0, 0.0002, 0.0, 0.0, 0.0024000000000000002, 0.0008, 0.0031000000000000003, 0.0018000000000000002, 0.0032, 0.0023, 0.0017000000000000001, 0.0006000000000000001], [0.0, 0.0, 0.0, 0.0, 0.0, 0.0, 0.0, 0.0, 0.0002, 0.06770000000000001, 0.059800000000000006, 0.0002, 0.0596, 0.0002, 0.0002, 0.0679], [0.0, 0.0002, 0.0001, 0.0001, 0.0002, 0.0, 0.0, 0.0, 0.0339, 0.037700000000000004, 0.0329, 0.026000000000000002, 0.033100000000000004, 0.0349, 0.025400000000000002, 0.0378], [0.0, 0.0001, 0.00030000000000000003, 0.00030000000000000003, 0.0001, 0.0, 0.0, 0.0, 0.0, 0.0, 0.0, 0.0, 0.0, 0.0, 0.0, 0.0], [0.0001, 0.0, 0.0006000000000000001, 0.0006000000000000001, 0.0, 0.0001, 0.0002, 0.0002, 0.0, 0.0, 0.0, 0.0, 0.0, 0.0, 0.0, 0.0], [0.0, 0.0, 0.0, 0.0, 0.0, 0.0, 0.0, 0.0, 0.0, 0.0001, 0.0, 0.0, 0.0, 0.0, 0.0, 0.0001], [0.0004, 0.0015, 0.0002, 0.0002, 0.0015, 0.0004, 0.0, 0.0, 0.0, 0.0, 0.0, 0.0, 0.0, 0.0, 0.0, 0.0], [0.0, 0.0, 0.0, 0.0, 0.0, 0.0, 0.0, 0.0, 0.0, 0.0, 0.0, 0.0, 0.0, 0.0, 0.0, 0.0]]}}
bs_hinuma_efermi: 0.69971274
bs_latimer_munro_task_id: mp-2686370
bs_latimer_munro_band_gap: 1.4318
bs_latimer_munro_cbm: {'band_index': {'1': [56]}, 'kpoint_index': [26, 27, 73, 74, 97, 150, 151], 'kpoint': <pymatgen.electronic_structure.bandstructure.Kpoint object at 0x7fc5d4b5a350>, 'energy': 2.0157, 'projections': {'1': [[0.0008, 0.0008, 0.0008, 0.0008, 0.0008, 0.0008, 0.0859, 0.0859, 0.0008, 0.0007, 0.0008, 0.0008, 0.0008, 0.0008, 0.0008, 0.0007], [0.0, 0.0, 0.0, 0.0, 0.0, 0.0, 0.0, 0.0, 0.0256, 0.0, 0.0002, 0.030500000000000003, 0.0002, 0.0256, 0.030500000000000003, 0.0], [0.0, 0.0, 0.0, 0.0, 0.0, 0.0, 0.0001, 0.0001, 0.0159, 0.015300000000000001, 0.0135, 0.0112, 0.0135, 0.0159, 0.0112, 0.015300000000000001], [0.0, 0.0, 0.0, 0.0, 0.0, 0.0, 0.0001, 0.0001, 0.0002, 0.0275, 0.028, 0.0, 0.028, 0.0002, 0.0, 0.0275], [0.0005, 0.0, 0.0006000000000000001, 0.0006000000000000001, 0.0, 0.0005, 0.0, 0.0, 0.0, 0.0, 0.0, 0.0, 0.0, 0.0, 0.0, 0.0], [0.0, 0.0002, 0.0001, 0.0001, 0.0002, 0.0, 0.0, 0.0, 0.0013000000000000002, 0.0, 0.0, 0.001, 0.0, 0.0013000000000000002, 0.001, 0.0], [0.0002, 0.0007, 0.0002, 0.0002, 0.0007, 0.0002, 0.0, 0.0, 0.0, 0.0, 0.0, 0.0, 0.0, 0.0, 0.0, 0.0], [0.0, 0.0, 0.0001, 0.0001, 0.0, 0.0, 0.0, 0.0, 0.0, 0.0009000000000000001, 0.0011, 0.0, 0.0011, 0.0, 0.0, 0.0009000000000000001], [0.0002, 0.0, 0.0, 0.0, 0.0, 0.0002, 0.0, 0.0, 0.0004, 0.0004, 0.0006000000000000001, 0.0008, 0.0006000000000000001, 0.0004, 0.0008, 0.0004]]}}
bs_latimer_munro_vbm: {'band_index': {'1': [54, 55]}, 'kpoint_index': [26, 27, 73, 74, 97, 150, 151], 'kpoint': <pymatgen.electronic_structure.bandstructure.Kpoint object at 0x7fc5d4b5a430>, 'energy': 0.5839, 'projections': {'1': [[0.0, 0.0, 0.0, 0.0, 0.0, 0.0, 0.0, 0.0, 0.0, 0.0, 0.0, 0.0, 0.0, 0.0, 0.0, 0.0], [0.0002, 0.0, 0.0, 0.0, 0.0, 0.0002, 0.0, 0.0, 0.0022, 0.0006000000000000001, 0.0033, 0.0016, 0.003, 0.0025, 0.0019, 0.0011], [0.0, 0.0, 0.0, 0.0, 0.0, 0.0, 0.0, 0.0, 0.00030000000000000003, 0.0679, 0.0594, 0.0002, 0.0599, 0.0002, 0.00030000000000000003, 0.06760000000000001], [0.0, 0.0002, 0.0001, 0.0001, 0.0002, 0.0, 0.0, 0.0, 0.0359, 0.0378, 0.0332, 0.0247, 0.0327, 0.0329, 0.0267, 0.0376], [0.0001, 0.0001, 0.00030000000000000003, 0.00030000000000000003, 0.0001, 0.0, 0.0, 0.0, 0.0, 0.0, 0.0, 0.0, 0.0, 0.0, 0.0, 0.0], [0.0001, 0.0, 0.0006000000000000001, 0.0006000000000000001, 0.0, 0.0001, 0.0002, 0.0002, 0.0, 0.0, 0.0, 0.0, 0.0, 0.0, 0.0, 0.0], [0.0, 0.0, 0.0, 0.0, 0.0, 0.0, 0.0, 0.0, 0.0, 0.0001, 0.0, 0.0, 0.0, 0.0, 0.0, 0.0001], [0.0004, 0.0014, 0.0002, 0.0002, 0.0015, 0.0004, 0.0, 0.0, 0.0, 0.0, 0.0, 0.0, 0.0, 0.0, 0.0, 0.0], [0.0, 0.0, 0.0, 0.0, 0.0, 0.0, 0.0, 0.0, 0.0, 0.0, 0.0, 0.0, 0.0, 0.0, 0.0, 0.0]]}}
bs_latimer_munro_efermi: 0.65451557