material_id: mp-8224
band_gap: 5.3881
efermi: -3.40242984
dos_magnetic_ordering: NM
dos_total_task_id: mp-2280034
dos_total_band_gap: 5.3506
dos_total_cbm: 1.8456000000000001
dos_total_vbm: -3.505
dos_total_efermi: -3.51920206
bs_setyawan_curtarolo_task_id: mp-1592199
bs_setyawan_curtarolo_band_gap: 5.3881
bs_setyawan_curtarolo_cbm: {'band_index': {'1': [33]}, 'kpoint_index': [0, 48, 49], 'kpoint': <pymatgen.electronic_structure.bandstructure.Kpoint object at 0x7fc699d63930>, 'energy': 1.8639000000000001, 'projections': {'1': [[0.036000000000000004, 0.31370000000000003, 0.014100000000000001, 0.014100000000000001, 0.014100000000000001, 0.014100000000000001, 0.014100000000000001, 0.014100000000000001], [0.0, 0.0, 0.0, 0.032600000000000004, 0.0, 0.0, 0.0, 0.032600000000000004], [0.0, 0.0, 0.032600000000000004, 0.0, 0.032600000000000004, 0.0, 0.0, 0.0], [0.0, 0.0, 0.0, 0.0, 0.0, 0.032600000000000004, 0.032600000000000004, 0.0], [0.0, 0.0, 0.0, 0.0, 0.0, 0.0, 0.0, 0.0], [0.0, 0.0, 0.0, 0.0, 0.0, 0.0, 0.0, 0.0], [0.0, 0.0, 0.0, 0.0, 0.0, 0.0, 0.0, 0.0], [0.0, 0.0, 0.0, 0.0, 0.0, 0.0, 0.0, 0.0], [0.0, 0.0, 0.0, 0.0, 0.0, 0.0, 0.0, 0.0]]}}
bs_setyawan_curtarolo_vbm: {'band_index': {'1': [30, 31, 32]}, 'kpoint_index': [0, 48, 49], 'kpoint': <pymatgen.electronic_structure.bandstructure.Kpoint object at 0x7fc5d4b5a190>, 'energy': -3.5242, 'projections': {'1': [[0.0, 0.0, 0.0, 0.0, 0.0, 0.0, 0.0, 0.0], [0.0, 0.0, 0.0238, 0.0, 0.0238, 0.0873, 0.0873, 0.0], [0.0, 0.0, 0.0, 0.0238, 0.0, 0.094, 0.094, 0.0238], [0.0, 0.0, 0.094, 0.0873, 0.094, 0.0, 0.0, 0.0873], [0.0, 0.0, 0.0, 0.0, 0.0, 0.0, 0.0, 0.0], [0.0, 0.0, 0.0, 0.0, 0.0, 0.0, 0.0, 0.0], [0.0, 0.0, 0.0, 0.0, 0.0, 0.0, 0.0, 0.0], [0.0, 0.0, 0.0, 0.0, 0.0, 0.0, 0.0, 0.0], [0.0, 0.0, 0.0, 0.0, 0.0, 0.0, 0.0, 0.0]]}}
bs_setyawan_curtarolo_efermi: -3.40242984
bs_hinuma_task_id: mp-2059667
bs_hinuma_band_gap: 5.3881
bs_hinuma_cbm: {'band_index': {'1': [33]}, 'kpoint_index': [0, 39, 40], 'kpoint': <pymatgen.electronic_structure.bandstructure.Kpoint object at 0x7fc5d4b59c50>, 'energy': 1.8639000000000001, 'projections': {'1': [[0.036000000000000004, 0.31370000000000003, 0.014100000000000001, 0.014100000000000001, 0.014100000000000001, 0.014100000000000001, 0.014100000000000001, 0.014100000000000001], [0.0, 0.0, 0.0, 0.032600000000000004, 0.0, 0.0, 0.0, 0.032600000000000004], [0.0, 0.0, 0.032600000000000004, 0.0, 0.032600000000000004, 0.0, 0.0, 0.0], [0.0, 0.0, 0.0, 0.0, 0.0, 0.032600000000000004, 0.032600000000000004, 0.0], [0.0, 0.0, 0.0, 0.0, 0.0, 0.0, 0.0, 0.0], [0.0, 0.0, 0.0, 0.0, 0.0, 0.0, 0.0, 0.0], [0.0, 0.0, 0.0, 0.0, 0.0, 0.0, 0.0, 0.0], [0.0, 0.0, 0.0, 0.0, 0.0, 0.0, 0.0, 0.0], [0.0, 0.0, 0.0, 0.0, 0.0, 0.0, 0.0, 0.0]]}}
bs_hinuma_vbm: {'band_index': {'1': [30, 31, 32]}, 'kpoint_index': [0, 39, 40], 'kpoint': <pymatgen.electronic_structure.bandstructure.Kpoint object at 0x7fc5d4b59d30>, 'energy': -3.5242, 'projections': {'1': [[0.0, 0.0, 0.0, 0.0, 0.0, 0.0, 0.0, 0.0], [0.0, 0.0, 0.0238, 0.0, 0.0238, 0.0873, 0.0873, 0.0], [0.0, 0.0, 0.0, 0.0238, 0.0, 0.094, 0.094, 0.0238], [0.0, 0.0, 0.094, 0.0873, 0.094, 0.0, 0.0, 0.0873], [0.0, 0.0, 0.0, 0.0, 0.0, 0.0, 0.0, 0.0], [0.0, 0.0, 0.0, 0.0, 0.0, 0.0, 0.0, 0.0], [0.0, 0.0, 0.0, 0.0, 0.0, 0.0, 0.0, 0.0], [0.0, 0.0, 0.0, 0.0, 0.0, 0.0, 0.0, 0.0], [0.0, 0.0, 0.0, 0.0, 0.0, 0.0, 0.0, 0.0]]}}
bs_hinuma_efermi: -3.39992869
bs_latimer_munro_task_id: mp-2694178
bs_latimer_munro_band_gap: 5.3881
bs_latimer_munro_cbm: {'band_index': {'1': [33]}, 'kpoint_index': [24, 25, 97, 98, 114], 'kpoint': <pymatgen.electronic_structure.bandstructure.Kpoint object at 0x7fc5d4b5a350>, 'energy': 1.8639000000000001, 'projections': {'1': [[0.036000000000000004, 0.31370000000000003, 0.014100000000000001, 0.014100000000000001, 0.014100000000000001, 0.014100000000000001, 0.014100000000000001, 0.014100000000000001], [0.0, 0.0, 0.0, 0.032600000000000004, 0.0, 0.0, 0.0, 0.032600000000000004], [0.0, 0.0, 0.032600000000000004, 0.0, 0.032600000000000004, 0.0, 0.0, 0.0], [0.0, 0.0, 0.0, 0.0, 0.0, 0.032600000000000004, 0.032600000000000004, 0.0], [0.0, 0.0, 0.0, 0.0, 0.0, 0.0, 0.0, 0.0], [0.0, 0.0, 0.0, 0.0, 0.0, 0.0, 0.0, 0.0], [0.0, 0.0, 0.0, 0.0, 0.0, 0.0, 0.0, 0.0], [0.0, 0.0, 0.0, 0.0, 0.0, 0.0, 0.0, 0.0], [0.0, 0.0, 0.0, 0.0, 0.0, 0.0, 0.0, 0.0]]}}
bs_latimer_munro_vbm: {'band_index': {'1': [30, 31, 32]}, 'kpoint_index': [24, 25, 97, 98, 114], 'kpoint': <pymatgen.electronic_structure.bandstructure.Kpoint object at 0x7fc5d4b5a3c0>, 'energy': -3.5242, 'projections': {'1': [[0.0, 0.0, 0.0, 0.0, 0.0, 0.0, 0.0, 0.0], [0.0, 0.0, 0.1039, 0.0, 0.1039, 0.0228, 0.0228, 0.0], [0.0, 0.0, 0.0, 0.1039, 0.0, 0.0784, 0.0784, 0.1039], [0.0, 0.0, 0.0784, 0.0228, 0.0784, 0.0, 0.0, 0.0228], [0.0, 0.0, 0.0, 0.0, 0.0, 0.0, 0.0, 0.0], [0.0, 0.0, 0.0, 0.0, 0.0, 0.0, 0.0, 0.0], [0.0, 0.0, 0.0, 0.0, 0.0, 0.0, 0.0, 0.0], [0.0, 0.0, 0.0, 0.0, 0.0, 0.0, 0.0, 0.0], [0.0, 0.0, 0.0, 0.0, 0.0, 0.0, 0.0, 0.0]]}}
bs_latimer_munro_efermi: -3.39939561