material_id: mp-8479
band_gap: 1.954499999999999
efermi: 2.88626766
dos_magnetic_ordering: NM
dos_total_task_id: mp-1673389
dos_total_band_gap: 2.044899999999999
dos_total_cbm: 4.7573
dos_total_vbm: 2.7124
dos_total_efermi: 2.7142459800000003
bs_setyawan_curtarolo_task_id: mp-1612284
bs_setyawan_curtarolo_band_gap: 1.954499999999999
bs_setyawan_curtarolo_cbm: {'band_index': {'1': [80]}, 'kpoint_index': ['1'], 'kpoint': <pymatgen.electronic_structure.bandstructure.Kpoint object at 0x7fc699d63930>, 'energy': 4.7509, 'projections': {'1': [[0.00030000000000000003, 0.00030000000000000003, 0.010700000000000001, 0.010700000000000001, 0.0, 0.0, 0.0032, 0.0032, 0.0004, 0.0004, 0.008, 0.0041, 0.0041, 0.0022, 0.009600000000000001, 0.009600000000000001, 0.0022, 0.008], [0.007200000000000001, 0.007200000000000001, 0.0023, 0.0023, 0.0011, 0.0011, 0.007, 0.007, 0.0018000000000000002, 0.0018000000000000002, 0.0092, 0.0001, 0.0001, 0.0027, 0.0005, 0.0005, 0.0027, 0.0092], [0.0341, 0.0341, 0.013800000000000002, 0.013800000000000002, 0.0111, 0.0111, 0.0103, 0.0103, 0.0073, 0.0073, 0.0132, 0.0018000000000000002, 0.0018000000000000002, 0.00030000000000000003, 0.0007, 0.0007, 0.00030000000000000003, 0.0132], [0.0013000000000000002, 0.0013000000000000002, 0.0048000000000000004, 0.0048000000000000004, 0.0057, 0.0057, 0.0022, 0.0022, 0.0004, 0.0004, 0.00030000000000000003, 0.001, 0.001, 0.0002, 0.0005, 0.0005, 0.0002, 0.00030000000000000003], [0.0001, 0.0001, 0.0001, 0.0001, 0.0002, 0.0002, 0.0001, 0.0001, 0.0, 0.0, 0.0, 0.0, 0.0, 0.0, 0.0, 0.0, 0.0, 0.0], [0.0002, 0.0002, 0.0002, 0.0002, 0.0001, 0.0001, 0.0001, 0.0001, 0.0, 0.0, 0.0, 0.0, 0.0, 0.0, 0.0, 0.0, 0.0, 0.0], [0.0002, 0.0002, 0.0, 0.0, 0.0001, 0.0001, 0.0001, 0.0001, 0.0, 0.0, 0.0, 0.0, 0.0, 0.0, 0.0, 0.0, 0.0, 0.0], [0.0001, 0.0001, 0.0, 0.0, 0.0, 0.0, 0.0, 0.0, 0.0, 0.0, 0.0, 0.0, 0.0, 0.0, 0.0, 0.0, 0.0, 0.0], [0.0001, 0.0001, 0.0001, 0.0001, 0.0, 0.0, 0.0, 0.0, 0.0, 0.0, 0.0, 0.0, 0.0, 0.0, 0.0, 0.0, 0.0, 0.0]]}}
bs_setyawan_curtarolo_vbm: {'band_index': {'1': [79]}, 'kpoint_index': [11, 12, 47], 'kpoint': <pymatgen.electronic_structure.bandstructure.Kpoint object at 0x7fc5d4b5a350>, 'energy': 2.7964, 'projections': {'1': [[0.0359, 0.0359, 0.0007, 0.0007, 0.0055000000000000005, 0.0055000000000000005, 0.0164, 0.0164, 0.0002, 0.0002, 0.0011, 0.0002, 0.0002, 0.0004, 0.0002, 0.0002, 0.0004, 0.0011], [0.00030000000000000003, 0.00030000000000000003, 0.0001, 0.0001, 0.0002, 0.0002, 0.0, 0.0, 0.0002, 0.0002, 0.0125, 0.0007, 0.0007, 0.0004, 0.0025, 0.0025, 0.0004, 0.0125], [0.0002, 0.0002, 0.00030000000000000003, 0.00030000000000000003, 0.0004, 0.0004, 0.0006000000000000001, 0.0006000000000000001, 0.0002, 0.0002, 0.0135, 0.0095, 0.0095, 0.0001, 0.0064, 0.0064, 0.0001, 0.0135], [0.0083, 0.0083, 0.0012000000000000001, 0.0012000000000000001, 0.0013000000000000002, 0.0013000000000000002, 0.0004, 0.0004, 0.0013000000000000002, 0.0013000000000000002, 0.029900000000000003, 0.0041, 0.0041, 0.08170000000000001, 0.0611, 0.0611, 0.08170000000000001, 0.029900000000000003], [0.0, 0.0, 0.0, 0.0, 0.0, 0.0, 0.0002, 0.0002, 0.0, 0.0, 0.0, 0.0, 0.0, 0.0, 0.0, 0.0, 0.0, 0.0], [0.0, 0.0, 0.0007, 0.0007, 0.0001, 0.0001, 0.0, 0.0, 0.0, 0.0, 0.0, 0.0, 0.0, 0.0, 0.0, 0.0, 0.0, 0.0], [0.0, 0.0, 0.0, 0.0, 0.0001, 0.0001, 0.0001, 0.0001, 0.0, 0.0, 0.0, 0.0, 0.0, 0.0, 0.0, 0.0, 0.0, 0.0], [0.0, 0.0, 0.0002, 0.0002, 0.00030000000000000003, 0.00030000000000000003, 0.0004, 0.0004, 0.0, 0.0, 0.0, 0.0, 0.0, 0.0, 0.0, 0.0, 0.0, 0.0], [0.0002, 0.0002, 0.0001, 0.0001, 0.0, 0.0, 0.0002, 0.0002, 0.0, 0.0, 0.0, 0.0, 0.0, 0.0, 0.0, 0.0, 0.0, 0.0]]}}
bs_setyawan_curtarolo_efermi: 2.88626766
bs_latimer_munro_task_id: mp-2607486
bs_latimer_munro_band_gap: 1.9505000000000001
bs_latimer_munro_cbm: {'band_index': {'1': [80]}, 'kpoint_index': ['55'], 'kpoint': <pymatgen.electronic_structure.bandstructure.Kpoint object at 0x7fc5d4b59be0>, 'energy': 4.7469, 'projections': {'1': [[0.0001, 0.0001, 0.008, 0.008, 0.0001, 0.0001, 0.0029000000000000002, 0.0029000000000000002, 0.00030000000000000003, 0.00030000000000000003, 0.008700000000000001, 0.004200000000000001, 0.004200000000000001, 0.0024000000000000002, 0.0085, 0.0085, 0.0024000000000000002, 0.008700000000000001], [0.0061, 0.0061, 0.0061, 0.0061, 0.0013000000000000002, 0.0013000000000000002, 0.006500000000000001, 0.006500000000000001, 0.0012000000000000001, 0.0012000000000000001, 0.006200000000000001, 0.00030000000000000003, 0.00030000000000000003, 0.0031000000000000003, 0.0011, 0.0011, 0.0031000000000000003, 0.006200000000000001], [0.031400000000000004, 0.031400000000000004, 0.0131, 0.0131, 0.012, 0.012, 0.01, 0.01, 0.0076, 0.0076, 0.01, 0.0016, 0.0016, 0.0007, 0.0021000000000000003, 0.0021000000000000003, 0.0007, 0.01], [0.0024000000000000002, 0.0024000000000000002, 0.006500000000000001, 0.006500000000000001, 0.005200000000000001, 0.005200000000000001, 0.003, 0.003, 0.0005, 0.0005, 0.0005, 0.0012000000000000001, 0.0012000000000000001, 0.0007, 0.0004, 0.0004, 0.0007, 0.0005], [0.0001, 0.0001, 0.0001, 0.0001, 0.0002, 0.0002, 0.0001, 0.0001, 0.0, 0.0, 0.0, 0.0, 0.0, 0.0, 0.0, 0.0, 0.0, 0.0], [0.0002, 0.0002, 0.0001, 0.0001, 0.0002, 0.0002, 0.0001, 0.0001, 0.0, 0.0, 0.0, 0.0, 0.0, 0.0, 0.0, 0.0, 0.0, 0.0], [0.00030000000000000003, 0.00030000000000000003, 0.0, 0.0, 0.0001, 0.0001, 0.0001, 0.0001, 0.0, 0.0, 0.0, 0.0, 0.0, 0.0, 0.0, 0.0, 0.0, 0.0], [0.0001, 0.0001, 0.0, 0.0, 0.0, 0.0, 0.0, 0.0, 0.0, 0.0, 0.0, 0.0, 0.0, 0.0, 0.0, 0.0, 0.0, 0.0], [0.0001, 0.0001, 0.0001, 0.0001, 0.0, 0.0, 0.0, 0.0, 0.0, 0.0, 0.0, 0.0, 0.0, 0.0, 0.0, 0.0, 0.0, 0.0]]}}
bs_latimer_munro_vbm: {'band_index': {'1': [79]}, 'kpoint_index': [0], 'kpoint': <pymatgen.electronic_structure.bandstructure.Kpoint object at 0x7fc5d4b59c50>, 'energy': 2.7964, 'projections': {'1': [[0.0359, 0.0359, 0.0007, 0.0007, 0.0055000000000000005, 0.0055000000000000005, 0.0164, 0.0164, 0.0002, 0.0002, 0.0011, 0.0002, 0.0002, 0.0004, 0.0002, 0.0002, 0.0004, 0.0011], [0.00030000000000000003, 0.00030000000000000003, 0.0001, 0.0001, 0.0002, 0.0002, 0.0, 0.0, 0.0002, 0.0002, 0.0125, 0.0007, 0.0007, 0.0004, 0.0025, 0.0025, 0.0004, 0.0125], [0.0002, 0.0002, 0.00030000000000000003, 0.00030000000000000003, 0.0004, 0.0004, 0.0006000000000000001, 0.0006000000000000001, 0.0002, 0.0002, 0.0135, 0.0095, 0.0095, 0.0001, 0.0064, 0.0064, 0.0001, 0.0135], [0.0083, 0.008400000000000001, 0.0012000000000000001, 0.0012000000000000001, 0.0013000000000000002, 0.0013000000000000002, 0.0004, 0.0004, 0.0013000000000000002, 0.0013000000000000002, 0.029900000000000003, 0.0041, 0.0041, 0.08170000000000001, 0.0611, 0.0611, 0.08170000000000001, 0.029900000000000003], [0.0, 0.0, 0.0, 0.0, 0.0, 0.0, 0.0002, 0.0002, 0.0, 0.0, 0.0, 0.0, 0.0, 0.0, 0.0, 0.0, 0.0, 0.0], [0.0, 0.0, 0.0007, 0.0007, 0.0001, 0.0001, 0.0, 0.0, 0.0, 0.0, 0.0, 0.0, 0.0, 0.0, 0.0, 0.0, 0.0, 0.0], [0.0, 0.0, 0.0, 0.0, 0.0001, 0.0001, 0.0001, 0.0001, 0.0, 0.0, 0.0, 0.0, 0.0, 0.0, 0.0, 0.0, 0.0, 0.0], [0.0, 0.0, 0.0002, 0.0002, 0.00030000000000000003, 0.00030000000000000003, 0.0004, 0.0004, 0.0, 0.0, 0.0, 0.0, 0.0, 0.0, 0.0, 0.0, 0.0, 0.0], [0.0002, 0.0002, 0.0001, 0.0001, 0.0, 0.0, 0.0002, 0.0002, 0.0, 0.0, 0.0, 0.0, 0.0, 0.0, 0.0, 0.0, 0.0, 0.0]]}}
bs_latimer_munro_efermi: 2.90411863