material_id: mp-990440
band_gap: 4.350999999999999
efermi: 1.25418162
dos_magnetic_ordering: NM
dos_total_task_id: mp-1682804
dos_total_band_gap: 4.3987
dos_total_cbm: 5.4522
dos_total_vbm: 1.0535
dos_total_efermi: 1.06226769
bs_setyawan_curtarolo_task_id: mp-990446
bs_setyawan_curtarolo_band_gap: 4.350999999999999
bs_setyawan_curtarolo_cbm: {'band_index': {'1': [88]}, 'kpoint_index': [107], 'kpoint': <pymatgen.electronic_structure.bandstructure.Kpoint object at 0x7fc699d63930>, 'energy': 5.5238, 'projections': {'1': [[0.0019, 0.0019, 0.0023, 0.0033, 0.0031000000000000003, 0.0, 0.0031000000000000003, 0.0, 0.0002, 0.0002, 0.0002, 0.0002, 0.0006000000000000001, 0.0007, 0.0006000000000000001, 0.0007, 0.0008, 0.0001, 0.0008, 0.0001, 0.0001, 0.0008, 0.0001, 0.0008], [0.0, 0.0, 0.0, 0.0, 0.0004, 0.0001, 0.0004, 0.0001, 0.00030000000000000003, 0.00030000000000000003, 0.00030000000000000003, 0.00030000000000000003, 0.0031000000000000003, 0.0025, 0.0031000000000000003, 0.0025, 0.0023, 0.0006000000000000001, 0.0023, 0.0006000000000000001, 0.0022, 0.0004, 0.0022, 0.0004], [0.0, 0.0, 0.0, 0.0, 0.0, 0.00030000000000000003, 0.0, 0.00030000000000000003, 0.0, 0.0, 0.0, 0.0, 0.001, 0.0007, 0.001, 0.0007, 0.0004, 0.018000000000000002, 0.0004, 0.018000000000000002, 0.0002, 0.0112, 0.0002, 0.0112], [0.0, 0.0, 0.0, 0.0, 0.0001, 0.0, 0.0001, 0.0, 0.0002, 0.0002, 0.0001, 0.0001, 0.0005, 0.0005, 0.0005, 0.0005, 0.0013000000000000002, 0.0026000000000000003, 0.0013000000000000002, 0.0026000000000000003, 0.001, 0.001, 0.001, 0.001], [0.0, 0.0, 0.0, 0.0, 0.0, 0.0, 0.0, 0.0, 0.013300000000000001, 0.013300000000000001, 0.021, 0.021, 0.0, 0.0, 0.0, 0.0, 0.0, 0.0, 0.0, 0.0, 0.0, 0.0, 0.0, 0.0], [0.0, 0.0, 0.0, 0.0, 0.0, 0.0, 0.0, 0.0, 0.0098, 0.0098, 0.011, 0.011, 0.0, 0.0, 0.0, 0.0, 0.0, 0.0, 0.0, 0.0, 0.0, 0.0, 0.0, 0.0], [0.0, 0.0, 0.0, 0.0, 0.0, 0.0, 0.0, 0.0, 0.0781, 0.0781, 0.07050000000000001, 0.07050000000000001, 0.0, 0.0, 0.0, 0.0, 0.0, 0.0, 0.0, 0.0, 0.0, 0.0, 0.0, 0.0], [0.0, 0.0, 0.0, 0.0, 0.0, 0.0, 0.0, 0.0, 0.0308, 0.0308, 0.0274, 0.0274, 0.0, 0.0, 0.0, 0.0, 0.0, 0.0, 0.0, 0.0, 0.0, 0.0, 0.0, 0.0], [0.0, 0.0, 0.0, 0.0, 0.0, 0.0, 0.0, 0.0, 0.013300000000000001, 0.013300000000000001, 0.005, 0.005, 0.0, 0.0, 0.0, 0.0, 0.0, 0.0, 0.0, 0.0, 0.0, 0.0, 0.0, 0.0]]}}
bs_setyawan_curtarolo_vbm: {'band_index': {'1': [87]}, 'kpoint_index': ['85'], 'kpoint': <pymatgen.electronic_structure.bandstructure.Kpoint object at 0x7fc5d4b59e80>, 'energy': 1.1728, 'projections': {'1': [[0.0, 0.0, 0.0, 0.0, 0.0, 0.0, 0.0, 0.0, 0.0, 0.0, 0.0, 0.0, 0.0, 0.0, 0.0, 0.0, 0.0, 0.0, 0.0, 0.0, 0.0, 0.0, 0.0, 0.0], [0.0, 0.0, 0.0001, 0.0001, 0.0001, 0.0001, 0.0001, 0.0001, 0.00030000000000000003, 0.00030000000000000003, 0.0001, 0.0001, 0.0029000000000000002, 0.0029000000000000002, 0.0029000000000000002, 0.0029000000000000002, 0.0013000000000000002, 0.0013000000000000002, 0.0013000000000000002, 0.0013000000000000002, 0.0011, 0.0011, 0.0011, 0.0011], [0.0, 0.0, 0.0004, 0.0004, 0.0005, 0.0005, 0.0005, 0.0005, 0.004200000000000001, 0.004200000000000001, 0.0047, 0.0047, 0.0524, 0.0524, 0.0524, 0.0524, 0.0476, 0.0476, 0.0476, 0.0476, 0.036000000000000004, 0.036000000000000004, 0.036000000000000004, 0.036000000000000004], [0.0, 0.0, 0.0, 0.0, 0.0, 0.0, 0.0, 0.0, 0.0, 0.0, 0.0, 0.0, 0.0076, 0.0076, 0.0076, 0.0076, 0.014100000000000001, 0.014100000000000001, 0.014100000000000001, 0.014100000000000001, 0.016300000000000002, 0.016300000000000002, 0.016300000000000002, 0.016300000000000002], [0.0, 0.0, 0.0, 0.0, 0.0, 0.0, 0.0, 0.0, 0.0001, 0.0001, 0.0002, 0.0002, 0.0, 0.0, 0.0, 0.0, 0.0, 0.0, 0.0, 0.0, 0.0, 0.0, 0.0, 0.0], [0.0, 0.0, 0.0, 0.0, 0.0, 0.0, 0.0, 0.0, 0.0, 0.0, 0.0, 0.0, 0.0, 0.0, 0.0, 0.0, 0.0, 0.0, 0.0, 0.0, 0.0, 0.0, 0.0, 0.0], [0.0, 0.0, 0.0, 0.0, 0.0, 0.0, 0.0, 0.0, 0.0, 0.0, 0.0, 0.0, 0.0, 0.0, 0.0, 0.0, 0.0, 0.0, 0.0, 0.0, 0.0, 0.0, 0.0, 0.0], [0.0, 0.0, 0.0, 0.0, 0.0, 0.0, 0.0, 0.0, 0.0001, 0.0001, 0.0001, 0.0001, 0.0, 0.0, 0.0, 0.0, 0.0, 0.0, 0.0, 0.0, 0.0, 0.0, 0.0, 0.0], [0.0, 0.0, 0.0, 0.0, 0.0, 0.0, 0.0, 0.0, 0.0, 0.0, 0.0, 0.0, 0.0, 0.0, 0.0, 0.0, 0.0, 0.0, 0.0, 0.0, 0.0, 0.0, 0.0, 0.0]]}}
bs_setyawan_curtarolo_efermi: 1.25418162