material_id: mp-9920
band_gap: 0.22610000000000002
efermi: 4.34122707
dos_magnetic_ordering: NM
dos_total_task_id: mp-2257127
dos_total_band_gap: 0.276499999999999
dos_total_cbm: 4.5268
dos_total_vbm: 4.2503
dos_total_efermi: 4.23300932
bs_setyawan_curtarolo_task_id: mp-1587133
bs_setyawan_curtarolo_band_gap: 0.22610000000000002
bs_setyawan_curtarolo_cbm: {'band_index': {'1': [28]}, 'kpoint_index': [34, 35, 452], 'kpoint': <pymatgen.electronic_structure.bandstructure.Kpoint object at 0x7fc699d63930>, 'energy': 4.4922, 'projections': {'1': [[0.014100000000000001, 0.014100000000000001, 0.0004, 0.0004, 0.0006000000000000001, 0.0006000000000000001, 0.0004, 0.0004], [0.0, 0.0, 0.0004, 0.0004, 0.0, 0.0, 0.0004, 0.0004], [0.0, 0.0, 0.0031000000000000003, 0.0031000000000000003, 0.0102, 0.0102, 0.0037, 0.0037], [0.0, 0.0, 0.0, 0.0, 0.0, 0.0, 0.0, 0.0], [0.0, 0.0, 0.0, 0.0, 0.0, 0.0, 0.0, 0.0], [0.0, 0.0, 0.0, 0.0, 0.0, 0.0, 0.0, 0.0], [0.1958, 0.1958, 0.0, 0.0, 0.0, 0.0, 0.0, 0.0], [0.0, 0.0, 0.0, 0.0, 0.0, 0.0, 0.0, 0.0], [0.12040000000000001, 0.12040000000000001, 0.0, 0.0, 0.0, 0.0, 0.0, 0.0]]}}
bs_setyawan_curtarolo_vbm: {'band_index': {'1': [27]}, 'kpoint_index': [0], 'kpoint': <pymatgen.electronic_structure.bandstructure.Kpoint object at 0x7fc5d4b59e80>, 'energy': 4.2661, 'projections': {'1': [[0.0, 0.0, 0.0, 0.0, 0.0, 0.0, 0.0, 0.0], [0.0051, 0.0051, 0.0022, 0.0022, 0.18630000000000002, 0.18630000000000002, 0.0015, 0.0015], [0.0, 0.0, 0.012400000000000001, 0.012400000000000001, 0.0001, 0.0001, 0.015300000000000001, 0.015300000000000001], [0.0, 0.0, 0.0, 0.0, 0.0, 0.0, 0.0, 0.0], [0.0, 0.0, 0.0, 0.0, 0.0, 0.0, 0.0, 0.0], [0.1363, 0.1363, 0.0, 0.0, 0.0, 0.0, 0.0, 0.0], [0.0, 0.0, 0.0, 0.0, 0.0, 0.0, 0.0, 0.0], [0.0, 0.0, 0.0, 0.0, 0.0, 0.0, 0.0, 0.0], [0.0, 0.0, 0.0, 0.0, 0.0, 0.0, 0.0, 0.0]]}}
bs_setyawan_curtarolo_efermi: 4.34122707
bs_latimer_munro_task_id: mp-2693862
bs_latimer_munro_band_gap: 0.22610000000000002
bs_latimer_munro_cbm: {'band_index': {'1': [28]}, 'kpoint_index': [161, 162, 997], 'kpoint': <pymatgen.electronic_structure.bandstructure.Kpoint object at 0x7fc5d4b5a350>, 'energy': 4.4922, 'projections': {'1': [[0.014100000000000001, 0.014100000000000001, 0.0004, 0.0004, 0.0006000000000000001, 0.0006000000000000001, 0.0004, 0.0004], [0.0, 0.0, 0.0004, 0.0004, 0.0, 0.0, 0.0004, 0.0004], [0.0, 0.0, 0.0031000000000000003, 0.0031000000000000003, 0.0102, 0.0102, 0.0037, 0.0037], [0.0, 0.0, 0.0, 0.0, 0.0, 0.0, 0.0, 0.0], [0.0, 0.0, 0.0, 0.0, 0.0, 0.0, 0.0, 0.0], [0.0, 0.0, 0.0, 0.0, 0.0, 0.0, 0.0, 0.0], [0.1958, 0.1958, 0.0, 0.0, 0.0, 0.0, 0.0, 0.0], [0.0, 0.0, 0.0, 0.0, 0.0, 0.0, 0.0, 0.0], [0.12040000000000001, 0.12040000000000001, 0.0, 0.0, 0.0, 0.0, 0.0, 0.0]]}}
bs_latimer_munro_vbm: {'band_index': {'1': [27]}, 'kpoint_index': [753, 754, 824, 893, 963, 998, 1062], 'kpoint': <pymatgen.electronic_structure.bandstructure.Kpoint object at 0x7fc5d4b5a3c0>, 'energy': 4.2661, 'projections': {'1': [[0.0, 0.0, 0.0, 0.0, 0.0, 0.0, 0.0, 0.0], [0.0051, 0.0051, 0.0022, 0.0022, 0.18630000000000002, 0.18630000000000002, 0.0015, 0.0015], [0.0, 0.0, 0.012400000000000001, 0.012400000000000001, 0.0001, 0.0001, 0.015300000000000001, 0.015300000000000001], [0.0, 0.0, 0.0, 0.0, 0.0, 0.0, 0.0, 0.0], [0.0, 0.0, 0.0, 0.0, 0.0, 0.0, 0.0, 0.0], [0.1363, 0.1363, 0.0, 0.0, 0.0, 0.0, 0.0, 0.0], [0.0, 0.0, 0.0, 0.0, 0.0, 0.0, 0.0, 0.0], [0.0, 0.0, 0.0, 0.0, 0.0, 0.0, 0.0, 0.0], [0.0, 0.0, 0.0, 0.0, 0.0, 0.0, 0.0, 0.0]]}}
bs_latimer_munro_efermi: 4.3289956400000005