material_id: mp-997048
band_gap: 0.2785
efermi: -0.77922902
dos_magnetic_ordering: NM
dos_total_task_id: mp-1751552
dos_total_band_gap: 0.2504
dos_total_cbm: -0.5717
dos_total_vbm: -0.8221
dos_total_efermi: -0.82050428
bs_setyawan_curtarolo_task_id: mp-1622720
bs_setyawan_curtarolo_band_gap: 0.2785
bs_setyawan_curtarolo_cbm: {'band_index': {'1': [30]}, 'kpoint_index': ['417'], 'kpoint': <pymatgen.electronic_structure.bandstructure.Kpoint object at 0x7fc699d63930>, 'energy': -0.5629000000000001, 'projections': {'1': [[0.0018000000000000002, 0.0018000000000000002, 0.0015, 0.0015, 0.0013000000000000002, 0.0013000000000000002, 0.0013000000000000002, 0.0013000000000000002], [0.0002, 0.0002, 0.0004, 0.0004, 0.0001, 0.0001, 0.0001, 0.0001], [0.0, 0.0, 0.001, 0.001, 0.0, 0.0, 0.0, 0.0], [0.0, 0.0, 0.0, 0.0, 0.186, 0.186, 0.186, 0.186], [0.00030000000000000003, 0.00030000000000000003, 0.0001, 0.0001, 0.0, 0.0, 0.0, 0.0], [0.0, 0.0, 0.0, 0.0, 0.0, 0.0, 0.0, 0.0], [0.0006000000000000001, 0.0006000000000000001, 0.0, 0.0, 0.0, 0.0, 0.0, 0.0], [0.0001, 0.0001, 0.0, 0.0, 0.0, 0.0, 0.0, 0.0], [0.0006000000000000001, 0.0006000000000000001, 0.0, 0.0, 0.0, 0.0, 0.0, 0.0]]}}
bs_setyawan_curtarolo_vbm: {'band_index': {'1': [29]}, 'kpoint_index': [464, 465], 'kpoint': <pymatgen.electronic_structure.bandstructure.Kpoint object at 0x7fc5d4b5a3c0>, 'energy': -0.8414, 'projections': {'1': [[0.01, 0.01, 0.0, 0.0, 0.0, 0.0, 0.0, 0.0], [0.0, 0.0, 0.0066, 0.0066, 0.0, 0.0, 0.0, 0.0], [0.0, 0.0, 0.25830000000000003, 0.25830000000000003, 0.0, 0.0, 0.0, 0.0], [0.0, 0.0, 0.0, 0.0, 0.0006000000000000001, 0.0006000000000000001, 0.0006000000000000001, 0.0006000000000000001], [0.0419, 0.0419, 0.0001, 0.0001, 0.0, 0.0, 0.0, 0.0], [0.0011, 0.0011, 0.0, 0.0, 0.0, 0.0, 0.0, 0.0], [0.0334, 0.0334, 0.0, 0.0, 0.0, 0.0, 0.0, 0.0], [0.0021000000000000003, 0.0021000000000000003, 0.0001, 0.0001, 0.0, 0.0, 0.0, 0.0], [0.035300000000000005, 0.035300000000000005, 0.0, 0.0, 0.0, 0.0, 0.0, 0.0]]}}
bs_setyawan_curtarolo_efermi: -0.77922902
bs_latimer_munro_task_id: mp-2305862
bs_latimer_munro_band_gap: 0.2785
bs_latimer_munro_cbm: {'band_index': {'1': [30]}, 'kpoint_index': ['1514'], 'kpoint': <pymatgen.electronic_structure.bandstructure.Kpoint object at 0x7fc5d4b59c50>, 'energy': -0.5629000000000001, 'projections': {'1': [[0.0018000000000000002, 0.0018000000000000002, 0.0015, 0.0015, 0.0013000000000000002, 0.0013000000000000002, 0.0013000000000000002, 0.0013000000000000002], [0.0002, 0.0002, 0.0004, 0.0004, 0.0001, 0.0001, 0.0001, 0.0001], [0.0, 0.0, 0.001, 0.001, 0.0, 0.0, 0.0, 0.0], [0.0, 0.0, 0.0, 0.0, 0.186, 0.186, 0.186, 0.186], [0.0004, 0.0004, 0.0001, 0.0001, 0.0, 0.0, 0.0, 0.0], [0.0, 0.0, 0.0, 0.0, 0.0, 0.0, 0.0, 0.0], [0.0006000000000000001, 0.0006000000000000001, 0.0, 0.0, 0.0, 0.0, 0.0, 0.0], [0.0001, 0.0001, 0.0, 0.0, 0.0, 0.0, 0.0, 0.0], [0.0006000000000000001, 0.0006000000000000001, 0.0, 0.0, 0.0, 0.0, 0.0, 0.0]]}}
bs_latimer_munro_vbm: {'band_index': {'1': [29]}, 'kpoint_index': [163, 164, 1144, 1145, 1362, 1363, 1468], 'kpoint': <pymatgen.electronic_structure.bandstructure.Kpoint object at 0x7fc5d4b5a430>, 'energy': -0.8414, 'projections': {'1': [[0.01, 0.01, 0.0, 0.0, 0.0, 0.0, 0.0, 0.0], [0.0, 0.0, 0.0066, 0.0066, 0.0, 0.0, 0.0, 0.0], [0.0, 0.0, 0.25830000000000003, 0.25830000000000003, 0.0, 0.0, 0.0, 0.0], [0.0, 0.0, 0.0, 0.0, 0.0006000000000000001, 0.0006000000000000001, 0.0006000000000000001, 0.0006000000000000001], [0.0419, 0.0419, 0.0001, 0.0001, 0.0, 0.0, 0.0, 0.0], [0.0011, 0.0011, 0.0, 0.0, 0.0, 0.0, 0.0, 0.0], [0.0334, 0.0334, 0.0, 0.0, 0.0, 0.0, 0.0, 0.0], [0.0021000000000000003, 0.0021000000000000003, 0.0001, 0.0001, 0.0, 0.0, 0.0, 0.0], [0.035300000000000005, 0.035300000000000005, 0.0, 0.0, 0.0, 0.0, 0.0, 0.0]]}}
bs_latimer_munro_efermi: -0.76932678