material_id: mp-9673
band_gap: 0.08029999999999901
efermi: 2.79258577
dos_magnetic_ordering: NM
dos_total_task_id: mp-2280795
dos_total_band_gap: 0.1154
dos_total_cbm: 2.8742
dos_total_vbm: 2.7588
dos_total_efermi: 2.76842546
bs_setyawan_curtarolo_task_id: mp-1601235
bs_setyawan_curtarolo_band_gap: 0.08029999999999901
bs_setyawan_curtarolo_cbm: {'band_index': {'1': [44]}, 'kpoint_index': ['46'], 'kpoint': <pymatgen.electronic_structure.bandstructure.Kpoint object at 0x7fc699d63930>, 'energy': 2.8305, 'projections': {'1': [[0.0013000000000000002, 0.0013000000000000002, 0.0166, 0.0166, 0.0001, 0.0001, 0.022, 0.022, 0.022, 0.022], [0.0018000000000000002, 0.0018000000000000002, 0.0018000000000000002, 0.0018000000000000002, 0.0, 0.0, 0.0013000000000000002, 0.0013000000000000002, 0.0013000000000000002, 0.0013000000000000002], [0.0, 0.0, 0.0, 0.0, 0.0, 0.0, 0.0, 0.0, 0.0, 0.0], [0.0, 0.0, 0.0, 0.0, 0.0033, 0.0033, 0.035500000000000004, 0.035500000000000004, 0.035500000000000004, 0.035500000000000004], [0.0, 0.0, 0.0, 0.0, 0.0, 0.0, 0.0001, 0.0001, 0.0001, 0.0001], [0.0, 0.0, 0.0, 0.0, 0.0057, 0.0057, 0.0, 0.0, 0.0, 0.0], [0.0, 0.0, 0.0029000000000000002, 0.0029000000000000002, 0.0001, 0.0001, 0.0008, 0.0008, 0.0008, 0.0008], [0.0, 0.0, 0.0, 0.0, 0.0, 0.0, 0.0, 0.0, 0.0, 0.0], [0.0015, 0.0015, 0.0036000000000000003, 0.0036000000000000003, 0.0005, 0.0005, 0.0028, 0.0028, 0.0028, 0.0028]]}}
bs_setyawan_curtarolo_vbm: {'band_index': {'1': [43]}, 'kpoint_index': ['326'], 'kpoint': <pymatgen.electronic_structure.bandstructure.Kpoint object at 0x7fc5d4b59e80>, 'energy': 2.7502, 'projections': {'1': [[0.0, 0.0, 0.0, 0.0, 0.006500000000000001, 0.006500000000000001, 0.0, 0.0, 0.0, 0.0], [0.0, 0.0, 0.0, 0.0, 0.0, 0.0, 0.0, 0.0, 0.0, 0.0], [0.0004, 0.0004, 0.0012000000000000001, 0.0012000000000000001, 0.0, 0.0, 0.0074, 0.0074, 0.0074, 0.0074], [0.0, 0.0, 0.0, 0.0, 0.0, 0.0, 0.0, 0.0, 0.0, 0.0], [0.0, 0.0, 0.0, 0.0, 0.0, 0.0, 0.0, 0.0, 0.0, 0.0], [0.0012000000000000001, 0.0012000000000000001, 0.0, 0.0, 0.0889, 0.0889, 0.0001, 0.0001, 0.0001, 0.0001], [0.0, 0.0, 0.0, 0.0, 0.3397, 0.3397, 0.0, 0.0, 0.0, 0.0], [0.0, 0.0, 0.0, 0.0, 0.0, 0.0, 0.0001, 0.0001, 0.0001, 0.0001], [0.0, 0.0, 0.0, 0.0, 0.0, 0.0, 0.0, 0.0, 0.0, 0.0]]}}
bs_setyawan_curtarolo_efermi: 2.79258577
bs_hinuma_task_id: mp-2179356
bs_hinuma_band_gap: 0.08029999999999901
bs_hinuma_cbm: {'band_index': {'1': [44]}, 'kpoint_index': ['96'], 'kpoint': <pymatgen.electronic_structure.bandstructure.Kpoint object at 0x7fc5d4b5a190>, 'energy': 2.8305, 'projections': {'1': [[0.0013000000000000002, 0.0013000000000000002, 0.0166, 0.0166, 0.0001, 0.0001, 0.022, 0.022, 0.022, 0.022], [0.0018000000000000002, 0.0018000000000000002, 0.0018000000000000002, 0.0018000000000000002, 0.0, 0.0, 0.0013000000000000002, 0.0013000000000000002, 0.0013000000000000002, 0.0013000000000000002], [0.0, 0.0, 0.0, 0.0, 0.0, 0.0, 0.0, 0.0, 0.0, 0.0], [0.0, 0.0, 0.0, 0.0, 0.0033, 0.0033, 0.035500000000000004, 0.035500000000000004, 0.035500000000000004, 0.035500000000000004], [0.0, 0.0, 0.0, 0.0, 0.0, 0.0, 0.0001, 0.0001, 0.0001, 0.0001], [0.0, 0.0, 0.0, 0.0, 0.0057, 0.0057, 0.0, 0.0, 0.0, 0.0], [0.0, 0.0, 0.0029000000000000002, 0.0029000000000000002, 0.0001, 0.0001, 0.0008, 0.0008, 0.0008, 0.0008], [0.0, 0.0, 0.0, 0.0, 0.0, 0.0, 0.0, 0.0, 0.0, 0.0], [0.0015, 0.0015, 0.0036000000000000003, 0.0036000000000000003, 0.0005, 0.0005, 0.0028, 0.0028, 0.0028, 0.0028]]}}
bs_hinuma_vbm: {'band_index': {'1': [43]}, 'kpoint_index': ['44'], 'kpoint': <pymatgen.electronic_structure.bandstructure.Kpoint object at 0x7fc5d4b59be0>, 'energy': 2.7502, 'projections': {'1': [[0.0, 0.0, 0.0, 0.0, 0.006500000000000001, 0.006500000000000001, 0.0, 0.0, 0.0, 0.0], [0.0, 0.0, 0.0, 0.0, 0.0, 0.0, 0.0, 0.0, 0.0, 0.0], [0.0004, 0.0004, 0.0012000000000000001, 0.0012000000000000001, 0.0, 0.0, 0.0074, 0.0074, 0.0074, 0.0074], [0.0, 0.0, 0.0, 0.0, 0.0, 0.0, 0.0, 0.0, 0.0, 0.0], [0.0, 0.0, 0.0, 0.0, 0.0, 0.0, 0.0, 0.0, 0.0, 0.0], [0.0012000000000000001, 0.0012000000000000001, 0.0, 0.0, 0.0889, 0.0889, 0.0001, 0.0001, 0.0001, 0.0001], [0.0, 0.0, 0.0, 0.0, 0.3397, 0.3397, 0.0, 0.0, 0.0, 0.0], [0.0, 0.0, 0.0, 0.0, 0.0, 0.0, 0.0001, 0.0001, 0.0001, 0.0001], [0.0, 0.0, 0.0, 0.0, 0.0, 0.0, 0.0, 0.0, 0.0, 0.0]]}}
bs_hinuma_efermi: 2.792326929999999
bs_latimer_munro_task_id: mp-2604448
bs_latimer_munro_band_gap: 0.08029999999999901
bs_latimer_munro_cbm: {'band_index': {'1': [44]}, 'kpoint_index': ['757'], 'kpoint': <pymatgen.electronic_structure.bandstructure.Kpoint object at 0x7fc5d4b5a3c0>, 'energy': 2.8305, 'projections': {'1': [[0.0013000000000000002, 0.0013000000000000002, 0.0166, 0.0166, 0.0001, 0.0001, 0.022, 0.022, 0.022, 0.022], [0.0018000000000000002, 0.0018000000000000002, 0.0018000000000000002, 0.0018000000000000002, 0.0, 0.0, 0.0013000000000000002, 0.0013000000000000002, 0.0013000000000000002, 0.0013000000000000002], [0.0, 0.0, 0.0, 0.0, 0.0, 0.0, 0.0, 0.0, 0.0, 0.0], [0.0, 0.0, 0.0, 0.0, 0.0033, 0.0033, 0.035500000000000004, 0.035500000000000004, 0.035500000000000004, 0.035500000000000004], [0.0, 0.0, 0.0, 0.0, 0.0, 0.0, 0.0001, 0.0001, 0.0001, 0.0001], [0.0, 0.0, 0.0, 0.0, 0.0057, 0.0057, 0.0, 0.0, 0.0, 0.0], [0.0, 0.0, 0.0029000000000000002, 0.0029000000000000002, 0.0001, 0.0001, 0.0008, 0.0008, 0.0008, 0.0008], [0.0, 0.0, 0.0, 0.0, 0.0, 0.0, 0.0, 0.0, 0.0, 0.0], [0.0015, 0.0015, 0.0036000000000000003, 0.0036000000000000003, 0.0005, 0.0005, 0.0028, 0.0028, 0.0028, 0.0028]]}}
bs_latimer_munro_vbm: {'band_index': {'1': [43]}, 'kpoint_index': [490, 491, 558, 1007], 'kpoint': <pymatgen.electronic_structure.bandstructure.Kpoint object at 0x7fc5d4b5a430>, 'energy': 2.7502, 'projections': {'1': [[0.0, 0.0, 0.0, 0.0, 0.006500000000000001, 0.006500000000000001, 0.0, 0.0, 0.0, 0.0], [0.0, 0.0, 0.0, 0.0, 0.0, 0.0, 0.0, 0.0, 0.0, 0.0], [0.0004, 0.0004, 0.0012000000000000001, 0.0012000000000000001, 0.0, 0.0, 0.0074, 0.0074, 0.0074, 0.0074], [0.0, 0.0, 0.0, 0.0, 0.0, 0.0, 0.0, 0.0, 0.0, 0.0], [0.0, 0.0, 0.0, 0.0, 0.0, 0.0, 0.0, 0.0, 0.0, 0.0], [0.0012000000000000001, 0.0012000000000000001, 0.0, 0.0, 0.0889, 0.0889, 0.0001, 0.0001, 0.0001, 0.0001], [0.0, 0.0, 0.0, 0.0, 0.3397, 0.3397, 0.0, 0.0, 0.0, 0.0], [0.0, 0.0, 0.0, 0.0, 0.0, 0.0, 0.0001, 0.0001, 0.0001, 0.0001], [0.0, 0.0, 0.0, 0.0, 0.0, 0.0, 0.0, 0.0, 0.0, 0.0]]}}
bs_latimer_munro_efermi: 2.7924940300000003