material_id: mp-9791
band_gap: 1.2156
efermi: 3.23034636
dos_magnetic_ordering: NM
dos_total_task_id: mp-2269523
dos_total_band_gap: 1.282899999999999
dos_total_cbm: 4.4354
dos_total_vbm: 3.1525
dos_total_efermi: 3.15290378
bs_setyawan_curtarolo_task_id: mp-687507
bs_setyawan_curtarolo_band_gap: 1.2156
bs_setyawan_curtarolo_cbm: {'band_index': {'1': [31]}, 'kpoint_index': [23, 24, 111], 'kpoint': <pymatgen.electronic_structure.bandstructure.Kpoint object at 0x7fc699d63930>, 'energy': 4.3848, 'projections': {'1': [[0.0022, 0.0022, 0.0022, 0.037, 0.00030000000000000003, 0.00030000000000000003, 0.00030000000000000003], [0.027600000000000003, 0.027600000000000003, 0.0, 0.0, 0.006500000000000001, 0.006500000000000001, 0.0], [0.001, 0.001, 0.0475, 0.0212, 0.006, 0.006, 0.0281], [0.0233, 0.0233, 0.0044, 0.015300000000000001, 0.0161, 0.0161, 0.0004], [0.0, 0.0, 0.0, 0.0, 0.0, 0.0, 0.0], [0.0008, 0.0008, 0.0, 0.0, 0.0, 0.0, 0.0], [0.0007, 0.0007, 0.0001, 0.00030000000000000003, 0.0, 0.0, 0.0], [0.0028, 0.0028, 0.0017000000000000001, 0.0013000000000000002, 0.0, 0.0, 0.0], [0.0, 0.0, 0.0025, 0.0002, 0.0, 0.0, 0.0]]}}
bs_setyawan_curtarolo_vbm: {'band_index': {'1': [30]}, 'kpoint_index': [0, 56, 57], 'kpoint': <pymatgen.electronic_structure.bandstructure.Kpoint object at 0x7fc5d4b59e80>, 'energy': 3.1692, 'projections': {'1': [[0.007, 0.007, 0.007, 0.0407, 0.0, 0.0, 0.0], [0.0005, 0.0005, 0.0, 0.0, 0.0082, 0.0082, 0.0], [0.004, 0.004, 0.0014, 0.0545, 0.0539, 0.0539, 0.11120000000000001], [0.0013000000000000002, 0.0013000000000000002, 0.0044, 0.039400000000000004, 0.07060000000000001, 0.07060000000000001, 0.021400000000000002], [0.0001, 0.0001, 0.0, 0.0, 0.0, 0.0, 0.0], [0.0001, 0.0001, 0.0, 0.0, 0.0, 0.0, 0.0], [0.0001, 0.0001, 0.0004, 0.0004, 0.0, 0.0, 0.0], [0.0012000000000000001, 0.0012000000000000001, 0.0005, 0.0021000000000000003, 0.0, 0.0, 0.0], [0.0, 0.0, 0.0006000000000000001, 0.0004, 0.0, 0.0, 0.0]]}}
bs_setyawan_curtarolo_efermi: 3.23034636
bs_hinuma_task_id: mp-2193363
bs_hinuma_band_gap: 1.2175999999999991
bs_hinuma_cbm: {'band_index': {'1': [31]}, 'kpoint_index': [26, 27], 'kpoint': <pymatgen.electronic_structure.bandstructure.Kpoint object at 0x7fc5d4b5a3c0>, 'energy': 4.3858, 'projections': {'1': [[0.0022, 0.0022, 0.0022, 0.0369, 0.00030000000000000003, 0.00030000000000000003, 0.00030000000000000003], [0.027700000000000002, 0.0, 0.027700000000000002, 0.0, 0.0064, 0.0, 0.0064], [0.001, 0.0476, 0.001, 0.0211, 0.0061, 0.028, 0.0061], [0.0234, 0.0045000000000000005, 0.0234, 0.0152, 0.016, 0.0005, 0.016], [0.0, 0.0, 0.0, 0.0, 0.0, 0.0, 0.0], [0.0008, 0.0, 0.0008, 0.0, 0.0, 0.0, 0.0], [0.0007, 0.0001, 0.0007, 0.00030000000000000003, 0.0, 0.0, 0.0], [0.0028, 0.0017000000000000001, 0.0028, 0.0013000000000000002, 0.0, 0.0, 0.0], [0.0, 0.0025, 0.0, 0.0002, 0.0, 0.0, 0.0]]}}
bs_hinuma_vbm: {'band_index': {'1': [30]}, 'kpoint_index': [0, 55, 56], 'kpoint': <pymatgen.electronic_structure.bandstructure.Kpoint object at 0x7fc5d4b5a190>, 'energy': 3.1682, 'projections': {'1': [[0.007, 0.007, 0.007, 0.040600000000000004, 0.0, 0.0, 0.0], [0.0005, 0.0, 0.0005, 0.0, 0.0081, 0.0, 0.0081], [0.004, 0.0014, 0.0039000000000000003, 0.054700000000000006, 0.0539, 0.1111, 0.0539], [0.0013000000000000002, 0.0044, 0.0013000000000000002, 0.0395, 0.07050000000000001, 0.021500000000000002, 0.07050000000000001], [0.0001, 0.0, 0.0001, 0.0, 0.0, 0.0, 0.0], [0.0001, 0.0, 0.0001, 0.0, 0.0, 0.0, 0.0], [0.0001, 0.0004, 0.0001, 0.0004, 0.0, 0.0, 0.0], [0.0012000000000000001, 0.0005, 0.0012000000000000001, 0.0021000000000000003, 0.0, 0.0, 0.0], [0.0, 0.0006000000000000001, 0.0, 0.0004, 0.0, 0.0, 0.0]]}}
bs_hinuma_efermi: 3.23482849
bs_latimer_munro_task_id: mp-2341998
bs_latimer_munro_band_gap: 1.2175999999999991
bs_latimer_munro_cbm: {'band_index': {'1': [31]}, 'kpoint_index': [8, 9, 97, 98, 174], 'kpoint': <pymatgen.electronic_structure.bandstructure.Kpoint object at 0x7fc5d4b5a200>, 'energy': 4.3858, 'projections': {'1': [[0.0022, 0.0022, 0.0022, 0.0369, 0.00030000000000000003, 0.00030000000000000003, 0.00030000000000000003], [0.027700000000000002, 0.0, 0.027700000000000002, 0.0, 0.0064, 0.0, 0.0064], [0.001, 0.0476, 0.001, 0.0211, 0.0061, 0.028, 0.0061], [0.0234, 0.0045000000000000005, 0.0234, 0.0152, 0.016, 0.0005, 0.016], [0.0, 0.0, 0.0, 0.0, 0.0, 0.0, 0.0], [0.0008, 0.0, 0.0008, 0.0, 0.0, 0.0, 0.0], [0.0007, 0.0001, 0.0007, 0.00030000000000000003, 0.0, 0.0, 0.0], [0.0028, 0.0017000000000000001, 0.0028, 0.0013000000000000002, 0.0, 0.0, 0.0], [0.0, 0.0025, 0.0, 0.0002, 0.0, 0.0, 0.0]]}}
bs_latimer_munro_vbm: {'band_index': {'1': [30]}, 'kpoint_index': [27, 28, 67, 68, 135, 136, 204], 'kpoint': <pymatgen.electronic_structure.bandstructure.Kpoint object at 0x7fc5d4b59be0>, 'energy': 3.1682, 'projections': {'1': [[0.007, 0.007, 0.007, 0.040600000000000004, 0.0, 0.0, 0.0], [0.0005, 0.0, 0.0005, 0.0, 0.0081, 0.0, 0.0081], [0.004, 0.0014, 0.0039000000000000003, 0.054700000000000006, 0.0539, 0.1111, 0.0539], [0.0013000000000000002, 0.0044, 0.0013000000000000002, 0.0395, 0.07050000000000001, 0.021500000000000002, 0.07050000000000001], [0.0001, 0.0, 0.0001, 0.0, 0.0, 0.0, 0.0], [0.0001, 0.0, 0.0001, 0.0, 0.0, 0.0, 0.0], [0.0001, 0.0004, 0.0001, 0.0004, 0.0, 0.0, 0.0], [0.0012000000000000001, 0.0005, 0.0012000000000000001, 0.0021000000000000003, 0.0, 0.0, 0.0], [0.0, 0.0006000000000000001, 0.0, 0.0004, 0.0, 0.0, 0.0]]}}
bs_latimer_munro_efermi: 3.22659379