material_id: mp-9784
band_gap: 3.543599999999999
efermi: 1.22873258
dos_magnetic_ordering: NM
dos_total_task_id: mp-1670893
dos_total_band_gap: 3.535999999999999
dos_total_cbm: 4.6514
dos_total_vbm: 1.1154
dos_total_efermi: 1.11821559
bs_setyawan_curtarolo_task_id: mp-1610186
bs_setyawan_curtarolo_band_gap: 3.543599999999999
bs_setyawan_curtarolo_cbm: {'band_index': {'1': [72]}, 'kpoint_index': [0, 30, 31], 'kpoint': <pymatgen.electronic_structure.bandstructure.Kpoint object at 0x7fc699d63930>, 'energy': 4.6586, 'projections': {'1': [[0.0112, 0.0112, 0.0112, 0.0028, 0.0028, 0.0028, 0.0475, 0.0475, 0.0475, 0.0015, 0.0015, 0.0015, 0.0102, 0.0102, 0.0102, 0.012, 0.012, 0.012, 0.0102, 0.0102, 0.0102, 0.012, 0.012, 0.012], [0.0, 0.0002, 0.0002, 0.0, 0.0029000000000000002, 0.0029000000000000002, 0.00030000000000000003, 0.0, 0.00030000000000000003, 0.0, 0.0, 0.0, 0.0106, 0.0058000000000000005, 0.0007, 0.001, 0.0021000000000000003, 0.006, 0.0106, 0.0058000000000000005, 0.0007, 0.006, 0.0021000000000000003, 0.001], [0.0, 0.0, 0.0, 0.0, 0.0, 0.0, 0.0, 0.0, 0.0, 0.0, 0.0, 0.0, 0.014700000000000001, 0.014700000000000001, 0.014700000000000001, 0.007500000000000001, 0.007500000000000001, 0.007500000000000001, 0.014700000000000001, 0.014700000000000001, 0.014700000000000001, 0.007500000000000001, 0.007500000000000001, 0.007500000000000001], [0.0002, 0.0001, 0.0001, 0.0039000000000000003, 0.001, 0.001, 0.0001, 0.0004, 0.0001, 0.0, 0.0, 0.0, 0.0008, 0.0057, 0.010700000000000001, 0.0051, 0.004, 0.0001, 0.0008, 0.0057, 0.010700000000000001, 0.0001, 0.004, 0.0051], [0.0, 0.0012000000000000001, 0.0012000000000000001, 0.0, 0.0, 0.0, 0.0, 0.0, 0.0, 0.0, 0.0, 0.0, 0.0, 0.0, 0.0, 0.0, 0.0, 0.0, 0.0, 0.0, 0.0, 0.0, 0.0, 0.0], [0.0009000000000000001, 0.0002, 0.0002, 0.0, 0.0, 0.0, 0.0005, 0.0022, 0.0005, 0.0, 0.0, 0.0, 0.0, 0.0, 0.0, 0.0, 0.0, 0.0, 0.0, 0.0, 0.0, 0.0, 0.0, 0.0], [0.0004, 0.0004, 0.0004, 0.0, 0.0, 0.0, 0.0002, 0.0002, 0.0002, 0.0, 0.0, 0.0, 0.0, 0.0, 0.0, 0.0, 0.0, 0.0, 0.0, 0.0, 0.0, 0.0, 0.0, 0.0], [0.0, 0.0007, 0.0007, 0.0, 0.0, 0.0, 0.0016, 0.0, 0.0016, 0.0, 0.0, 0.0, 0.0, 0.0, 0.0, 0.0, 0.0, 0.0, 0.0, 0.0, 0.0, 0.0, 0.0, 0.0], [0.0016, 0.0004, 0.0004, 0.0, 0.0, 0.0, 0.0, 0.0, 0.0, 0.0, 0.0, 0.0, 0.0, 0.0, 0.0, 0.0, 0.0, 0.0, 0.0, 0.0, 0.0, 0.0, 0.0, 0.0]]}}
bs_setyawan_curtarolo_vbm: {'band_index': {'1': [71]}, 'kpoint_index': [0, 30, 31], 'kpoint': <pymatgen.electronic_structure.bandstructure.Kpoint object at 0x7fc5d4b5a3c0>, 'energy': 1.115, 'projections': {'1': [[0.0, 0.0, 0.0, 0.0, 0.0, 0.0, 0.0, 0.0, 0.0, 0.0, 0.0, 0.0, 0.0, 0.0, 0.0, 0.0, 0.0, 0.0, 0.0, 0.0, 0.0, 0.0, 0.0, 0.0], [0.00030000000000000003, 0.0001, 0.0001, 0.0002, 0.0, 0.0, 0.0, 0.0001, 0.0, 0.1056, 0.0264, 0.0264, 0.0077, 0.0002, 0.0102, 0.0029000000000000002, 0.011600000000000001, 0.0029000000000000002, 0.0077, 0.0002, 0.0102, 0.0029000000000000002, 0.011600000000000001, 0.0029000000000000002], [0.0002, 0.0002, 0.0002, 0.001, 0.001, 0.001, 0.0, 0.0, 0.0, 0.082, 0.0819, 0.0819, 0.0015, 0.0015, 0.0015, 0.0089, 0.0089, 0.0089, 0.0015, 0.0015, 0.0015, 0.0089, 0.0089, 0.0089], [0.0, 0.0002, 0.0002, 0.0, 0.0001, 0.0001, 0.0001, 0.0, 0.0001, 0.0, 0.0792, 0.0792, 0.0044, 0.0119, 0.0018000000000000002, 0.008700000000000001, 0.0, 0.008700000000000001, 0.0044, 0.0119, 0.0018000000000000002, 0.008700000000000001, 0.0, 0.008700000000000001], [0.0, 0.0, 0.0, 0.0, 0.0, 0.0, 0.0, 0.0001, 0.0, 0.0, 0.0, 0.0, 0.0, 0.0, 0.0, 0.0, 0.0, 0.0, 0.0, 0.0, 0.0, 0.0, 0.0, 0.0], [0.0, 0.00030000000000000003, 0.00030000000000000003, 0.0, 0.0, 0.0, 0.0001, 0.0, 0.0001, 0.0, 0.0, 0.0, 0.0, 0.0, 0.0, 0.0, 0.0, 0.0, 0.0, 0.0, 0.0, 0.0, 0.0, 0.0], [0.0, 0.0, 0.0, 0.0, 0.0, 0.0, 0.0, 0.0, 0.0, 0.0, 0.0, 0.0, 0.0, 0.0, 0.0, 0.0, 0.0, 0.0, 0.0, 0.0, 0.0, 0.0, 0.0, 0.0], [0.00030000000000000003, 0.0001, 0.0001, 0.0, 0.0, 0.0, 0.0, 0.0001, 0.0, 0.0, 0.0, 0.0, 0.0, 0.0, 0.0, 0.0, 0.0, 0.0, 0.0, 0.0, 0.0, 0.0, 0.0, 0.0], [0.0, 0.0, 0.0, 0.0, 0.0, 0.0, 0.0, 0.0, 0.0, 0.0, 0.0, 0.0, 0.0, 0.0, 0.0, 0.0, 0.0, 0.0, 0.0, 0.0, 0.0, 0.0, 0.0, 0.0]]}}
bs_setyawan_curtarolo_efermi: 1.22873258
bs_hinuma_task_id: mp-2174197
bs_hinuma_band_gap: 3.543599999999999
bs_hinuma_cbm: {'band_index': {'1': [72]}, 'kpoint_index': [0, 30, 31], 'kpoint': <pymatgen.electronic_structure.bandstructure.Kpoint object at 0x7fc5d4b5a200>, 'energy': 4.6586, 'projections': {'1': [[0.0112, 0.0112, 0.0112, 0.0028, 0.0028, 0.0028, 0.0475, 0.0475, 0.0475, 0.0015, 0.0015, 0.0015, 0.0102, 0.0102, 0.0102, 0.012, 0.012, 0.012, 0.0102, 0.0102, 0.0102, 0.012, 0.012, 0.012], [0.0, 0.0002, 0.0002, 0.0, 0.0029000000000000002, 0.0029000000000000002, 0.00030000000000000003, 0.0, 0.00030000000000000003, 0.0, 0.0, 0.0, 0.0106, 0.0058000000000000005, 0.0007, 0.001, 0.0021000000000000003, 0.006, 0.0106, 0.0058000000000000005, 0.0007, 0.006, 0.0021000000000000003, 0.001], [0.0, 0.0, 0.0, 0.0, 0.0, 0.0, 0.0, 0.0, 0.0, 0.0, 0.0, 0.0, 0.014700000000000001, 0.014700000000000001, 0.014700000000000001, 0.007500000000000001, 0.007500000000000001, 0.007500000000000001, 0.014700000000000001, 0.014700000000000001, 0.014700000000000001, 0.007500000000000001, 0.007500000000000001, 0.007500000000000001], [0.0002, 0.0001, 0.0001, 0.0039000000000000003, 0.001, 0.001, 0.0001, 0.0004, 0.0001, 0.0, 0.0, 0.0, 0.0008, 0.0057, 0.010700000000000001, 0.0051, 0.004, 0.0001, 0.0008, 0.0057, 0.010700000000000001, 0.0001, 0.004, 0.0051], [0.0, 0.0012000000000000001, 0.0012000000000000001, 0.0, 0.0, 0.0, 0.0, 0.0, 0.0, 0.0, 0.0, 0.0, 0.0, 0.0, 0.0, 0.0, 0.0, 0.0, 0.0, 0.0, 0.0, 0.0, 0.0, 0.0], [0.0009000000000000001, 0.0002, 0.0002, 0.0, 0.0, 0.0, 0.0005, 0.0022, 0.0005, 0.0, 0.0, 0.0, 0.0, 0.0, 0.0, 0.0, 0.0, 0.0, 0.0, 0.0, 0.0, 0.0, 0.0, 0.0], [0.0004, 0.0004, 0.0004, 0.0, 0.0, 0.0, 0.0002, 0.0002, 0.0002, 0.0, 0.0, 0.0, 0.0, 0.0, 0.0, 0.0, 0.0, 0.0, 0.0, 0.0, 0.0, 0.0, 0.0, 0.0], [0.0, 0.0007, 0.0007, 0.0, 0.0, 0.0, 0.0016, 0.0, 0.0016, 0.0, 0.0, 0.0, 0.0, 0.0, 0.0, 0.0, 0.0, 0.0, 0.0, 0.0, 0.0, 0.0, 0.0, 0.0], [0.0016, 0.0004, 0.0004, 0.0, 0.0, 0.0, 0.0, 0.0, 0.0, 0.0, 0.0, 0.0, 0.0, 0.0, 0.0, 0.0, 0.0, 0.0, 0.0, 0.0, 0.0, 0.0, 0.0, 0.0]]}}
bs_hinuma_vbm: {'band_index': {'1': [71]}, 'kpoint_index': [0, 30, 31], 'kpoint': <pymatgen.electronic_structure.bandstructure.Kpoint object at 0x7fc5d4b59d30>, 'energy': 1.115, 'projections': {'1': [[0.0, 0.0, 0.0, 0.0, 0.0, 0.0, 0.0, 0.0, 0.0, 0.0, 0.0, 0.0, 0.0, 0.0, 0.0, 0.0, 0.0, 0.0, 0.0, 0.0, 0.0, 0.0, 0.0, 0.0], [0.00030000000000000003, 0.0001, 0.0001, 0.0002, 0.0, 0.0, 0.0, 0.0001, 0.0, 0.1056, 0.0264, 0.0264, 0.0077, 0.0002, 0.0102, 0.0029000000000000002, 0.011600000000000001, 0.0029000000000000002, 0.0077, 0.0002, 0.0102, 0.0029000000000000002, 0.011600000000000001, 0.0029000000000000002], [0.0002, 0.0002, 0.0002, 0.001, 0.001, 0.001, 0.0, 0.0, 0.0, 0.082, 0.0819, 0.0819, 0.0015, 0.0015, 0.0015, 0.0089, 0.0089, 0.0089, 0.0015, 0.0015, 0.0015, 0.0089, 0.0089, 0.0089], [0.0, 0.0002, 0.0002, 0.0, 0.0001, 0.0001, 0.0001, 0.0, 0.0001, 0.0, 0.0792, 0.0792, 0.0044, 0.0119, 0.0018000000000000002, 0.008700000000000001, 0.0, 0.008700000000000001, 0.0044, 0.0119, 0.0018000000000000002, 0.008700000000000001, 0.0, 0.008700000000000001], [0.0, 0.0, 0.0, 0.0, 0.0, 0.0, 0.0, 0.0001, 0.0, 0.0, 0.0, 0.0, 0.0, 0.0, 0.0, 0.0, 0.0, 0.0, 0.0, 0.0, 0.0, 0.0, 0.0, 0.0], [0.0, 0.00030000000000000003, 0.00030000000000000003, 0.0, 0.0, 0.0, 0.0001, 0.0, 0.0001, 0.0, 0.0, 0.0, 0.0, 0.0, 0.0, 0.0, 0.0, 0.0, 0.0, 0.0, 0.0, 0.0, 0.0, 0.0], [0.0, 0.0, 0.0, 0.0, 0.0, 0.0, 0.0, 0.0, 0.0, 0.0, 0.0, 0.0, 0.0, 0.0, 0.0, 0.0, 0.0, 0.0, 0.0, 0.0, 0.0, 0.0, 0.0, 0.0], [0.00030000000000000003, 0.0001, 0.0001, 0.0, 0.0, 0.0, 0.0, 0.0001, 0.0, 0.0, 0.0, 0.0, 0.0, 0.0, 0.0, 0.0, 0.0, 0.0, 0.0, 0.0, 0.0, 0.0, 0.0, 0.0], [0.0, 0.0, 0.0, 0.0, 0.0, 0.0, 0.0, 0.0, 0.0, 0.0, 0.0, 0.0, 0.0, 0.0, 0.0, 0.0, 0.0, 0.0, 0.0, 0.0, 0.0, 0.0, 0.0, 0.0]]}}
bs_hinuma_efermi: 1.22873258
bs_latimer_munro_task_id: mp-2312256
bs_latimer_munro_band_gap: 3.543599999999999
bs_latimer_munro_cbm: {'band_index': {'1': [72]}, 'kpoint_index': [45, 46, 61, 71, 121], 'kpoint': <pymatgen.electronic_structure.bandstructure.Kpoint object at 0x7fc5d4b5a190>, 'energy': 4.6586, 'projections': {'1': [[0.0112, 0.0112, 0.0112, 0.0028, 0.0028, 0.0028, 0.0475, 0.0475, 0.0475, 0.0015, 0.0015, 0.0015, 0.0102, 0.0102, 0.0102, 0.012, 0.012, 0.012, 0.0102, 0.0102, 0.0102, 0.012, 0.012, 0.012], [0.0, 0.0002, 0.0002, 0.0, 0.0029000000000000002, 0.0029000000000000002, 0.00030000000000000003, 0.0, 0.00030000000000000003, 0.0, 0.0, 0.0, 0.0106, 0.0058000000000000005, 0.0007, 0.001, 0.0021000000000000003, 0.006, 0.0106, 0.0058000000000000005, 0.0007, 0.006, 0.0021000000000000003, 0.001], [0.0, 0.0, 0.0, 0.0, 0.0, 0.0, 0.0, 0.0, 0.0, 0.0, 0.0, 0.0, 0.014700000000000001, 0.014700000000000001, 0.014700000000000001, 0.007500000000000001, 0.007500000000000001, 0.007500000000000001, 0.014700000000000001, 0.014700000000000001, 0.014700000000000001, 0.007500000000000001, 0.007500000000000001, 0.007500000000000001], [0.0002, 0.0001, 0.0001, 0.0039000000000000003, 0.001, 0.001, 0.0001, 0.0004, 0.0001, 0.0, 0.0, 0.0, 0.0008, 0.0057, 0.010700000000000001, 0.0051, 0.004, 0.0001, 0.0008, 0.0057, 0.010700000000000001, 0.0001, 0.004, 0.0051], [0.0, 0.0012000000000000001, 0.0012000000000000001, 0.0, 0.0, 0.0, 0.0, 0.0, 0.0, 0.0, 0.0, 0.0, 0.0, 0.0, 0.0, 0.0, 0.0, 0.0, 0.0, 0.0, 0.0, 0.0, 0.0, 0.0], [0.0009000000000000001, 0.0002, 0.0002, 0.0, 0.0, 0.0, 0.0005, 0.0022, 0.0005, 0.0, 0.0, 0.0, 0.0, 0.0, 0.0, 0.0, 0.0, 0.0, 0.0, 0.0, 0.0, 0.0, 0.0, 0.0], [0.0004, 0.0004, 0.0004, 0.0, 0.0, 0.0, 0.0002, 0.0002, 0.0002, 0.0, 0.0, 0.0, 0.0, 0.0, 0.0, 0.0, 0.0, 0.0, 0.0, 0.0, 0.0, 0.0, 0.0, 0.0], [0.0, 0.0007, 0.0007, 0.0, 0.0, 0.0, 0.0016, 0.0, 0.0016, 0.0, 0.0, 0.0, 0.0, 0.0, 0.0, 0.0, 0.0, 0.0, 0.0, 0.0, 0.0, 0.0, 0.0, 0.0], [0.0016, 0.0004, 0.0004, 0.0, 0.0, 0.0, 0.0, 0.0, 0.0, 0.0, 0.0, 0.0, 0.0, 0.0, 0.0, 0.0, 0.0, 0.0, 0.0, 0.0, 0.0, 0.0, 0.0, 0.0]]}}
bs_latimer_munro_vbm: {'band_index': {'1': [71]}, 'kpoint_index': [45, 46, 61, 71, 121], 'kpoint': <pymatgen.electronic_structure.bandstructure.Kpoint object at 0x7fc5d4b5a430>, 'energy': 1.115, 'projections': {'1': [[0.0, 0.0, 0.0, 0.0, 0.0, 0.0, 0.0, 0.0, 0.0, 0.0, 0.0, 0.0, 0.0, 0.0, 0.0, 0.0, 0.0, 0.0, 0.0, 0.0, 0.0, 0.0, 0.0, 0.0], [0.00030000000000000003, 0.0001, 0.0001, 0.0002, 0.0, 0.0, 0.0, 0.0001, 0.0, 0.1056, 0.0264, 0.0264, 0.0077, 0.0002, 0.0102, 0.0029000000000000002, 0.011600000000000001, 0.0029000000000000002, 0.0077, 0.0002, 0.0102, 0.0029000000000000002, 0.011600000000000001, 0.0029000000000000002], [0.0002, 0.0002, 0.0002, 0.001, 0.001, 0.001, 0.0, 0.0, 0.0, 0.082, 0.0819, 0.0819, 0.0015, 0.0015, 0.0015, 0.0089, 0.0089, 0.0089, 0.0015, 0.0015, 0.0015, 0.0089, 0.0089, 0.0089], [0.0, 0.0002, 0.0002, 0.0, 0.0001, 0.0001, 0.0001, 0.0, 0.0001, 0.0, 0.0792, 0.0792, 0.0044, 0.0119, 0.0018000000000000002, 0.008700000000000001, 0.0, 0.008700000000000001, 0.0044, 0.0119, 0.0018000000000000002, 0.008700000000000001, 0.0, 0.008700000000000001], [0.0, 0.0, 0.0, 0.0, 0.0, 0.0, 0.0, 0.0001, 0.0, 0.0, 0.0, 0.0, 0.0, 0.0, 0.0, 0.0, 0.0, 0.0, 0.0, 0.0, 0.0, 0.0, 0.0, 0.0], [0.0, 0.00030000000000000003, 0.00030000000000000003, 0.0, 0.0, 0.0, 0.0001, 0.0, 0.0001, 0.0, 0.0, 0.0, 0.0, 0.0, 0.0, 0.0, 0.0, 0.0, 0.0, 0.0, 0.0, 0.0, 0.0, 0.0], [0.0, 0.0, 0.0, 0.0, 0.0, 0.0, 0.0, 0.0, 0.0, 0.0, 0.0, 0.0, 0.0, 0.0, 0.0, 0.0, 0.0, 0.0, 0.0, 0.0, 0.0, 0.0, 0.0, 0.0], [0.00030000000000000003, 0.0001, 0.0001, 0.0, 0.0, 0.0, 0.0, 0.0001, 0.0, 0.0, 0.0, 0.0, 0.0, 0.0, 0.0, 0.0, 0.0, 0.0, 0.0, 0.0, 0.0, 0.0, 0.0, 0.0], [0.0, 0.0, 0.0, 0.0, 0.0, 0.0, 0.0, 0.0, 0.0, 0.0, 0.0, 0.0, 0.0, 0.0, 0.0, 0.0, 0.0, 0.0, 0.0, 0.0, 0.0, 0.0, 0.0, 0.0]]}}
bs_latimer_munro_efermi: 1.2366337