material_id: mp-985608
band_gap: 2.8438
efermi: 2.31228188
dos_magnetic_ordering: NM
dos_total_task_id: mp-1739388
dos_total_band_gap: 2.8987
dos_total_cbm: 5.1741
dos_total_vbm: 2.2754
dos_total_efermi: 2.27908244
bs_setyawan_curtarolo_task_id: mp-985763
bs_setyawan_curtarolo_band_gap: 2.8438
bs_setyawan_curtarolo_cbm: {'band_index': {'1': [52]}, 'kpoint_index': ['75'], 'kpoint': <pymatgen.electronic_structure.bandstructure.Kpoint object at 0x7fc699d63930>, 'energy': 5.1043, 'projections': {'1': [[0.003, 0.003, 0.003, 0.003, 0.008, 0.008, 0.008, 0.008, 0.00030000000000000003, 0.00030000000000000003, 0.0137, 0.0137, 0.0137, 0.0137], [0.0002, 0.0002, 0.0002, 0.0002, 0.0296, 0.0296, 0.0296, 0.0296, 0.0, 0.0, 0.013800000000000002, 0.013800000000000002, 0.013800000000000002, 0.013800000000000002], [0.0002, 0.0002, 0.0002, 0.0002, 0.004, 0.004, 0.004, 0.004, 0.0, 0.0, 0.0008, 0.0008, 0.0008, 0.0008], [0.0006000000000000001, 0.0006000000000000001, 0.0006000000000000001, 0.0006000000000000001, 0.021500000000000002, 0.021500000000000002, 0.021500000000000002, 0.021500000000000002, 0.0028, 0.0028, 0.0223, 0.0223, 0.0223, 0.0223], [0.035500000000000004, 0.035500000000000004, 0.035500000000000004, 0.035500000000000004, 0.0, 0.0, 0.0, 0.0, 0.0, 0.0, 0.0, 0.0, 0.0, 0.0], [0.0029000000000000002, 0.0029000000000000002, 0.0029000000000000002, 0.0029000000000000002, 0.0, 0.0, 0.0, 0.0, 0.0, 0.0, 0.0, 0.0, 0.0, 0.0], [0.008, 0.008, 0.008, 0.008, 0.0, 0.0, 0.0, 0.0, 0.0, 0.0, 0.0, 0.0, 0.0, 0.0], [0.0011, 0.0011, 0.0011, 0.0011, 0.0, 0.0, 0.0, 0.0, 0.0, 0.0, 0.0, 0.0, 0.0, 0.0], [0.0012000000000000001, 0.0012000000000000001, 0.0012000000000000001, 0.0012000000000000001, 0.0, 0.0, 0.0, 0.0, 0.0, 0.0, 0.0, 0.0, 0.0, 0.0]]}}
bs_setyawan_curtarolo_vbm: {'band_index': {'1': [51]}, 'kpoint_index': [0, 85, 86, 116], 'kpoint': <pymatgen.electronic_structure.bandstructure.Kpoint object at 0x7fc5d4b59d30>, 'energy': 2.2605, 'projections': {'1': [[0.0002, 0.0002, 0.0002, 0.0002, 0.0, 0.0, 0.0, 0.0, 0.0, 0.0, 0.0, 0.0, 0.0, 0.0], [0.0, 0.0, 0.0, 0.0, 0.0105, 0.0105, 0.0105, 0.0105, 0.00030000000000000003, 0.00030000000000000003, 0.0085, 0.0085, 0.0085, 0.0085], [0.0006000000000000001, 0.0006000000000000001, 0.0006000000000000001, 0.0006000000000000001, 0.07730000000000001, 0.07730000000000001, 0.07730000000000001, 0.07730000000000001, 0.0044, 0.0044, 0.0887, 0.0887, 0.0887, 0.0887], [0.0, 0.0, 0.0, 0.0, 0.0002, 0.0002, 0.0002, 0.0002, 0.0, 0.0, 0.0006000000000000001, 0.0006000000000000001, 0.0006000000000000001, 0.0006000000000000001], [0.00030000000000000003, 0.00030000000000000003, 0.00030000000000000003, 0.00030000000000000003, 0.0, 0.0, 0.0, 0.0, 0.0, 0.0, 0.0, 0.0, 0.0, 0.0], [0.0004, 0.0004, 0.0004, 0.0004, 0.0, 0.0, 0.0, 0.0, 0.0, 0.0, 0.0, 0.0, 0.0, 0.0], [0.0004, 0.0004, 0.0004, 0.0004, 0.0, 0.0, 0.0, 0.0, 0.0, 0.0, 0.0, 0.0, 0.0, 0.0], [0.0019, 0.0019, 0.0019, 0.0019, 0.0, 0.0, 0.0, 0.0, 0.0, 0.0, 0.0, 0.0, 0.0, 0.0], [0.0, 0.0, 0.0, 0.0, 0.0, 0.0, 0.0, 0.0, 0.0, 0.0, 0.0, 0.0, 0.0, 0.0]]}}
bs_setyawan_curtarolo_efermi: 2.31228188