material_id: mp-9509
band_gap: 1.5691000000000002
efermi: 1.48538495
dos_magnetic_ordering: NM
dos_total_task_id: mp-1708985
dos_total_band_gap: 1.6172
dos_total_cbm: 2.9573
dos_total_vbm: 1.3401
dos_total_efermi: 1.3430429
bs_setyawan_curtarolo_task_id: mp-1609269
bs_setyawan_curtarolo_band_gap: 1.5691000000000002
bs_setyawan_curtarolo_cbm: {'band_index': {'1': [58]}, 'kpoint_index': [19, 20], 'kpoint': <pymatgen.electronic_structure.bandstructure.Kpoint object at 0x7fc699d63930>, 'energy': 2.9144, 'projections': {'1': [[0.0023, 0.0023, 0.0004, 0.0004, 0.0502, 0.0502, 0.0, 0.0, 0.0017000000000000001, 0.0017000000000000001, 0.0, 0.0, 0.0039000000000000003, 0.0039000000000000003, 0.0039000000000000003, 0.0039000000000000003], [0.001, 0.001, 0.0001, 0.0001, 0.011300000000000001, 0.011300000000000001, 0.0019, 0.0019, 0.0026000000000000003, 0.0026000000000000003, 0.009600000000000001, 0.009600000000000001, 0.0031000000000000003, 0.0031000000000000003, 0.0031000000000000003, 0.0031000000000000003], [0.0007, 0.0007, 0.0002, 0.0002, 0.0012000000000000001, 0.0012000000000000001, 0.0001, 0.0001, 0.013300000000000001, 0.013300000000000001, 0.0048000000000000004, 0.0048000000000000004, 0.0006000000000000001, 0.0006000000000000001, 0.0006000000000000001, 0.0006000000000000001], [0.0, 0.0, 0.0, 0.0, 0.0, 0.0, 0.0427, 0.0427, 0.0, 0.0, 0.0, 0.0, 0.009000000000000001, 0.009000000000000001, 0.009000000000000001, 0.009000000000000001], [0.0, 0.0, 0.0, 0.0, 0.0, 0.0, 0.0, 0.0, 0.0, 0.0, 0.0, 0.0, 0.0, 0.0, 0.0, 0.0], [0.0004, 0.0004, 0.0006000000000000001, 0.0006000000000000001, 0.0, 0.0, 0.0, 0.0, 0.0, 0.0, 0.0, 0.0, 0.0, 0.0, 0.0, 0.0], [0.0, 0.0, 0.0, 0.0, 0.0, 0.0, 0.0, 0.0, 0.0, 0.0, 0.0, 0.0, 0.0, 0.0, 0.0, 0.0], [0.0, 0.0, 0.0, 0.0, 0.0, 0.0, 0.0, 0.0, 0.0, 0.0, 0.0, 0.0, 0.0, 0.0, 0.0, 0.0], [0.0, 0.0, 0.0, 0.0, 0.0, 0.0, 0.0, 0.0, 0.0, 0.0, 0.0, 0.0, 0.0, 0.0, 0.0, 0.0]]}}
bs_setyawan_curtarolo_vbm: {'band_index': {'1': [57]}, 'kpoint_index': [19, 20], 'kpoint': <pymatgen.electronic_structure.bandstructure.Kpoint object at 0x7fc5d4b59be0>, 'energy': 1.3453, 'projections': {'1': [[0.0, 0.0, 0.0, 0.0, 0.0, 0.0, 0.0038, 0.0038, 0.0, 0.0, 0.0, 0.0, 0.00030000000000000003, 0.00030000000000000003, 0.00030000000000000003, 0.00030000000000000003], [0.0, 0.0, 0.0, 0.0, 0.0, 0.0, 0.0, 0.0, 0.0, 0.0, 0.0, 0.0, 0.0609, 0.0609, 0.0609, 0.0609], [0.0, 0.0, 0.0, 0.0, 0.0, 0.0, 0.0, 0.0, 0.0, 0.0, 0.0, 0.0, 0.0005, 0.0005, 0.0005, 0.0005], [0.0, 0.0, 0.00030000000000000003, 0.00030000000000000003, 0.0006000000000000001, 0.0006000000000000001, 0.0, 0.0, 0.0006000000000000001, 0.0006000000000000001, 0.0366, 0.0366, 0.040400000000000005, 0.040400000000000005, 0.040400000000000005, 0.040400000000000005], [0.0005, 0.0005, 0.0002, 0.0002, 0.0, 0.0, 0.0026000000000000003, 0.0026000000000000003, 0.0, 0.0, 0.0, 0.0, 0.0, 0.0, 0.0, 0.0], [0.0, 0.0, 0.0, 0.0, 0.0, 0.0, 0.027200000000000002, 0.027200000000000002, 0.0, 0.0, 0.0, 0.0, 0.0, 0.0, 0.0, 0.0], [0.0, 0.0, 0.0, 0.0, 0.0, 0.0, 0.0188, 0.0188, 0.0, 0.0, 0.0, 0.0, 0.0, 0.0, 0.0, 0.0], [0.0, 0.0, 0.0, 0.0, 0.0, 0.0, 0.0241, 0.0241, 0.0, 0.0, 0.0, 0.0, 0.0, 0.0, 0.0, 0.0], [0.0, 0.0, 0.0, 0.0, 0.0, 0.0, 0.0005, 0.0005, 0.0, 0.0, 0.0, 0.0, 0.0, 0.0, 0.0, 0.0]]}}
bs_setyawan_curtarolo_efermi: 1.48538495
bs_latimer_munro_task_id: mp-2435619
bs_latimer_munro_band_gap: 1.5691000000000002
bs_latimer_munro_cbm: {'band_index': {'1': [58]}, 'kpoint_index': [212, 213, 224], 'kpoint': <pymatgen.electronic_structure.bandstructure.Kpoint object at 0x7fc5d4b5a190>, 'energy': 2.9144, 'projections': {'1': [[0.0023, 0.0023, 0.0004, 0.0004, 0.0502, 0.0502, 0.0, 0.0, 0.0017000000000000001, 0.0017000000000000001, 0.0, 0.0, 0.0039000000000000003, 0.0039000000000000003, 0.0039000000000000003, 0.0039000000000000003], [0.001, 0.001, 0.0001, 0.0001, 0.011300000000000001, 0.011300000000000001, 0.0019, 0.0019, 0.0026000000000000003, 0.0026000000000000003, 0.009600000000000001, 0.009600000000000001, 0.0031000000000000003, 0.0031000000000000003, 0.0031000000000000003, 0.0031000000000000003], [0.0007, 0.0007, 0.0002, 0.0002, 0.0012000000000000001, 0.0012000000000000001, 0.0001, 0.0001, 0.013300000000000001, 0.013300000000000001, 0.0048000000000000004, 0.0048000000000000004, 0.0006000000000000001, 0.0006000000000000001, 0.0006000000000000001, 0.0006000000000000001], [0.0, 0.0, 0.0, 0.0, 0.0, 0.0, 0.0427, 0.0427, 0.0, 0.0, 0.0, 0.0, 0.009000000000000001, 0.009000000000000001, 0.009000000000000001, 0.009000000000000001], [0.0, 0.0, 0.0, 0.0, 0.0, 0.0, 0.0, 0.0, 0.0, 0.0, 0.0, 0.0, 0.0, 0.0, 0.0, 0.0], [0.0004, 0.0004, 0.0006000000000000001, 0.0006000000000000001, 0.0, 0.0, 0.0, 0.0, 0.0, 0.0, 0.0, 0.0, 0.0, 0.0, 0.0, 0.0], [0.0, 0.0, 0.0, 0.0, 0.0, 0.0, 0.0, 0.0, 0.0, 0.0, 0.0, 0.0, 0.0, 0.0, 0.0, 0.0], [0.0, 0.0, 0.0, 0.0, 0.0, 0.0, 0.0, 0.0, 0.0, 0.0, 0.0, 0.0, 0.0, 0.0, 0.0, 0.0], [0.0, 0.0, 0.0, 0.0, 0.0, 0.0, 0.0, 0.0, 0.0, 0.0, 0.0, 0.0, 0.0, 0.0, 0.0, 0.0]]}}
bs_latimer_munro_vbm: {'band_index': {'1': [57]}, 'kpoint_index': [212, 213, 224], 'kpoint': <pymatgen.electronic_structure.bandstructure.Kpoint object at 0x7fc5d4b59d30>, 'energy': 1.3453, 'projections': {'1': [[0.0, 0.0, 0.0, 0.0, 0.0, 0.0, 0.0038, 0.0038, 0.0, 0.0, 0.0, 0.0, 0.00030000000000000003, 0.00030000000000000003, 0.00030000000000000003, 0.00030000000000000003], [0.0, 0.0, 0.0, 0.0, 0.0, 0.0, 0.0, 0.0, 0.0, 0.0, 0.0, 0.0, 0.0609, 0.0609, 0.0609, 0.0609], [0.0, 0.0, 0.0, 0.0, 0.0, 0.0, 0.0, 0.0, 0.0, 0.0, 0.0, 0.0, 0.0005, 0.0005, 0.0005, 0.0005], [0.0, 0.0, 0.00030000000000000003, 0.00030000000000000003, 0.0006000000000000001, 0.0006000000000000001, 0.0, 0.0, 0.0006000000000000001, 0.0006000000000000001, 0.0366, 0.0366, 0.040400000000000005, 0.040400000000000005, 0.040400000000000005, 0.040400000000000005], [0.0005, 0.0005, 0.0002, 0.0002, 0.0, 0.0, 0.0026000000000000003, 0.0026000000000000003, 0.0, 0.0, 0.0, 0.0, 0.0, 0.0, 0.0, 0.0], [0.0, 0.0, 0.0, 0.0, 0.0, 0.0, 0.027200000000000002, 0.027200000000000002, 0.0, 0.0, 0.0, 0.0, 0.0, 0.0, 0.0, 0.0], [0.0, 0.0, 0.0, 0.0, 0.0, 0.0, 0.0188, 0.0188, 0.0, 0.0, 0.0, 0.0, 0.0, 0.0, 0.0, 0.0], [0.0, 0.0, 0.0, 0.0, 0.0, 0.0, 0.0241, 0.0241, 0.0, 0.0, 0.0, 0.0, 0.0, 0.0, 0.0, 0.0], [0.0, 0.0, 0.0, 0.0, 0.0, 0.0, 0.0005, 0.0005, 0.0, 0.0, 0.0, 0.0, 0.0, 0.0, 0.0, 0.0]]}}
bs_latimer_munro_efermi: 1.4784475