material_id: mp-983061
band_gap: 3.258099999999999
efermi: 1.84747478
dos_magnetic_ordering: NM
dos_total_task_id: mp-1669191
dos_total_band_gap: 3.2529
dos_total_cbm: 4.9324
dos_total_vbm: 1.6795
dos_total_efermi: 1.68731773
bs_setyawan_curtarolo_task_id: mp-1600102
bs_setyawan_curtarolo_band_gap: 3.258099999999999
bs_setyawan_curtarolo_cbm: {'band_index': {'1': [56]}, 'kpoint_index': [0, 43, 44], 'kpoint': <pymatgen.electronic_structure.bandstructure.Kpoint object at 0x7fc699d63930>, 'energy': 4.9273, 'projections': {'1': [[0.0135, 0.0135, 0.0611, 0.0611, 0.0611, 0.0611, 0.0132, 0.0132, 0.0132, 0.0132, 0.0132, 0.0132, 0.0132, 0.0132, 0.0132, 0.0132, 0.0132, 0.0132], [0.0, 0.0, 0.0, 0.0, 0.0, 0.0, 0.0, 0.0078000000000000005, 0.0078000000000000005, 0.0, 0.0078000000000000005, 0.0078000000000000005, 0.0078000000000000005, 0.0, 0.0078000000000000005, 0.0, 0.0078000000000000005, 0.0078000000000000005], [0.0, 0.0, 0.0, 0.0, 0.0, 0.0, 0.011300000000000001, 0.011300000000000001, 0.011300000000000001, 0.011300000000000001, 0.011300000000000001, 0.011300000000000001, 0.011300000000000001, 0.011300000000000001, 0.011300000000000001, 0.011300000000000001, 0.011300000000000001, 0.011300000000000001], [0.0, 0.0, 0.0, 0.0, 0.0, 0.0, 0.010400000000000001, 0.0026000000000000003, 0.0026000000000000003, 0.010400000000000001, 0.0026000000000000003, 0.0026000000000000003, 0.0026000000000000003, 0.010400000000000001, 0.0026000000000000003, 0.010400000000000001, 0.0026000000000000003, 0.0026000000000000003], [0.0, 0.0, 0.0, 0.0, 0.0, 0.0, 0.0, 0.0, 0.0, 0.0, 0.0, 0.0, 0.0, 0.0, 0.0, 0.0, 0.0, 0.0], [0.0, 0.0, 0.0, 0.0, 0.0, 0.0, 0.0, 0.0, 0.0, 0.0, 0.0, 0.0, 0.0, 0.0, 0.0, 0.0, 0.0, 0.0], [0.0001, 0.0001, 0.0016, 0.0016, 0.0016, 0.0016, 0.0, 0.0, 0.0, 0.0, 0.0, 0.0, 0.0, 0.0, 0.0, 0.0, 0.0, 0.0], [0.0, 0.0, 0.0, 0.0, 0.0, 0.0, 0.0, 0.0, 0.0, 0.0, 0.0, 0.0, 0.0, 0.0, 0.0, 0.0, 0.0, 0.0], [0.0, 0.0, 0.0, 0.0, 0.0, 0.0, 0.0, 0.0, 0.0, 0.0, 0.0, 0.0, 0.0, 0.0, 0.0, 0.0, 0.0, 0.0]]}}
bs_setyawan_curtarolo_vbm: {'band_index': {'1': [55]}, 'kpoint_index': ['34'], 'kpoint': <pymatgen.electronic_structure.bandstructure.Kpoint object at 0x7fc5d4b59c50>, 'energy': 1.6692, 'projections': {'1': [[0.0, 0.0, 0.0, 0.0, 0.0, 0.0, 0.0001, 0.0, 0.0, 0.0002, 0.0, 0.0, 0.0, 0.0002, 0.0, 0.0001, 0.0, 0.0], [0.0, 0.0, 0.0002, 0.0002, 0.0002, 0.0002, 0.0, 0.014400000000000001, 0.014400000000000001, 0.0, 0.014400000000000001, 0.014400000000000001, 0.014400000000000001, 0.0, 0.014400000000000001, 0.0, 0.014400000000000001, 0.014400000000000001], [0.0022, 0.0022, 0.0001, 0.0001, 0.0001, 0.0001, 0.013300000000000001, 0.0196, 0.0196, 0.013300000000000001, 0.0196, 0.0196, 0.0196, 0.013300000000000001, 0.0196, 0.013300000000000001, 0.0196, 0.0196], [0.0, 0.0, 0.0002, 0.0002, 0.0002, 0.0002, 0.0538, 0.0256, 0.0256, 0.0538, 0.0256, 0.0256, 0.0256, 0.0538, 0.0256, 0.0538, 0.0256, 0.0256], [0.0, 0.0, 0.0001, 0.0001, 0.0001, 0.0001, 0.0, 0.0, 0.0, 0.0, 0.0, 0.0, 0.0, 0.0, 0.0, 0.0, 0.0, 0.0], [0.0, 0.0, 0.0009000000000000001, 0.0009000000000000001, 0.0009000000000000001, 0.0009000000000000001, 0.0, 0.0, 0.0, 0.0, 0.0, 0.0, 0.0, 0.0, 0.0, 0.0, 0.0, 0.0], [0.0, 0.0, 0.0, 0.0, 0.0, 0.0, 0.0, 0.0, 0.0, 0.0, 0.0, 0.0, 0.0, 0.0, 0.0, 0.0, 0.0, 0.0], [0.0004, 0.0004, 0.0007, 0.0007, 0.0007, 0.0007, 0.0, 0.0, 0.0, 0.0, 0.0, 0.0, 0.0, 0.0, 0.0, 0.0, 0.0, 0.0], [0.0, 0.0, 0.0001, 0.0001, 0.0001, 0.0001, 0.0, 0.0, 0.0, 0.0, 0.0, 0.0, 0.0, 0.0, 0.0, 0.0, 0.0, 0.0]]}}
bs_setyawan_curtarolo_efermi: 1.84747478
bs_hinuma_task_id: mp-2181450
bs_hinuma_band_gap: 3.258099999999999
bs_hinuma_cbm: {'band_index': {'1': [56]}, 'kpoint_index': [0, 43, 44], 'kpoint': <pymatgen.electronic_structure.bandstructure.Kpoint object at 0x7fc5d4b59be0>, 'energy': 4.9273, 'projections': {'1': [[0.0135, 0.0135, 0.0611, 0.0611, 0.0611, 0.0611, 0.0132, 0.0132, 0.0132, 0.0132, 0.0132, 0.0132, 0.0132, 0.0132, 0.0132, 0.0132, 0.0132, 0.0132], [0.0, 0.0, 0.0, 0.0, 0.0, 0.0, 0.0, 0.0078000000000000005, 0.0078000000000000005, 0.0, 0.0078000000000000005, 0.0078000000000000005, 0.0078000000000000005, 0.0, 0.0078000000000000005, 0.0, 0.0078000000000000005, 0.0078000000000000005], [0.0, 0.0, 0.0, 0.0, 0.0, 0.0, 0.011300000000000001, 0.011300000000000001, 0.011300000000000001, 0.011300000000000001, 0.011300000000000001, 0.011300000000000001, 0.011300000000000001, 0.011300000000000001, 0.011300000000000001, 0.011300000000000001, 0.011300000000000001, 0.011300000000000001], [0.0, 0.0, 0.0, 0.0, 0.0, 0.0, 0.010400000000000001, 0.0026000000000000003, 0.0026000000000000003, 0.010400000000000001, 0.0026000000000000003, 0.0026000000000000003, 0.0026000000000000003, 0.010400000000000001, 0.0026000000000000003, 0.010400000000000001, 0.0026000000000000003, 0.0026000000000000003], [0.0, 0.0, 0.0, 0.0, 0.0, 0.0, 0.0, 0.0, 0.0, 0.0, 0.0, 0.0, 0.0, 0.0, 0.0, 0.0, 0.0, 0.0], [0.0, 0.0, 0.0, 0.0, 0.0, 0.0, 0.0, 0.0, 0.0, 0.0, 0.0, 0.0, 0.0, 0.0, 0.0, 0.0, 0.0, 0.0], [0.0001, 0.0001, 0.0016, 0.0016, 0.0016, 0.0016, 0.0, 0.0, 0.0, 0.0, 0.0, 0.0, 0.0, 0.0, 0.0, 0.0, 0.0, 0.0], [0.0, 0.0, 0.0, 0.0, 0.0, 0.0, 0.0, 0.0, 0.0, 0.0, 0.0, 0.0, 0.0, 0.0, 0.0, 0.0, 0.0, 0.0], [0.0, 0.0, 0.0, 0.0, 0.0, 0.0, 0.0, 0.0, 0.0, 0.0, 0.0, 0.0, 0.0, 0.0, 0.0, 0.0, 0.0, 0.0]]}}
bs_hinuma_vbm: {'band_index': {'1': [55]}, 'kpoint_index': ['34'], 'kpoint': <pymatgen.electronic_structure.bandstructure.Kpoint object at 0x7fc5d4b59e80>, 'energy': 1.6692, 'projections': {'1': [[0.0, 0.0, 0.0, 0.0, 0.0, 0.0, 0.0001, 0.0, 0.0, 0.0002, 0.0, 0.0, 0.0, 0.0002, 0.0, 0.0001, 0.0, 0.0], [0.0, 0.0, 0.0002, 0.0002, 0.0002, 0.0002, 0.0, 0.014400000000000001, 0.014400000000000001, 0.0, 0.014400000000000001, 0.014400000000000001, 0.014400000000000001, 0.0, 0.014400000000000001, 0.0, 0.014400000000000001, 0.014400000000000001], [0.0022, 0.0022, 0.0001, 0.0001, 0.0001, 0.0001, 0.013300000000000001, 0.0196, 0.0196, 0.013300000000000001, 0.0196, 0.0196, 0.0196, 0.013300000000000001, 0.0196, 0.013300000000000001, 0.0196, 0.0196], [0.0, 0.0, 0.0002, 0.0002, 0.0002, 0.0002, 0.0538, 0.0256, 0.0256, 0.0538, 0.0256, 0.0256, 0.0256, 0.0538, 0.0256, 0.0538, 0.0256, 0.0256], [0.0, 0.0, 0.0001, 0.0001, 0.0001, 0.0001, 0.0, 0.0, 0.0, 0.0, 0.0, 0.0, 0.0, 0.0, 0.0, 0.0, 0.0, 0.0], [0.0, 0.0, 0.0009000000000000001, 0.0009000000000000001, 0.0009000000000000001, 0.0009000000000000001, 0.0, 0.0, 0.0, 0.0, 0.0, 0.0, 0.0, 0.0, 0.0, 0.0, 0.0, 0.0], [0.0, 0.0, 0.0, 0.0, 0.0, 0.0, 0.0, 0.0, 0.0, 0.0, 0.0, 0.0, 0.0, 0.0, 0.0, 0.0, 0.0, 0.0], [0.0004, 0.0004, 0.0007, 0.0007, 0.0007, 0.0007, 0.0, 0.0, 0.0, 0.0, 0.0, 0.0, 0.0, 0.0, 0.0, 0.0, 0.0, 0.0], [0.0, 0.0, 0.0001, 0.0001, 0.0001, 0.0001, 0.0, 0.0, 0.0, 0.0, 0.0, 0.0, 0.0, 0.0, 0.0, 0.0, 0.0, 0.0]]}}
bs_hinuma_efermi: 1.84747478
bs_latimer_munro_task_id: mp-2428708
bs_latimer_munro_band_gap: 3.258099999999999
bs_latimer_munro_cbm: {'band_index': {'1': [56]}, 'kpoint_index': [26, 27, 123, 124, 131], 'kpoint': <pymatgen.electronic_structure.bandstructure.Kpoint object at 0x7fc5d4b5a350>, 'energy': 4.9273, 'projections': {'1': [[0.0134, 0.0135, 0.0611, 0.0611, 0.0611, 0.0611, 0.0132, 0.0132, 0.0132, 0.0132, 0.0132, 0.0132, 0.0132, 0.0132, 0.0132, 0.0132, 0.0132, 0.0132], [0.0, 0.0, 0.0, 0.0, 0.0, 0.0, 0.0, 0.0078000000000000005, 0.0078000000000000005, 0.0, 0.0078000000000000005, 0.0078000000000000005, 0.0078000000000000005, 0.0, 0.0078000000000000005, 0.0, 0.0078000000000000005, 0.0078000000000000005], [0.0, 0.0, 0.0, 0.0, 0.0, 0.0, 0.011300000000000001, 0.011300000000000001, 0.011300000000000001, 0.011300000000000001, 0.011300000000000001, 0.011300000000000001, 0.011300000000000001, 0.011300000000000001, 0.011300000000000001, 0.011300000000000001, 0.011300000000000001, 0.011300000000000001], [0.0, 0.0, 0.0, 0.0, 0.0, 0.0, 0.010400000000000001, 0.0026000000000000003, 0.0026000000000000003, 0.010400000000000001, 0.0026000000000000003, 0.0026000000000000003, 0.0026000000000000003, 0.010400000000000001, 0.0026000000000000003, 0.010400000000000001, 0.0026000000000000003, 0.0026000000000000003], [0.0, 0.0, 0.0, 0.0, 0.0, 0.0, 0.0, 0.0, 0.0, 0.0, 0.0, 0.0, 0.0, 0.0, 0.0, 0.0, 0.0, 0.0], [0.0, 0.0, 0.0, 0.0, 0.0, 0.0, 0.0, 0.0, 0.0, 0.0, 0.0, 0.0, 0.0, 0.0, 0.0, 0.0, 0.0, 0.0], [0.0001, 0.0001, 0.0016, 0.0016, 0.0016, 0.0016, 0.0, 0.0, 0.0, 0.0, 0.0, 0.0, 0.0, 0.0, 0.0, 0.0, 0.0, 0.0], [0.0, 0.0, 0.0, 0.0, 0.0, 0.0, 0.0, 0.0, 0.0, 0.0, 0.0, 0.0, 0.0, 0.0, 0.0, 0.0, 0.0, 0.0], [0.0, 0.0, 0.0, 0.0, 0.0, 0.0, 0.0, 0.0, 0.0, 0.0, 0.0, 0.0, 0.0, 0.0, 0.0, 0.0, 0.0, 0.0]]}}
bs_latimer_munro_vbm: {'band_index': {'1': [55]}, 'kpoint_index': ['114'], 'kpoint': <pymatgen.electronic_structure.bandstructure.Kpoint object at 0x7fc5d4b5a3c0>, 'energy': 1.6692, 'projections': {'1': [[0.0, 0.0, 0.0, 0.0, 0.0, 0.0, 0.0001, 0.0, 0.0, 0.0002, 0.0, 0.0, 0.0, 0.0002, 0.0, 0.0002, 0.0, 0.0], [0.0, 0.0, 0.0002, 0.0002, 0.0002, 0.0002, 0.0, 0.014400000000000001, 0.014400000000000001, 0.0, 0.014400000000000001, 0.014400000000000001, 0.014400000000000001, 0.0, 0.014400000000000001, 0.0, 0.014400000000000001, 0.014400000000000001], [0.0022, 0.0022, 0.0001, 0.0001, 0.0001, 0.0001, 0.013300000000000001, 0.0196, 0.0196, 0.013300000000000001, 0.0196, 0.0196, 0.0196, 0.013300000000000001, 0.0196, 0.013300000000000001, 0.0196, 0.0196], [0.0, 0.0, 0.0002, 0.0002, 0.0002, 0.0002, 0.0538, 0.0256, 0.0256, 0.0538, 0.0256, 0.0256, 0.0256, 0.0538, 0.0256, 0.0538, 0.0256, 0.0256], [0.0, 0.0, 0.0001, 0.0001, 0.0001, 0.0001, 0.0, 0.0, 0.0, 0.0, 0.0, 0.0, 0.0, 0.0, 0.0, 0.0, 0.0, 0.0], [0.0, 0.0, 0.0009000000000000001, 0.0009000000000000001, 0.0009000000000000001, 0.0009000000000000001, 0.0, 0.0, 0.0, 0.0, 0.0, 0.0, 0.0, 0.0, 0.0, 0.0, 0.0, 0.0], [0.0, 0.0, 0.0, 0.0, 0.0, 0.0, 0.0, 0.0, 0.0, 0.0, 0.0, 0.0, 0.0, 0.0, 0.0, 0.0, 0.0, 0.0], [0.0004, 0.0004, 0.0007, 0.0007, 0.0007, 0.0007, 0.0, 0.0, 0.0, 0.0, 0.0, 0.0, 0.0, 0.0, 0.0, 0.0, 0.0, 0.0], [0.0, 0.0, 0.0001, 0.0001, 0.0001, 0.0001, 0.0, 0.0, 0.0, 0.0, 0.0, 0.0, 0.0, 0.0, 0.0, 0.0, 0.0, 0.0]]}}
bs_latimer_munro_efermi: 1.84269069