material_id: mp-992141
band_gap: 0.8589
efermi: 0.84287889
dos_magnetic_ordering: NM
dos_total_task_id: mp-1739401
dos_total_band_gap: 1.1446
dos_total_cbm: 1.7859
dos_total_vbm: 0.6413
dos_total_efermi: 0.63276009
bs_setyawan_curtarolo_task_id: mp-992679
bs_setyawan_curtarolo_band_gap: 0.8589
bs_setyawan_curtarolo_cbm: {'band_index': {'1': [37]}, 'kpoint_index': [48, 49, 70, 71], 'kpoint': <pymatgen.electronic_structure.bandstructure.Kpoint object at 0x7fc699d63930>, 'energy': 1.6472, 'projections': {'1': [[0.0, 0.0, 0.0, 0.0131, 0.0034000000000000002, 0.0034000000000000002, 0.0034000000000000002, 0.0034000000000000002, 0.0034000000000000002, 0.0034000000000000002], [0.0001, 0.0001, 0.1053, 0.0, 0.0021000000000000003, 0.0021000000000000003, 0.0021000000000000003, 0.054, 0.054, 0.0021000000000000003], [0.0001, 0.0001, 0.1053, 0.0, 0.0021000000000000003, 0.054, 0.054, 0.0021000000000000003, 0.0021000000000000003, 0.0021000000000000003], [0.0001, 0.0001, 0.1053, 0.0, 0.054, 0.0021000000000000003, 0.0021000000000000003, 0.0021000000000000003, 0.0021000000000000003, 0.054], [0.0002, 0.0002, 0.0, 0.0, 0.0, 0.0, 0.0, 0.0, 0.0, 0.0], [0.0002, 0.0002, 0.0, 0.0, 0.0, 0.0, 0.0, 0.0, 0.0, 0.0], [0.0, 0.0, 0.0, 0.0, 0.0, 0.0, 0.0, 0.0, 0.0, 0.0], [0.0002, 0.0002, 0.0, 0.0, 0.0, 0.0, 0.0, 0.0, 0.0, 0.0], [0.0, 0.0, 0.0, 0.0, 0.0, 0.0, 0.0, 0.0, 0.0, 0.0]]}}
bs_setyawan_curtarolo_vbm: {'band_index': {'1': [36]}, 'kpoint_index': [48, 49, 70, 71], 'kpoint': <pymatgen.electronic_structure.bandstructure.Kpoint object at 0x7fc5d4b5a190>, 'energy': 0.7883, 'projections': {'1': [[0.0, 0.0, 0.033600000000000005, 0.0, 0.0008, 0.0008, 0.0008, 0.0008, 0.0008, 0.0008], [0.0, 0.0, 0.0, 0.13820000000000002, 0.00030000000000000003, 0.00030000000000000003, 0.00030000000000000003, 0.0443, 0.0443, 0.00030000000000000003], [0.0, 0.0, 0.0, 0.13820000000000002, 0.00030000000000000003, 0.0443, 0.0443, 0.00030000000000000003, 0.00030000000000000003, 0.00030000000000000003], [0.0, 0.0, 0.0, 0.13820000000000002, 0.0443, 0.00030000000000000003, 0.00030000000000000003, 0.00030000000000000003, 0.00030000000000000003, 0.0443], [0.0, 0.0, 0.0001, 0.0, 0.0, 0.0, 0.0, 0.0, 0.0, 0.0], [0.0, 0.0, 0.0001, 0.0, 0.0, 0.0, 0.0, 0.0, 0.0, 0.0], [0.0, 0.0, 0.0, 0.0, 0.0, 0.0, 0.0, 0.0, 0.0, 0.0], [0.0, 0.0, 0.0001, 0.0, 0.0, 0.0, 0.0, 0.0, 0.0, 0.0], [0.0, 0.0, 0.0, 0.0, 0.0, 0.0, 0.0, 0.0, 0.0, 0.0]]}}
bs_setyawan_curtarolo_efermi: 0.84287889