material_id: mp-989635
band_gap: 0.872599999999999
efermi: 4.15820118
dos_magnetic_ordering: NM
dos_total_task_id: mp-1753248
dos_total_band_gap: 0.8883999999999991
dos_total_cbm: 4.922
dos_total_vbm: 4.0336
dos_total_efermi: 4.04148587
bs_setyawan_curtarolo_task_id: mp-1637233
bs_setyawan_curtarolo_band_gap: 0.872599999999999
bs_setyawan_curtarolo_cbm: {'band_index': {'1': [37]}, 'kpoint_index': ['103'], 'kpoint': <pymatgen.electronic_structure.bandstructure.Kpoint object at 0x7fc699d63930>, 'energy': 4.9277, 'projections': {'1': [[0.0, 0.0, 0.0002, 0.0002, 0.0, 0.0001, 0.00030000000000000003, 0.00030000000000000003, 0.0, 0.0001], [0.0, 0.0, 0.0035, 0.0035, 0.004200000000000001, 0.0082, 0.0077, 0.0077, 0.004200000000000001, 0.0082], [0.0004, 0.0004, 0.0015, 0.0015, 0.0, 0.0059, 0.0, 0.0, 0.0, 0.0059], [0.0001, 0.0001, 0.0002, 0.0002, 0.0002, 0.0002, 0.0227, 0.0227, 0.0002, 0.0002], [0.0005, 0.0005, 0.32380000000000003, 0.32380000000000003, 0.0, 0.0, 0.0, 0.0, 0.0, 0.0], [0.0001, 0.0001, 0.0229, 0.0229, 0.0, 0.0, 0.0, 0.0, 0.0, 0.0], [0.0012000000000000001, 0.0012000000000000001, 0.0006000000000000001, 0.0006000000000000001, 0.0, 0.0, 0.0, 0.0, 0.0, 0.0], [0.0015, 0.0015, 0.010100000000000001, 0.010100000000000001, 0.0, 0.0, 0.0, 0.0, 0.0, 0.0], [0.0051, 0.0051, 0.0005, 0.0005, 0.0, 0.0, 0.0, 0.0, 0.0, 0.0]]}}
bs_setyawan_curtarolo_vbm: {'band_index': {'1': [36]}, 'kpoint_index': [128], 'kpoint': <pymatgen.electronic_structure.bandstructure.Kpoint object at 0x7fc5d4b5a350>, 'energy': 4.0551, 'projections': {'1': [[0.0004, 0.0004, 0.0035, 0.0035, 0.0002, 0.0, 0.0005, 0.0005, 0.0002, 0.0], [0.0023, 0.0023, 0.0195, 0.0195, 0.0223, 0.0379, 0.0981, 0.0981, 0.0223, 0.0379], [0.0005, 0.0005, 0.0015, 0.0015, 0.0131, 0.0004, 0.0142, 0.0142, 0.0131, 0.0004], [0.0023, 0.0023, 0.0002, 0.0002, 0.0016, 0.0014, 0.0449, 0.0449, 0.0016, 0.0014], [0.0002, 0.0002, 0.0244, 0.0244, 0.0, 0.0, 0.0, 0.0, 0.0, 0.0], [0.0011, 0.0011, 0.027700000000000002, 0.027700000000000002, 0.0, 0.0, 0.0, 0.0, 0.0, 0.0], [0.0006000000000000001, 0.0006000000000000001, 0.0218, 0.0218, 0.0, 0.0, 0.0, 0.0, 0.0, 0.0], [0.0083, 0.0083, 0.0031000000000000003, 0.0031000000000000003, 0.0, 0.0, 0.0, 0.0, 0.0, 0.0], [0.0015, 0.0015, 0.0004, 0.0004, 0.0, 0.0, 0.0, 0.0, 0.0, 0.0]]}}
bs_setyawan_curtarolo_efermi: 4.15820118
bs_latimer_munro_task_id: mp-2307702
bs_latimer_munro_band_gap: 0.872599999999999
bs_latimer_munro_cbm: {'band_index': {'1': [37]}, 'kpoint_index': ['164'], 'kpoint': <pymatgen.electronic_structure.bandstructure.Kpoint object at 0x7fc5d4b59be0>, 'energy': 4.9277, 'projections': {'1': [[0.0, 0.0, 0.0002, 0.0002, 0.0, 0.0001, 0.00030000000000000003, 0.00030000000000000003, 0.0, 0.0001], [0.0, 0.0, 0.0035, 0.0035, 0.004200000000000001, 0.0082, 0.0077, 0.0077, 0.004200000000000001, 0.0082], [0.0004, 0.0004, 0.0015, 0.0015, 0.0, 0.0059, 0.0, 0.0, 0.0, 0.0059], [0.0001, 0.0001, 0.0002, 0.0002, 0.0002, 0.0002, 0.0227, 0.0227, 0.0002, 0.0002], [0.0005, 0.0005, 0.32380000000000003, 0.32380000000000003, 0.0, 0.0, 0.0, 0.0, 0.0, 0.0], [0.0001, 0.0001, 0.0229, 0.0229, 0.0, 0.0, 0.0, 0.0, 0.0, 0.0], [0.0012000000000000001, 0.0012000000000000001, 0.0006000000000000001, 0.0006000000000000001, 0.0, 0.0, 0.0, 0.0, 0.0, 0.0], [0.0015, 0.0015, 0.010100000000000001, 0.010100000000000001, 0.0, 0.0, 0.0, 0.0, 0.0, 0.0], [0.0051, 0.0051, 0.0005, 0.0005, 0.0, 0.0, 0.0, 0.0, 0.0, 0.0]]}}
bs_latimer_munro_vbm: {'band_index': {'1': [36]}, 'kpoint_index': [217], 'kpoint': <pymatgen.electronic_structure.bandstructure.Kpoint object at 0x7fc5d4b59d30>, 'energy': 4.0551, 'projections': {'1': [[0.0004, 0.0004, 0.0035, 0.0035, 0.0002, 0.0, 0.0005, 0.0005, 0.0002, 0.0], [0.0023, 0.0023, 0.0195, 0.0195, 0.0223, 0.0379, 0.0981, 0.0981, 0.0223, 0.0379], [0.0005, 0.0005, 0.0015, 0.0015, 0.0131, 0.0004, 0.0142, 0.0142, 0.0131, 0.0004], [0.0023, 0.0023, 0.0002, 0.0002, 0.0016, 0.0014, 0.0449, 0.0449, 0.0016, 0.0014], [0.0002, 0.0002, 0.0244, 0.0244, 0.0, 0.0, 0.0, 0.0, 0.0, 0.0], [0.0011, 0.0011, 0.027700000000000002, 0.027700000000000002, 0.0, 0.0, 0.0, 0.0, 0.0, 0.0], [0.0006000000000000001, 0.0006000000000000001, 0.0218, 0.0218, 0.0, 0.0, 0.0, 0.0, 0.0, 0.0], [0.0083, 0.0083, 0.0031000000000000003, 0.0031000000000000003, 0.0, 0.0, 0.0, 0.0, 0.0, 0.0], [0.0015, 0.0015, 0.0004, 0.0004, 0.0, 0.0, 0.0, 0.0, 0.0, 0.0]]}}
bs_latimer_munro_efermi: 4.17512904