material_id: mp-989570
band_gap: 3.6131
efermi: 0.55588844
dos_magnetic_ordering: NM
dos_total_task_id: mp-1739174
dos_total_band_gap: 3.6679
dos_total_cbm: 4.1177
dos_total_vbm: 0.44980000000000003
dos_total_efermi: 0.43560325
bs_setyawan_curtarolo_task_id: mp-989974
bs_setyawan_curtarolo_band_gap: 3.6131
bs_setyawan_curtarolo_cbm: {'band_index': {'1': [42]}, 'kpoint_index': [48, 49, 70, 71], 'kpoint': <pymatgen.electronic_structure.bandstructure.Kpoint object at 0x7fc699d63930>, 'energy': 4.0848, 'projections': {'1': [[0.0006000000000000001, 0.0006000000000000001, 0.0284, 0.0, 0.0092, 0.0092, 0.0092, 0.0092, 0.0092, 0.0092], [0.0005, 0.0005, 0.0, 0.1033, 0.001, 0.001, 0.001, 0.0048000000000000004, 0.0048000000000000004, 0.001], [0.0005, 0.0005, 0.0, 0.1033, 0.001, 0.0048000000000000004, 0.0048000000000000004, 0.001, 0.001, 0.001], [0.0005, 0.0005, 0.0, 0.1033, 0.0048000000000000004, 0.001, 0.001, 0.001, 0.001, 0.0048000000000000004], [0.0002, 0.0002, 0.010100000000000001, 0.0, 0.0, 0.0, 0.0, 0.0, 0.0, 0.0], [0.0002, 0.0002, 0.010100000000000001, 0.0, 0.0, 0.0, 0.0, 0.0, 0.0, 0.0], [0.0, 0.0, 0.0, 0.0, 0.0, 0.0, 0.0, 0.0, 0.0, 0.0], [0.0002, 0.0002, 0.010100000000000001, 0.0, 0.0, 0.0, 0.0, 0.0, 0.0, 0.0], [0.0, 0.0, 0.0, 0.0, 0.0, 0.0, 0.0, 0.0, 0.0, 0.0]]}}
bs_setyawan_curtarolo_vbm: {'band_index': {'1': [41]}, 'kpoint_index': [48, 49, 70, 71], 'kpoint': <pymatgen.electronic_structure.bandstructure.Kpoint object at 0x7fc5d4b5a190>, 'energy': 0.4717, 'projections': {'1': [[0.0, 0.0, 0.0, 0.25570000000000004, 0.0017000000000000001, 0.0017000000000000001, 0.0017000000000000001, 0.0017000000000000001, 0.0017000000000000001, 0.0017000000000000001], [0.0, 0.0, 0.0045000000000000005, 0.0, 0.0012000000000000001, 0.0012000000000000001, 0.0012000000000000001, 0.0792, 0.0792, 0.0012000000000000001], [0.0, 0.0, 0.0045000000000000005, 0.0, 0.0012000000000000001, 0.0792, 0.0792, 0.0012000000000000001, 0.0012000000000000001, 0.0012000000000000001], [0.0, 0.0, 0.0045000000000000005, 0.0, 0.0792, 0.0012000000000000001, 0.0012000000000000001, 0.0012000000000000001, 0.0012000000000000001, 0.0792], [0.0, 0.0, 0.0, 0.0001, 0.0, 0.0, 0.0, 0.0, 0.0, 0.0], [0.0, 0.0, 0.0, 0.0001, 0.0, 0.0, 0.0, 0.0, 0.0, 0.0], [0.0, 0.0, 0.0, 0.0, 0.0, 0.0, 0.0, 0.0, 0.0, 0.0], [0.0, 0.0, 0.0, 0.0001, 0.0, 0.0, 0.0, 0.0, 0.0, 0.0], [0.0, 0.0, 0.0, 0.0, 0.0, 0.0, 0.0, 0.0, 0.0, 0.0]]}}
bs_setyawan_curtarolo_efermi: 0.55588844