material_id: mp-9824
band_gap: 1.315
efermi: 1.814991679999999
dos_magnetic_ordering: NM
dos_total_task_id: mp-1675625
dos_total_band_gap: 1.3468
dos_total_cbm: 3.097
dos_total_vbm: 1.7502
dos_total_efermi: 1.75078317
bs_setyawan_curtarolo_task_id: mp-1612649
bs_setyawan_curtarolo_band_gap: 1.315
bs_setyawan_curtarolo_cbm: {'band_index': {'1': [72, 73]}, 'kpoint_index': [11, 12, 72], 'kpoint': <pymatgen.electronic_structure.bandstructure.Kpoint object at 0x7fc699d63930>, 'energy': 3.0654, 'projections': {'1': [[0.00030000000000000003, 0.00030000000000000003, 0.0018000000000000002, 0.0018000000000000002, 0.0001, 0.0001, 0.0007, 0.0008, 0.0, 0.0, 0.0, 0.0, 0.0, 0.0001, 0.0, 0.0001, 0.0001, 0.0001, 0.0, 0.0], [0.0005, 0.0005, 0.0001, 0.0001, 0.0009000000000000001, 0.0009000000000000001, 0.0001, 0.0001, 0.0004, 0.0011, 0.0005, 0.0011, 0.0006000000000000001, 0.0012000000000000001, 0.0006000000000000001, 0.0012000000000000001, 0.0002, 0.0002, 0.0013000000000000002, 0.0013000000000000002], [0.0, 0.0, 0.0, 0.0, 0.0, 0.0, 0.0, 0.0, 0.0001, 0.0001, 0.0001, 0.0001, 0.0004, 0.0005, 0.0004, 0.0005, 0.0, 0.0, 0.0001, 0.0001], [0.0, 0.0, 0.0, 0.0, 0.0, 0.0, 0.0, 0.0, 0.0028, 0.0029000000000000002, 0.0028, 0.0029000000000000002, 0.0004, 0.0006000000000000001, 0.0004, 0.0006000000000000001, 0.0001, 0.0001, 0.0, 0.0], [0.0053, 0.0053, 0.0313, 0.0313, 0.0112, 0.0112, 0.06620000000000001, 0.06620000000000001, 0.0031000000000000003, 0.0027, 0.0031000000000000003, 0.0027, 0.0007, 0.0004, 0.0007, 0.0004, 0.00030000000000000003, 0.00030000000000000003, 0.0017000000000000001, 0.0017000000000000001], [0.0751, 0.0751, 0.012700000000000001, 0.012700000000000001, 0.04, 0.04, 0.0067, 0.0067, 0.0005, 0.0002, 0.0005, 0.0002, 0.002, 0.0017000000000000001, 0.002, 0.0017000000000000001, 0.0037, 0.0037, 0.0006000000000000001, 0.0006000000000000001], [0.00030000000000000003, 0.00030000000000000003, 0.0017000000000000001, 0.0017000000000000001, 0.0, 0.0, 0.0001, 0.0001, 0.0, 0.0, 0.0, 0.0, 0.0, 0.0, 0.0, 0.0, 0.0, 0.0, 0.0, 0.0], [0.007, 0.007, 0.0012000000000000001, 0.0012000000000000001, 0.0002, 0.0002, 0.0, 0.0, 0.0001, 0.0001, 0.0001, 0.0001, 0.0, 0.0, 0.0, 0.0, 0.0, 0.0, 0.0, 0.0], [0.0, 0.0, 0.0, 0.0, 0.0001, 0.0001, 0.0005, 0.0005, 0.0, 0.0, 0.0, 0.0, 0.0, 0.0, 0.0, 0.0, 0.0, 0.0, 0.0, 0.0]]}}
bs_setyawan_curtarolo_vbm: {'band_index': {'1': [70, 71]}, 'kpoint_index': [0, 37, 38, 106], 'kpoint': <pymatgen.electronic_structure.bandstructure.Kpoint object at 0x7fc5d4b59be0>, 'energy': 1.7504, 'projections': {'1': [[0.0, 0.0, 0.0, 0.0, 0.0, 0.0, 0.0, 0.0, 0.0, 0.0, 0.0, 0.0, 0.0, 0.0, 0.0, 0.0, 0.0, 0.0, 0.0, 0.0], [0.0056, 0.0056, 0.0056, 0.0056, 0.0078000000000000005, 0.0078000000000000005, 0.0078000000000000005, 0.0078000000000000005, 0.0485, 0.0485, 0.048600000000000004, 0.048600000000000004, 0.0485, 0.0485, 0.048600000000000004, 0.048600000000000004, 0.0488, 0.0489, 0.0488, 0.0488], [0.0, 0.0, 0.0, 0.0, 0.0, 0.0, 0.0, 0.0, 0.0, 0.0, 0.0, 0.0, 0.0, 0.0, 0.0, 0.0, 0.0002, 0.00030000000000000003, 0.0002, 0.00030000000000000003], [0.0002, 0.0002, 0.0002, 0.0002, 0.0, 0.0, 0.0, 0.0, 0.0001, 0.0001, 0.0001, 0.0001, 0.0, 0.0001, 0.0001, 0.0001, 0.0, 0.0, 0.0, 0.0], [0.0, 0.0, 0.0, 0.0, 0.0, 0.0, 0.0, 0.0, 0.0, 0.0, 0.0, 0.0, 0.0, 0.0, 0.0, 0.0, 0.0, 0.0, 0.0, 0.0], [0.0001, 0.0001, 0.0001, 0.0001, 0.00030000000000000003, 0.00030000000000000003, 0.00030000000000000003, 0.00030000000000000003, 0.0, 0.0, 0.0, 0.0, 0.0, 0.0, 0.0, 0.0, 0.0, 0.0, 0.0, 0.0], [0.0, 0.0, 0.0, 0.0, 0.0, 0.0, 0.0, 0.0, 0.0, 0.0, 0.0, 0.0, 0.0, 0.0, 0.0, 0.0, 0.0, 0.0, 0.0, 0.0], [0.0001, 0.0001, 0.0001, 0.0001, 0.00030000000000000003, 0.00030000000000000003, 0.00030000000000000003, 0.00030000000000000003, 0.0, 0.0, 0.0, 0.0, 0.0, 0.0, 0.0, 0.0, 0.0, 0.0, 0.0, 0.0], [0.0, 0.0, 0.0, 0.0, 0.0, 0.0, 0.0, 0.0, 0.0, 0.0, 0.0, 0.0, 0.0, 0.0, 0.0, 0.0, 0.0, 0.0, 0.0, 0.0]]}}
bs_setyawan_curtarolo_efermi: 1.814991679999999
bs_hinuma_task_id: mp-2172682
bs_hinuma_band_gap: 1.315
bs_hinuma_cbm: {'band_index': {'1': [72, 73]}, 'kpoint_index': [11, 12, 56], 'kpoint': <pymatgen.electronic_structure.bandstructure.Kpoint object at 0x7fc5d4b5a350>, 'energy': 3.0654, 'projections': {'1': [[0.00030000000000000003, 0.00030000000000000003, 0.0018000000000000002, 0.0018000000000000002, 0.0001, 0.0001, 0.0007, 0.0008, 0.0, 0.0, 0.0, 0.0, 0.0, 0.0001, 0.0, 0.0001, 0.0001, 0.0001, 0.0, 0.0], [0.0005, 0.0005, 0.0001, 0.0001, 0.0009000000000000001, 0.0009000000000000001, 0.0001, 0.0001, 0.0004, 0.0011, 0.0005, 0.0011, 0.0006000000000000001, 0.0012000000000000001, 0.0006000000000000001, 0.0012000000000000001, 0.0002, 0.0002, 0.0013000000000000002, 0.0013000000000000002], [0.0, 0.0, 0.0, 0.0, 0.0, 0.0, 0.0, 0.0, 0.0001, 0.0001, 0.0001, 0.0001, 0.0004, 0.0005, 0.0004, 0.0005, 0.0, 0.0, 0.0001, 0.0001], [0.0, 0.0, 0.0, 0.0, 0.0, 0.0, 0.0, 0.0, 0.0028, 0.0029000000000000002, 0.0028, 0.0029000000000000002, 0.0004, 0.0006000000000000001, 0.0004, 0.0006000000000000001, 0.0001, 0.0001, 0.0, 0.0], [0.0053, 0.0053, 0.0313, 0.0313, 0.0112, 0.0112, 0.06620000000000001, 0.06620000000000001, 0.0031000000000000003, 0.0027, 0.0031000000000000003, 0.0027, 0.0007, 0.0004, 0.0007, 0.0004, 0.00030000000000000003, 0.00030000000000000003, 0.0017000000000000001, 0.0017000000000000001], [0.0751, 0.0751, 0.012700000000000001, 0.012700000000000001, 0.04, 0.04, 0.0067, 0.0067, 0.0005, 0.0002, 0.0005, 0.0002, 0.002, 0.0017000000000000001, 0.002, 0.0017000000000000001, 0.0037, 0.0037, 0.0006000000000000001, 0.0006000000000000001], [0.00030000000000000003, 0.00030000000000000003, 0.0017000000000000001, 0.0017000000000000001, 0.0, 0.0, 0.0001, 0.0001, 0.0, 0.0, 0.0, 0.0, 0.0, 0.0, 0.0, 0.0, 0.0, 0.0, 0.0, 0.0], [0.007, 0.007, 0.0012000000000000001, 0.0012000000000000001, 0.0002, 0.0002, 0.0, 0.0, 0.0001, 0.0001, 0.0001, 0.0001, 0.0, 0.0, 0.0, 0.0, 0.0, 0.0, 0.0, 0.0], [0.0, 0.0, 0.0, 0.0, 0.0001, 0.0001, 0.0005, 0.0005, 0.0, 0.0, 0.0, 0.0, 0.0, 0.0, 0.0, 0.0, 0.0, 0.0, 0.0, 0.0]]}}
bs_hinuma_vbm: {'band_index': {'1': [70, 71]}, 'kpoint_index': [0, 37, 38, 74], 'kpoint': <pymatgen.electronic_structure.bandstructure.Kpoint object at 0x7fc5d4b59e80>, 'energy': 1.7504, 'projections': {'1': [[0.0, 0.0, 0.0, 0.0, 0.0, 0.0, 0.0, 0.0, 0.0, 0.0, 0.0, 0.0, 0.0, 0.0, 0.0, 0.0, 0.0, 0.0, 0.0, 0.0], [0.0056, 0.0056, 0.0056, 0.0056, 0.0078000000000000005, 0.0078000000000000005, 0.0078000000000000005, 0.0078000000000000005, 0.0485, 0.0485, 0.048600000000000004, 0.048600000000000004, 0.0485, 0.0485, 0.048600000000000004, 0.048600000000000004, 0.0488, 0.0489, 0.0488, 0.0488], [0.0, 0.0, 0.0, 0.0, 0.0, 0.0, 0.0, 0.0, 0.0, 0.0, 0.0, 0.0, 0.0, 0.0, 0.0, 0.0, 0.0002, 0.00030000000000000003, 0.0002, 0.00030000000000000003], [0.0002, 0.0002, 0.0002, 0.0002, 0.0, 0.0, 0.0, 0.0, 0.0001, 0.0001, 0.0001, 0.0001, 0.0, 0.0001, 0.0001, 0.0001, 0.0, 0.0, 0.0, 0.0], [0.0, 0.0, 0.0, 0.0, 0.0, 0.0, 0.0, 0.0, 0.0, 0.0, 0.0, 0.0, 0.0, 0.0, 0.0, 0.0, 0.0, 0.0, 0.0, 0.0], [0.0001, 0.0001, 0.0001, 0.0001, 0.00030000000000000003, 0.00030000000000000003, 0.00030000000000000003, 0.00030000000000000003, 0.0, 0.0, 0.0, 0.0, 0.0, 0.0, 0.0, 0.0, 0.0, 0.0, 0.0, 0.0], [0.0, 0.0, 0.0, 0.0, 0.0, 0.0, 0.0, 0.0, 0.0, 0.0, 0.0, 0.0, 0.0, 0.0, 0.0, 0.0, 0.0, 0.0, 0.0, 0.0], [0.0001, 0.0001, 0.0001, 0.0001, 0.00030000000000000003, 0.00030000000000000003, 0.00030000000000000003, 0.00030000000000000003, 0.0, 0.0, 0.0, 0.0, 0.0, 0.0, 0.0, 0.0, 0.0, 0.0, 0.0, 0.0], [0.0, 0.0, 0.0, 0.0, 0.0, 0.0, 0.0, 0.0, 0.0, 0.0, 0.0, 0.0, 0.0, 0.0, 0.0, 0.0, 0.0, 0.0, 0.0, 0.0]]}}
bs_hinuma_efermi: 1.80724204
bs_latimer_munro_task_id: mp-2439041
bs_latimer_munro_band_gap: 1.315
bs_latimer_munro_cbm: {'band_index': {'1': [72, 73]}, 'kpoint_index': [86, 87, 93, 137, 138], 'kpoint': <pymatgen.electronic_structure.bandstructure.Kpoint object at 0x7fc5d4b5a200>, 'energy': 3.0654, 'projections': {'1': [[0.0002, 0.0002, 0.0019, 0.0019, 0.0001, 0.0001, 0.0008, 0.0008, 0.0, 0.0, 0.0, 0.0, 0.0, 0.0, 0.0, 0.0, 0.0001, 0.0001, 0.0, 0.0], [0.0005, 0.0005, 0.0, 0.0, 0.001, 0.001, 0.0001, 0.0001, 0.0008, 0.0008, 0.0008, 0.0008, 0.0009000000000000001, 0.0009000000000000001, 0.0009000000000000001, 0.0009000000000000001, 0.0001, 0.0001, 0.0014, 0.0014], [0.0, 0.0, 0.0, 0.0, 0.0, 0.0, 0.0, 0.0, 0.0, 0.0, 0.0, 0.0, 0.0005, 0.0005, 0.0005, 0.0005, 0.0, 0.0, 0.0001, 0.0001], [0.0, 0.0, 0.0, 0.0, 0.0, 0.0, 0.0, 0.0, 0.0031000000000000003, 0.0031000000000000003, 0.0031000000000000003, 0.0031000000000000003, 0.00030000000000000003, 0.00030000000000000003, 0.00030000000000000003, 0.00030000000000000003, 0.0001, 0.0001, 0.0, 0.0], [0.0029000000000000002, 0.0029000000000000002, 0.033800000000000004, 0.033800000000000004, 0.006, 0.006, 0.0713, 0.0713, 0.0031000000000000003, 0.0031000000000000003, 0.0031000000000000003, 0.0031000000000000003, 0.00030000000000000003, 0.00030000000000000003, 0.00030000000000000003, 0.00030000000000000003, 0.0002, 0.0002, 0.0018000000000000002, 0.0018000000000000002], [0.0809, 0.0809, 0.0068000000000000005, 0.0068000000000000005, 0.0431, 0.0431, 0.0036000000000000003, 0.0036000000000000003, 0.0002, 0.0002, 0.0002, 0.0002, 0.002, 0.002, 0.002, 0.002, 0.004, 0.004, 0.00030000000000000003, 0.00030000000000000003], [0.0002, 0.0002, 0.0018000000000000002, 0.0018000000000000002, 0.0, 0.0, 0.0001, 0.0001, 0.0, 0.0, 0.0, 0.0, 0.0, 0.0, 0.0, 0.0, 0.0, 0.0, 0.0, 0.0], [0.007500000000000001, 0.007500000000000001, 0.0006000000000000001, 0.0006000000000000001, 0.0002, 0.0002, 0.0, 0.0, 0.0001, 0.0001, 0.0001, 0.0001, 0.0, 0.0, 0.0, 0.0, 0.0, 0.0, 0.0, 0.0], [0.0, 0.0, 0.0, 0.0, 0.0, 0.0, 0.0006000000000000001, 0.0006000000000000001, 0.0, 0.0, 0.0, 0.0, 0.0, 0.0, 0.0, 0.0, 0.0, 0.0, 0.0, 0.0]]}}
bs_latimer_munro_vbm: {'band_index': {'1': [70, 71]}, 'kpoint_index': [41, 42, 111, 112, 149, 150, 164, 176, 189], 'kpoint': <pymatgen.electronic_structure.bandstructure.Kpoint object at 0x7fc5d4b5a430>, 'energy': 1.7504, 'projections': {'1': [[0.0, 0.0, 0.0, 0.0, 0.0, 0.0, 0.0, 0.0, 0.0, 0.0, 0.0, 0.0, 0.0, 0.0, 0.0, 0.0, 0.0, 0.0, 0.0, 0.0], [0.0056, 0.0056, 0.0056, 0.0056, 0.0079, 0.0078000000000000005, 0.0078000000000000005, 0.0078000000000000005, 0.0485, 0.048600000000000004, 0.048600000000000004, 0.048600000000000004, 0.0485, 0.0485, 0.0485, 0.048600000000000004, 0.0488, 0.0488, 0.0488, 0.0488], [0.0, 0.0, 0.0, 0.0, 0.0, 0.0, 0.0, 0.0, 0.0, 0.0, 0.0, 0.0, 0.0, 0.0, 0.0, 0.0, 0.00030000000000000003, 0.00030000000000000003, 0.00030000000000000003, 0.00030000000000000003], [0.0002, 0.0002, 0.0002, 0.0002, 0.0, 0.0, 0.0, 0.0, 0.0, 0.0001, 0.0001, 0.0, 0.0, 0.0001, 0.0001, 0.0001, 0.0, 0.0, 0.0, 0.0], [0.0, 0.0, 0.0, 0.0, 0.0, 0.0, 0.0, 0.0, 0.0, 0.0, 0.0, 0.0, 0.0, 0.0, 0.0, 0.0, 0.0, 0.0, 0.0, 0.0], [0.0001, 0.0001, 0.0001, 0.0001, 0.00030000000000000003, 0.00030000000000000003, 0.00030000000000000003, 0.00030000000000000003, 0.0, 0.0, 0.0, 0.0, 0.0, 0.0, 0.0, 0.0, 0.0, 0.0, 0.0, 0.0], [0.0, 0.0, 0.0, 0.0, 0.0, 0.0, 0.0, 0.0, 0.0, 0.0, 0.0, 0.0, 0.0, 0.0, 0.0, 0.0, 0.0, 0.0, 0.0, 0.0], [0.0001, 0.0001, 0.0001, 0.0001, 0.00030000000000000003, 0.00030000000000000003, 0.00030000000000000003, 0.00030000000000000003, 0.0, 0.0, 0.0, 0.0, 0.0, 0.0, 0.0, 0.0, 0.0, 0.0, 0.0, 0.0], [0.0, 0.0, 0.0, 0.0, 0.0, 0.0, 0.0, 0.0, 0.0, 0.0, 0.0, 0.0, 0.0, 0.0, 0.0, 0.0, 0.0, 0.0, 0.0, 0.0]]}}
bs_latimer_munro_efermi: 1.79806976