material_id: mp-9634
band_gap: 2.1755
efermi: 0.53993639
dos_magnetic_ordering: NM
dos_total_task_id: mp-1673768
dos_total_band_gap: 2.361399999999999
dos_total_cbm: 2.8251
dos_total_vbm: 0.4637
dos_total_efermi: 0.46614923
bs_setyawan_curtarolo_task_id: mp-708250
bs_setyawan_curtarolo_band_gap: 2.1755
bs_setyawan_curtarolo_cbm: {'band_index': {'1': [44]}, 'kpoint_index': [0, 69, 70], 'kpoint': <pymatgen.electronic_structure.bandstructure.Kpoint object at 0x7fc699d63930>, 'energy': 2.6789, 'projections': {'1': [[0.0109, 0.0109, 0.0164, 0.0164, 0.0164, 0.0164, 0.0152, 0.0152, 0.0316, 0.0316, 0.0316, 0.0316], [0.0, 0.0, 0.0, 0.0, 0.0, 0.0, 0.0, 0.0, 0.0, 0.0, 0.0, 0.0], [0.0, 0.0, 0.0005, 0.0005, 0.0005, 0.0005, 0.0, 0.0, 0.003, 0.003, 0.003, 0.003], [0.0, 0.0, 0.0, 0.0, 0.0, 0.0, 0.0, 0.0, 0.0092, 0.0092, 0.0092, 0.0092], [0.0, 0.0, 0.0, 0.0, 0.0, 0.0, 0.0, 0.0, 0.0, 0.0, 0.0, 0.0], [0.0, 0.0, 0.0, 0.0, 0.0, 0.0, 0.0, 0.0, 0.0, 0.0, 0.0, 0.0], [0.0, 0.0, 0.0, 0.0, 0.0, 0.0, 0.0024000000000000002, 0.0024000000000000002, 0.0, 0.0, 0.0, 0.0], [0.0, 0.0, 0.0, 0.0, 0.0, 0.0, 0.0477, 0.0477, 0.0, 0.0, 0.0, 0.0], [0.0, 0.0, 0.0, 0.0, 0.0, 0.0, 0.0092, 0.0092, 0.0, 0.0, 0.0, 0.0]]}}
bs_setyawan_curtarolo_vbm: {'band_index': {'1': [43]}, 'kpoint_index': [42, 43], 'kpoint': <pymatgen.electronic_structure.bandstructure.Kpoint object at 0x7fc5d4b59d30>, 'energy': 0.5034000000000001, 'projections': {'1': [[0.0, 0.0, 0.00030000000000000003, 0.00030000000000000003, 0.00030000000000000003, 0.00030000000000000003, 0.025, 0.0201, 0.0001, 0.0, 0.0, 0.0001], [0.0, 0.0, 0.0002, 0.0002, 0.0002, 0.0002, 0.0, 0.0, 0.0, 0.0, 0.0, 0.0], [0.0002, 0.0002, 0.0004, 0.0004, 0.0004, 0.0004, 0.0, 0.0, 0.001, 0.1295, 0.1295, 0.001], [0.0009000000000000001, 0.0009000000000000001, 0.0001, 0.0001, 0.0001, 0.0001, 0.0, 0.0, 0.0263, 0.0274, 0.0274, 0.0263], [0.0, 0.0, 0.0, 0.0, 0.0, 0.0, 0.0, 0.0, 0.0, 0.0, 0.0, 0.0], [0.0, 0.0, 0.0, 0.0, 0.0, 0.0, 0.0, 0.0, 0.0, 0.0, 0.0, 0.0], [0.0, 0.0, 0.0, 0.0, 0.0, 0.0, 0.0195, 0.027600000000000003, 0.0, 0.0, 0.0, 0.0], [0.0, 0.0, 0.0, 0.0, 0.0, 0.0, 0.0262, 0.020200000000000003, 0.0, 0.0, 0.0, 0.0], [0.0, 0.0, 0.0, 0.0, 0.0, 0.0, 0.0129, 0.08710000000000001, 0.0, 0.0, 0.0, 0.0]]}}
bs_setyawan_curtarolo_efermi: 0.53993639
bs_hinuma_task_id: mp-2054492
bs_hinuma_band_gap: 2.1791
bs_hinuma_cbm: {'band_index': {'1': [44]}, 'kpoint_index': [0, 41, 42, 55, 99, 100], 'kpoint': <pymatgen.electronic_structure.bandstructure.Kpoint object at 0x7fc5d4b5a430>, 'energy': 2.5773, 'projections': {'1': [[0.0114, 0.0114, 0.0172, 0.0172, 0.0172, 0.0172, 0.0152, 0.0152, 0.0316, 0.0316, 0.0316, 0.0316], [0.0, 0.0, 0.0, 0.0, 0.0, 0.0, 0.0, 0.0, 0.0, 0.0, 0.0, 0.0], [0.0, 0.0, 0.0004, 0.0004, 0.0004, 0.0004, 0.0, 0.0, 0.003, 0.003, 0.003, 0.003], [0.0, 0.0, 0.0, 0.0, 0.0, 0.0, 0.0, 0.0, 0.0091, 0.0091, 0.0091, 0.0091], [0.0, 0.0, 0.0, 0.0, 0.0, 0.0, 0.0, 0.0, 0.0, 0.0, 0.0, 0.0], [0.0, 0.0, 0.0, 0.0, 0.0, 0.0, 0.0, 0.0, 0.0, 0.0, 0.0, 0.0], [0.0, 0.0, 0.0, 0.0, 0.0, 0.0, 0.0024000000000000002, 0.0024000000000000002, 0.0, 0.0, 0.0, 0.0], [0.0, 0.0, 0.0, 0.0, 0.0, 0.0, 0.0476, 0.0476, 0.0, 0.0, 0.0, 0.0], [0.0, 0.0, 0.0, 0.0, 0.0, 0.0, 0.0091, 0.0091, 0.0, 0.0, 0.0, 0.0]]}}
bs_hinuma_vbm: {'band_index': {'1': [43]}, 'kpoint_index': [66, 67], 'kpoint': <pymatgen.electronic_structure.bandstructure.Kpoint object at 0x7fc5d4b5a3c0>, 'energy': 0.3982, 'projections': {'1': [[0.0, 0.0, 0.00030000000000000003, 0.00030000000000000003, 0.00030000000000000003, 0.00030000000000000003, 0.025, 0.0201, 0.0001, 0.0, 0.0, 0.0001], [0.0, 0.0, 0.0002, 0.0002, 0.0002, 0.0002, 0.0, 0.0, 0.0, 0.0, 0.0, 0.0], [0.0002, 0.0002, 0.0004, 0.0004, 0.0004, 0.0004, 0.0, 0.0, 0.001, 0.1296, 0.1296, 0.001], [0.0009000000000000001, 0.0009000000000000001, 0.0001, 0.0001, 0.0001, 0.0001, 0.0, 0.0, 0.0263, 0.0275, 0.0275, 0.0263], [0.0, 0.0, 0.0, 0.0, 0.0, 0.0, 0.0, 0.0, 0.0, 0.0, 0.0, 0.0], [0.0, 0.0, 0.0, 0.0, 0.0, 0.0, 0.0, 0.0, 0.0, 0.0, 0.0, 0.0], [0.0, 0.0, 0.0, 0.0, 0.0, 0.0, 0.0195, 0.027700000000000002, 0.0, 0.0, 0.0, 0.0], [0.0, 0.0, 0.0, 0.0, 0.0, 0.0, 0.026000000000000002, 0.0201, 0.0, 0.0, 0.0, 0.0], [0.0, 0.0, 0.0, 0.0, 0.0, 0.0, 0.0128, 0.08700000000000001, 0.0, 0.0, 0.0, 0.0]]}}
bs_hinuma_efermi: 0.45869762000000003
bs_latimer_munro_task_id: mp-2536521
bs_latimer_munro_band_gap: 2.1791
bs_latimer_munro_cbm: {'band_index': {'1': [44]}, 'kpoint_index': [21, 22, 37, 51, 110, 111, 186, 187, 202, 214], 'kpoint': <pymatgen.electronic_structure.bandstructure.Kpoint object at 0x7fc5d4b5a200>, 'energy': 2.5773, 'projections': {'1': [[0.0114, 0.0114, 0.0172, 0.0172, 0.0172, 0.0172, 0.0152, 0.0152, 0.0316, 0.0316, 0.0316, 0.0316], [0.0, 0.0, 0.0, 0.0, 0.0, 0.0, 0.0, 0.0, 0.0, 0.0, 0.0, 0.0], [0.0, 0.0, 0.0004, 0.0004, 0.0004, 0.0004, 0.0, 0.0, 0.003, 0.003, 0.003, 0.003], [0.0, 0.0, 0.0, 0.0, 0.0, 0.0, 0.0, 0.0, 0.0091, 0.0091, 0.0091, 0.0091], [0.0, 0.0, 0.0, 0.0, 0.0, 0.0, 0.0, 0.0, 0.0, 0.0, 0.0, 0.0], [0.0, 0.0, 0.0, 0.0, 0.0, 0.0, 0.0, 0.0, 0.0, 0.0, 0.0, 0.0], [0.0, 0.0, 0.0, 0.0, 0.0, 0.0, 0.0024000000000000002, 0.0024000000000000002, 0.0, 0.0, 0.0, 0.0], [0.0, 0.0, 0.0, 0.0, 0.0, 0.0, 0.0476, 0.0476, 0.0, 0.0, 0.0, 0.0], [0.0, 0.0, 0.0, 0.0, 0.0, 0.0, 0.0091, 0.0091, 0.0, 0.0, 0.0, 0.0]]}}
bs_latimer_munro_vbm: {'band_index': {'1': [43]}, 'kpoint_index': [62, 63, 146], 'kpoint': <pymatgen.electronic_structure.bandstructure.Kpoint object at 0x7fc5d4b59be0>, 'energy': 0.3982, 'projections': {'1': [[0.0, 0.0, 0.00030000000000000003, 0.00030000000000000003, 0.00030000000000000003, 0.00030000000000000003, 0.025, 0.0201, 0.0001, 0.0, 0.0, 0.0001], [0.0, 0.0, 0.0002, 0.0002, 0.0002, 0.0002, 0.0, 0.0, 0.0, 0.0, 0.0, 0.0], [0.0002, 0.0002, 0.0004, 0.0004, 0.0004, 0.0004, 0.0, 0.0, 0.001, 0.1296, 0.1296, 0.001], [0.0009000000000000001, 0.0009000000000000001, 0.0001, 0.0001, 0.0001, 0.0001, 0.0, 0.0, 0.0263, 0.0275, 0.0275, 0.0263], [0.0, 0.0, 0.0, 0.0, 0.0, 0.0, 0.0, 0.0, 0.0, 0.0, 0.0, 0.0], [0.0, 0.0, 0.0, 0.0, 0.0, 0.0, 0.0, 0.0, 0.0, 0.0, 0.0, 0.0], [0.0, 0.0, 0.0, 0.0, 0.0, 0.0, 0.0195, 0.027700000000000002, 0.0, 0.0, 0.0, 0.0], [0.0, 0.0, 0.0, 0.0, 0.0, 0.0, 0.026000000000000002, 0.0201, 0.0, 0.0, 0.0, 0.0], [0.0, 0.0, 0.0, 0.0, 0.0, 0.0, 0.0128, 0.08700000000000001, 0.0, 0.0, 0.0, 0.0]]}}
bs_latimer_munro_efermi: 0.46389785