material_id: mp-9126
band_gap: 2.7881
efermi: 2.4277574
dos_magnetic_ordering: NM
dos_total_task_id: mp-2285316
dos_total_band_gap: 2.772199999999999
dos_total_cbm: 5.084
dos_total_vbm: 2.3118
dos_total_efermi: 2.3180241600000002
bs_setyawan_curtarolo_task_id: mp-1591683
bs_setyawan_curtarolo_band_gap: 2.7881
bs_setyawan_curtarolo_cbm: {'band_index': {'1': [28]}, 'kpoint_index': [0, 40, 41], 'kpoint': <pymatgen.electronic_structure.bandstructure.Kpoint object at 0x7fc699d63930>, 'energy': 5.0915, 'projections': {'1': [[0.0247, 0.11170000000000001, 0.11170000000000001, 0.024300000000000002, 0.024300000000000002, 0.024300000000000002, 0.024300000000000002, 0.024300000000000002, 0.024300000000000002], [0.0, 0.0, 0.0, 0.0, 0.011600000000000001, 0.011600000000000001, 0.011600000000000001, 0.011600000000000001, 0.0], [0.0, 0.0, 0.0, 0.0233, 0.0233, 0.0233, 0.0233, 0.0233, 0.0233], [0.0, 0.0, 0.0, 0.0155, 0.0039000000000000003, 0.0039000000000000003, 0.0039000000000000003, 0.0039000000000000003, 0.0155], [0.0, 0.0, 0.0, 0.0, 0.0, 0.0, 0.0, 0.0, 0.0], [0.0, 0.0, 0.0, 0.0, 0.0, 0.0, 0.0, 0.0, 0.0], [0.0002, 0.0031000000000000003, 0.0031000000000000003, 0.0, 0.0, 0.0, 0.0, 0.0, 0.0], [0.0, 0.0, 0.0, 0.0, 0.0, 0.0, 0.0, 0.0, 0.0], [0.0, 0.0, 0.0, 0.0, 0.0, 0.0, 0.0, 0.0, 0.0]]}}
bs_setyawan_curtarolo_vbm: {'band_index': {'1': [27]}, 'kpoint_index': ['114'], 'kpoint': <pymatgen.electronic_structure.bandstructure.Kpoint object at 0x7fc5d4b59c50>, 'energy': 2.3034, 'projections': {'1': [[0.0014, 0.0, 0.0, 0.00030000000000000003, 0.00030000000000000003, 0.00030000000000000003, 0.00030000000000000003, 0.00030000000000000003, 0.00030000000000000003], [0.0, 0.0001, 0.0001, 0.0, 0.0279, 0.0279, 0.0279, 0.0279, 0.0], [0.0024000000000000002, 0.0, 0.0, 0.0834, 0.0834, 0.0834, 0.0834, 0.0834, 0.0834], [0.0, 0.0001, 0.0001, 0.037200000000000004, 0.009300000000000001, 0.009300000000000001, 0.009300000000000001, 0.009300000000000001, 0.037200000000000004], [0.0, 0.0012000000000000001, 0.0012000000000000001, 0.0, 0.0, 0.0, 0.0, 0.0, 0.0], [0.0, 0.0016, 0.0016, 0.0, 0.0, 0.0, 0.0, 0.0, 0.0], [0.0019, 0.0, 0.0, 0.0, 0.0, 0.0, 0.0, 0.0, 0.0], [0.0, 0.0016, 0.0016, 0.0, 0.0, 0.0, 0.0, 0.0, 0.0], [0.0, 0.0012000000000000001, 0.0012000000000000001, 0.0, 0.0, 0.0, 0.0, 0.0, 0.0]]}}
bs_setyawan_curtarolo_efermi: 2.4277574
bs_hinuma_task_id: mp-2056103
bs_hinuma_band_gap: 2.7881
bs_hinuma_cbm: {'band_index': {'1': [28]}, 'kpoint_index': [0, 40, 41], 'kpoint': <pymatgen.electronic_structure.bandstructure.Kpoint object at 0x7fc5d4b59e80>, 'energy': 5.0915, 'projections': {'1': [[0.0247, 0.11170000000000001, 0.11170000000000001, 0.024300000000000002, 0.024300000000000002, 0.024300000000000002, 0.024300000000000002, 0.024300000000000002, 0.024300000000000002], [0.0, 0.0, 0.0, 0.0, 0.011600000000000001, 0.011600000000000001, 0.011600000000000001, 0.011600000000000001, 0.0], [0.0, 0.0, 0.0, 0.0233, 0.0233, 0.0233, 0.0233, 0.0233, 0.0233], [0.0, 0.0, 0.0, 0.0155, 0.0039000000000000003, 0.0039000000000000003, 0.0039000000000000003, 0.0039000000000000003, 0.0155], [0.0, 0.0, 0.0, 0.0, 0.0, 0.0, 0.0, 0.0, 0.0], [0.0, 0.0, 0.0, 0.0, 0.0, 0.0, 0.0, 0.0, 0.0], [0.0002, 0.0031000000000000003, 0.0031000000000000003, 0.0, 0.0, 0.0, 0.0, 0.0, 0.0], [0.0, 0.0, 0.0, 0.0, 0.0, 0.0, 0.0, 0.0, 0.0], [0.0, 0.0, 0.0, 0.0, 0.0, 0.0, 0.0, 0.0, 0.0]]}}
bs_hinuma_vbm: {'band_index': {'1': [27]}, 'kpoint_index': ['114'], 'kpoint': <pymatgen.electronic_structure.bandstructure.Kpoint object at 0x7fc5d4b5a200>, 'energy': 2.3034, 'projections': {'1': [[0.0014, 0.0, 0.0, 0.00030000000000000003, 0.00030000000000000003, 0.00030000000000000003, 0.00030000000000000003, 0.00030000000000000003, 0.00030000000000000003], [0.0, 0.0001, 0.0001, 0.0, 0.0279, 0.0279, 0.0279, 0.0279, 0.0], [0.0024000000000000002, 0.0, 0.0, 0.0834, 0.0834, 0.0834, 0.0834, 0.0834, 0.0834], [0.0, 0.0001, 0.0001, 0.037200000000000004, 0.009300000000000001, 0.009300000000000001, 0.009300000000000001, 0.009300000000000001, 0.037200000000000004], [0.0, 0.0012000000000000001, 0.0012000000000000001, 0.0, 0.0, 0.0, 0.0, 0.0, 0.0], [0.0, 0.0016, 0.0016, 0.0, 0.0, 0.0, 0.0, 0.0, 0.0], [0.0019, 0.0, 0.0, 0.0, 0.0, 0.0, 0.0, 0.0, 0.0], [0.0, 0.0016, 0.0016, 0.0, 0.0, 0.0, 0.0, 0.0, 0.0], [0.0, 0.0012000000000000001, 0.0012000000000000001, 0.0, 0.0, 0.0, 0.0, 0.0, 0.0]]}}
bs_hinuma_efermi: 2.44753955
bs_latimer_munro_task_id: mp-2448816
bs_latimer_munro_band_gap: 2.7881
bs_latimer_munro_cbm: {'band_index': {'1': [28]}, 'kpoint_index': [33, 34, 136, 137, 161], 'kpoint': <pymatgen.electronic_structure.bandstructure.Kpoint object at 0x7fc5d4b5a350>, 'energy': 5.0915, 'projections': {'1': [[0.0247, 0.11170000000000001, 0.11170000000000001, 0.024300000000000002, 0.024300000000000002, 0.024300000000000002, 0.024300000000000002, 0.024300000000000002, 0.024300000000000002], [0.0, 0.0, 0.0, 0.0, 0.011600000000000001, 0.011600000000000001, 0.011600000000000001, 0.011600000000000001, 0.0], [0.0, 0.0, 0.0, 0.0233, 0.0233, 0.0233, 0.0233, 0.0233, 0.0233], [0.0, 0.0, 0.0, 0.0155, 0.0039000000000000003, 0.0039000000000000003, 0.0039000000000000003, 0.0039000000000000003, 0.0155], [0.0, 0.0, 0.0, 0.0, 0.0, 0.0, 0.0, 0.0, 0.0], [0.0, 0.0, 0.0, 0.0, 0.0, 0.0, 0.0, 0.0, 0.0], [0.0002, 0.0031000000000000003, 0.0031000000000000003, 0.0, 0.0, 0.0, 0.0, 0.0, 0.0], [0.0, 0.0, 0.0, 0.0, 0.0, 0.0, 0.0, 0.0, 0.0], [0.0, 0.0, 0.0, 0.0, 0.0, 0.0, 0.0, 0.0, 0.0]]}}
bs_latimer_munro_vbm: {'band_index': {'1': [27]}, 'kpoint_index': ['113'], 'kpoint': <pymatgen.electronic_structure.bandstructure.Kpoint object at 0x7fc5d4b59d30>, 'energy': 2.3034, 'projections': {'1': [[0.0014, 0.0, 0.0, 0.00030000000000000003, 0.00030000000000000003, 0.00030000000000000003, 0.00030000000000000003, 0.00030000000000000003, 0.00030000000000000003], [0.0, 0.0001, 0.0001, 0.0, 0.0279, 0.0279, 0.0279, 0.0279, 0.0], [0.0024000000000000002, 0.0, 0.0, 0.0834, 0.0834, 0.0834, 0.0834, 0.0834, 0.0834], [0.0, 0.0001, 0.0001, 0.037200000000000004, 0.009300000000000001, 0.009300000000000001, 0.009300000000000001, 0.009300000000000001, 0.037200000000000004], [0.0, 0.0012000000000000001, 0.0012000000000000001, 0.0, 0.0, 0.0, 0.0, 0.0, 0.0], [0.0, 0.0016, 0.0016, 0.0, 0.0, 0.0, 0.0, 0.0, 0.0], [0.0019, 0.0, 0.0, 0.0, 0.0, 0.0, 0.0, 0.0, 0.0], [0.0, 0.0016, 0.0016, 0.0, 0.0, 0.0, 0.0, 0.0, 0.0], [0.0, 0.0012000000000000001, 0.0012000000000000001, 0.0, 0.0, 0.0, 0.0, 0.0, 0.0]]}}
bs_latimer_munro_efermi: 2.43762981