material_id: mp-989601
band_gap: 0.706399999999999
efermi: 7.90644429
dos_magnetic_ordering: NM
dos_total_task_id: mp-1760191
dos_total_band_gap: 0.7967999999999991
dos_total_cbm: 8.4727
dos_total_vbm: 7.6759
dos_total_efermi: 7.67698106
bs_setyawan_curtarolo_task_id: mp-1615023
bs_setyawan_curtarolo_band_gap: 0.706399999999999
bs_setyawan_curtarolo_cbm: {'band_index': {'1': [19]}, 'kpoint_index': ['5'], 'kpoint': <pymatgen.electronic_structure.bandstructure.Kpoint object at 0x7fc699d63930>, 'energy': 8.4735, 'projections': {'1': [[0.0005, 0.0022, 0.0001, 0.009000000000000001, 0.0001], [0.0001, 0.005, 0.0183, 0.0033, 0.0341], [0.0001, 0.0015, 0.024, 0.0252, 0.0106], [0.0004, 0.0005, 0.0051, 0.0512, 0.0026000000000000003], [0.0194, 0.0368, 0.0, 0.0, 0.0], [0.013300000000000001, 0.2558, 0.0, 0.0, 0.0], [0.0064, 0.0122, 0.0, 0.0, 0.0], [0.0055000000000000005, 0.0039000000000000003, 0.0, 0.0, 0.0], [0.0108, 0.10490000000000001, 0.0, 0.0, 0.0], [0.0067, 0.0, 0.0, 0.0, 0.0], [0.025400000000000002, 0.0, 0.0, 0.0, 0.0], [0.0078000000000000005, 0.0, 0.0, 0.0, 0.0], [0.0, 0.0, 0.0, 0.0, 0.0], [0.009600000000000001, 0.0, 0.0, 0.0, 0.0], [0.002, 0.0, 0.0, 0.0, 0.0], [0.005, 0.0, 0.0, 0.0, 0.0]]}}
bs_setyawan_curtarolo_vbm: {'band_index': {'1': [18]}, 'kpoint_index': [41, 42, 113], 'kpoint': <pymatgen.electronic_structure.bandstructure.Kpoint object at 0x7fc5d4b5a3c0>, 'energy': 7.7671, 'projections': {'1': [[0.0, 0.0, 0.0, 0.0, 0.0], [0.0, 0.0, 0.051500000000000004, 0.051500000000000004, 0.2059], [0.0, 0.0, 0.1037, 0.1037, 0.0], [0.0, 0.0, 0.0507, 0.0507, 0.0], [0.0, 0.0, 0.0, 0.0, 0.0], [0.0, 0.0, 0.0, 0.0, 0.0], [0.0, 0.0, 0.0, 0.0, 0.0], [0.0, 0.0, 0.0, 0.0, 0.0], [0.0, 0.0, 0.0, 0.0, 0.0], [0.0167, 0.0, 0.0, 0.0, 0.0], [0.022500000000000003, 0.0, 0.0, 0.0, 0.0], [0.0287, 0.0, 0.0, 0.0, 0.0], [0.0, 0.0, 0.0, 0.0, 0.0], [0.0, 0.0, 0.0, 0.0, 0.0], [0.0, 0.0, 0.0, 0.0, 0.0], [0.0, 0.0, 0.0, 0.0, 0.0]]}}
bs_setyawan_curtarolo_efermi: 7.90644429
bs_hinuma_task_id: mp-2082920
bs_hinuma_band_gap: 0.706399999999999
bs_hinuma_cbm: {'band_index': {'1': [19]}, 'kpoint_index': ['64'], 'kpoint': <pymatgen.electronic_structure.bandstructure.Kpoint object at 0x7fc5d4b59c50>, 'energy': 8.4735, 'projections': {'1': [[0.0005, 0.0022, 0.0001, 0.009000000000000001, 0.0001], [0.0001, 0.005, 0.0183, 0.0033, 0.0341], [0.0001, 0.0015, 0.024, 0.0252, 0.0106], [0.0004, 0.0005, 0.0051, 0.0512, 0.0026000000000000003], [0.0194, 0.0368, 0.0, 0.0, 0.0], [0.013300000000000001, 0.2558, 0.0, 0.0, 0.0], [0.0064, 0.0122, 0.0, 0.0, 0.0], [0.0055000000000000005, 0.0039000000000000003, 0.0, 0.0, 0.0], [0.0108, 0.10490000000000001, 0.0, 0.0, 0.0], [0.0067, 0.0, 0.0, 0.0, 0.0], [0.025400000000000002, 0.0, 0.0, 0.0, 0.0], [0.0078000000000000005, 0.0, 0.0, 0.0, 0.0], [0.0, 0.0, 0.0, 0.0, 0.0], [0.009600000000000001, 0.0, 0.0, 0.0, 0.0], [0.002, 0.0, 0.0, 0.0, 0.0], [0.005, 0.0, 0.0, 0.0, 0.0]]}}
bs_hinuma_vbm: {'band_index': {'1': [18]}, 'kpoint_index': [27, 28], 'kpoint': <pymatgen.electronic_structure.bandstructure.Kpoint object at 0x7fc5d4b5a430>, 'energy': 7.7671, 'projections': {'1': [[0.0, 0.0, 0.0, 0.0, 0.0], [0.0, 0.0, 0.051500000000000004, 0.051500000000000004, 0.2059], [0.0, 0.0, 0.1037, 0.1037, 0.0], [0.0, 0.0, 0.0507, 0.0507, 0.0], [0.0, 0.0, 0.0, 0.0, 0.0], [0.0, 0.0, 0.0, 0.0, 0.0], [0.0, 0.0, 0.0, 0.0, 0.0], [0.0, 0.0, 0.0, 0.0, 0.0], [0.0, 0.0, 0.0, 0.0, 0.0], [0.0167, 0.0, 0.0, 0.0, 0.0], [0.022500000000000003, 0.0, 0.0, 0.0, 0.0], [0.0287, 0.0, 0.0, 0.0, 0.0], [0.0, 0.0, 0.0, 0.0, 0.0], [0.0, 0.0, 0.0, 0.0, 0.0], [0.0, 0.0, 0.0, 0.0, 0.0], [0.0, 0.0, 0.0, 0.0, 0.0]]}}
bs_hinuma_efermi: 7.89470944
bs_latimer_munro_task_id: mp-2692454
bs_latimer_munro_band_gap: 0.706399999999999
bs_latimer_munro_cbm: {'band_index': {'1': [19]}, 'kpoint_index': ['124'], 'kpoint': <pymatgen.electronic_structure.bandstructure.Kpoint object at 0x7fc5d4b59e80>, 'energy': 8.4735, 'projections': {'1': [[0.0005, 0.0022, 0.009000000000000001, 0.0001, 0.0001], [0.0001, 0.005, 0.0033, 0.0183, 0.0341], [0.0001, 0.0015, 0.0252, 0.024, 0.0106], [0.0004, 0.0005, 0.0512, 0.0051, 0.0026000000000000003], [0.0194, 0.0368, 0.0, 0.0, 0.0], [0.013300000000000001, 0.2558, 0.0, 0.0, 0.0], [0.0064, 0.0122, 0.0, 0.0, 0.0], [0.0055000000000000005, 0.0039000000000000003, 0.0, 0.0, 0.0], [0.0108, 0.10490000000000001, 0.0, 0.0, 0.0], [0.0067, 0.0, 0.0, 0.0, 0.0], [0.025400000000000002, 0.0, 0.0, 0.0, 0.0], [0.0078000000000000005, 0.0, 0.0, 0.0, 0.0], [0.0, 0.0, 0.0, 0.0, 0.0], [0.009600000000000001, 0.0, 0.0, 0.0, 0.0], [0.002, 0.0, 0.0, 0.0, 0.0], [0.005, 0.0, 0.0, 0.0, 0.0]]}}
bs_latimer_munro_vbm: {'band_index': {'1': [18]}, 'kpoint_index': [160, 161, 163], 'kpoint': <pymatgen.electronic_structure.bandstructure.Kpoint object at 0x7fc5d4b59d30>, 'energy': 7.7671, 'projections': {'1': [[0.0, 0.0, 0.0, 0.0, 0.0], [0.0, 0.0, 0.051500000000000004, 0.051500000000000004, 0.2059], [0.0, 0.0, 0.1037, 0.1037, 0.0], [0.0, 0.0, 0.0507, 0.0507, 0.0], [0.0, 0.0, 0.0, 0.0, 0.0], [0.0, 0.0, 0.0, 0.0, 0.0], [0.0, 0.0, 0.0, 0.0, 0.0], [0.0, 0.0, 0.0, 0.0, 0.0], [0.0, 0.0, 0.0, 0.0, 0.0], [0.0167, 0.0, 0.0, 0.0, 0.0], [0.022500000000000003, 0.0, 0.0, 0.0, 0.0], [0.0287, 0.0, 0.0, 0.0, 0.0], [0.0, 0.0, 0.0, 0.0, 0.0], [0.0, 0.0, 0.0, 0.0, 0.0], [0.0, 0.0, 0.0, 0.0, 0.0], [0.0, 0.0, 0.0, 0.0, 0.0]]}}
bs_latimer_munro_efermi: 7.89885221