material_id: mp-984555
band_gap: 2.2244
efermi: 2.1796225
dos_magnetic_ordering: NM
dos_total_task_id: mp-2282247
dos_total_band_gap: 2.2204
dos_total_cbm: 4.3494
dos_total_vbm: 2.129
dos_total_efermi: 2.13103366
bs_setyawan_curtarolo_task_id: mp-1601097
bs_setyawan_curtarolo_band_gap: 2.2244
bs_setyawan_curtarolo_cbm: {'band_index': {'1': [30]}, 'kpoint_index': [18, 19, 115], 'kpoint': <pymatgen.electronic_structure.bandstructure.Kpoint object at 0x7fc699d63930>, 'energy': 4.3506, 'projections': {'1': [[0.0025, 0.0025, 0.0047, 0.0047, 0.0, 0.0, 0.0, 0.0], [0.0001, 0.0001, 0.0, 0.0, 0.0, 0.0, 0.0, 0.0], [0.0, 0.0, 0.0, 0.0, 0.003, 0.003, 0.003, 0.003], [0.00030000000000000003, 0.00030000000000000003, 0.0, 0.0, 0.0001, 0.0001, 0.0001, 0.0001], [0.0201, 0.0201, 0.0322, 0.032100000000000004, 0.0, 0.0, 0.0, 0.0], [0.0, 0.0, 0.0129, 0.0129, 0.0, 0.0, 0.0, 0.0], [0.0036000000000000003, 0.0036000000000000003, 0.0665, 0.0666, 0.0, 0.0, 0.0, 0.0], [0.0, 0.0, 0.038700000000000005, 0.038700000000000005, 0.0, 0.0, 0.0, 0.0], [0.0067, 0.0067, 0.010700000000000001, 0.010700000000000001, 0.0, 0.0, 0.0, 0.0]]}}
bs_setyawan_curtarolo_vbm: {'band_index': {'1': [28, 29]}, 'kpoint_index': [0, 52, 53], 'kpoint': <pymatgen.electronic_structure.bandstructure.Kpoint object at 0x7fc5d4b59d30>, 'energy': 2.1262, 'projections': {'1': [[0.0, 0.0, 0.0, 0.0, 0.0, 0.0, 0.0, 0.0], [0.0011, 0.0011, 0.0221, 0.0221, 0.1227, 0.1227, 0.1227, 0.1227], [0.0, 0.0, 0.0, 0.0, 0.0, 0.0, 0.0, 0.0], [0.0001, 0.0001, 0.002, 0.002, 0.0112, 0.0112, 0.0112, 0.0112], [0.0002, 0.0002, 0.0, 0.0, 0.0, 0.0, 0.0, 0.0], [0.0, 0.0, 0.0, 0.0, 0.0, 0.0, 0.0, 0.0], [0.0, 0.0, 0.0, 0.0, 0.0, 0.0, 0.0, 0.0], [0.0, 0.0, 0.0, 0.0, 0.0, 0.0, 0.0, 0.0], [0.0018000000000000002, 0.0018000000000000002, 0.0, 0.0, 0.0, 0.0, 0.0, 0.0]]}}
bs_setyawan_curtarolo_efermi: 2.1796225
bs_hinuma_task_id: mp-2069963
bs_hinuma_band_gap: 2.2244
bs_hinuma_cbm: {'band_index': {'1': [30]}, 'kpoint_index': [18, 19, 115], 'kpoint': <pymatgen.electronic_structure.bandstructure.Kpoint object at 0x7fc5d4b59be0>, 'energy': 4.3506, 'projections': {'1': [[0.0025, 0.0025, 0.0047, 0.0047, 0.0, 0.0, 0.0, 0.0], [0.0001, 0.0001, 0.0, 0.0, 0.0, 0.0, 0.0, 0.0], [0.0, 0.0, 0.0, 0.0, 0.003, 0.003, 0.003, 0.003], [0.00030000000000000003, 0.00030000000000000003, 0.0, 0.0, 0.0001, 0.0001, 0.0001, 0.0001], [0.0201, 0.0201, 0.0322, 0.032100000000000004, 0.0, 0.0, 0.0, 0.0], [0.0, 0.0, 0.0129, 0.0129, 0.0, 0.0, 0.0, 0.0], [0.0036000000000000003, 0.0036000000000000003, 0.0665, 0.0666, 0.0, 0.0, 0.0, 0.0], [0.0, 0.0, 0.038700000000000005, 0.038700000000000005, 0.0, 0.0, 0.0, 0.0], [0.0067, 0.0067, 0.010700000000000001, 0.010700000000000001, 0.0, 0.0, 0.0, 0.0]]}}
bs_hinuma_vbm: {'band_index': {'1': [28, 29]}, 'kpoint_index': [0, 52, 53], 'kpoint': <pymatgen.electronic_structure.bandstructure.Kpoint object at 0x7fc5d4b5a430>, 'energy': 2.1262, 'projections': {'1': [[0.0, 0.0, 0.0, 0.0, 0.0, 0.0, 0.0, 0.0], [0.0011, 0.0011, 0.0221, 0.0221, 0.1227, 0.1227, 0.1227, 0.1227], [0.0, 0.0, 0.0, 0.0, 0.0, 0.0, 0.0, 0.0], [0.0001, 0.0001, 0.002, 0.002, 0.0112, 0.0112, 0.0112, 0.0112], [0.0002, 0.0002, 0.0, 0.0, 0.0, 0.0, 0.0, 0.0], [0.0, 0.0, 0.0, 0.0, 0.0, 0.0, 0.0, 0.0], [0.0, 0.0, 0.0, 0.0, 0.0, 0.0, 0.0, 0.0], [0.0, 0.0, 0.0, 0.0, 0.0, 0.0, 0.0, 0.0], [0.0018000000000000002, 0.0018000000000000002, 0.0, 0.0, 0.0, 0.0, 0.0, 0.0]]}}
bs_hinuma_efermi: 2.1796225
bs_latimer_munro_task_id: mp-2332147
bs_latimer_munro_band_gap: 2.2244
bs_latimer_munro_cbm: {'band_index': {'1': [30]}, 'kpoint_index': [99, 100, 157, 158], 'kpoint': <pymatgen.electronic_structure.bandstructure.Kpoint object at 0x7fc5d4b5a190>, 'energy': 4.3506, 'projections': {'1': [[0.0025, 0.0025, 0.0047, 0.0047, 0.0, 0.0, 0.0, 0.0], [0.0001, 0.0001, 0.0, 0.0, 0.0, 0.0, 0.0, 0.0], [0.0, 0.0, 0.0, 0.0, 0.003, 0.003, 0.003, 0.003], [0.00030000000000000003, 0.00030000000000000003, 0.0, 0.0, 0.0001, 0.0001, 0.0001, 0.0001], [0.0201, 0.0201, 0.0322, 0.0322, 0.0, 0.0, 0.0, 0.0], [0.0, 0.0, 0.0129, 0.0129, 0.0, 0.0, 0.0, 0.0], [0.0036000000000000003, 0.0036000000000000003, 0.0665, 0.0665, 0.0, 0.0, 0.0, 0.0], [0.0, 0.0, 0.038700000000000005, 0.038700000000000005, 0.0, 0.0, 0.0, 0.0], [0.0067, 0.0067, 0.010700000000000001, 0.010700000000000001, 0.0, 0.0, 0.0, 0.0]]}}
bs_latimer_munro_vbm: {'band_index': {'1': [28, 29]}, 'kpoint_index': [31, 32, 80, 81, 174], 'kpoint': <pymatgen.electronic_structure.bandstructure.Kpoint object at 0x7fc5d4b5a3c0>, 'energy': 2.1262, 'projections': {'1': [[0.0, 0.0, 0.0, 0.0, 0.0, 0.0, 0.0, 0.0], [0.0012000000000000001, 0.0012000000000000001, 0.0241, 0.0241, 0.1338, 0.1338, 0.1338, 0.1338], [0.0, 0.0, 0.0, 0.0, 0.0, 0.0, 0.0, 0.0], [0.0, 0.0, 0.0, 0.0, 0.0001, 0.0001, 0.0001, 0.0001], [0.0, 0.0, 0.0, 0.0, 0.0, 0.0, 0.0, 0.0], [0.0, 0.0, 0.0, 0.0, 0.0, 0.0, 0.0, 0.0], [0.0, 0.0, 0.0, 0.0, 0.0, 0.0, 0.0, 0.0], [0.0, 0.0, 0.0, 0.0, 0.0, 0.0, 0.0, 0.0], [0.002, 0.002, 0.0, 0.0, 0.0, 0.0, 0.0, 0.0]]}}
bs_latimer_munro_efermi: 2.17411733