material_id: mp-9986
band_gap: 1.3835
efermi: 1.451468
dos_magnetic_ordering: NM
dos_total_task_id: mp-2277963
dos_total_band_gap: 1.420699999999999
dos_total_cbm: 2.868
dos_total_vbm: 1.4473
dos_total_efermi: 1.43890446
bs_setyawan_curtarolo_task_id: mp-687687
bs_setyawan_curtarolo_band_gap: 1.3835
bs_setyawan_curtarolo_cbm: {'band_index': {'1': [52]}, 'kpoint_index': [0, 33, 34], 'kpoint': <pymatgen.electronic_structure.bandstructure.Kpoint object at 0x7fc699d63930>, 'energy': 2.8203, 'projections': {}}
bs_setyawan_curtarolo_vbm: {'band_index': {'1': [51]}, 'kpoint_index': [9, 10, 85], 'kpoint': <pymatgen.electronic_structure.bandstructure.Kpoint object at 0x7fc5d4b59c50>, 'energy': 1.4368, 'projections': {}}
bs_setyawan_curtarolo_efermi: 1.451468
bs_hinuma_task_id: mp-2071907
bs_hinuma_band_gap: 1.396199999999999
bs_hinuma_cbm: {'band_index': {'1': [52]}, 'kpoint_index': [0, 33, 34, 88], 'kpoint': <pymatgen.electronic_structure.bandstructure.Kpoint object at 0x7fc5d4b5a3c0>, 'energy': 2.8368, 'projections': {'1': [[0.0057, 0.0057, 0.0057, 0.0057, 0.0044, 0.0044, 0.0044, 0.0044, 0.0067, 0.0067, 0.0067, 0.0067], [0.0, 0.0001, 0.0001, 0.0, 0.014700000000000001, 0.014700000000000001, 0.014700000000000001, 0.014700000000000001, 0.0, 0.0041, 0.0041, 0.0], [0.0, 0.0, 0.0, 0.0, 0.0, 0.0, 0.0, 0.0, 0.0, 0.0, 0.0, 0.0], [0.0001, 0.0, 0.0, 0.0001, 0.014700000000000001, 0.014700000000000001, 0.014700000000000001, 0.014700000000000001, 0.0041, 0.0, 0.0, 0.0041], [0.0, 0.0, 0.0, 0.0, 0.0161, 0.0161, 0.0161, 0.0161, 0.0, 0.0, 0.0, 0.0], [0.0, 0.0, 0.0, 0.0, 0.0, 0.0, 0.0, 0.0, 0.0, 0.0, 0.0, 0.0], [0.0005, 0.0005, 0.0005, 0.0005, 0.011300000000000001, 0.011300000000000001, 0.011300000000000001, 0.011300000000000001, 0.0, 0.0, 0.0, 0.0], [0.0, 0.0, 0.0, 0.0, 0.0, 0.0, 0.0, 0.0, 0.0, 0.0, 0.0, 0.0], [0.0082, 0.0082, 0.0082, 0.0082, 0.0, 0.0, 0.0, 0.0, 0.0, 0.0, 0.0, 0.0]]}}
bs_hinuma_vbm: {'band_index': {'1': [51]}, 'kpoint_index': [9, 10, 57], 'kpoint': <pymatgen.electronic_structure.bandstructure.Kpoint object at 0x7fc5d4b5a430>, 'energy': 1.4406, 'projections': {'1': [[0.0, 0.0, 0.0, 0.0, 0.0, 0.0, 0.0, 0.0, 0.0, 0.0, 0.0, 0.0], [0.0, 0.0, 0.0, 0.0, 0.0, 0.0, 0.0, 0.0, 0.0, 0.0, 0.0, 0.0], [0.0032, 0.0032, 0.0032, 0.0032, 0.0, 0.0, 0.0, 0.0, 0.1241, 0.1241, 0.1241, 0.1241], [0.0, 0.0, 0.0, 0.0, 0.0, 0.0, 0.0, 0.0, 0.0, 0.0, 0.0, 0.0], [0.0, 0.0, 0.0, 0.0, 0.0, 0.0, 0.0, 0.0, 0.0, 0.0, 0.0, 0.0], [0.0002, 0.0001, 0.0001, 0.0002, 0.037700000000000004, 0.0395, 0.0395, 0.037700000000000004, 0.0, 0.0, 0.0, 0.0], [0.0, 0.0, 0.0, 0.0, 0.0, 0.0, 0.0, 0.0, 0.0, 0.0, 0.0, 0.0], [0.0001, 0.0002, 0.0002, 0.0001, 0.037700000000000004, 0.0395, 0.0395, 0.037700000000000004, 0.0, 0.0, 0.0, 0.0], [0.0, 0.0, 0.0, 0.0, 0.0, 0.0, 0.0, 0.0, 0.0, 0.0, 0.0, 0.0]]}}
bs_hinuma_efermi: 1.54861863
bs_latimer_munro_task_id: mp-2446504
bs_latimer_munro_band_gap: 1.396199999999999
bs_latimer_munro_cbm: {'band_index': {'1': [52]}, 'kpoint_index': [26, 27, 103, 104, 118, 133, 146], 'kpoint': <pymatgen.electronic_structure.bandstructure.Kpoint object at 0x7fc5d4b59d30>, 'energy': 2.8368, 'projections': {'1': [[0.0057, 0.0057, 0.0057, 0.0057, 0.0044, 0.0044, 0.0044, 0.0044, 0.0067, 0.0067, 0.0067, 0.0067], [0.0, 0.0001, 0.0001, 0.0, 0.014700000000000001, 0.014700000000000001, 0.014700000000000001, 0.014700000000000001, 0.0, 0.0041, 0.0041, 0.0], [0.0, 0.0, 0.0, 0.0, 0.0, 0.0, 0.0, 0.0, 0.0, 0.0, 0.0, 0.0], [0.0001, 0.0, 0.0, 0.0001, 0.014700000000000001, 0.014700000000000001, 0.014700000000000001, 0.014700000000000001, 0.0041, 0.0, 0.0, 0.0041], [0.0, 0.0, 0.0, 0.0, 0.0161, 0.0161, 0.0161, 0.0161, 0.0, 0.0, 0.0, 0.0], [0.0, 0.0, 0.0, 0.0, 0.0, 0.0, 0.0, 0.0, 0.0, 0.0, 0.0, 0.0], [0.0005, 0.0005, 0.0005, 0.0005, 0.011300000000000001, 0.011300000000000001, 0.011300000000000001, 0.011300000000000001, 0.0, 0.0, 0.0, 0.0], [0.0, 0.0, 0.0, 0.0, 0.0, 0.0, 0.0, 0.0, 0.0, 0.0, 0.0, 0.0], [0.0082, 0.0082, 0.0082, 0.0082, 0.0, 0.0, 0.0, 0.0, 0.0, 0.0, 0.0, 0.0]]}}
bs_latimer_munro_vbm: {'band_index': {'1': [51]}, 'kpoint_index': [69, 70, 155, 156, 166], 'kpoint': <pymatgen.electronic_structure.bandstructure.Kpoint object at 0x7fc5d4b5a190>, 'energy': 1.4406, 'projections': {'1': [[0.0, 0.0, 0.0, 0.0, 0.0, 0.0, 0.0, 0.0, 0.0, 0.0, 0.0, 0.0], [0.0, 0.0, 0.0, 0.0, 0.0, 0.0, 0.0, 0.0, 0.0, 0.0, 0.0, 0.0], [0.0032, 0.0032, 0.0032, 0.0032, 0.0, 0.0, 0.0, 0.0, 0.1241, 0.1241, 0.1241, 0.1241], [0.0, 0.0, 0.0, 0.0, 0.0, 0.0, 0.0, 0.0, 0.0, 0.0, 0.0, 0.0], [0.0, 0.0, 0.0, 0.0, 0.0, 0.0, 0.0, 0.0, 0.0, 0.0, 0.0, 0.0], [0.0002, 0.0001, 0.0001, 0.0002, 0.037700000000000004, 0.0395, 0.0395, 0.037700000000000004, 0.0, 0.0, 0.0, 0.0], [0.0, 0.0, 0.0, 0.0, 0.0, 0.0, 0.0, 0.0, 0.0, 0.0, 0.0, 0.0], [0.0001, 0.0002, 0.0002, 0.0001, 0.037700000000000004, 0.0395, 0.0395, 0.037700000000000004, 0.0, 0.0, 0.0, 0.0], [0.0, 0.0, 0.0, 0.0, 0.0, 0.0, 0.0, 0.0, 0.0, 0.0, 0.0, 0.0]]}}
bs_latimer_munro_efermi: 1.4936157300000001