material_id: mp-989595
band_gap: 4.8289
efermi: -2.1838496
dos_magnetic_ordering: NM
dos_total_task_id: mp-1733312
dos_total_band_gap: 4.9834
dos_total_cbm: 2.7753
dos_total_vbm: -2.2081
dos_total_efermi: -2.20221548
bs_setyawan_curtarolo_task_id: mp-989986
bs_setyawan_curtarolo_band_gap: 4.8289
bs_setyawan_curtarolo_cbm: {'band_index': {'1': [41]}, 'kpoint_index': [0, 42, 43], 'kpoint': <pymatgen.electronic_structure.bandstructure.Kpoint object at 0x7fc699d63930>, 'energy': 2.6187, 'projections': {'1': [[0.018500000000000003, 0.023700000000000002, 0.023700000000000002, 0.12040000000000001, 0.0099, 0.0099, 0.0099, 0.0099, 0.0099, 0.0099], [0.0, 0.0, 0.0, 0.0, 0.0, 0.0, 0.0, 0.0102, 0.0102, 0.0], [0.0, 0.0, 0.0, 0.0, 0.0102, 0.0, 0.0, 0.0, 0.0, 0.0102], [0.0, 0.0, 0.0, 0.0, 0.0, 0.0102, 0.0102, 0.0, 0.0, 0.0], [0.0, 0.0, 0.0, 0.0, 0.0, 0.0, 0.0, 0.0, 0.0, 0.0], [0.0, 0.0, 0.0, 0.0, 0.0, 0.0, 0.0, 0.0, 0.0, 0.0], [0.0, 0.0, 0.0, 0.0, 0.0, 0.0, 0.0, 0.0, 0.0, 0.0], [0.0, 0.0, 0.0, 0.0, 0.0, 0.0, 0.0, 0.0, 0.0, 0.0], [0.0, 0.0, 0.0, 0.0, 0.0, 0.0, 0.0, 0.0, 0.0, 0.0]]}}
bs_setyawan_curtarolo_vbm: {'band_index': {'1': [39, 40]}, 'kpoint_index': [55, 56, 81, 82], 'kpoint': <pymatgen.electronic_structure.bandstructure.Kpoint object at 0x7fc5d4b5a200>, 'energy': -2.2102, 'projections': {'1': [[0.0, 0.0, 0.0, 0.0, 0.0001, 0.0, 0.0, 0.0, 0.0, 0.0001], [0.0151, 0.0, 0.0, 0.0, 0.0035, 0.0002, 0.0002, 0.056400000000000006, 0.056400000000000006, 0.0035], [0.0604, 0.0, 0.0, 0.0, 0.2255, 0.0056, 0.0056, 0.0056, 0.0056, 0.2255], [0.0151, 0.0, 0.0, 0.0, 0.0035, 0.0563, 0.0563, 0.0002, 0.0002, 0.0035], [0.0, 0.0, 0.0, 0.0, 0.0, 0.0, 0.0, 0.0, 0.0, 0.0], [0.0, 0.0, 0.0, 0.0, 0.0, 0.0, 0.0, 0.0, 0.0, 0.0], [0.0, 0.0, 0.0, 0.0632, 0.0, 0.0, 0.0, 0.0, 0.0, 0.0], [0.0, 0.0, 0.0, 0.0, 0.0, 0.0, 0.0, 0.0, 0.0, 0.0], [0.0, 0.0, 0.0, 0.0, 0.0, 0.0, 0.0, 0.0, 0.0, 0.0]]}}
bs_setyawan_curtarolo_efermi: -2.1838496
bs_hinuma_task_id: mp-2054265
bs_hinuma_band_gap: 4.8338
bs_hinuma_cbm: {'band_index': {'1': [41]}, 'kpoint_index': [0, 34, 35], 'kpoint': <pymatgen.electronic_structure.bandstructure.Kpoint object at 0x7fc5d4b59d30>, 'energy': 2.6612, 'projections': {'1': [[0.018600000000000002, 0.0239, 0.0239, 0.1198, 0.01, 0.01, 0.01, 0.01, 0.01, 0.01], [0.0, 0.0, 0.0, 0.0, 0.0, 0.0, 0.0, 0.0102, 0.0102, 0.0], [0.0, 0.0, 0.0, 0.0, 0.0, 0.0102, 0.0, 0.0, 0.0, 0.0102], [0.0, 0.0, 0.0, 0.0, 0.0102, 0.0, 0.0102, 0.0, 0.0, 0.0], [0.0, 0.0, 0.0, 0.0, 0.0, 0.0, 0.0, 0.0, 0.0, 0.0], [0.0, 0.0, 0.0, 0.0, 0.0, 0.0, 0.0, 0.0, 0.0, 0.0], [0.0, 0.0, 0.0, 0.0, 0.0, 0.0, 0.0, 0.0, 0.0, 0.0], [0.0, 0.0, 0.0, 0.0, 0.0, 0.0, 0.0, 0.0, 0.0, 0.0], [0.0, 0.0, 0.0, 0.0, 0.0, 0.0, 0.0, 0.0, 0.0, 0.0]]}}
bs_hinuma_vbm: {'band_index': {'1': [39, 40]}, 'kpoint_index': [47, 48], 'kpoint': <pymatgen.electronic_structure.bandstructure.Kpoint object at 0x7fc5d4b5a350>, 'energy': -2.1726, 'projections': {'1': [[0.0, 0.0, 0.0, 0.0, 0.0, 0.0001, 0.0, 0.0, 0.0, 0.0001], [0.0155, 0.0, 0.0, 0.0, 0.0002, 0.0033, 0.0002, 0.056400000000000006, 0.056400000000000006, 0.0033], [0.062, 0.0, 0.0, 0.0, 0.0054, 0.2255, 0.0054, 0.0054, 0.0054, 0.2255], [0.0155, 0.0, 0.0, 0.0, 0.056400000000000006, 0.0033, 0.056400000000000006, 0.0002, 0.0002, 0.0033], [0.0, 0.0, 0.0, 0.0, 0.0, 0.0, 0.0, 0.0, 0.0, 0.0], [0.0, 0.0, 0.0, 0.0, 0.0, 0.0, 0.0, 0.0, 0.0, 0.0], [0.0, 0.0, 0.0, 0.0637, 0.0, 0.0, 0.0, 0.0, 0.0, 0.0], [0.0, 0.0, 0.0, 0.0, 0.0, 0.0, 0.0, 0.0, 0.0, 0.0], [0.0, 0.0, 0.0, 0.0, 0.0, 0.0, 0.0, 0.0, 0.0, 0.0]]}}
bs_hinuma_efermi: -2.09715395
bs_latimer_munro_task_id: mp-2301014
bs_latimer_munro_band_gap: 4.8338
bs_latimer_munro_cbm: {'band_index': {'1': [41]}, 'kpoint_index': [21, 22, 84, 85, 100], 'kpoint': <pymatgen.electronic_structure.bandstructure.Kpoint object at 0x7fc5d4b5a190>, 'energy': 2.6612, 'projections': {'1': [[0.018600000000000002, 0.0239, 0.0239, 0.1198, 0.01, 0.01, 0.01, 0.01, 0.01, 0.01], [0.0, 0.0, 0.0, 0.0, 0.0, 0.0, 0.0, 0.0102, 0.0102, 0.0], [0.0, 0.0, 0.0, 0.0, 0.0, 0.0102, 0.0, 0.0, 0.0, 0.0102], [0.0, 0.0, 0.0, 0.0, 0.0102, 0.0, 0.0102, 0.0, 0.0, 0.0], [0.0, 0.0, 0.0, 0.0, 0.0, 0.0, 0.0, 0.0, 0.0, 0.0], [0.0, 0.0, 0.0, 0.0, 0.0, 0.0, 0.0, 0.0, 0.0, 0.0], [0.0, 0.0, 0.0, 0.0, 0.0, 0.0, 0.0, 0.0, 0.0, 0.0], [0.0, 0.0, 0.0, 0.0, 0.0, 0.0, 0.0, 0.0, 0.0, 0.0], [0.0, 0.0, 0.0, 0.0, 0.0, 0.0, 0.0, 0.0, 0.0, 0.0]]}}
bs_latimer_munro_vbm: {'band_index': {'1': [39, 40]}, 'kpoint_index': [45, 46, 112], 'kpoint': <pymatgen.electronic_structure.bandstructure.Kpoint object at 0x7fc5d4b59c50>, 'energy': -2.1726, 'projections': {'1': [[0.0, 0.0, 0.0, 0.0, 0.0, 0.0001, 0.0, 0.0, 0.0, 0.0001], [0.0155, 0.0, 0.0, 0.0, 0.0002, 0.0033, 0.0002, 0.056400000000000006, 0.056400000000000006, 0.0033], [0.062, 0.0, 0.0, 0.0, 0.0054, 0.2255, 0.0054, 0.0054, 0.0054, 0.2255], [0.0155, 0.0, 0.0, 0.0, 0.056400000000000006, 0.0033, 0.056400000000000006, 0.0002, 0.0002, 0.0033], [0.0, 0.0, 0.0, 0.0, 0.0, 0.0, 0.0, 0.0, 0.0, 0.0], [0.0, 0.0, 0.0, 0.0, 0.0, 0.0, 0.0, 0.0, 0.0, 0.0], [0.0, 0.0, 0.0, 0.0637, 0.0, 0.0, 0.0, 0.0, 0.0, 0.0], [0.0, 0.0, 0.0, 0.0, 0.0, 0.0, 0.0, 0.0, 0.0, 0.0], [0.0, 0.0, 0.0, 0.0, 0.0, 0.0, 0.0, 0.0, 0.0, 0.0]]}}
bs_latimer_munro_efermi: -2.09710839