material_id: mp-9157
band_gap: 2.8977
efermi: 0.7867435500000001
dos_magnetic_ordering: NM
dos_total_task_id: mp-1671941
dos_total_band_gap: 3.1681
dos_total_cbm: 3.8508
dos_total_vbm: 0.6827000000000001
dos_total_efermi: 0.67170083
bs_setyawan_curtarolo_task_id: mp-688183
bs_setyawan_curtarolo_band_gap: 2.8977
bs_setyawan_curtarolo_cbm: {'band_index': {'1': [48]}, 'kpoint_index': [0, 90, 91, 117], 'kpoint': <pymatgen.electronic_structure.bandstructure.Kpoint object at 0x7fc699d63930>, 'energy': 3.5843, 'projections': {}}
bs_setyawan_curtarolo_vbm: {'band_index': {'1': [47]}, 'kpoint_index': [55, 56], 'kpoint': <pymatgen.electronic_structure.bandstructure.Kpoint object at 0x7fc5d4b5a430>, 'energy': 0.6866, 'projections': {}}
bs_setyawan_curtarolo_efermi: 0.7867435500000001
bs_latimer_munro_task_id: mp-2611974
bs_latimer_munro_band_gap: 2.8948
bs_latimer_munro_cbm: {'band_index': {'1': [48]}, 'kpoint_index': [95, 96, 112, 163, 164, 200, 201, 225, 240], 'kpoint': <pymatgen.electronic_structure.bandstructure.Kpoint object at 0x7fc5d4b59e80>, 'energy': 3.5836, 'projections': {'1': [[0.018500000000000003, 0.018500000000000003, 0.018600000000000002, 0.018600000000000002, 0.0179, 0.0179, 0.010700000000000001, 0.010700000000000001, 0.0132, 0.0132, 0.0132, 0.0132, 0.015, 0.015], [0.0002, 0.0002, 0.0, 0.0, 0.0, 0.0, 0.0, 0.0, 0.0, 0.0, 0.0, 0.0, 0.00030000000000000003, 0.00030000000000000003], [0.0007, 0.0007, 0.0, 0.0, 0.0, 0.0, 0.0, 0.0, 0.00030000000000000003, 0.00030000000000000003, 0.00030000000000000003, 0.00030000000000000003, 0.0, 0.0], [0.0, 0.0, 0.0002, 0.0002, 0.0008, 0.0008, 0.0, 0.0, 0.0004, 0.0004, 0.0004, 0.0004, 0.0, 0.0], [0.0, 0.0, 0.0, 0.0, 0.0, 0.0, 0.0, 0.0, 0.0, 0.0, 0.0, 0.0, 0.0, 0.0], [0.0013000000000000002, 0.0013000000000000002, 0.0, 0.0, 0.0001, 0.0001, 0.0, 0.0, 0.0, 0.0, 0.0, 0.0, 0.0, 0.0], [0.0002, 0.0002, 0.0001, 0.0001, 0.0, 0.0, 0.0, 0.0, 0.0, 0.0, 0.0, 0.0, 0.0, 0.0], [0.0, 0.0, 0.0, 0.0, 0.0, 0.0, 0.0, 0.0, 0.0, 0.0, 0.0, 0.0, 0.0, 0.0], [0.0011, 0.0011, 0.0, 0.0, 0.0006000000000000001, 0.0006000000000000001, 0.0, 0.0, 0.0, 0.0, 0.0, 0.0, 0.0, 0.0]]}}
bs_latimer_munro_vbm: {'band_index': {'1': [47]}, 'kpoint_index': [0, 152], 'kpoint': <pymatgen.electronic_structure.bandstructure.Kpoint object at 0x7fc5d4b59d30>, 'energy': 0.6888000000000001, 'projections': {'1': [[0.0, 0.0, 0.0, 0.0, 0.0012000000000000001, 0.0012000000000000001, 0.0, 0.0, 0.0, 0.0, 0.0, 0.0, 0.0, 0.0], [0.0, 0.0, 0.0002, 0.0002, 0.0, 0.0, 0.0, 0.0, 0.06860000000000001, 0.06860000000000001, 0.06860000000000001, 0.06860000000000001, 0.0, 0.0], [0.0, 0.0, 0.00030000000000000003, 0.00030000000000000003, 0.0, 0.0, 0.0, 0.0, 0.0284, 0.0284, 0.0284, 0.0284, 0.0, 0.0], [0.00030000000000000003, 0.00030000000000000003, 0.0, 0.0, 0.0013000000000000002, 0.0013000000000000002, 0.0, 0.0, 0.044700000000000004, 0.044700000000000004, 0.044700000000000004, 0.044700000000000004, 0.046, 0.046], [0.0012000000000000001, 0.0012000000000000001, 0.0, 0.0, 0.0, 0.0, 0.0, 0.0, 0.0, 0.0, 0.0, 0.0, 0.0, 0.0], [0.0, 0.0, 0.0, 0.0, 0.0012000000000000001, 0.0012000000000000001, 0.0, 0.0, 0.0, 0.0, 0.0, 0.0, 0.0, 0.0], [0.0, 0.0, 0.0, 0.0, 0.0, 0.0, 0.0, 0.0, 0.0, 0.0, 0.0, 0.0, 0.0, 0.0], [0.0016, 0.0016, 0.0, 0.0, 0.0, 0.0, 0.0, 0.0, 0.0, 0.0, 0.0, 0.0, 0.0, 0.0], [0.0, 0.0, 0.0, 0.0, 0.0009000000000000001, 0.0009000000000000001, 0.0, 0.0, 0.0, 0.0, 0.0, 0.0, 0.0, 0.0]]}}
bs_latimer_munro_efermi: 0.74272358