material_id: mp-978695
band_gap: 0.0985
efermi: 5.70446562
dos_magnetic_ordering: NM
dos_total_task_id: mp-2282365
dos_total_band_gap: 0.132299999999999
dos_total_cbm: 5.9014
dos_total_vbm: 5.7691
dos_total_efermi: 5.7732645400000004
bs_setyawan_curtarolo_task_id: mp-1586194
bs_setyawan_curtarolo_band_gap: 0.0985
bs_setyawan_curtarolo_cbm: {'band_index': {'1': [30]}, 'kpoint_index': ['217'], 'kpoint': <pymatgen.electronic_structure.bandstructure.Kpoint object at 0x7fc699d63930>, 'energy': 5.7598, 'projections': {'1': [[0.02, 0.02, 0.0001, 0.0001, 0.0033, 0.0033], [0.0053, 0.0053, 0.0, 0.0, 0.0012000000000000001, 0.0012000000000000001], [0.0088, 0.0088, 0.0, 0.0, 0.0088, 0.0088], [0.0053, 0.0053, 0.0, 0.0, 0.0012000000000000001, 0.0012000000000000001], [0.0228, 0.0228, 0.0001, 0.0001, 0.0, 0.0], [0.025900000000000003, 0.025900000000000003, 0.069, 0.069, 0.0, 0.0], [0.0036000000000000003, 0.0036000000000000003, 0.0008, 0.0008, 0.0, 0.0], [0.025900000000000003, 0.025900000000000003, 0.069, 0.069, 0.0, 0.0], [0.0, 0.0, 0.0, 0.0, 0.0, 0.0]]}}
bs_setyawan_curtarolo_vbm: {'band_index': {'1': [29]}, 'kpoint_index': ['239'], 'kpoint': <pymatgen.electronic_structure.bandstructure.Kpoint object at 0x7fc5d4b5a190>, 'energy': 5.6613, 'projections': {'1': [[0.0, 0.0, 0.0, 0.0, 0.0, 0.0], [0.0038, 0.0038, 0.0, 0.0, 0.0037, 0.0037], [0.0, 0.0, 0.018500000000000003, 0.018500000000000003, 0.0, 0.0], [0.0038, 0.0038, 0.0, 0.0, 0.0037, 0.0037], [0.0, 0.0, 0.0, 0.0, 0.0, 0.0], [0.0041, 0.0041, 0.050300000000000004, 0.050300000000000004, 0.0, 0.0], [0.0, 0.0, 0.0, 0.0, 0.0, 0.0], [0.0041, 0.0041, 0.050300000000000004, 0.050300000000000004, 0.0, 0.0], [0.1107, 0.1107, 0.08420000000000001, 0.08420000000000001, 0.0, 0.0]]}}
bs_setyawan_curtarolo_efermi: 5.70446562
bs_latimer_munro_task_id: mp-2319030
bs_latimer_munro_band_gap: 0.0985
bs_latimer_munro_cbm: {'band_index': {'1': [30]}, 'kpoint_index': ['736'], 'kpoint': <pymatgen.electronic_structure.bandstructure.Kpoint object at 0x7fc5d4b5a200>, 'energy': 5.7598, 'projections': {'1': [[0.02, 0.02, 0.0001, 0.0001, 0.0033, 0.0033], [0.0053, 0.0053, 0.0, 0.0, 0.0012000000000000001, 0.0012000000000000001], [0.0088, 0.0088, 0.0, 0.0, 0.0088, 0.0088], [0.0053, 0.0053, 0.0, 0.0, 0.0012000000000000001, 0.0012000000000000001], [0.0228, 0.0228, 0.0001, 0.0001, 0.0, 0.0], [0.025900000000000003, 0.025900000000000003, 0.069, 0.069, 0.0, 0.0], [0.0036000000000000003, 0.0036000000000000003, 0.0008, 0.0008, 0.0, 0.0], [0.025900000000000003, 0.025900000000000003, 0.069, 0.069, 0.0, 0.0], [0.0, 0.0, 0.0, 0.0, 0.0, 0.0]]}}
bs_latimer_munro_vbm: {'band_index': {'1': [29]}, 'kpoint_index': ['758'], 'kpoint': <pymatgen.electronic_structure.bandstructure.Kpoint object at 0x7fc5d4b59e80>, 'energy': 5.6613, 'projections': {'1': [[0.0, 0.0, 0.0, 0.0, 0.0, 0.0], [0.0038, 0.0038, 0.0, 0.0, 0.0037, 0.0037], [0.0, 0.0, 0.018500000000000003, 0.018500000000000003, 0.0, 0.0], [0.0038, 0.0038, 0.0, 0.0, 0.0037, 0.0037], [0.0, 0.0, 0.0, 0.0, 0.0, 0.0], [0.0041, 0.0041, 0.050300000000000004, 0.050300000000000004, 0.0, 0.0], [0.0, 0.0, 0.0, 0.0, 0.0, 0.0], [0.0041, 0.0041, 0.050300000000000004, 0.050300000000000004, 0.0, 0.0], [0.1107, 0.1107, 0.08420000000000001, 0.08420000000000001, 0.0, 0.0]]}}
bs_latimer_munro_efermi: 5.7048307